offs    0.00000000000
bg      0.00014145452
impA    0.00000000000
impB    0.00000000000
impC    0.00000000000
delA    4.56183306235
delB    0.72718786582
asym    0.00286943153
ann1    4.09252385399
ann2   -0.86018667250
sem1   -1.76047958416
sem2    2.55677112731
year   -0.00002797937
IR     -0.00000000000
ma     -0.00000000000
mp      0.00011715331
shfT   -0.00000000000
init   -0.00915514340
   27.32166155400   0.00628880627  -1.36928280018
   27.21222081500   0.03098026791  -0.74113779680
 1095.17502233364   0.00035193986  -0.34414224686
    9.08286783775   0.00402598664   1.40439903648
    6.81670784238   0.00104975424   0.45459749124
   13.63341568476   0.00525236438   9.80584574686
   13.66083077700  -0.00243812397  14.67907168550
   13.60611040750  -0.00183424623  20.79346270180
   27.55454988600  -0.00430284361   3.00125374025
   13.77727494300  -0.00240483269  97.25540149953
 6793.47648813065   0.00071212239 -23.95295388168
 1616.30271425126  -0.00037200211   0.62627758539
   27.09267692660  -0.00199329697  -4.51656917321
    9.09502787633   0.00265845482   0.55080708226
   13.69115772864   0.00017661364  -0.11021891806
 1305.66025845931   0.00042372992   1.49589166314
   27.44323926226   0.00005091480   0.52221100393
   27.66676714572  -0.00115731435   2.69026895780
 2190.35004466729   0.00136298283   2.12916451689
   26.98505934729   0.00096994920   6.38186129839
 6167.20701373239  -0.00011482131  -3.86795492662
 -3232.60542850251   0.00088110814   0.30360700637
 -2120.90900683440  -0.00207961913  -0.39859312080
   27.33282433123  -0.00035742942   8.97060448956
   13.71880577217   0.00283161336 -16.78717722337
    9.13295078376   0.00007256317   8.05003899836
    9.12068919638   0.00075707258   0.78558479336
    9.10846048884   0.00133063486   0.99412543838
 3396.73824406533   0.00118373523 -32.92633216634
ltep  -23.53072585670
ltep   -2.61033723961
ltep    3.91413290270
ltep   12.28983519434
ltep   11.21165301861
ltep   -2.09020026919
ltep    3.18081070896
ltep    3.58245503554
ltep  -61.72163523927
ltep  -17.10859255794
ltep    9.89513841622
harm  13
harm  50
harm  33
harm  92
harm  42
harm  160
harm  2217
harm  8734
harm  8775
harm  9280
harm  50
harm  80
harm  219
harm  186
harm  261
harm  133
harm  55
harm  683
harm  490
harm  1196
harm  119
harm  173
harm  284
harm  23
harm  74
harm  58
harm  139
harm  0
