offs    0.00000000000
bg      0.00014145030
impA    0.00000000000
impB    0.00000000000
impC    0.00000000000
delA    4.55733297513
delB    0.79873573316
asym   -0.01427482635
ann1    3.06304534562
ann2   -1.05453842184
sem1    1.73381739132
sem2   -0.69983830088
year   -0.00002792676
IR     -0.00000000000
ma     -0.00000000000
mp     -0.00007518979
shfT   -0.00000000000
init   -0.00014200591
   27.32166155400   0.00599397534  -1.56602169231
   27.21222081500   0.02985082625  -0.81311483691
 1095.17502233364   0.00099713748  -0.39379740034
    9.08286783775   0.00582562346   1.53382727419
    6.81670784238  -0.00086509676   0.43820430191
   13.63341568476   0.00472590049  16.33196060021
   13.66083077700  -0.00239450888  26.53565462476
   13.60611040750  -0.00259357822  20.35072596717
   27.55454988600  -0.00446524398   2.85556349928
   13.77727494300  -0.00258606075   5.02914852500
 6793.47648813065   0.00073092084   0.18789502064
 1616.30271425126  -0.00127298373  -1.41850192388
   27.09267692660  -0.00167472521   2.09096612681
    9.09502787633   0.00289659684   0.56351688383
   13.69115772864   0.00138921205  17.28232296134
 1305.66025845931  -0.00069972443   0.34972326704
   27.44323926226  -0.00119960730   0.90624705793
   27.66676714572  -0.00117312366   3.25698474091
 2190.35004466729   0.00187835778   1.69767117248
   26.98505934729   0.00226821328   5.82952097239
 6167.20701373239  -0.00021900886 -12.44783187416
 -3232.60542850251   0.00039337952   1.46776338657
 -2120.90900683440  -0.00119182296  -0.06138210799
   27.33282433123  -0.00047350074  15.54314773816
   13.71880577217   0.00441911589   1.60297953355
    9.13295078376   0.00005093596  -0.47055601043
    9.12068919638   0.00080652920   0.69577084217
    9.10846048884   0.00186377650   0.93029255247
 3396.73824406533   0.00163380084 -26.15203005478
 1656.31999626209   0.00069428108   8.20928998268
   27.10365333842  -0.00170520779   0.53680335936
ltep   23.30874239704
ltep    9.46489715637
ltep   18.68216048000
ltep  100.00000000000
ltep   10.00000000000
ltep  200.00000000000
ltep  600.00000000000
ltep   70.00000000000
ltep  150.00000000000
ltep  400.00000000000
ltep    0.50000000000
harm  23
harm  24
harm  0
