offs    0.00000000000
bg      0.00014145030
impA    0.00000000000
impB    0.00000000000
impC    0.00000000000
delA    4.55448320729
delB    0.79873573316
asym    0.06914453758
ann1    0.02590418096
ann2   -0.85531915330
sem1    0.00522304727
sem2   -0.50311133959
year   -0.00002792676
IR     -0.00000000000
ma     -0.00000000000
mp      0.00010922587
shfT   -0.00000000000
init   -0.00240737938
   27.32166155400   0.00675814085  -1.41102574394
   27.21222081500   0.03083357752  -0.73121978136
 1095.17502233364   0.00014859079  -0.58520325895
    9.08286783775   0.00511120946   1.40884907096
    6.81670784238   0.00142123450  -0.03843820430
   13.63341568476   0.00460340658   9.93434461145
   13.66083077700  -0.00331911744  20.83224506898
   13.60611040750  -0.00214316683  20.92698767789
   27.55454988600  -0.00509089945   3.18273156259
   13.77727494300  -0.00351143457  23.16376215451
 6793.47648813065   0.00068947840  -0.07223169339
 1616.30271425126  -0.00107665885  -1.11462107047
   27.09267692660  -0.00247171650   2.11781696241
    9.09502787633   0.00246247185   0.87139152528
   13.69115772864   0.00090504909   4.08969012509
 1305.66025845931  -0.00040277993  -0.46750991358
   27.44323926226  -0.00166422719   1.29723556035
   27.66676714572  -0.00102694309   2.79617751425
 2190.35004466729   0.00167692612   2.13598129238
   26.98505934729   0.00214713596   5.53890988480
 6167.20701373239  -0.00021989722 -11.67113812579
 -3232.60542850251   0.00046341137   0.48979714696
 -2120.90900683440  -0.00208756801  -0.17796395050
   27.33282433123  -0.00059285708  54.70031132720
   13.71880577217   0.00339411920   1.85058530069
    9.13295078376   0.00006361233  -0.84949627804
    9.12068919638   0.00077803437   0.55372206683
    9.10846048884   0.00182007451   0.79069465322
 3396.73824406533   0.00106233300 -32.51666415238
 1656.31999626209   0.00021109003   5.43912115130
   27.10365333842  -0.00031808824   2.99621702970
ltep    7.07820498069
ltep   23.86224944342
ltep   18.68216048000
ltep  100.00000000000
ltep   10.00000000000
ltep  200.00000000000
ltep  600.00000000000
ltep   70.00000000000
ltep  150.00000000000
ltep  400.00000000000
ltep    0.50000000000
harm  15
harm  5
harm  0
