offs    0.00000000000
bg      0.00014145030
impA    0.00000000000
impB    0.00000000000
impC    0.00000000000
delA    4.56284913539
delB    0.79873573316
asym   -0.01215865549
ann1    3.43879468098
ann2   -1.09994780846
sem1    1.68069199642
sem2    0.69354818891
year   -0.00002792676
IR     -0.00000000000
ma     -0.00000000000
mp      0.00007731272
shfT   -0.00000000000
init    0.00015279917
   27.32166155400   0.00610929067  -1.60609758262
   27.21222081500   0.02967511152  -0.79960785813
 1095.17502233364   0.00096068639  -0.47098652226
    9.08286783775   0.00580080421   1.52648316405
    6.81670784238  -0.00078948329   0.40742353898
   13.63341568476   0.00484035638  16.39486882596
   13.66083077700  -0.00241765479  26.57233455753
   13.60611040750  -0.00257920241  20.39410897281
   27.55454988600  -0.00449866737   2.83724639501
   13.77727494300  -0.00250917347   4.97584380465
 6793.47648813065   0.00074920899   0.19164828924
 1616.30271425126  -0.00134284878  -1.43503673084
   27.09267692660  -0.00147428725   2.12344692009
    9.09502787633   0.00292825810   0.56546272964
   13.69115772864   0.00150294312  17.27515329668
 1305.66025845931  -0.00066886742   0.30465078393
   27.44323926226  -0.00123093184   1.01874304965
   27.66676714572  -0.00115992402   2.96650873928
 2190.35004466729   0.00194223785   1.73998773129
   26.98505934729   0.00210803596   5.78549332079
 6167.20701373239  -0.00023310875 -12.50777846315
 -3232.60542850251   0.00029724383   1.56330775252
 -2120.90900683440  -0.00125999217  -0.05848338335
   27.33282433123  -0.00053789411  15.49451989607
   13.71880577217   0.00432189039   1.61723743853
    9.13295078376   0.00005479684  -0.54999242549
    9.12068919638   0.00083923190   0.68572486544
    9.10846048884   0.00184303416   0.90752329363
 3396.73824406533   0.00161553998 -26.17558789248
 1656.31999626209   0.00066871929   8.41964145840
   27.10365333842  -0.00169600039   0.47985257708
ltep   23.49943882600
ltep    9.55380307137
ltep   18.68216048000
ltep  100.00000000000
ltep   10.00000000000
ltep  200.00000000000
ltep  600.00000000000
ltep   70.00000000000
ltep  150.00000000000
ltep  400.00000000000
ltep    0.50000000000
harm  10
harm  13
harm  0
