offs    0.00000000000
bg      0.00014145030
impA    0.00000000000
impB    0.00000000000
impC    0.00000000000
delA    4.51752341190
delB    0.79873573316
asym    0.04168903652
ann1    0.02892992964
ann2    0.54203247745
sem1   -0.00676962417
sem2    0.76022095988
year   -0.00002792676
IR     -0.00000000000
ma     -0.00000000000
mp     -0.00009740663
shfT   -0.00000000000
init   -0.00280942139
   27.32166155400   0.00687301318  -1.40004217530
   27.21222081500   0.03108249920  -0.72383154989
 1095.17502233364   0.00011424181  -0.48977792512
    9.08286783775   0.00503050562   1.38394539654
    6.81670784238   0.00138856034  -0.02362749246
   13.63341568476   0.00431896150   9.98774523664
   13.66083077700  -0.00325388456  20.78256710950
   13.60611040750  -0.00211723880  20.88227747127
   27.55454988600  -0.00528880533   3.22305768492
   13.77727494300  -0.00306397205  23.34645125241
 6793.47648813065   0.00069412845  -0.09791788523
 1616.30271425126  -0.00093948731  -1.20390806907
   27.09267692660  -0.00249585198   2.09365413140
    9.09502787633   0.00234401024   0.82612190222
   13.69115772864   0.00111281366   4.28159018760
 1305.66025845931  -0.00041463855  -0.47327634985
   27.44323926226  -0.00165240303   1.26877952719
   27.66676714572  -0.00095450014   2.90126080818
 2190.35004466729   0.00169919415   2.12902661990
   26.98505934729   0.00238363465   5.40861033747
 6167.20701373239  -0.00021487755 -11.70155643301
 -3232.60542850251   0.00039257608  -0.31489478664
 -2120.90900683440  -0.00194098413  -0.20662429517
   27.33282433123  -0.00047308376  54.65010299412
   13.71880577217   0.00358707389   1.76690935485
    9.13295078376   0.00005781925   0.87191944171
    9.12068919638   0.00079385562   0.52113773268
    9.10846048884   0.00180258540   0.78185424395
 3396.73824406533   0.00119261865 -32.50284877919
 1656.31999626209   0.00030388908   5.06375139508
   27.10365333842  -0.00038811331   2.47705813991
ltep   -9.87901717703
ltep   23.56033858188
ltep   18.68216048000
ltep  100.00000000000
ltep   10.00000000000
ltep  200.00000000000
ltep  600.00000000000
ltep   70.00000000000
ltep  150.00000000000
ltep  400.00000000000
ltep    0.50000000000
harm  3
harm  6
harm  0
