offs    0.00000000000
bg      0.00014145030
impA    0.00000000000
impB    0.00000000000
impC    0.00000000000
delA    4.53542256280
delB    0.79873573316
asym    0.08200698548
ann1    1.60890237081
ann2   -2.87980771042
sem1   -0.00000005096
sem2    0.09183545364
year   -0.00002792676
IR     -0.00000000000
ma     -0.00000000000
mp     -0.00010639756
shfT   -0.00000000000
init    0.00037927641
   27.32166155400   0.00662149396  -1.41146679051
   27.21222081500   0.03104502567  -0.72783709724
 1095.17502233364   0.00017500531  -0.43924484625
    9.08286783775   0.00505856807   1.41328736170
    6.81670784238   0.00141058723  -0.05272912452
   13.63341568476   0.00459688421   9.86077130937
   13.66083077700  -0.00339869269  20.94437226929
   13.60611040750  -0.00215364460  20.92402888164
   27.55454988600  -0.00507761714   3.18259094412
   13.77727494300  -0.00338333804  23.22971949058
 6793.47648813065   0.00069018864  -0.07753232806
 1616.30271425126  -0.00100467726  -1.16143892028
   27.09267692660  -0.00242791447   2.11730921911
    9.09502787633   0.00235295005   0.85267586776
   13.69115772864   0.00100012361   4.05980449534
 1305.66025845931  -0.00039866103  -0.47559037873
   27.44323926226  -0.00160096434   1.32058871010
   27.66676714572  -0.00099727258   2.76268759025
 2190.35004466729   0.00166865290   2.13220519251
   26.98505934729   0.00215199380   5.49401577627
 6167.20701373239  -0.00022565167 -11.66081075405
 -3232.60542850251   0.00046139878   0.46919419630
 -2120.90900683440  -0.00197072272   0.20618440802
   27.33282433123  -0.00052479772  55.22844620929
   13.71880577217   0.00339095165   1.82396965103
    9.13295078376   0.00006223862   0.96255178312
    9.12068919638   0.00077863792   0.55430082661
    9.10846048884   0.00179676072   0.79524779711
 3396.73824406533   0.00105909944 -32.48859875621
 1656.31999626209   0.00022828824   5.47376447750
   27.10365333842  -0.00027802822   2.84096714338
ltep   94.25370816550
ltep   23.67500290648
ltep   18.68216048000
ltep  100.00000000000
ltep   10.00000000000
ltep  200.00000000000
ltep  600.00000000000
ltep   70.00000000000
ltep  150.00000000000
ltep  400.00000000000
ltep    0.50000000000
harm  18
harm  19
harm  0
