1925.5000  7.2277
1925.5833  -4.6741
1925.6667  -8.4093
1925.7500  -13.5612
1925.8333  -26.1297
1925.9167  -28.2815
1926.0000  -27.5167
1926.0833  -14.0852
1926.1667  -12.3204
1926.2500  -15.3889
1926.3333  -8.7074
1926.4167  -3.3593
1926.5000  9.9889
1926.5833  18.8370
1926.6667  19.7685
1926.7500  28.5333
1926.8333  39.3815
1926.9167  41.8963
1927.0000  33.6611
1927.0833  27.6759
1927.1667  22.3574
1927.2500  21.8722
1927.3333  15.5537
1927.4167  12.1518
1927.5000  3.4167
1927.5833  0.4315
1927.6667  0.6963
1927.7500  -3.7889
1927.8333  -12.1907
1927.9167  -17.5092
1928.0000  -7.4111
1928.0833  -3.4796
1928.1667  -4.3815
1928.2500  -1.2833
1928.3333  -3.6018
1928.4167  -2.5037
1928.5000  5.5945
1928.5833  11.4426
1928.6667  7.5408
1928.7500  -2.4444
1928.8333  -10.1796
1928.9167  -7.7990
1929.0000  -22.9394
1929.0833  -23.1006
1929.1667  -17.8244
1929.2500  -17.8321
1929.3333  -14.7357
1929.4167  -15.6316
1929.5000  -31.1734
1929.5833  -28.9064
1929.6667  -22.1112
1929.7500  -8.4145
1929.8333  6.6854
1929.9167  12.5552
1930.0000  22.9599
1930.0833  27.9829
1930.1667  23.3326
1930.2500  31.3153
1930.3333  27.5414
1930.4167  33.1088
1930.5000  47.9196
1930.5833  42.1022
1930.6667  43.8541
1930.7500  42.9703
1930.8333  42.9474
1930.9167  42.7214
1931.0000  41.5786
1931.0833  28.9359
1931.1667  14.7099
1931.2500  38.9838
1931.3333  53.3411
1931.4167  49.8650
1931.5000  53.4723
1931.5833  51.7463
1931.6667  50.6869
1931.7500  46.4608
1931.8333  38.5681
1931.9167  29.0921
1932.0000  27.4493
1932.0833  38.5566
1932.1667  49.8306
1932.2500  21.5212
1932.3333  15.5451
1932.4167  19.1524
1932.5000  13.2597
1932.5833  18.9503
1932.6667  24.7243
1932.7500  26.4149
1932.8333  23.3555
1932.9167  25.5461
1933.0000  25.5700
1933.0833  19.7607
1933.1667  25.2013
1933.2500  20.5585
1933.3333  21.7492
1933.4167  23.7731
1933.5000  22.3804
1933.5833  23.5710
1933.6667  15.0116
1933.7500  10.8689
1933.8333  13.4762
1933.9167  12.3335
1934.0000  5.5241
1934.0833  3.5480
1934.1667  2.1553
1934.2500  2.8459
1934.3333  5.2865
1934.4167  -5.9395
1934.5000  -4.5822
1934.5833  -9.1416
1934.6667  -12.1177
1934.7500  -12.3437
1934.8333  -8.2365
1934.9167  6.4932
1935.0000  15.8481
1935.0833  23.9948
1935.1667  28.8918
1935.2500  19.5389
1935.3333  0.8946
1935.4167  6.5006
1935.5000  2.5234
1935.5833  2.5047
1935.6667  5.6530
1935.7500  13.1764
1935.8333  9.9917
1935.9167  -1.6484
1936.0000  -3.1219
1936.0833  -8.7204
1936.1667  -9.7361
1936.2500  -2.2513
1936.3333  2.4002
1936.4167  -1.7400
1936.5000  -2.2968
1936.5833  2.7297
1936.6667  -5.2021
1936.7500  -12.1339
1936.8333  -9.9408
1936.9167  -9.6643
1937.0000  -3.5128
1937.0833  -0.8196
1937.1667  2.2075
1937.2500  -0.6827
1937.3333  -4.9479
1937.4167  -7.6714
1937.5000  -7.6488
1937.5833  -13.1640
1937.6667  -11.0125
1937.7500  -9.7776
1937.8333  -11.4595
1937.9167  -13.8913
1938.0000  -22.0731
1938.0833  -24.6300
1938.1667  -28.9368
1938.2500  -21.3686
1938.3333  -17.4671
1938.4167  -9.7323
1938.5000  -6.6601
1938.5833  -4.4737
1938.6667  4.0875
1938.7500  4.7735
1938.8333  6.7093
1938.9167  10.8949
1939.0000  5.5802
1939.0833  0.7654
1939.1667  2.4503
1939.2500  -8.9900
1939.3333  -11.6805
1939.4167  -15.5378
1939.5000  -11.0621
1939.5833  -11.7732
1939.6667  -12.6889
1939.7500  -10.1602
1939.8333  -8.3777
1939.9167  -11.8176
1940.0000  -11.1496
1940.0833  -10.2694
1940.1667  -15.8022
1940.2500  -18.4114
1940.3333  -22.0377
1940.4167  -15.4280
1940.5000  -14.3771
1940.5833  -13.1290
1940.6667  -11.8184
1940.7500  -8.0078
1940.8333  -5.9680
1940.9167  -2.4282
1941.0000  -1.1801
1941.0833  -2.6195
1941.1667  0.7327
1941.2500  2.1683
1941.3333  5.4164
1941.4167  4.3520
1941.5000  8.6001
1941.5833  11.6607
1941.6667  14.6796
1941.7500  15.8444
1941.8333  14.7175
1941.9167  13.7156
1942.0000  14.8179
1942.0833  20.6701
1942.1667  18.3349
1942.2500  17.7288
1942.3333  14.9353
1942.4167  16.6417
1942.5000  13.4106
1942.5833  16.0129
1942.6667  14.8443
1942.7500  8.8424
1942.8333  7.8197
1942.9167  2.5261
1943.0000  -1.8508
1943.0833  -10.2485
1943.1667  -16.5212
1943.2500  -19.5023
1943.3333  -18.2959
1943.4167  -20.6519
1943.5000  -23.5080
1943.5833  -27.7182
1943.6667  -26.4493
1943.7500  -24.6804
1943.8333  -27.2031
1943.9167  -25.8300
1944.0000  -27.3319
1944.0833  -25.2505
1944.1667  -19.0649
1944.2500  -16.6084
1944.3333  -20.3187
1944.4167  -27.4872
1944.5000  -28.1988
1944.5833  -28.7841
1944.6667  -25.7026
1944.7500  -20.9129
1944.8333  -21.9564
1944.9167  -22.9792
1945.0000  -20.0286
1945.0833  -22.1576
1945.1667  -22.9217
1945.2500  -33.3926
1945.3333  -33.5403
1945.4167  -28.5544
1945.5000  -28.3899
1945.5833  -32.0584
1945.6667  -36.5603
1945.7500  -43.7289
1945.8333  -41.3975
1945.9167  -44.3994
1946.0000  -44.9787
1946.0833  -44.7494
1946.1667  -42.6140
1946.2500  -34.6678
1946.3333  -28.9197
1946.4167  -26.7219
1946.5000  -24.9097
1946.5833  -22.5991
1946.6667  -22.4135
1946.7500  -20.4363
1946.8333  -22.2298
1946.9167  -18.6273
1947.0000  -14.0403
1947.0833  -7.5094
1947.1667  -3.3261
1947.2500  5.3688
1947.3333  10.6952
1947.4167  13.2624
1947.5000  12.3615
1947.5833  12.1062
1947.6667  7.6136
1947.7500  8.7723
1947.8333  9.3208
1947.9167  13.3092
1948.0000  17.1471
1948.0833  22.7405
1948.1667  23.5895
1948.2500  22.3902
1948.3333  14.8400
1948.4167  11.2162
1948.5000  5.2323
1948.5833  3.6934
1948.6667  0.5636
1948.7500  -5.8397
1948.8333  -4.8082
1948.9167  -5.7118
1949.0000  -6.8933
1949.0833  -11.7538
1949.1667  -14.4197
1949.2500  -16.6590
1949.3333  -14.9721
1949.4167  -15.8227
1949.5000  -10.7841
1949.5833  -7.6656
1949.6667  -1.0418
1949.7500  7.7343
1949.8333  14.5419
1949.9167  17.4557
1950.0000  20.9473
1950.0833  22.1773
1950.1667  22.4665
1950.2500  26.9999
1950.3333  29.0368
1950.4167  30.7081
1950.5000  29.6421
1950.5833  27.9721
1950.6667  26.8612
1950.7500  24.2176
1950.8333  17.4817
1950.9167  13.9145
1951.0000  11.7328
1951.0833  10.8943
1951.1667  7.6624
1951.2500  5.2885
1951.3333  0.3709
1951.4167  -4.8208
1951.5000  -8.3571
1951.5833  -12.5945
1951.6667  -15.7737
1951.7500  -16.4695
1951.8333  -12.6210
1951.9167  -12.3925
1952.0000  -13.1672
1952.0833  -13.0107
1952.1667  -7.8015
1952.2500  -9.7197
1952.3333  -6.2653
1952.4167  -0.7960
1952.5000  3.0357
1952.5833  7.3517
1952.6667  11.8858
1952.7500  11.3134
1952.8333  10.2900
1952.9167  10.5817
1953.0000  10.5728
1953.0833  8.1062
1953.1667  4.5963
1953.2500  5.7380
1953.3333  3.6860
1953.4167  2.5971
1953.5000  1.7098
1953.5833  -0.4211
1953.6667  -4.5924
1953.7500  -3.7578
1953.8333  -6.9714
1953.9167  -7.4347
1954.0000  -6.2731
1954.0833  1.1566
1954.1667  8.5084
1954.2500  10.6488
1954.3333  11.6834
1954.4167  3.8952
1954.5000  -4.8844
1954.5833  -4.7061
1954.6667  -5.3646
1954.7500  -6.5361
1954.8333  -3.7467
1954.9167  0.8755
1955.0000  7.5247
1955.0833  12.1388
1955.1667  18.6573
1955.2500  26.0856
1955.3333  33.7571
1955.4167  44.9361
1955.5000  52.9652
1955.5833  53.2400
1955.6667  54.2621
1955.7500  55.6240
1955.8333  56.9217
1955.9167  58.9502
1956.0000  58.0860
1956.0833  55.9680
1956.1667  54.8469
1956.2500  52.6766
1956.3333  48.1025
1956.4167  44.0129
1956.5000  43.2699
1956.5833  40.5825
1956.6667  36.8818
1956.7500  33.8897
1956.8333  29.0827
1956.9167  22.9864
1957.0000  22.1994
1957.0833  22.7383
1957.1667  19.7837
1957.2500  20.7358
1957.3333  14.7829
1957.4167  8.3820
1957.5000  2.6201
1957.5833  2.4613
1957.6667  3.6092
1957.7500  1.8813
1957.8333  1.6665
1957.9167  3.8878
1958.0000  4.3954
1958.0833  4.2817
1958.1667  2.5669
1958.2500  -0.5701
1958.3333  3.3049
1958.4167  5.4700
1958.5000  2.2079
1958.5833  -1.0112
1958.6667  -5.8963
1958.7500  -2.6595
1958.8333  -3.3700
1958.9167  -5.2266
1959.0000  -10.7804
1959.0833  -14.0181
1959.1667  -14.2937
1959.2500  -14.0254
1959.3333  -9.5431
1959.4167  -4.8337
1959.5000  3.9983
1959.5833  7.1696
1959.6667  11.7997
1959.7500  8.5773
1959.8333  11.4979
1959.9167  12.0726
1960.0000  15.1348
1960.0833  16.7515
1960.1667  20.1793
1960.2500  20.0014
1960.3333  19.2439
1960.4167  14.4878
1960.5000  11.1728
1960.5833  8.5781
1960.6667  8.2773
1960.7500  9.4816
1960.8333  7.1251
1960.9167  5.1444
1961.0000  -0.0701
1961.0833  -3.0005
1961.1667  -6.7500
1961.2500  -5.7990
1961.3333  -9.3499
1961.4167  -11.2466
1961.5000  -12.3868
1961.5833  -10.1278
1961.6667  -11.7958
1961.7500  -15.5831
1961.8333  -15.3651
1961.9167  -15.7091
1962.0000  -11.4752
1962.0833  -7.4390
1962.1667  -7.2004
1962.2500  -8.1838
1962.3333  -5.0459
1962.4167  -0.2444
1962.5000  -1.0366
1962.5833  -3.4020
1962.6667  -4.0841
1962.7500  -4.0308
1962.8333  -7.4052
1962.9167  -13.1776
1963.0000  -16.2608
1963.0833  -21.6638
1963.1667  -27.0580
1963.2500  -31.9703
1963.3333  -37.4665
1963.4167  -43.7202
1963.5000  -46.4362
1963.5833  -50.4691
1963.6667  -49.6270
1963.7500  -49.5229
1963.8333  -51.2632
1963.9167  -39.6425
1964.0000  -39.2106
1964.0833  -39.6177
1964.1667  -34.4110
1964.2500  -27.6825
1964.3333  -23.9426
1964.4167  -13.1358
1964.5000  -5.1959
1964.5833  4.6668
1964.6667  7.6385
1964.7500  12.7630
1964.8333  19.6203
1964.9167  14.7865
1965.0000  15.2843
1965.0833  12.8497
1965.1667  2.5004
1965.2500  -3.3997
1965.3333  -10.2604
1965.4167  -17.0576
1965.5000  -16.9164
1965.5833  -19.9165
1965.6667  -21.3477
1965.7500  -21.3879
1965.8333  -19.5498
1965.9167  -19.1092
1966.0000  -22.1814
1966.0833  -21.7560
1966.1667  -18.5110
1966.2500  -16.8749
1966.3333  -13.8381
1966.4167  -14.5129
1966.5000  -13.6941
1966.5833  -7.6056
1966.6667  -2.8376
1966.7500  -4.5480
1966.8333  -4.5496
1966.9167  -8.6198
1967.0000  -9.8860
1967.0833  -10.8158
1967.1667  -6.2703
1967.2500  -8.2991
1967.3333  -7.6638
1967.4167  -6.4245
1967.5000  -9.4928
1967.5833  -15.9600
1967.6667  -19.2698
1967.7500  -23.9923
1967.8333  -28.7814
1967.9167  -31.7146
1968.0000  -32.9069
1968.0833  -33.7369
1968.1667  -38.3243
1968.2500  -35.8117
1968.3333  -35.9761
1968.4167  -37.5105
1968.5000  -39.1442
1968.5833  -40.8860
1968.6667  -42.6761
1968.7500  -39.4727
1968.8333  -40.5526
1968.9167  -35.8619
1969.0000  -31.7290
1969.0833  -28.1987
1969.1667  -32.3735
1969.2500  -37.7149
1969.3333  -39.1525
1969.4167  -34.3561
1969.5000  -30.8194
1969.5833  -28.2634
1969.6667  -28.4830
1969.7500  -22.2924
1969.8333  -21.0313
1969.9167  -21.3150
1970.0000  -21.7975
1970.0833  -26.7608
1970.1667  -21.1986
1970.2500  -22.2504
1970.3333  -15.0208
1970.4167  -11.9962
1970.5000  -6.6858
1970.5833  0.7124
1970.6667  10.6158
1970.7500  13.4963
1970.8333  16.1100
1970.9167  18.1981
1971.0000  15.1771
1971.0833  18.8677
1971.1667  17.2509
1971.2500  24.9354
1971.3333  27.2344
1971.4167  23.0847
1971.5000  21.7581
1971.5833  19.1834
1971.6667  14.0860
1971.7500  8.7630
1971.8333  10.0210
1971.9167  8.4088
1972.0000  8.9341
1972.0833  7.6034
1972.1667  6.4651
1972.2500  -0.1609
1972.3333  -13.2213
1972.4167  -18.7760
1972.5000  -22.0977
1972.5833  -26.9471
1972.6667  -33.6445
1972.7500  -34.2013
1972.8333  -36.0659
1972.9167  -34.7132
1973.0000  -31.1325
1973.0833  -28.2920
1973.1667  -20.7271
1973.2500  -16.3339
1973.3333  -3.8865
1973.4167  7.0737
1973.5000  14.4824
1973.5833  23.5750
1973.6667  34.8570
1973.7500  39.5906
1973.8333  42.4636
1973.9167  45.8358
1974.0000  47.0276
1974.0833  45.5455
1974.1667  40.4114
1974.2500  38.7010
1974.3333  36.8283
1974.4167  36.6581
1974.5000  34.1289
1974.5833  31.4408
1974.6667  27.6787
1974.7500  27.6139
1974.8333  28.2591
1974.9167  27.4526
1975.0000  26.2526
1975.0833  23.9275
1975.1667  26.4001
1975.2500  28.8965
1975.3333  28.7440
1975.4167  29.0797
1975.5000  33.3385
1975.5833  35.2490
1975.6667  35.9159
1975.7500  35.5685
1975.8333  35.3268
1975.9167  33.5665
1976.0000  30.5272
1976.0833  33.2021
1976.1667  30.1390
1976.2500  28.6770
1976.3333  20.9710
1976.4167  16.9734
1976.5000  5.3740
1976.5833  -0.2926
1976.6667  1.2040
1976.7500  -3.2392
1976.8333  -6.0706
1976.9167  -10.8643
1977.0000  -14.2573
1977.0833  -14.0949
1977.1667  -15.9204
1977.2500  -11.7486
1977.3333  -9.5922
1977.4167  -9.9075
1977.5000  -6.2743
1977.5833  -6.3418
1977.6667  -11.0051
1977.7500  -9.1043
1977.8333  -8.7677
1977.9167  -0.9913
1978.0000  4.2083
1978.0833  2.7327
1978.1667  5.6076
1978.2500  3.5609
1978.3333  14.8462
1978.4167  13.9661
1978.5000  14.3253
1978.5833  10.1092
1978.6667  8.6599
1978.7500  7.6359
1978.8333  7.9102
1978.9167  4.9903
1979.0000  3.7482
1979.0833  1.3672
1979.1667  -2.0737
1979.2500  -4.6117
1979.3333  -8.2264
1979.4167  -5.3316
1979.5000  -7.6900
1979.5833  -5.5322
1979.6667  -2.6780
1979.7500  -2.2836
1979.8333  -0.8712
1979.9167  1.8424
1980.0000  2.7033
1980.0833  2.8838
1980.1667  2.7631
1980.2500  5.8299
1980.3333  -1.7301
1980.4167  -2.8418
1980.5000  3.0498
1980.5833  9.4258
1980.6667  9.8214
1980.7500  7.1402
1980.8333  5.0038
1980.9167  0.7607
1981.0000  1.9573
1981.0833  6.4646
1981.1667  6.9142
1981.2500  1.0772
1981.3333  2.6996
1981.4167  4.7217
1981.5000  3.6574
1981.5833  0.2671
1981.6667  -0.6758
1981.7500  2.0021
1981.8333  0.3778
1981.9167  1.1553
1982.0000  1.7031
1982.0833  -0.1592
1982.1667  -2.3751
1982.2500  -0.9353
1982.3333  -5.8398
1982.4167  -17.1887
1982.5000  -22.3823
1982.5833  -25.6411
1982.6667  -30.7850
1982.7500  -30.7228
1982.8333  -27.2123
1982.9167  -25.6484
1983.0000  -25.2929
1983.0833  -23.2070
1983.1667  -17.1320
1983.2500  -16.5338
1983.3333  -8.0653
1983.4167  4.3461
1983.5000  10.5738
1983.5833  19.0767
1983.6667  30.2514
1983.7500  33.7346
1983.8333  36.2945
1983.9167  40.7576
1984.0000  41.3730
1984.0833  39.9051
1984.1667  43.2826
1984.2500  43.9116
1984.3333  42.7892
1984.4167  41.5902
1984.5000  41.2768
1984.5833  35.5266
1984.6667  32.0350
1984.7500  34.6706
1984.8333  31.1442
1984.9167  25.9786
1985.0000  27.3641
1985.0833  25.8415
1985.1667  18.6122
1985.2500  16.7020
1985.3333  15.0130
1985.4167  10.1172
1985.5000  8.3892
1985.5833  12.5361
1985.6667  8.4495
1985.7500  4.3080
1985.8333  5.1480
1985.9167  4.3815
1986.0000  0.3404
1986.0833  0.9099
1986.1667  2.5823
1986.2500  1.9348
1986.3333  -4.2677
1986.4167  -6.9280
1986.5000  -14.2536
1986.5833  -18.9298
1986.6667  -15.6602
1986.7500  -23.7748
1986.8333  -28.1170
1986.9167  -34.0637
1987.0000  -33.3253
1987.0833  -35.2744
1987.1667  -37.7096
1987.2500  -39.7635
1987.3333  -40.1147
1987.4167  -36.3402
1987.5000  -27.8574
1987.5833  -26.9483
1987.6667  -27.4155
1987.7500  -18.4988
1987.8333  -11.1937
1987.9167  -3.5779
1988.0000  -3.6798
1988.0833  -1.7955
1988.1667  1.8456
1988.2500  7.3947
1988.3333  16.0859
1988.4167  19.3934
1988.5000  17.4556
1988.5833  23.1511
1988.6667  24.9778
1988.7500  26.5295
1988.8333  24.2057
1988.9167  26.5753
1989.0000  28.2351
1989.0833  33.1555
1989.1667  34.6829
1989.2500  32.8912
1989.3333  32.1112
1989.4167  30.6987
1989.5000  28.6237
1989.5833  25.9946
1989.6667  23.6646
1989.7500  17.4696
1989.8333  16.5188
1989.9167  12.7930
1990.0000  10.7551
1990.0833  3.4024
1990.1667  0.0424
1990.2500  -2.3477
1990.3333  -6.0720
1990.4167  -8.4320
1990.5000  -9.2808
1990.5833  -14.4331
1990.6667  -14.4835
1990.7500  -15.0551
1990.8333  -14.8530
1990.9167  -16.6011
1991.0000  -19.4648
1991.0833  -21.7026
1991.1667  -22.6191
1991.2500  -20.8307
1991.3333  -20.0506
1991.4167  -19.8255
1991.5000  -18.1008
1991.5833  -17.6465
1991.6667  -21.7800
1991.7500  -22.2462
1991.8333  -24.4743
1991.9167  -21.5065
1992.0000  -17.8209
1992.0833  -13.8436
1992.1667  -13.1280
1992.2500  -14.4549
1992.3333  -12.6214
1992.4167  -12.6225
1992.5000  -14.8709
1992.5833  -13.0184
1992.6667  -14.2590
1992.7500  -14.7066
1992.8333  -14.3568
1992.9167  -18.1435
1993.0000  -22.5212
1993.0833  -23.7535
1993.1667  -25.4795
1993.2500  -28.1420
1993.3333  -32.3352
1993.4167  -33.5339
1993.5000  -24.8675
1993.5833  -19.6874
1993.6667  -13.5353
1993.7500  -5.1353
1993.8333  -3.5493
1993.9167  -4.3938
1994.0000  -2.5966
1994.0833  -1.4235
1994.1667  -2.4856
1994.2500  -0.3299
1994.3333  -0.1943
1994.4167  -2.2784
1994.5000  -12.3256
1994.5833  -17.7727
1994.6667  -18.4523
1994.7500  -26.4533
1994.8333  -28.3138
1994.9167  -26.7734
1995.0000  -29.5736
1995.0833  -32.9018
1995.1667  -30.7773
1995.2500  -28.3513
1995.3333  -27.2821
1995.4167  -24.2678
1995.5000  -14.5155
1995.5833  -12.2722
1995.6667  -6.7401
1995.7500  -4.6450
1995.8333  1.5218
1995.9167  7.7688
1996.0000  12.2849
1996.0833  18.6184
1996.1667  21.3376
1996.2500  24.2184
1996.3333  28.5538
1996.4167  32.2561
1996.5000  30.7592
1996.5833  32.0901
1996.6667  30.4471
1996.7500  31.0557
1996.8333  23.5577
1996.9167  15.9002
1997.0000  13.8178
1997.0833  9.2158
1997.1667  4.3023
1997.2500  -1.6372
1997.3333  -14.6632
1997.4167  -26.8786
1997.5000  -34.5422
1997.5833  -41.0252
1997.6667  -51.7891
1997.7500  -54.1250
1997.8333  -56.1219
1997.9167  -56.8688
1998.0000  -57.3686
1998.0833  -56.8405
1998.1667  -55.2291
1998.2500  -54.0375
1998.3333  -44.2678
1998.4167  -33.9482
1998.5000  -23.4951
1998.5833  -11.5836
1998.6667  -0.5389
1998.7500  5.8809
1998.8333  14.4923
1998.9167  19.8038
1999.0000  18.9819
1999.0833  18.4683
1999.1667  19.8433
1999.2500  19.8166
1999.3333  24.5864
1999.4167  27.6062
1999.5000  29.2593
1999.5833  26.3095
1999.6667  28.6211
1999.7500  31.5619
1999.8333  29.3914
1999.9167  28.6885
2000.0000  30.2916
2000.0833  34.8031
2000.1667  34.2093
2000.2500  37.0957
2000.3333  30.8738
2000.4167  30.0686
2000.5000  27.5507
2000.5833  30.1567
2000.6667  31.6763
2000.7500  29.0333
2000.8333  31.7767
2000.9167  31.7441
2001.0000  32.5139
2001.0833  32.9836
2001.1667  38.3581
2001.2500  40.2356
2001.3333  42.6120
2001.4167  41.8653
2001.5000  36.6037
2001.5833  28.9984
2001.6667  22.0099
2001.7500  17.4046
2001.8333  13.4161
2001.9167  15.5926
2002.0000  19.8454
2002.0833  17.0083
2002.1667  10.4150
2002.2500  4.9437
2002.3333  1.0319
2002.4167  -3.9069
2002.5000  -1.9598
2002.5833  -2.0525
2002.6667  -3.3906
2002.7500  -2.8869
2002.8333  -5.2341
2002.9167  -8.8010
2003.0000  -15.4977
2003.0833  -19.4748
2003.1667  -17.8161
2003.2500  -16.5602
2003.3333  -13.0718
2003.4167  -9.7991
2003.5000  -9.3216
2003.5833  -11.4281
2003.6667  -14.4962
2003.7500  -13.6492
2003.8333  -14.5567
2003.9167  -14.1901
2004.0000  -9.2730
2004.0833  -4.7698
2004.1667  -4.3816
2004.2500  -7.1339
2004.3333  -8.2207
2004.4167  -13.7336
2004.5000  -21.6041
2004.5833  -23.8951
2004.6667  -26.9569
2004.7500  -31.6176
2004.8333  -32.8086
2004.9167  -36.3240
2005.0000  -38.7632
2005.0833  -40.1340
2005.1667  -42.0503
2005.2500  -38.6211
2005.3333  -39.9159
2005.4167  -35.3574
2005.5000  -27.6942
2005.5833  -19.9767
2005.6667  -10.6561
2005.7500  -5.0603
2005.8333  1.5559
2005.9167  7.2421
2006.0000  9.0261
2006.0833  7.7177
2006.1667  8.9783
2006.2500  6.8871
2006.3333  5.1948
2006.4167  0.2608
2006.5000  0.8389
2006.5833  -1.9392
2006.6667  -10.4641
2006.7500  -13.4931
2006.8333  -16.8161
2006.9167  -21.1633
2007.0000  -25.5784
2007.0833  -26.8606
2007.1667  -28.0822
2007.2500  -28.8964
2007.3333  -28.6465
2007.4167  -21.0624
2007.5000  -23.6477
2007.5833  -21.1635
2007.6667  -12.2196
2007.7500  -8.2093
2007.8333  -4.8009
2007.9167  -0.0165
2008.0000  3.8616
2008.0833  8.3349
2008.1667  10.8732
2008.2500  12.0211
2008.3333  13.6120
2008.4167  16.2201
2008.5000  24.2906
2008.5833  27.8952
2008.6667  23.8497
2008.7500  22.9287
2008.8333  23.6565
2008.9167  25.0869
2009.0000  27.0098
2009.0833  25.2472
2009.1667  24.2398
2009.2500  26.8314
2009.3333  27.6532
2009.4167  20.2600
2009.5000  11.3342
2009.5833  3.8130
2009.6667  -0.4607
2009.7500  -5.2788
2009.8333  -8.7386
2009.9167  -12.5692
2010.0000  -14.9611
2010.0833  -15.2838
2010.1667  -14.1173
2010.2500  -17.9698
2010.3333  -13.2412
2010.4167  -7.0236
2010.5000  -1.7315
2010.5833  7.8880
2010.6667  16.1342
2010.7500  24.3971
2010.8333  25.8517
2010.9167  25.7580
2011.0000  24.9934
2011.0833  25.4515
2011.1667  25.5225
2011.2500  27.7579
2011.3333  25.4398
2011.4167  23.6669
2011.5000  28.4403
2011.5833  25.3126
2011.6667  27.8088
2011.7500  31.1384
2011.8333  33.0346
2011.9167  36.1225
2012.0000  39.1239
2012.0833  41.4451
2012.1667  43.0061
2012.2500  45.8801
2012.3333  46.3377
2012.4167  41.9074
2012.5000  36.2548
2012.5833  34.5306
2012.6667  32.5092
2012.7500  25.2144
2012.8333  26.0945
2012.9167  25.6397
2013.0000  25.4608
2013.0833  25.5716
2013.1667  23.7050
2013.2500  22.2828
2013.3333  22.4601
2013.4167  23.9418
2013.5000  20.6937
2013.5833  18.8007
2013.6667  14.3035
2013.7500  11.2572
2013.8333  7.0524
2013.9167  4.2906
2014.0000  1.7110
2014.0833  -1.1889
2014.1667  -2.9106
2014.2500  -5.5009
2014.3333  -6.3598
2014.4167  -7.0254
2014.5000  -4.8879
2014.5833  -1.6286
2014.6667  -0.6177
2014.7500  0.3722
2014.8333  0.5764
2014.9167  -2.8308
2015.0000  -5.2760
2015.0833  -5.8510
2015.1667  -5.6340
2015.2500  -5.2744
2015.3333  -9.5581
2015.4167  -13.6443
2015.5000  -17.4085
2015.5833  -24.7266
2015.6667  -22.5032
2015.7500  -22.5026
2015.8333  -24.6499
2015.9167  -21.2852
2016.0000  -20.8240
2016.0833  -21.6247
2016.1667  -22.4329
2016.2500  -22.3011
2016.3333  -24.2046
2016.4167  -20.5070
2016.5000  -18.1144
2016.5833  -12.1700
2016.6667  -12.5558
2016.7500  -10.7365
2016.8333  -7.9000
2016.9167  -6.9311
2017.0000  -6.2399
2017.0833  -4.9008
2017.1667  -4.3781
2017.2500  -3.7894
2017.3333  2.5514
2017.4167  3.5516
2017.5000  4.4498
2017.5833  2.1339
2017.6667  4.5999
2017.7500  3.6225
2017.8333  3.1397
2017.9167  1.5305
2018.0000  3.1521
2018.0833  6.3112
2018.1667  8.9713
2018.2500  5.6462
2018.3333  0.3504
2018.4167  -3.5006
2018.5000  -8.3076
2018.5833  -10.7386
2018.6667  -17.4618
2018.7500  -20.8665
2018.8333  -23.2764
2018.9167  -23.0910
2019.0000  -25.3101
2019.0833  -30.9763
2019.1667  -36.8387
2019.2500  -36.5071
2019.3333  -39.8405
2019.4167  -40.8858
2019.5000  -45.0961
2019.5833  -49.5997
2019.6667  -50.1971
2019.7500  -52.3778
2019.8333  -51.6835
2019.9167  -53.0516
2020.0000  -52.3225
2020.0833  -48.9760
2020.1667  -43.9749
2020.2500  -41.2720
2020.3333  -30.9804
2020.4167  -24.0152
2020.5000  -13.8105
2020.5833  -2.3091
2020.6667  1.4622
2020.7500  9.6660
2020.8333  14.8780
2020.9167  15.9844
2021.0000  20.1032
2021.0833  22.7739
2021.1667  22.1163
2021.2500  22.2028
2021.3333  18.5625
2021.4167  18.0515
2021.5000  18.5886
2021.5833  12.7116
2021.6667  17.9039
2021.7500  18.4578
2021.8333  18.8842
2021.9167  24.3491
2022.0000  21.7345
2022.0833  22.2023
2022.1667  25.5320
2022.2500  29.4463
2022.3333  34.7423
2022.4167  32.9185
2022.5000  35.1949
2022.5833  38.0905
2022.6667  35.7969
2022.7500  32.0567
2022.8333  28.3774
2022.9167  27.1646
2023.0000  27.8725
2023.0833  24.1084
2023.1667  18.6824
2023.2500  13.5876
2023.3333  3.9496
2023.4167  -2.2914
2023.5000  -13.7702
2023.5833  -21.3969
2023.6667  -32.2889
2023.7500  -34.5794
2023.8333  -36.1908
2023.9167  -35.9565
2024.0000  -32.0833
2024.0833  -26.4796
2024.1667  -22.5722
2024.2500  -19.8184
2024.3333  -14.9155
2024.4167  -8.7350
2024.5000  -1.4230
