offs    0.00000000000
bg      0.00014145452
impA    0.00000000000
impB    0.00000000000
impC    0.00000000000
delA    4.57311196790
delB    0.62987274904
asym    0.00009169400
ann1   -0.01901128701
ann2   -1.88915433295
sem1   -0.00388950021
sem2   -0.61945436626
year   -0.00002792655
IR     -0.00000000000
ma     -0.00000000000
mp      0.00011092096
shfT   -0.00000000000
init   -0.00622213824
   27.32166155400   0.00691315400  -1.28145199610
   27.21222081500   0.03254759652  -0.72692348547
 1095.17502233364   0.00041477747  -0.17850377111
    9.08286783775   0.00425387925   1.44337555570
    6.81670784238   0.00039609728  -0.41841226642
   13.63341568476   0.00516654607   9.90144622140
   13.66083077700  -0.00277493435  14.51718312253
   13.60611040750  -0.00169243010  20.92588571533
   27.55454988600  -0.00315514130   3.01979842540
   13.77727494300  -0.00257470054  78.26947706248
 6793.47648813065   0.00081351905 -24.02463382891
 1616.30271425126  -0.00048302294   0.74609834897
   27.09267692660  -0.00190612619   1.60751987389
    9.09502787633   0.00250733065   0.60814325447
   13.69115772864   0.00020113481  -2.71648676497
 1305.66025845931   0.00031851102   0.27989158689
   27.44323926226  -0.00033742726   0.97472470611
   27.66676714572  -0.00112505168   2.72970822479
 2190.35004466729   0.00134393260   2.03496205292
   26.98505934729   0.00095463837   6.03145667599
 6167.20701373239  -0.00009180420  -4.58508355060
 -3232.60542850251   0.00088146219   0.30763922034
 -2120.90900683440  -0.00222456692  -0.34428619538
   27.33282433123  -0.00022499423  15.40888721100
   13.71880577217   0.00319396726 -18.03669890272
    9.13295078376   0.00006188777   8.33658635941
    9.12068919638   0.00074205542   0.91790394097
    9.10846048884   0.00137885295   1.04270846343
 3396.73824406533   0.00127352917 -33.14199367875
ltep   23.60674844374
ltep    2.54902552337
ltep    3.91413290270
ltep   12.28983519434
ltep   11.21165301861
ltep   -2.09105213612
ltep    3.18081070896
ltep    3.58245503554
ltep  -61.72163523927
ltep  -17.10853873324
ltep    9.89513841622
harm  45
harm  50
harm  48
harm  18
harm  49
harm  158
harm  2217
harm  8734
harm  8775
harm  9280
harm  50
harm  80
harm  219
harm  186
harm  261
harm  133
harm  55
harm  683
harm  490
harm  1196
harm  119
harm  173
harm  284
harm  23
harm  74
harm  58
harm  139
harm  0
