offs    0.00000000000
bg      0.00014145452
impA    0.00000000000
impB    0.00000000000
impC    0.00000000000
delA    4.52954202584
delB    0.72718786582
asym   -0.00025548335
ann1    0.32392148708
ann2   -1.16237831269
sem1   -0.05312416745
sem2    0.12566372817
year   -0.00002797756
IR     -0.00000000000
ma     -0.00000000000
mp      0.00018967184
shfT   -0.00000000000
init   -0.00406951473
   27.32166155400   0.00714092646  -1.07601695322
   27.21222081500   0.03362186509  -0.71665831462
 1095.17502233364   0.00026071521  -0.01180408744
    9.08286783775   0.00395933182   1.35367388075
    6.81670784238   0.00156408991   0.27984168061
   13.63341568476   0.00592926207   9.78259671607
   13.66083077700  -0.00218102858  14.74063455492
   13.60611040750  -0.00163834183  20.86196249007
   27.55454988600  -0.00376423462   2.89127354543
   13.77727494300  -0.00297446473  78.16899364191
 6793.47648813065   0.00085104656 -23.28315997421
 1616.30271425126  -0.00068004658   0.51802621414
   27.09267692660  -0.00349240334   1.98792125726
    9.09502787633   0.00268085487   0.72117405559
   13.69115772864   0.00027597536  -1.97346233994
 1305.66025845931   0.00020205466   1.29642781486
   27.44323926226  -0.00009399249   0.49111490455
   27.66676714572  -0.00110436132   3.04986345630
 2190.35004466729   0.00166682053   1.83558910359
   26.98505934729   0.00180179663   5.33834090648
 6167.20701373239  -0.00027130728  -4.07338995634
 -3232.60542850251   0.00071013590   0.36510964097
 -2120.90900683440  -0.00154158421  -0.40622699996
   27.33282433123  -0.00023170310   6.13753353426
   13.71880577217   0.00262712629 -15.76757669942
    9.13295078376   0.00002138933   8.42204047050
    9.12068919638   0.00071490952   0.92302329431
    9.10846048884   0.00141702093   0.99515536566
 3396.73824406533   0.00135745521 -39.20525667371
ltep   23.92769654945
ltep    2.58604832280
ltep    3.91413290270
ltep   12.28983519434
ltep   11.21165301861
ltep   -2.09107104701
ltep    3.18081070896
ltep    3.58245503554
ltep  -61.72163523927
ltep  -17.10853873324
ltep    9.89513841622
harm  45
harm  33
harm  48
harm  22
harm  42
harm  52
harm  2217
harm  8734
harm  8775
harm  9280
harm  50
harm  80
harm  219
harm  186
harm  261
harm  133
harm  55
harm  683
harm  490
harm  1196
harm  119
harm  173
harm  284
harm  23
harm  74
harm  58
harm  139
harm  0
