offs    0.00000000000
bg      0.00014145030
impA    0.00000000000
impB    0.00000000000
impC    0.00000000000
delA    4.63792978642
delB    0.79873573316
asym   -0.02212629139
ann1   -0.03914264449
ann2    0.00984152159
sem1    0.01228494901
sem2   -1.46902065980
year   -0.00002792676
IR     -0.00000000000
ma     -0.00000000000
mp     -0.00009298265
shfT   -0.00000000000
init    0.00005053810
   27.32166155400   0.00479698201  -1.64108382506
   27.21222081500   0.02765538216  -0.76757936030
 1095.17502233364   0.00046699897   0.14691812567
    9.08286783775   0.00599563435   1.55121753764
    6.81670784238  -0.00086642770   0.34867213535
   13.63341568476   0.00485058237  16.76754299520
   13.66083077700  -0.00268018938  25.86111779271
   13.60611040750  -0.00234141399  26.85758978195
   27.55454988600  -0.00428460119   2.84368938691
   13.77727494300  -0.00174607790   4.65169409521
 6793.47648813065   0.00055861994  -0.00451785487
 1616.30271425126  -0.00150308622  -1.74194786510
   27.09267692660  -0.00279463198   1.42067519008
    9.09502787633   0.00217190559   0.74232189000
   13.69115772864   0.00071965695  16.24753634798
 1305.66025845931  -0.00036830820   1.16909546821
   27.44323926226  -0.00135606190   0.74707020870
   27.66676714572  -0.00128572238   3.48666178934
 2190.35004466729   0.00197859091   1.73793005018
   26.98505934729   0.00171093613   5.29508521275
 6167.20701373239  -0.00038873843 -11.22221636505
 -3232.60542850251   0.00086199657   1.03624072546
 -2120.90900683440  -0.00151986211   0.00676301516
   27.33282433123   0.00099698366  10.32928170023
   13.71880577217   0.00427781340   1.70156424607
    9.13295078376   0.00003829861  -1.20886163713
    9.12068919638   0.00072838034  -0.71080711117
    9.10846048884   0.00172731314   0.80411282610
 3396.73824406533   0.00171861002 -25.95187756955
 1656.31999626209   0.00052639458   7.69705791493
   27.10365333842  -0.00181046293   0.72777207752
ltep   24.56923405919
ltep   -5.27564702494
ltep   18.68216048000
ltep  100.00000000000
ltep   10.00000000000
ltep  200.00000000000
ltep  600.00000000000
ltep   70.00000000000
ltep  150.00000000000
ltep  400.00000000000
ltep    0.50000000000
harm  8
harm  24
harm  0
