
1925.00003330	0.06026887
1925.08333330	0.06015473
1925.16663330	0.06004060
1925.25003330	0.05978850
1925.33333330	0.05967437
1925.41663330	0.05956023
1925.50003330	0.05944610
1925.58333330	0.05933196
1925.66663330	0.05921783
1925.75003330	-0.02669190
1925.83333330	-0.02657777
1925.91663330	-0.02646363
1926.00003330	-0.02634950
1926.08333330	-0.02623536
1926.16663330	-0.02612123
1926.25003330	-0.02593050
1926.33333330	-0.02581636
1926.41663330	-0.02570223
1926.50003330	-0.02558809
1926.58333330	-0.02547396
1926.66663330	-0.02535982
1926.75003330	0.09573836
1926.83333330	0.09562422
1926.91663330	0.09551009
1927.00003330	0.09539596
1927.08333330	0.09528182
1927.16663330	0.09516769
1927.25003330	0.09505280
1927.33333330	0.09493866
1927.41663330	0.09482453
1927.50003330	0.09471039
1927.58333330	0.09459626
1927.66663330	0.09448212
1927.75003330	-0.06515124
1927.83333330	-0.06503711
1927.91663330	-0.06492297
1928.00003330	-0.06480884
1928.08333330	-0.06469470
1928.16663330	-0.06458057
1928.25003330	-0.06445418
1928.33333330	-0.06434004
1928.41663330	-0.06422591
1928.50003330	-0.06411178
1928.58333330	-0.06399764
1928.66663330	-0.06388351
1928.75003330	0.10088029
1928.83333330	0.10076616
1928.91663330	0.10065202
1929.00003330	0.10053789
1929.08333330	0.10042375
1929.16663330	0.10030962
1929.25003330	0.10024479
1929.33333330	0.10013065
1929.41663330	0.10001652
1929.50003330	0.09990238
1929.58333330	0.09978825
1929.66663330	0.09967411
1929.75003330	-0.00246130
1929.83333330	-0.00234717
1929.91663330	-0.00223303
1930.00003330	-0.00211890
1930.08333330	-0.00200476
1930.16663330	-0.00189063
1930.25003330	-0.00193142
1930.33333330	-0.00181728
1930.41663330	-0.00170315
1930.50003330	-0.00158901
1930.58333330	-0.00147488
1930.66663330	-0.00136074
1930.75003330	0.07181729
1930.83333330	0.07170315
1930.91663330	0.07158902
1931.00003330	0.07147488
1931.08333330	0.07136075
1931.16663330	0.07124661
1931.25003330	0.07123041
1931.33333330	0.07111627
1931.41663330	0.07100214
1931.50003330	0.07088800
1931.58333330	0.07077387
1931.66663330	0.07065973
1931.75003330	0.13889425
1931.83333330	0.13878012
1931.91663330	0.13866598
1932.00003330	0.13855185
1932.08333330	0.13843771
1932.16663330	0.13832358
1932.25003330	0.13813890
1932.33333330	0.13802477
1932.41663330	0.13791064
1932.50003330	0.13779650
1932.58333330	0.13768237
1932.66663330	0.13756823
1932.75003330	-0.03686413
1932.83333330	-0.03674999
1932.91663330	-0.03663586
1933.00003330	-0.03652172
1933.08333330	-0.03640759
1933.16663330	-0.03629345
1933.25003330	-0.03613422
1933.33333330	-0.03602009
1933.41663330	-0.03590595
1933.50003330	-0.03579182
1933.58333330	-0.03567768
1933.66663330	-0.03556355
1933.75003330	0.10300623
1933.83333330	0.10289209
1933.91663330	0.10277796
1934.00003330	0.10266382
1934.08333330	0.10254969
1934.16663330	0.10243555
1934.25003330	0.10238450
1934.33333330	0.10227036
1934.41663330	0.10215623
1934.50003330	0.10204209
1934.58333330	0.10192796
1934.66663330	0.10181382
1934.75003330	0.02022557
1934.83333330	0.02011144
1934.91663330	0.01999730
1935.00003330	0.01988317
1935.08333330	0.01976903
1935.16663330	0.01965490
1935.25003330	0.01943090
1935.33333330	0.01931677
1935.41663330	0.01920263
1935.50003330	0.01908850
1935.58333330	0.01897436
1935.66663330	0.01886023
1935.75003330	0.10081173
1935.83333330	0.10069760
1935.91663330	0.10058347
1936.00003330	0.10046933
1936.08333330	0.10035520
1936.16663330	0.10024106
1936.25003330	0.10019601
1936.33333330	0.10008187
1936.41663330	0.09996774
1936.50003330	0.09985360
1936.58333330	0.09973947
1936.66663330	0.09962533
1936.75003330	0.10258122
1936.83333330	0.10246708
1936.91663330	0.10235295
1937.00003330	0.10223882
1937.08333330	0.10212468
1937.16663330	0.10201055
1937.25003330	0.10179377
1937.33333330	0.10167964
1937.41663330	0.10156550
1937.50003330	0.10145137
1937.58333330	0.10133723
1937.66663330	0.10122310
1937.75003330	0.01084497
1937.83333330	0.01073083
1937.91663330	0.01061670
1938.00003330	0.01050256
1938.08333330	0.01038843
1938.16663330	0.01027430
1938.25003330	0.01026747
1938.33333330	0.01015334
1938.41663330	0.01003920
1938.50003330	0.00992507
1938.58333330	0.00981094
1938.66663330	0.00969680
1938.75003330	0.10952646
1938.83333330	0.10941233
1938.91663330	0.10929819
1939.00003330	0.10918406
1939.08333330	0.10906992
1939.16663330	0.10895579
1939.25003330	0.10883660
1939.33333330	0.10872247
1939.41663330	0.10860833
1939.50003330	0.10849420
1939.58333330	0.10838006
1939.66663330	0.10826593
1939.75003330	-0.01943258
1939.83333330	-0.01931845
1939.91663330	-0.01920431
1940.00003330	-0.01909018
1940.08333330	-0.01897604
1940.16663330	-0.01886191
1940.25003330	-0.01877713
1940.33333330	-0.01866300
1940.41663330	-0.01854886
1940.50003330	-0.01843473
1940.58333330	-0.01832059
1940.66663330	-0.01820646
1940.75003330	0.06513471
1940.83333330	0.06502058
1940.91663330	0.06490644
1941.00003330	0.06479231
1941.08333330	0.06467817
1941.16663330	0.06456404
1941.25003330	0.06447738
1941.33333330	0.06436324
1941.41663330	0.06424911
1941.50003330	0.06413497
1941.58333330	0.06402084
1941.66663330	0.06390670
1941.75003330	-0.01836637
1941.83333330	-0.01825223
1941.91663330	-0.01813810
1942.00003330	-0.01802396
1942.08333330	-0.01790983
1942.16663330	-0.01779570
1942.25003330	-0.01771105
1942.33333330	-0.01759691
1942.41663330	-0.01748278
1942.50003330	-0.01736864
1942.58333330	-0.01725451
1942.66663330	-0.01714037
1942.75003330	0.08696692
1942.83333330	0.08685278
1942.91663330	0.08673865
1943.00003330	0.08662451
1943.08333330	0.08651038
1943.16663330	0.08639624
1943.25003330	0.08636930
1943.33333330	0.08625517
1943.41663330	0.08614103
1943.50003330	0.08602690
1943.58333330	0.08591277
1943.66663330	0.08579863
1943.75003330	0.04363290
1943.83333330	0.04351877
1943.91663330	0.04340463
1944.00003330	0.04329050
1944.08333330	0.04317636
1944.16663330	0.04306223
1944.25003330	0.04283203
1944.33333330	0.04271789
1944.41663330	0.04260376
1944.50003330	0.04248962
1944.58333330	0.04237549
1944.66663330	0.04226135
1944.75003330	-0.02922327
1944.83333330	-0.02910913
1944.91663330	-0.02899500
1945.00003330	-0.02888086
1945.08333330	-0.02876673
1945.16663330	-0.02865260
1945.25003330	-0.02846998
1945.33333330	-0.02835585
1945.41663330	-0.02824171
1945.50003330	-0.02812758
1945.58333330	-0.02801344
1945.66663330	-0.02789931
1945.75003330	0.05166850
1945.83333330	0.05155436
1945.91663330	0.05144023
1946.00003330	0.05132610
1946.08333330	0.05121196
1946.16663330	0.05109783
1946.25003330	0.05095379
1946.33333330	0.05083965
1946.41663330	0.05072552
1946.50003330	0.05061138
1946.58333330	0.05049725
1946.66663330	0.05038311
1946.75003330	-0.05855822
1946.83333330	-0.05844408
1946.91663330	-0.05832995
1947.00003330	-0.05821581
1947.08333330	-0.05810168
1947.16663330	-0.05798754
1947.25003330	-0.05784105
1947.33333330	-0.05772691
1947.41663330	-0.05761278
1947.50003330	-0.05749864
1947.58333330	-0.05738451
1947.66663330	-0.05727037
1947.75003330	0.12600305
1947.83333330	0.12588892
1947.91663330	0.12577478
1948.00003330	0.12566065
1948.08333330	0.12554651
1948.16663330	0.12543238
1948.25003330	0.12535414
1948.33333330	0.12524000
1948.41663330	0.12512587
1948.50003330	0.12501173
1948.58333330	0.12489760
1948.66663330	0.12478346
1948.75003330	0.00148157
1948.83333330	0.00136744
1948.91663330	0.00125330
1949.00003330	0.00113917
1949.08333330	0.00102503
1949.16663330	0.00091090
1949.25003330	0.00065584
1949.33333330	0.00054170
1949.41663330	0.00042757
1949.50003330	0.00031343
1949.58333330	0.00019930
1949.66663330	0.00008516
1949.75003330	0.03987799
1949.83333330	0.03976385
1949.91663330	0.03964972
1950.00003330	0.03953558
1950.08333330	0.03942145
1950.16663330	0.03930731
1950.25003330	0.03931032
1950.33333330	0.03919618
1950.41663330	0.03908205
1950.50003330	0.03896791
1950.58333330	0.03885378
1950.66663330	0.03873964
1950.75003330	0.07711170
1950.83333330	0.07699757
1950.91663330	0.07688343
1951.00003330	0.07676930
1951.08333330	0.07665516
1951.16663330	0.07654103
1951.25003330	0.07636068
1951.33333330	0.07624654
1951.41663330	0.07613241
1951.50003330	0.07601827
1951.58333330	0.07590414
1951.66663330	0.07579000
1951.75003330	-0.08191240
1951.83333330	-0.08179826
1951.91663330	-0.08168413
1952.00003330	-0.08156999
1952.08333330	-0.08145586
1952.16663330	-0.08134172
1952.25003330	-0.08117399
1952.33333330	-0.08105985
1952.41663330	-0.08094572
1952.50003330	-0.08083158
1952.58333330	-0.08071745
1952.66663330	-0.08060331
1952.75003330	0.10571549
1952.83333330	0.10560135
1952.91663330	0.10548722
1953.00003330	0.10537308
1953.08333330	0.10525895
1953.16663330	0.10514482
1953.25003330	0.10504843
1953.33333330	0.10493430
1953.41663330	0.10482016
1953.50003330	0.10470603
1953.58333330	0.10459189
1953.66663330	0.10447776
1953.75003330	-0.01231148
1953.83333330	-0.01219734
1953.91663330	-0.01208321
1954.00003330	-0.01196907
1954.08333330	-0.01185494
1954.16663330	-0.01174080
1954.25003330	-0.01174349
1954.33333330	-0.01162936
1954.41663330	-0.01151522
1954.50003330	-0.01140109
1954.58333330	-0.01128695
1954.66663330	-0.01117282
1954.75003330	0.12062910
1954.83333330	0.12051497
1954.91663330	0.12040083
1955.00003330	0.12028670
1955.08333330	0.12017256
1955.16663330	0.12005843
1955.25003330	0.12003706
1955.33333330	0.11992292
1955.41663330	0.11980879
1955.50003330	0.11969465
1955.58333330	0.11958052
1955.66663330	0.11946638
1955.75003330	0.08064836
1955.83333330	0.08053422
1955.91663330	0.08042009
1956.00003330	0.08030595
1956.08333330	0.08019182
1956.16663330	0.08007768
1956.25003330	0.07987131
1956.33333330	0.07975717
1956.41663330	0.07964304
1956.50003330	0.07952890
1956.58333330	0.07941477
1956.66663330	0.07930063
1956.75003330	0.00672193
1956.83333330	0.00660779
1956.91663330	0.00649366
1957.00003330	0.00637952
1957.08333330	0.00626539
1957.16663330	0.00615125
1957.25003330	0.00613382
1957.33333330	0.00601968
1957.41663330	0.00590555
1957.50003330	0.00579141
1957.58333330	0.00567728
1957.66663330	0.00556314
1957.75003330	0.09641146
1957.83333330	0.09629733
1957.91663330	0.09618319
1958.00003330	0.09606906
1958.08333330	0.09595492
1958.16663330	0.09584079
1958.25003330	0.09569360
1958.33333330	0.09557947
1958.41663330	0.09546533
1958.50003330	0.09535120
1958.58333330	0.09523706
1958.66663330	0.09512293
1958.75003330	-0.00444648
1958.83333330	-0.00433235
1958.91663330	-0.00421821
1959.00003330	-0.00410408
1959.08333330	-0.00398994
1959.16663330	-0.00387581
1959.25003330	-0.00377459
1959.33333330	-0.00366045
1959.41663330	-0.00354632
1959.50003330	-0.00343219
1959.58333330	-0.00331805
1959.66663330	-0.00320392
1959.75003330	0.07454379
1959.83333330	0.07442966
1959.91663330	0.07431552
1960.00003330	0.07420139
1960.08333330	0.07408725
1960.16663330	0.07397312
1960.25003330	0.07388744
1960.33333330	0.07377331
1960.41663330	0.07365917
1960.50003330	0.07354504
1960.58333330	0.07343090
1960.66663330	0.07331677
1960.75003330	-0.02519558
1960.83333330	-0.02508144
1960.91663330	-0.02496731
1961.00003330	-0.02485318
1961.08333330	-0.02473904
1961.16663330	-0.02462491
1961.25003330	-0.02453294
1961.33333330	-0.02441880
1961.41663330	-0.02430467
1961.50003330	-0.02419053
1961.58333330	-0.02407640
1961.66663330	-0.02396226
1961.75003330	0.05983016
1961.83333330	0.05971603
1961.91663330	0.05960189
1962.00003330	0.05948776
1962.08333330	0.05937362
1962.16663330	0.05925949
1962.25003330	0.05923752
1962.33333330	0.05912339
1962.41663330	0.05900925
1962.50003330	0.05889512
1962.58333330	0.05878098
1962.66663330	0.05866685
1962.75003330	0.02625367
1962.83333330	0.02613954
1962.91663330	0.02602540
1963.00003330	0.02591127
1963.08333330	0.02579713
1963.16663330	0.02568300
1963.25003330	0.02546192
1963.33333330	0.02534778
1963.41663330	0.02523365
1963.50003330	0.02511951
1963.58333330	0.02500538
1963.66663330	0.02489124
1963.75003330	-0.00954244
1963.83333330	-0.00942830
1963.91663330	-0.00931417
1964.00003330	-0.00920003
1964.08333330	-0.00908590
1964.16663330	-0.00897176
1964.25003330	-0.00881835
1964.33333330	-0.00870422
1964.41663330	-0.00859009
1964.50003330	-0.00847595
1964.58333330	-0.00836182
1964.66663330	-0.00824768
1964.75003330	0.06150456
1964.83333330	0.06139042
1964.91663330	0.06127629
1965.00003330	0.06116215
1965.08333330	0.06104802
1965.16663330	0.06093388
1965.25003330	0.06076646
1965.33333330	0.06065233
1965.41663330	0.06053819
1965.50003330	0.06042406
1965.58333330	0.06030992
1965.66663330	0.06019579
1965.75003330	-0.04677546
1965.83333330	-0.04666133
1965.91663330	-0.04654719
1966.00003330	-0.04643306
1966.08333330	-0.04631892
1966.16663330	-0.04620479
1966.25003330	-0.04603874
1966.33333330	-0.04592460
1966.41663330	-0.04581047
1966.50003330	-0.04569633
1966.58333330	-0.04558220
1966.66663330	-0.04546806
1966.75003330	0.14378993
1966.83333330	0.14367580
1966.91663330	0.14356166
1967.00003330	0.14344753
1967.08333330	0.14333339
1967.16663330	0.14321926
1967.25003330	0.14315570
1967.33333330	0.14304156
1967.41663330	0.14292743
1967.50003330	0.14281329
1967.58333330	0.14269916
1967.66663330	0.14258502
1967.75003330	-0.00590575
1967.83333330	-0.00579162
1967.91663330	-0.00567748
1968.00003330	-0.00556335
1968.08333330	-0.00544921
1968.16663330	-0.00533508
1968.25003330	-0.00533695
1968.33333330	-0.00522282
1968.41663330	-0.00510869
1968.50003330	-0.00499455
1968.58333330	-0.00488042
1968.66663330	-0.00476628
1968.75003330	0.02821764
1968.83333330	0.02810351
1968.91663330	0.02798937
1969.00003330	0.02787524
1969.08333330	0.02776110
1969.16663330	0.02764697
1969.25003330	0.02763992
1969.33333330	0.02752579
1969.41663330	0.02741165
1969.50003330	0.02729752
1969.58333330	0.02718338
1969.66663330	0.02706925
1969.75003330	0.02578345
1969.83333330	0.02566931
1969.91663330	0.02555518
1970.00003330	0.02544104
1970.08333330	0.02532691
1970.16663330	0.02521277
1970.25003330	0.02500824
1970.33333330	0.02489411
1970.41663330	0.02477997
1970.50003330	0.02466584
1970.58333330	0.02455170
1970.66663330	0.02443757
1970.75003330	-0.08018624
1970.83333330	-0.08007210
1970.91663330	-0.07995797
1971.00003330	-0.07984383
1971.08333330	-0.07972970
1971.16663330	-0.07961556
1971.25003330	-0.07941706
1971.33333330	-0.07930293
1971.41663330	-0.07918879
1971.50003330	-0.07907466
1971.58333330	-0.07896052
1971.66663330	-0.07884639
1971.75003330	0.12253673
1971.83333330	0.12242259
1971.91663330	0.12230846
1972.00003330	0.12219432
1972.08333330	0.12208019
1972.16663330	0.12196605
1972.25003330	0.12183923
1972.33333330	0.12172510
1972.41663330	0.12161096
1972.50003330	0.12149683
1972.58333330	0.12138269
1972.66663330	0.12126856
1972.75003330	-0.03041238
1972.83333330	-0.03029825
1972.91663330	-0.03018411
1973.00003330	-0.03006998
1973.08333330	-0.02995585
1973.16663330	-0.02984171
1973.25003330	-0.02982093
1973.33333330	-0.02970679
1973.41663330	-0.02959266
1973.50003330	-0.02947852
1973.58333330	-0.02936439
1973.66663330	-0.02925025
1973.75003330	0.09573031
1973.83333330	0.09561618
1973.91663330	0.09550204
1974.00003330	0.09538791
1974.08333330	0.09527377
1974.16663330	0.09515964
1974.25003330	0.09513305
1974.33333330	0.09501892
1974.41663330	0.09490478
1974.50003330	0.09479065
1974.58333330	0.09467651
1974.66663330	0.09456238
1974.75003330	0.04808815
1974.83333330	0.04797401
1974.91663330	0.04785988
1975.00003330	0.04774574
1975.08333330	0.04763161
1975.16663330	0.04751747
1975.25003330	0.04731451
1975.33333330	0.04720038
1975.41663330	0.04708624
1975.50003330	0.04697211
1975.58333330	0.04685797
1975.66663330	0.04674384
1975.75003330	0.02984920
1975.83333330	0.02973507
1975.91663330	0.02962093
1976.00003330	0.02950680
1976.08333330	0.02939266
1976.16663330	0.02927853
1976.25003330	0.02924274
1976.33333330	0.02912861
1976.41663330	0.02901447
1976.50003330	0.02890034
1976.58333330	0.02878620
1976.66663330	0.02867207
1976.75003330	0.11543264
1976.83333330	0.11531851
1976.91663330	0.11520437
1977.00003330	0.11509024
1977.08333330	0.11497610
1977.16663330	0.11486197
1977.25003330	0.11470270
1977.33333330	0.11458856
1977.41663330	0.11447443
1977.50003330	0.11436029
1977.58333330	0.11424616
1977.66663330	0.11413202
1977.75003330	-0.01017269
1977.83333330	-0.01005855
1977.91663330	-0.00994442
1978.00003330	-0.00983028
1978.08333330	-0.00971615
1978.16663330	-0.00960201
1978.25003330	-0.00948463
1978.33333330	-0.00937050
1978.41663330	-0.00925636
1978.50003330	-0.00914223
1978.58333330	-0.00902809
1978.66663330	-0.00891396
1978.75003330	0.07819930
1978.83333330	0.07808517
1978.91663330	0.07797103
1979.00003330	0.07785690
1979.08333330	0.07774276
1979.16663330	0.07762863
1979.25003330	0.07756027
1979.33333330	0.07744613
1979.41663330	0.07733200
1979.50003330	0.07721786
1979.58333330	0.07710373
1979.66663330	0.07698959
1979.75003330	-0.05661620
1979.83333330	-0.05650206
1979.91663330	-0.05638793
1980.00003330	-0.05627379
1980.08333330	-0.05615966
1980.16663330	-0.05604552
1980.25003330	-0.05595624
1980.33333330	-0.05584211
1980.41663330	-0.05572797
1980.50003330	-0.05561384
1980.58333330	-0.05549970
1980.66663330	-0.05538557
1980.75003330	0.04083388
1980.83333330	0.04071975
1980.91663330	0.04060561
1981.00003330	0.04049148
1981.08333330	0.04037734
1981.16663330	0.04026321
1981.25003330	0.04022874
1981.33333330	0.04011461
1981.41663330	0.04000047
1981.50003330	0.03988634
1981.58333330	0.03977220
1981.66663330	0.03965807
1981.75003330	0.03215522
1981.83333330	0.03204109
1981.91663330	0.03192695
1982.00003330	0.03181282
1982.08333330	0.03169868
1982.16663330	0.03158455
1982.25003330	0.03134646
1982.33333330	0.03123232
1982.41663330	0.03111819
1982.50003330	0.03100405
1982.58333330	0.03088992
1982.66663330	0.03077578
1982.75003330	0.04265431
1982.83333330	0.04254018
1982.91663330	0.04242604
1983.00003330	0.04231191
1983.08333330	0.04219777
1983.16663330	0.04208364
1983.25003330	0.04201661
1983.33333330	0.04190247
1983.41663330	0.04178834
1983.50003330	0.04167420
1983.58333330	0.04156007
1983.66663330	0.04144593
1983.75003330	0.07776872
1983.83333330	0.07765459
1983.91663330	0.07754045
1984.00003330	0.07742632
1984.08333330	0.07731218
1984.16663330	0.07719805
1984.25003330	0.07702058
1984.33333330	0.07690645
1984.41663330	0.07679231
1984.50003330	0.07667818
1984.58333330	0.07656404
1984.66663330	0.07644991
1984.75003330	-0.05632773
1984.83333330	-0.05621360
1984.91663330	-0.05609946
1985.00003330	-0.05598533
1985.08333330	-0.05587119
1985.16663330	-0.05575706
1985.25003330	-0.05557604
1985.33333330	-0.05546190
1985.41663330	-0.05534777
1985.50003330	-0.05523363
1985.58333330	-0.05511950
1985.66663330	-0.05500536
1985.75003330	0.12119462
1985.83333330	0.12108049
1985.91663330	0.12096635
1986.00003330	0.12085222
1986.08333330	0.12073808
1986.16663330	0.12062395
1986.25003330	0.12056108
1986.33333330	0.12044694
1986.41663330	0.12033281
1986.50003330	0.12021867
1986.58333330	0.12010454
1986.66663330	0.11999040
1986.75003330	-0.00129148
1986.83333330	-0.00117735
1986.91663330	-0.00106321
1987.00003330	-0.00094908
1987.08333330	-0.00083494
1987.16663330	-0.00072081
1987.25003330	-0.00069963
1987.33333330	-0.00058549
1987.41663330	-0.00047136
1987.50003330	-0.00035722
1987.58333330	-0.00024309
1987.66663330	-0.00012895
1987.75003330	0.06036869
1987.83333330	0.06025456
1987.91663330	0.06014042
1988.00003330	0.06002629
1988.08333330	0.05991215
1988.16663330	0.05979802
1988.25003330	0.05975661
1988.33333330	0.05964248
1988.41663330	0.05952834
1988.50003330	0.05941421
1988.58333330	0.05930007
1988.66663330	0.05918594
1988.75003330	0.01228379
1988.83333330	0.01216965
1988.91663330	0.01205552
1989.00003330	0.01194138
1989.08333330	0.01182725
1989.16663330	0.01171311
1989.25003330	0.01150334
1989.33333330	0.01138921
1989.41663330	0.01127507
1989.50003330	0.01116094
1989.58333330	0.01104680
1989.66663330	0.01093267
1989.75003330	-0.08060792
1989.83333330	-0.08049379
1989.91663330	-0.08037965
1990.00003330	-0.08026552
1990.08333330	-0.08015138
1990.16663330	-0.08003725
1990.25003330	-0.07981319
1990.33333330	-0.07969905
1990.41663330	-0.07958492
1990.50003330	-0.07947078
1990.58333330	-0.07935665
1990.66663330	-0.07924251
1990.75003330	0.10930252
1990.83333330	0.10918839
1990.91663330	0.10907425
1991.00003330	0.10896012
1991.08333330	0.10884598
1991.16663330	0.10873185
1991.25003330	0.10861280
1991.33333330	0.10849866
1991.41663330	0.10838453
1991.50003330	0.10827040
1991.58333330	0.10815626
1991.66663330	0.10804213
1991.75003330	-0.04886628
1991.83333330	-0.04875215
1991.91663330	-0.04863801
1992.00003330	-0.04852388
1992.08333330	-0.04840974
1992.16663330	-0.04829561
1992.25003330	-0.04826314
1992.33333330	-0.04814900
1992.41663330	-0.04803487
1992.50003330	-0.04792074
1992.58333330	-0.04780660
1992.66663330	-0.04769247
1992.75003330	0.07562650
1992.83333330	0.07551236
1992.91663330	0.07539823
1993.00003330	0.07528409
1993.08333330	0.07516996
1993.16663330	0.07505582
1993.25003330	0.07499765
1993.33333330	0.07488351
1993.41663330	0.07476938
1993.50003330	0.07465524
1993.58333330	0.07454111
1993.66663330	0.07442697
1993.75003330	0.02971636
1993.83333330	0.02960223
1993.91663330	0.02948809
1994.00003330	0.02937396
1994.08333330	0.02925982
1994.16663330	0.02914569
1994.25003330	0.02893842
1994.33333330	0.02882429
1994.41663330	0.02871015
1994.50003330	0.02859602
1994.58333330	0.02848188
1994.66663330	0.02836775
1994.75003330	0.04794268
1994.83333330	0.04782855
1994.91663330	0.04771441
1995.00003330	0.04760028
1995.08333330	0.04748614
1995.16663330	0.04737201
1995.25003330	0.04736263
1995.33333330	0.04724849
1995.41663330	0.04713436
1995.50003330	0.04702022
1995.58333330	0.04690609
1995.66663330	0.04679195
1995.75003330	0.11069933
1995.83333330	0.11058519
1995.91663330	0.11047106
1996.00003330	0.11035693
1996.08333330	0.11024279
1996.16663330	0.11012866
1996.25003330	0.10994983
1996.33333330	0.10983569
1996.41663330	0.10972156
1996.50003330	0.10960742
1996.58333330	0.10949329
1996.66663330	0.10937915
1996.75003330	-0.04371362
1996.83333330	-0.04359948
1996.91663330	-0.04348535
1997.00003330	-0.04337121
1997.08333330	-0.04325708
1997.16663330	-0.04314294
1997.25003330	-0.04299770
1997.33333330	-0.04288357
1997.41663330	-0.04276943
1997.50003330	-0.04265530
1997.58333330	-0.04254116
1997.66663330	-0.04242703
1997.75003330	0.05647900
1997.83333330	0.05636487
1997.91663330	0.05625073
1998.00003330	0.05613660
1998.08333330	0.05602246
1998.16663330	0.05590833
1998.25003330	0.05582562
1998.33333330	0.05571148
1998.41663330	0.05559735
1998.50003330	0.05548321
1998.58333330	0.05536908
1998.66663330	0.05525494
1998.75003330	-0.09066131
1998.83333330	-0.09054718
1998.91663330	-0.09043304
1999.00003330	-0.09031891
1999.08333330	-0.09020477
1999.16663330	-0.09009064
1999.25003330	-0.09000053
1999.33333330	-0.08988639
1999.41663330	-0.08977226
1999.50003330	-0.08965812
1999.58333330	-0.08954399
1999.66663330	-0.08942985
1999.75003330	0.06492204
1999.83333330	0.06480791
1999.91663330	0.06469377
2000.00003330	0.06457964
2000.08333330	0.06446550
2000.16663330	0.06435137
2000.25003330	0.06428061
2000.33333330	0.06416647
2000.41663330	0.06405234
2000.50003330	0.06393820
2000.58333330	0.06382407
2000.66663330	0.06370993
2000.75003330	0.03528223
2000.83333330	0.03516810
2000.91663330	0.03505396
2001.00003330	0.03493983
2001.08333330	0.03482569
2001.16663330	0.03471156
2001.25003330	0.03448740
2001.33333330	0.03437326
2001.41663330	0.03425913
2001.50003330	0.03414500
2001.58333330	0.03403086
2001.66663330	0.03391673
2001.75003330	0.05958659
2001.83333330	0.05947246
2001.91663330	0.05935832
2002.00003330	0.05924419
2002.08333330	0.05913005
2002.16663330	0.05901592
2002.25003330	0.05897362
2002.33333330	0.05885949
2002.41663330	0.05874535
2002.50003330	0.05863122
2002.58333330	0.05851708
2002.66663330	0.05840295
2002.75003330	0.06472849
2002.83333330	0.06461435
2002.91663330	0.06450022
2003.00003330	0.06438608
2003.08333330	0.06427195
2003.16663330	0.06415781
2003.25003330	0.06398637
2003.33333330	0.06387224
2003.41663330	0.06375810
2003.50003330	0.06364397
2003.58333330	0.06352984
2003.66663330	0.06341570
2003.75003330	-0.07974706
2003.83333330	-0.07963292
2003.91663330	-0.07951879
2004.00003330	-0.07940465
2004.08333330	-0.07929052
2004.16663330	-0.07917638
2004.25003330	-0.07901867
2004.33333330	-0.07890454
2004.41663330	-0.07879040
2004.50003330	-0.07867627
2004.58333330	-0.07856213
2004.66663330	-0.07844800
2004.75003330	0.09263009
2004.83333330	0.09251596
2004.91663330	0.09240182
2005.00003330	0.09228769
2005.08333330	0.09217355
2005.16663330	0.09205942
2005.25003330	0.09198300
2005.33333330	0.09186886
2005.41663330	0.09175473
2005.50003330	0.09164059
2005.58333330	0.09152646
2005.66663330	0.09141232
2005.75003330	0.02667369
2005.83333330	0.02655956
2005.91663330	0.02644542
2006.00003330	0.02633129
2006.08333330	0.02621715
2006.16663330	0.02610302
2006.25003330	0.02590542
2006.33333330	0.02579129
2006.41663330	0.02567715
2006.50003330	0.02556302
2006.58333330	0.02544888
2006.66663330	0.02533475
2006.75003330	0.09860571
2006.83333330	0.09849157
2006.91663330	0.09837744
2007.00003330	0.09826330
2007.08333330	0.09814917
2007.16663330	0.09803503
2007.25003330	0.09799956
2007.33333330	0.09788543
2007.41663330	0.09777129
2007.50003330	0.09765716
2007.58333330	0.09754302
2007.66663330	0.09742889
2007.75003330	0.01487400
2007.83333330	0.01475987
2007.91663330	0.01464573
2008.00003330	0.01453160
2008.08333330	0.01441746
2008.16663330	0.01430333
2008.25003330	0.01409004
2008.33333330	0.01397590
2008.41663330	0.01386177
2008.50003330	0.01374763
2008.58333330	0.01363350
2008.66663330	0.01351936
2008.75003330	-0.10882058
2008.83333330	-0.10870645
2008.91663330	-0.10859231
2009.00003330	-0.10847818
2009.08333330	-0.10836404
2009.16663330	-0.10824991
2009.25003330	-0.10801844
2009.33333330	-0.10790430
2009.41663330	-0.10779017
2009.50003330	-0.10767603
2009.58333330	-0.10756190
2009.66663330	-0.10744776
2009.75003330	0.08411631
2009.83333330	0.08400218
2009.91663330	0.08388804
2010.00003330	0.08377391
2010.08333330	0.08365977
2010.16663330	0.08354564
2010.25003330	0.08342530
2010.33333330	0.08331116
2010.41663330	0.08319703
2010.50003330	0.08308289
2010.58333330	0.08296876
2010.66663330	0.08285462
2010.75003330	-0.04546932
2010.83333330	-0.04535518
2010.91663330	-0.04524105
2011.00003330	-0.04512691
2011.08333330	-0.04501278
2011.16663330	-0.04489864
2011.25003330	-0.04485296
2011.33333330	-0.04473883
2011.41663330	-0.04462469
2011.50003330	-0.04451056
2011.58333330	-0.04439642
2011.66663330	-0.04428229
2011.75003330	0.09525157
2011.83333330	0.09513743
2011.91663330	0.09502330
2012.00003330	0.09490916
2012.08333330	0.09479503
2012.16663330	0.09468089
2012.25003330	0.09459553
2012.33333330	0.09448139
2012.41663330	0.09436726
2012.50003330	0.09425312
2012.58333330	0.09413899
2012.66663330	0.09402485
2012.75003330	-0.01357342
2012.83333330	-0.01345928
2012.91663330	-0.01334515
2013.00003330	-0.01323101
2013.08333330	-0.01311688
2013.16663330	-0.01300274
2013.25003330	-0.01295981
2013.33333330	-0.01284568
2013.41663330	-0.01273154
2013.50003330	-0.01261741
2013.58333330	-0.01250327
2013.66663330	-0.01238914
2013.75003330	0.03771715
2013.83333330	0.03760302
2013.91663330	0.03748888
2014.00003330	0.03737475
2014.08333330	0.03726061
2014.16663330	0.03714648
2014.25003330	0.03715903
2014.33333330	0.03704489
2014.41663330	0.03693076
2014.50003330	0.03681662
2014.58333330	0.03670249
2014.66663330	0.03658835
2014.75003330	0.06709132
2014.83333330	0.06697718
2014.91663330	0.06686305
2015.00003330	0.06674891
2015.08333330	0.06663478
2015.16663330	0.06652064
2015.25003330	0.06632505
2015.33333330	0.06621091
2015.41663330	0.06609678
2015.50003330	0.06598264
2015.58333330	0.06586851
2015.66663330	0.06575437
2015.75003330	-0.06230812
2015.83333330	-0.06219399
2015.91663330	-0.06207985
2016.00003330	-0.06196572
2016.08333330	-0.06185158
2016.16663330	-0.06173745
2016.25003330	-0.06157650
2016.33333330	-0.06146237
2016.41663330	-0.06134823
2016.50003330	-0.06123410
2016.58333330	-0.06111996
2016.66663330	-0.06100583
2016.75003330	0.02237200
2016.83333330	0.02225786
2016.91663330	0.02214373
2017.00003330	0.02202959
2017.08333330	0.02191546
2017.16663330	0.02180132
2017.25003330	0.02167485
2017.33333330	0.02156072
2017.41663330	0.02144659
2017.50003330	0.02133245
2017.58333330	0.02121832
2017.66663330	0.02110418
2017.75003330	-0.08508865
2017.83333330	-0.08497452
2017.91663330	-0.08486038
2018.00003330	-0.08474625
2018.08333330	-0.08463211
2018.16663330	-0.08451798
2018.25003330	-0.08440885
2018.33333330	-0.08429472
2018.41663330	-0.08418058
2018.50003330	-0.08406645
2018.58333330	-0.08395231
2018.66663330	-0.08383818
2018.75003330	0.08285788
2018.83333330	0.08274375
2018.91663330	0.08262961
2019.00003330	0.08251548
2019.08333330	0.08240135
2019.16663330	0.08228721
2019.25003330	0.08220379
2019.33333330	0.08208965
2019.41663330	0.08197552
2019.50003330	0.08186138
2019.58333330	0.08174725
2019.66663330	0.08163311
2019.75003330	0.01272238
2019.83333330	0.01260824
2019.91663330	0.01249411
2020.00003330	0.01237997
2020.08333330	0.01226584
2020.16663330	0.01215170
2020.25003330	0.01194791
2020.33333330	0.01183377
2020.41663330	0.01171964
2020.50003330	0.01160550
2020.58333330	0.01149137
2020.66663330	0.01137723
2020.75003330	0.01977563
2020.83333330	0.01966150
2020.91663330	0.01954736
2021.00003330	0.01943323
2021.08333330	0.01931909
2021.16663330	0.01920496
2021.25003330	0.01917724
2021.33333330	0.01906311
2021.41663330	0.01894897
2021.50003330	0.01883484
2021.58333330	0.01872071
2021.66663330	0.01860657
2021.75003330	0.04973018
2021.83333330	0.04961604
2021.91663330	0.04950191
2022.00003330	0.04938777
2022.08333330	0.04927364
2022.16663330	0.04915950
2022.25003330	0.04898818
2022.33333330	0.04887404
2022.41663330	0.04875991
2022.50003330	0.04864577
2022.58333330	0.04853164
2022.66663330	0.04841750
2022.75003330	-0.10419664
2022.83333330	-0.10408251
2022.91663330	-0.10396837
2023.00003330	-0.10385424
2023.08333330	-0.10374010
2023.16663330	-0.10362597
2023.25003330	-0.10350041
2023.33333330	-0.10338628
2023.41663330	-0.10327214
2023.50003330	-0.10315801
2023.58333330	-0.10304387
2023.66663330	-0.10292974
2023.75003330	0.09783089
2023.83333330	0.09771675
2023.91663330	0.09760262
2024.00003330	0.09748848
2024.08333330	0.09737435
2024.16663330	0.09726021
