offs    0.00000000000
bg      0.00014145030
impA    0.00000000000
impB    0.00000000000
impC    0.00000000000
delA    4.63322920124
delB    0.79873573316
asym   -0.01383246431
ann1    3.34626012622
ann2   -0.98294150118
sem1    1.37481322852
sem2   -0.88923623996
year   -0.00002792676
IR     -0.00000000000
ma     -0.00000000000
mp      0.00007733261
shfT   -0.00000000000
init    0.00015443111
   27.32166155400   0.00614561336  -1.54897205968
   27.21222081500  -0.03155988037  -0.79287762835
 1095.17502233364   0.00104444074  -0.42396045532
    9.08286783775   0.00594308913   1.57620685602
    6.81670784238  -0.00080872023   0.41975092049
   13.63341568476   0.00467845578  16.14786347385
   13.66083077700  -0.00244466307  26.40838245660
   13.60611040750  -0.00253483846  20.15604027398
   27.55454988600  -0.00456863850   2.79762450367
   13.77727494300  -0.00273161416   4.97609136015
 6793.47648813065   0.00070743406   0.18468836595
 1616.30271425126  -0.00127919143  -1.33510481052
   27.09267692660  -0.00156301935  -2.11208247162
    9.09502787633   0.00286073893   0.55784428664
   13.69115772864   0.00136156303  17.41252494853
 1305.66025845931  -0.00068534368   0.34379138805
   27.44323926226  -0.00116011488   0.89181182726
   27.66676714572  -0.00117476695   3.45513137465
 2190.35004466729   0.00185722133   1.71064390760
   26.98505934729   0.00215755213   5.30892117717
 6167.20701373239  -0.00022703491  11.82759877781
 -3232.60542850251   0.00038767907   1.45269605677
 -2120.90900683440  -0.00119696695  -0.05304235440
   27.33282433123  -0.00045135686  14.57896492375
   13.71880577217   0.00492080880   1.46814806750
    9.13295078376   0.00005188030   0.44136803605
    9.12068919638   0.00085290285   0.70869788103
    9.10846048884   0.00178489992   0.90867200798
 3396.73824406533   0.00157015593 -25.93307522095
 1656.31999626209   0.00070590702   8.17853400510
   27.10365333842  -0.00156399103   0.55383611368
ltep   23.88269293571
ltep    9.20342023183
ltep   18.68216048000
ltep  100.00000000000
ltep   10.00000000000
ltep  200.00000000000
ltep  600.00000000000
ltep   70.00000000000
ltep  150.00000000000
ltep  400.00000000000
ltep    0.50000000000
harm  18
harm  26
harm  0
