offs    0.00000000000
bg      0.00014145030
impA    0.00000000000
impB    0.00000000000
impC    0.00000000000
delA    4.55525606348
delB    0.79873002819
asym   -0.01316356406
ann1    2.70992433292
ann2   -0.94300775977
sem1    1.47742097882
sem2    0.81482346659
year   -0.00002792676
IR     -0.00000000000
ma     -0.00000000000
mp     -0.00007632943
shfT   -0.00000000000
init   -0.00013927781
   27.32166155400   0.00602954302  -1.56442694708
   27.21222081500   0.02967969608  -0.80971892578
 1095.17502233364   0.00090483082  -0.42718225817
    9.08286783775   0.00585474811   1.54171421264
    6.81670784238  -0.00076715889   0.42340902333
   13.63341568476   0.00482373436  16.33283099089
   13.66083077700  -0.00244402842  26.53486355344
   13.60611040750  -0.00258567231  20.35549342862
   27.55454988600  -0.00443509173   2.86408235833
   13.77727494300  -0.00253741646   5.03289148428
 6793.47648813065   0.00073461812   0.18783692403
 1616.30271425126  -0.00124705582  -1.36287712833
   27.09267692660  -0.00165594176   2.09838250961
    9.09502787633   0.00286716387   0.58713865038
   13.69115772864   0.00139535478  17.41521396433
 1305.66025845931  -0.00064974032   0.37347890273
   27.44323926226  -0.00121354339   0.92942775379
   27.66676714572  -0.00125667958   3.21431628217
 2190.35004466729   0.00193787318   1.69537375272
   26.98505934729   0.00226821711   5.75997834593
 6167.20701373239   0.00022178434 -12.42165651031
 -3232.60542850251   0.00038262291   1.45247701820
 -2120.90900683440  -0.00123042053  -0.05939965970
   27.33282433123  -0.00050006780  15.42116292874
   13.71880577217   0.00436771625   1.60004128110
    9.13295078376   0.00004982078  -0.46923323974
    9.12068919638   0.00083341266   0.68387864197
    9.10846048884   0.00187357690   0.93149750362
 3396.73824406533   0.00159365182 -26.17674301259
 1656.31999626209   0.00067187873   8.34692314204
   27.10365333842  -0.00162195779   0.52740878934
ltep  -20.72825128010
ltep    9.43890861729
ltep   18.68216048000
ltep  100.00000000000
ltep   10.00000000000
ltep  200.00000000000
ltep  600.00000000000
ltep   70.00000000000
ltep  150.00000000000
ltep  400.00000000000
ltep    0.50000000000
harm  21
harm  24
harm  0
