offs    0.00000000000
bg      0.00014145452
impA    0.00000000000
impB    0.00000000000
impC    0.00000000000
delA    4.55894220291
delB    0.72718786582
asym    0.00001857248
ann1    0.31403654710
ann2   -1.94044725417
sem1    0.01196005396
sem2    1.18862952019
year   -0.00002792655
IR     -0.00000000000
ma     -0.00000000000
mp      0.00011755058
shfT   -0.00000000000
init   -0.00679213581
   27.32166155400   0.00618120119  -1.33987300323
   27.21222081500   0.03088562830  -0.74715520840
 1095.17502233364   0.00049452801  -0.25049896545
    9.08286783775   0.00442454004   1.44331230471
    6.81670784238   0.00097534507   0.31653352110
   13.63341568476   0.00518253925   9.81446666122
   13.66083077700  -0.00271632097  14.71589595590
   13.60611040750  -0.00177525940  20.83049596296
   27.55454988600  -0.00436615177   3.02160657232
   13.77727494300  -0.00237026776  84.62280321595
 6793.47648813065   0.00071234657 -24.01457344329
 1616.30271425126  -0.00052783426   0.32727210732
   27.09267692660  -0.00189456094   1.63075933568
    9.09502787633   0.00254934275   0.60072287207
   13.69115772864   0.00010356772  -1.79514886397
 1305.66025845931   0.00034378330   1.80438478715
   27.44323926226  -0.00013610635   0.04884918292
   27.66676714572  -0.00102528616   2.80104571424
 2190.35004466729   0.00134166957   2.01225033512
   26.98505934729   0.00103022800   6.02437536876
 6167.20701373239  -0.00013095795  -3.82292386767
 -3232.60542850251   0.00086019673   0.22639452156
 -2120.90900683440  -0.00219855039  -0.30856173829
   27.33282433123  -0.00022764176  10.23778525774
   13.71880577217   0.00310277795 -16.80780461462
    9.13295078376   0.00007691538   8.04982864452
    9.12068919638   0.00070864021   0.77086197511
    9.10846048884   0.00138364716   1.00726770536
 3396.73824406533   0.00124975275 -39.20106885787
ltep   23.98437396878
ltep    2.60262448784
ltep    3.95167793949
ltep   12.28983519434
ltep   11.20987058299
ltep   -2.09107104701
ltep    3.18081070896
ltep    3.58245503554
ltep  -61.72163523927
ltep  -17.10853873324
ltep    9.89513841622
harm  20
harm  50
harm  48
harm  25
harm  42
harm  38
harm  2217
harm  8734
harm  8775
harm  9280
harm  50
harm  80
harm  219
harm  186
harm  261
harm  133
harm  55
harm  683
harm  490
harm  1196
harm  119
harm  173
harm  284
harm  23
harm  74
harm  58
harm  139
harm  0
