offs    0.00000000000
bg      0.00014145452
impA    0.00000000000
impB    0.00000000000
impC    0.00000000000
delA    4.56646275353
delB    0.72718786582
asym   -0.00019671969
ann1    0.03597084084
ann2   -1.38869606753
sem1   -0.03090421911
sem2    0.31219168988
year   -0.00002792655
IR     -0.00000000000
ma     -0.00000000000
mp      0.00011784919
shfT   -0.00000000000
init   -0.00618467093
   27.32166155400   0.00616314005  -1.34532444696
   27.21222081500   0.03110396169  -0.74880878355
 1095.17502233364   0.00035308036  -0.10364336530
    9.08286783775   0.00415267360   1.41783253667
    6.81670784238   0.00124414178   0.43024362686
   13.63341568476   0.00512278430   9.81163526378
   13.66083077700  -0.00281200645  14.69532592763
   13.60611040750  -0.00177243761  20.84094659367
   27.55454988600  -0.00447020549   3.04351615357
   13.77727494300  -0.00264483299  78.53585348340
 6793.47648813065   0.00074456899 -24.01308321582
 1616.30271425126  -0.00055340200   0.13816767508
   27.09267692660  -0.00225111334   1.71573092637
    9.09502787633   0.00254115264   0.60242706349
   13.69115772864   0.00003668235  -1.18185366147
 1305.66025845931   0.00024834675   1.07490327579
   27.44323926226  -0.00003649896   0.43170426027
   27.66676714572  -0.00090754327   2.71945097142
 2190.35004466729   0.00137007973   2.04818704835
   26.98505934729   0.00115626650   6.32052612010
 6167.20701373239  -0.00013316684  -3.52830597451
 -3232.60542850251   0.00089848565   0.30632102916
 -2120.90900683440  -0.00215667402  -0.33022504048
   27.33282433123  -0.00026917737   8.78823862230
   13.71880577217   0.00317455589 -16.71087538075
    9.13295078376   0.00008290642   8.22948167940
    9.12068919638   0.00073737855   0.75717320110
    9.10846048884   0.00132187209   1.02204124550
 3396.73824406533   0.00126306612 -39.33576871452
ltep   27.62799312771
ltep    2.60497382102
ltep    3.91413290270
ltep   12.28983519434
ltep   11.21165301861
ltep   -2.09107104701
ltep    3.18081070896
ltep    3.58245503554
ltep  -61.72163523927
ltep  -17.10853873324
ltep    9.89513841622
harm  45
harm  50
harm  48
harm  18
harm  42
harm  19
harm  2217
harm  8734
harm  8775
harm  9280
harm  50
harm  80
harm  219
harm  186
harm  261
harm  133
harm  55
harm  683
harm  490
harm  1196
harm  119
harm  173
harm  284
harm  23
harm  74
harm  58
harm  139
harm  0
