offs    0.00000000000
bg      0.00014145452
impA    0.00000000000
impB    0.00000000000
impC    0.00000000000
delA    4.56579255029
delB    0.79253785742
asym    0.01553541061
ann1    0.01021370959
ann2    0.91650817321
sem1   -0.01033319696
sem2    0.00056776948
year   -0.00002792655
IR     -0.00000000000
ma     -0.00000000000
mp      0.00004444374
shfT   -0.00000000000
init   -0.01029558187
   27.32166155400   0.00628481947  -1.33751156334
   27.21222081500   0.03125028281  -0.77282613999
 1095.17502233364   0.00052334192  -0.07607391020
    9.08286783775   0.00436780855   1.45755851818
    6.81670784238   0.00138768280   0.52630493436
   13.63341568476   0.00504755757   9.83461061324
   13.66083077700  -0.00249514253  14.72397137470
   13.60611040750  -0.00185797187  20.79375297641
   27.55454988600  -0.00471390551   3.01944904350
   13.77727494300  -0.00254544423  78.70426052286
 6793.47648813065   0.00075777022 -25.35584969537
 1616.30271425126  -0.00046462735   0.53785643887
   27.09267692660  -0.00186460591   1.93600053998
    9.09502787633   0.00269371302   0.64329662614
   13.69115772864   0.00034695421  -1.96942387534
 1305.66025845931   0.00037256986   1.33888449295
   27.44323926226  -0.00023168971   1.24738725667
   27.66676714572  -0.00095806895   3.02328311095
 2190.35004466729   0.00147558962   1.99138704340
   26.98505934729   0.00117013792   5.66961797722
 6167.20701373239  -0.00010563465   0.82139302410
 -3232.60542850251   0.00092728851   0.35181139583
 -2120.90900683440  -0.00211632494  -0.26367758999
   27.33282433123  -0.00035748733   9.39790074090
   13.71880577217   0.00312411760 -16.72946020683
    9.13295078376   0.00007527054  13.99743800357
    9.12068919638   0.00078691256   0.74601229143
    9.10846048884   0.00130628630   1.01876237730
 3396.73824406533   0.00131185137 -26.75848728575
ltep   23.89918355874
ltep    2.63909428774
ltep    4.51395441576
ltep   12.28983519434
ltep   11.21165301861
ltep   -2.09107104701
ltep    3.18081070896
ltep    3.58245503554
ltep  -61.72163523927
ltep  -17.10839039164
ltep    9.89513841622
harm  45
harm  49
harm  48
harm  2
harm  42
harm  75
harm  2217
harm  8734
harm  8775
harm  9280
harm  50
harm  80
harm  219
harm  186
harm  261
harm  133
harm  55
harm  683
harm  490
harm  1196
harm  119
harm  173
harm  284
harm  23
harm  74
harm  58
harm  139
harm  0
