offs    0.00000000000
bg      0.00015219675
impA    0.00000000000
impB    0.00000000000
impC    0.00000000000
delA    4.53326400756
delB    0.79873573316
asym    0.07382208560
ann1    0.01747017794
ann2   -0.91127882659
sem1   -0.03516254889
sem2   -1.62123947576
year   -0.00002791904
IR     -0.00000000000
ma     -0.00000000000
mp     -0.00011381941
shfT   -0.00000000000
init   -0.00277631908
   27.32166155400   0.00675073648  -1.41603072741
   27.21222081500   0.03101988405  -0.72660061994
 1095.17502233364   0.00016406843  -0.60051233919
    9.08286783775   0.00512488637   1.40244067077
    6.81670784238   0.00141914678  -0.03299616761
   13.63341568476   0.00463829664   9.93891805759
   13.66083077700  -0.00332687864  20.77775460562
   13.60611040750  -0.00213610798  20.93051809776
   27.55454988600  -0.00510500259   3.17652357645
   13.77727494300  -0.00330072164  23.28892353474
 6793.47648813065   0.00068238557  -0.08651407343
 1616.30271425126  -0.00101062739  -1.16378536108
   27.09267692660  -0.00245129473   2.09729935004
    9.09502787633   0.00235590782   0.85712405142
   13.69115772864   0.00103038417   4.13313581780
 1305.66025845931  -0.00039911211  -0.42017951428
   27.44323926226  -0.00161355059   1.30220369497
   27.66676714572  -0.00099252927   2.74308344208
 2190.35004466729   0.00165939931   2.12814115014
   26.98505934729   0.00213795676   5.51365831466
 6167.20701373239  -0.00023476520 -11.67343294781
 -3232.60542850251   0.00046131097   0.47658680259
 -2120.90900683440  -0.00201965363  -0.18070305452
   27.33282433123  -0.00055025023  54.76989758004
   13.71880577217   0.00340492054   1.84204682905
    9.13295078376   0.00006224867   0.93301690281
    9.12068919638   0.00077389028   0.54493033487
    9.10846048884   0.00180288768   0.78994958927
 3396.73824406533   0.00106194096 -32.50256217412
 1656.31999626209   0.00022022196   5.43172897244
   27.10365333842  -0.00027418091   2.77275265390
ltep   94.30654240012
ltep   23.67389348174
ltep   18.68216048000
ltep  100.00000000000
ltep   10.00000000000
ltep  200.00000000000
ltep  600.00000000000
ltep   70.00000000000
ltep  150.00000000000
ltep  400.00000000000
ltep    0.50000000000
harm  40
harm  19
harm  21
harm  18
harm  3
harm  0
