offs    0.00000000000
bg      0.00014145452
impA    0.00000000000
impB    0.00000000000
impC    0.00000000000
delA    4.56101479086
delB    0.79253785742
asym    0.00296937833
ann1    0.00705037447
ann2    1.01171551457
sem1   -0.00662095826
sem2    0.75873063868
year   -0.00002792655
IR     -0.00000000000
ma     -0.00000000000
mp     -0.00008746674
shfT   -0.00000000000
init   -0.00751577492
   27.32166155400   0.00598696771  -1.35298848023
   27.21222081500   0.03144749614  -0.77035954868
 1095.17502233364   0.00024342339  -0.49771635425
    9.08286783775   0.00438128068   1.44554673811
    6.81670784238   0.00124444915   0.37944601909
   13.63341568476   0.00512124184   9.84683498434
   13.66083077700  -0.00250971631  14.73982131451
   13.60611040750  -0.00183986962  20.73587918008
   27.55454988600  -0.00467864045   3.04376424603
   13.77727494300  -0.00243338045  78.74629325855
 6793.47648813065   0.00076108175 -25.36510443254
 1616.30271425126  -0.00049602064   0.56843878136
   27.09267692660  -0.00186241344   2.03157842402
    9.09502787633   0.00249119614   0.62967540264
   13.69115772864   0.00030041662  -2.86561784123
 1305.66025845931   0.00049491106   0.86320743682
   27.44323926226  -0.00008291426   1.06265646700
   27.66676714572  -0.00110171176   2.88968445099
 2190.35004466729   0.00146023143   2.08456305386
   26.98505934729   0.00124755007   5.66657735547
 6167.20701373239  -0.00007982119  -4.89386224922
 -3232.60542850251   0.00090058799   0.42012704754
 -2120.90900683440  -0.00202193098  -0.23704387590
   27.33282433123  -0.00028068103   9.95605933349
   13.71880577217   0.00322090156 -16.74109813437
    9.13295078376   0.00008132910   7.78070882185
    9.12068919638   0.00077235525   0.74176820092
    9.10846048884   0.00142430102   1.00857488617
 3396.73824406533   0.00130234374 -39.35705776077
ltep  -21.18665296010
ltep    2.62996529681
ltep    3.91402317089
ltep   12.28983519434
ltep   11.21165301861
ltep   -2.09107104701
ltep    3.18081070896
ltep    3.58245503554
ltep  -61.72163523927
ltep  -17.10853873324
ltep    9.89513841622
harm  45
harm  49
harm  3
harm  18
harm  280
harm  150
harm  2217
harm  8734
harm  8775
harm  9280
harm  50
harm  80
harm  219
harm  186
harm  261
harm  133
harm  55
harm  683
harm  490
harm  1196
harm  119
harm  173
harm  284
harm  23
harm  74
harm  58
harm  139
harm  0
