offs    0.00000000000
bg      0.00014145452
impA    0.00000000000
impB    0.00000000000
impC    0.00000000000
delA    4.56465974302
delB    0.72718786582
asym   -0.00019932242
ann1    0.08279262645
ann2   -2.17451831526
sem1   -0.04644066917
sem2    0.40308041281
year   -0.00002792655
IR     -0.00000000000
ma     -0.00000000000
mp      0.00011276667
shfT   -0.00000000000
init   -0.00642888063
   27.32166155400   0.00595771406  -1.41471548009
   27.21222081500   0.03088697972  -0.73806248314
 1095.17502233364   0.00031107923  -0.13692284194
    9.08286783775   0.00418337429   1.44355848409
    6.81670784238   0.00116824364   0.39068119793
   13.63341568476   0.00523984879   9.77656215738
   13.66083077700  -0.00228001019  14.74190531735
   13.60611040750  -0.00169571926  20.84388740801
   27.55454988600  -0.00439492255   3.01732877332
   13.77727494300  -0.00230715410  78.45764974837
 6793.47648813065   0.00072139285 -23.94941394260
 1616.30271425126  -0.00051923401   0.52504760365
   27.09267692660  -0.00203495613   1.74016035819
    9.09502787633   0.00250939493   0.63779549002
   13.69115772864   0.00010530370  -2.06308936986
 1305.66025845931   0.00029755440   1.09235205079
   27.44323926226  -0.00005890962   0.58023431680
   27.66676714572  -0.00100681594   2.77390388927
 2190.35004466729   0.00136981847   1.88845944257
   26.98505934729   0.00095333831   6.48960718059
 6167.20701373239  -0.00012201468  -3.72355351759
 -3232.60542850251   0.00085025275   0.25175213683
 -2120.90900683440  -0.00214812202  -0.30498406845
   27.33282433123  -0.00017441594   9.18826509267
   13.71880577217   0.00303741356 -16.81701155974
    9.13295078376   0.00007731212   8.03459738153
    9.12068919638   0.00075278142   0.76138584145
    9.10846048884   0.00138292060   1.01918437866
 3396.73824406533   0.00108033643 -39.15476418299
ltep   23.61860313842
ltep    2.60456859165
ltep    3.91413290270
ltep   12.28983519434
ltep   11.21165301861
ltep   -2.09107104701
ltep    3.18081070896
ltep    3.58245503554
ltep  -61.72163523927
ltep  -17.10853873324
ltep    9.89513841622
harm  45
harm  50
harm  48
harm  18
harm  42
harm  19
harm  2217
harm  8734
harm  8775
harm  9280
harm  50
harm  80
harm  219
harm  186
harm  261
harm  133
harm  55
harm  683
harm  490
harm  1196
harm  119
harm  173
harm  284
harm  23
harm  74
harm  58
harm  139
harm  0
