offs    0.00000000000
bg      0.00014145030
impA    0.00000000000
impB    0.00000000000
impC    0.00000000000
delA    4.56001575060
delB    0.79873573316
asym   -0.01383819119
ann1    3.42518412268
ann2   -1.05293099473
sem1    1.34239078781
sem2   -0.72064421112
year   -0.00002792676
IR     -0.00000000000
ma     -0.00000000000
mp     -0.00007427470
shfT   -0.00000000000
init   -0.00013978747
   27.32166155400   0.00616958236  -1.58622810506
   27.21222081500   0.02982241884  -0.80945917449
 1095.17502233364   0.00095742754  -0.39427142368
    9.08286783775   0.00595667495   1.51047579324
    6.81670784238  -0.00085048008   0.33848925004
   13.63341568476   0.00461992424  16.30555436541
   13.66083077700  -0.00241363289  26.61532995359
   13.60611040750  -0.00254154417  20.44343258979
   27.55454988600  -0.00460886281   2.87400600330
   13.77727494300  -0.00253992439   4.87022922415
 6793.47648813065   0.00069961653   0.18934783195
 1616.30271425126  -0.00127345108  -1.32525690781
   27.09267692660  -0.00163942073   2.08862959078
    9.09502787633   0.00294076445   0.57759344349
   13.69115772864   0.00138628750  17.30035441352
 1305.66025845931  -0.00073595246   0.35909804442
   27.44323926226  -0.00125282040   0.87512391049
   27.66676714572  -0.00118269755   3.18079323765
 2190.35004466729   0.00191455595   1.73497155410
   26.98505934729   0.00231639695   5.92237562977
 6167.20701373239  -0.00020097253 -12.34695898668
 -3232.60542850251   0.00038919163   1.43287159040
 -2120.90900683440  -0.00121046946  -0.06016851043
   27.33282433123  -0.00056700487  15.41793707761
   13.71880577217   0.00407866475   1.59843523953
    9.13295078376   0.00005097785  -0.49794776818
    9.12068919638   0.00082251996   0.67495302023
    9.10846048884   0.00181341118   0.93622118800
 3396.73824406533   0.00163466665 -26.16153085435
 1656.31999626209   0.00062817545   8.17750237747
   27.10365333842  -0.00150517905   0.56793411217
ltep   23.22354256871
ltep    9.47254519919
ltep   18.68216048000
ltep  100.00000000000
ltep   10.00000000000
ltep  200.00000000000
ltep  600.00000000000
ltep   70.00000000000
ltep  150.00000000000
ltep  400.00000000000
ltep    0.50000000000
harm  11
harm  27
harm  0
