offs    0.00000000000
bg      0.00014145030
impA    0.00000000000
impB    0.00000000000
impC    0.00000000000
delA    4.56059538123
delB    0.79873573316
asym   -0.01340749148
ann1    3.25148091051
ann2   -1.12661321149
sem1    1.56936135478
sem2    0.72091193578
year   -0.00002792676
IR     -0.00000000000
ma     -0.00000000000
mp     -0.00007568508
shfT   -0.00000000000
init   -0.00012654888
   27.32166155400   0.00596029149  -1.57808973995
   27.21222081500   0.02979281578  -0.81178320658
 1095.17502233364   0.00095295701  -0.44794000702
    9.08286783775   0.00586485720   1.53716284475
    6.81670784238  -0.00087138993   0.39471909387
   13.63341568476   0.00472696919  16.33478239063
   13.66083077700  -0.00235515576  26.61247008387
   13.60611040750  -0.00263312701  20.37163692824
   27.55454988600  -0.00460981349   2.84750851164
   13.77727494300  -0.00252184136   5.01721343217
 6793.47648813065   0.00073987656   0.19175225229
 1616.30271425126  -0.00125023386  -1.39107366638
   27.09267692660  -0.00162200086   2.03506544112
    9.09502787633   0.00285669898   0.55301372800
   13.69115772864   0.00142419833  17.31213276829
 1305.66025845931  -0.00059654141   0.34308719746
   27.44323926226  -0.00117899198   0.95093223861
   27.66676714572  -0.00122191388   3.27489173030
 2190.35004466729   0.00187202118   1.70547559669
   26.98505934729   0.00227431022   5.81631020026
 6167.20701373239  -0.00022507843 -12.39476962267
 -3232.60542850251   0.00038110573   1.34689516255
 -2120.90900683440  -0.00120189286  -0.05708656088
   27.33282433123  -0.00050067810  15.40406526678
   13.71880577217   0.00439955682   1.60793864079
    9.13295078376   0.00005083827  -0.45054622520
    9.12068919638   0.00081669426   0.70768157518
    9.10846048884   0.00186023247   0.94273942122
 3396.73824406533   0.00166484089 -26.15677540837
 1656.31999626209   0.00063884817   8.25385290980
   27.10365333842  -0.00158066301   0.50098730375
ltep   23.19516530885
ltep    9.45999731654
ltep   18.68216048000
ltep  100.00000000000
ltep   10.00000000000
ltep  200.00000000000
ltep  600.00000000000
ltep   70.00000000000
ltep  150.00000000000
ltep  400.00000000000
ltep    0.50000000000
harm  6
harm  24
harm  0
