offs    0.00000000000
bg      0.00014145030
impA    0.00000000000
impB    0.00000000000
impC    0.00000000000
delA    4.55928565039
delB    0.79873573316
asym   -0.01162034491
ann1    2.88259934256
ann2   -0.79823041415
sem1    1.89265665194
sem2    0.63061817839
year   -0.00002792676
IR     -0.00000000000
ma     -0.00000000000
mp     -0.00007965739
shfT   -0.00000000000
init   -0.00011854093
   27.32166155400   0.00600075602  -1.57348563636
   27.21222081500   0.02985101744  -0.81610908436
 1095.17502233364   0.00103616254  -0.40438459303
    9.08286783775   0.00576765126   1.51819057039
    6.81670784238  -0.00079277766   0.45015666205
   13.63341568476   0.00467078407 -16.34745443120
   13.66083077700  -0.00240722676  26.51236829664
   13.60611040750  -0.00256875860  20.36931965917
   27.55454988600  -0.00434083050   2.85425019116
   13.77727494300  -0.00257716304   5.03665582999
 6793.47648813065   0.00076621863   0.19114130118
 1616.30271425126  -0.00117114169  -1.39745101718
   27.09267692660  -0.00167022643   2.04114874814
    9.09502787633   0.00289965886   0.54458399116
   13.69115772864   0.00145184327  17.41080380398
 1305.66025845931  -0.00073350952   0.38801292232
   27.44323926226  -0.00118811797   0.88812900439
   27.66676714572  -0.00115018730   3.20532321356
 2190.35004466729   0.00182448036   1.71421220907
   26.98505934729   0.00219497139   5.87071422127
 6167.20701373239  -0.00022498151 -12.61620973804
 -3232.60542850251   0.00038899644   1.53188334022
 -2120.90900683440  -0.00119485876  -0.05008697579
   27.33282433123  -0.00046995191  15.09851717950
   13.71880577217   0.00446378525   1.57681915178
    9.13295078376   0.00005192390  -0.47954483196
    9.12068919638   0.00081747357   0.68137667139
    9.10846048884   0.00184807800   0.92661659403
 3396.73824406533   0.00163713102 -26.14813017037
 1656.31999626209   0.00067428599   8.08725648771
   27.10365333842  -0.00160895007   0.52232676757
ltep  -24.89891578171
ltep    9.46311004746
ltep   18.68216048000
ltep  100.00000000000
ltep   10.00000000000
ltep  200.00000000000
ltep  600.00000000000
ltep   70.00000000000
ltep  150.00000000000
ltep  400.00000000000
ltep    0.50000000000
harm  6
harm  24
harm  0
