offs    0.00000000000
bg      5.25552268171
impA    0.00000000000
impB    0.00000000000
impC    0.00000000000
delA   -0.14872910278
delB    0.01092742059
asym    0.08734727368
ann1    0.09225104854
ann2   -0.63901379089
sem1   -0.03156408876
sem2    1.35448085879
year   -0.00005303733
IR     -0.00000000000
ma     -0.00000000000
mp     -0.00064965072
shfT   -0.00000000000
init   -0.44106175825
   27.32166155400   0.08794411779  -1.21672021543
   27.21222081500   2.09934579534   8.23813755375
 1095.17502233364  -0.05500621868   1.97400117679
    9.08286783775  -0.03235816635   3.87889783956
    6.81670784238   0.08001004298  -1.06295131826
   13.63341568476  -0.32301794659  -6.76708936084
   13.66083077700   0.03558094216  -0.96139049720
   13.60611040750  -0.00000000000  -0.00000003861
   27.55454988600   0.05338372180  81.99078986201
   13.77727494300  -0.13174718641   0.20767604220
 6793.47648813065  -0.11373448919  -3.84073862932
 1616.30271425126   0.13616066140  -2.61302898714
   27.09267692660   0.01343939431  -2.01107292309
    9.09502787633  -0.19271452442   2.37452002366
   13.69115772864   0.03546818148   6.84429002576
 1305.66025845931  -0.03961606067   1.26696487205
   27.44323926226   0.00000000000  -0.00000000000
   27.66676714572  -0.00000000000  -0.00000904679
 2190.35004466729   0.20276360418   0.17798711636
   26.98505934729  -0.05808081935   2.64996939736
 6167.20701373239  -0.07040631633   0.00000000000
 -3232.60542850251   0.14707955708  -0.42850868657
 -2120.90900683440   0.08665051665 -10.59247329030
   27.33282433123   0.00000000000   0.01414020240
   13.71880577217   0.23170065690   3.61537520570
    9.13295078376   0.08707741290   0.14483715108
    9.12068919638   0.19575479328   7.78106285599
    9.10846048884   0.46376858374-129.08590638322
 3396.73824406533  -0.19544246123  -0.78429660623
ltep   -8.45060353156
ltep   -2.83320184903
ltep    7.12753220136
ltep   -3.26983824345
ltep   -0.72923093962
ltep    2.65602975107
ltep    0.09616730948
ltep    1.50013974516
ltep  205.36437283354
ltep   -7.87051198857
ltep    3.66640965769
harm  37
harm  78
harm  13
harm  76
harm  79
harm  46
harm  38
harm  10
harm  49
harm  73
harm  16
harm  80
harm  219
harm  186
harm  261
harm  133
harm  55
harm  683
harm  490
harm  1196
harm  119
harm  173
harm  284
harm  23
harm  74
harm  58
harm  139
harm  0
