offs    0.00000000000
bg      0.00014145452
impA    0.00000000000
impB    0.00000000000
impC    0.00000000000
delA    4.56184326481
delB    0.72718786582
asym   -0.00277979885
ann1    4.86845925303
ann2   -1.56708135366
sem1   -2.64747744814
sem2    2.85914643549
year   -0.00002792655
IR     -0.00000000000
ma     -0.00000000000
mp      0.00011721736
shfT   -0.00000000000
init   -0.01035771891
   27.32166155400   0.00601380161  -1.36742046228
   27.21222081500   0.03091740407  -0.74519669312
 1095.17502233364   0.00057241908   0.29677805927
    9.08286783775   0.00428588574   1.47398416343
    6.81670784238   0.00081499624   0.33442688671
   13.63341568476   0.00505746117   9.79341548857
   13.66083077700  -0.00269738585  21.03874652747
   13.60611040750  -0.00180641237  20.84117967004
   27.55454988600  -0.00456534872   3.02733376681
   13.77727494300  -0.00265751224  78.45854736954
 6793.47648813065   0.00072475807 -49.15721106888
 1616.30271425126  -0.00068950744   0.56168547081
   27.09267692660  -0.00213934882   1.74571686264
    9.09502787633   0.00247060492   0.59603770382
   13.69115772864   0.00015622409   0.39174670296
 1305.66025845931   0.00037049441   1.58543738002
   27.44323926226  -0.00021234687   0.17961115504
   27.66676714572  -0.00090036620   2.84845298030
 2190.35004466729   0.00124134967   2.07883887923
   26.98505934729   0.00122874632   6.48788827792
 6167.20701373239  -0.00013197760  -3.58994404846
 -3232.60542850251   0.00086904404   0.28144381300
 -2120.90900683440  -0.00200955516  -0.37038013949
   27.33282433123  -0.00017256025  -3.96680634216
   13.71880577217   0.00305135673 -16.83946086932
    9.13295078376   0.00008526483   8.03006249371
    9.12068919638   0.00075421978   0.75634061999
    9.10846048884   0.00141372179   0.99486084605
 3396.73824406533   0.00122463154 -39.20328995201
ltep   24.02908067726
ltep    2.60904267657
ltep    3.91413290270
ltep   12.28983519434
ltep   11.21165301861
ltep   -4.57495519687
ltep    3.18081070896
ltep    3.58245503554
ltep  -61.72163523927
ltep  -17.10853873324
ltep    9.89513841622
harm  45
harm  50
harm  48
harm  18
harm  60
harm  24
harm  2217
harm  8734
harm  8775
harm  9280
harm  50
harm  80
harm  219
harm  186
harm  261
harm  133
harm  55
harm  683
harm  490
harm  1196
harm  119
harm  173
harm  284
harm  23
harm  74
harm  58
harm  139
harm  0
