1894.5000  -22.7330
1894.5833  -15.2617
1894.6667  -8.8737
1894.7500  -6.8190
1894.8333  -0.4310
1894.9167  5.7903
1895.0000  8.8450
1895.0833  3.5663
1895.1667  -11.6290
1895.2500  -8.7410
1895.3333  -1.3530
1895.4167  -0.7150
1895.5000  -1.8269
1895.5833  -9.7723
1895.6667  -20.1343
1895.7500  -28.2463
1895.8333  -27.1082
1895.9167  -29.7202
1896.0000  -34.3322
1896.0833  -28.2776
1896.1667  -19.8895
1896.2500  -22.8349
1896.3333  -26.1135
1896.4167  -24.3089
1896.5000  -26.5875
1896.5833  -25.1162
1896.6667  -19.4782
1896.7500  -12.5902
1896.8333  -11.9521
1896.9167  -8.4808
1897.0000  -4.4261
1897.0833  -5.2048
1897.1667  -2.9001
1897.2500  -0.1788
1897.3333  1.7092
1897.4167  5.3472
1897.5000  13.0686
1897.5833  20.1233
1897.6667  22.9279
1897.7500  23.5659
1897.8333  22.6206
1897.9167  29.4253
1898.0000  33.5633
1898.0833  32.8680
1898.1667  31.8393
1898.2500  31.4773
1898.3333  39.4487
1898.4167  40.6700
1898.5000  37.4747
1898.5833  31.2794
1898.6667  28.1674
1898.7500  31.5554
1898.8333  29.6101
1898.9167  22.2481
1899.0000  23.7194
1899.0833  29.7741
1899.1667  34.8288
1899.2500  35.5501
1899.3333  29.2714
1899.4167  22.1594
1899.5000  26.3808
1899.5833  31.7688
1899.6667  29.8235
1899.7500  26.2115
1899.8333  29.3495
1899.9167  32.1542
1900.0000  21.5422
1900.0833  18.0135
1900.1667  16.8182
1900.2500  13.2895
1900.3333  11.4275
1900.4167  14.3989
1900.5000  6.3702
1900.5833  3.4249
1900.6667  8.3129
1900.7500  7.3676
1900.8333  5.2556
1900.9167  -1.3564
1901.0000  0.7816
1901.0833  -3.4137
1901.1667  -0.5257
1901.2500  -0.4710
1901.3333  -2.3330
1901.4167  -4.5284
1901.5000  -8.3904
1901.5833  -12.6690
1901.6667  -23.1143
1901.7500  -23.5597
1901.8333  -27.7550
1901.9167  -23.7836
1902.0000  -24.8956
1902.0833  -30.0910
1902.1667  -45.7863
1902.2500  -44.7316
1902.3333  -48.3436
1902.4167  -54.7056
1902.5000  -49.7343
1902.5833  -51.1796
1902.6667  -51.4582
1902.7500  -56.9869
1902.8333  -59.5156
1902.9167  -66.9609
1903.0000  -69.0729
1903.0833  -62.5182
1903.1667  -55.9635
1903.2500  -57.1588
1903.3333  -51.4375
1903.4167  -46.4662
1903.5000  -44.4115
1903.5833  -44.4401
1903.6667  -39.3855
1903.7500  -34.4141
1903.8333  -31.4428
1903.9167  -29.7214
1904.0000  -21.7501
1904.0833  -20.4454
1904.1667  -16.1408
1904.2500  -10.5861
1904.3333  -10.7814
1904.4167  -9.6434
1904.5000  -12.1721
1904.5833  -2.1174
1904.6667  -1.3127
1904.7500  -6.9247
1904.8333  -5.3700
1904.9167  -3.3153
1905.0000  -7.1773
1905.0833  -11.2893
1905.1667  -11.6513
1905.2500  -9.0133
1905.3333  -3.7086
1905.4167  -1.7373
1905.5000  2.4007
1905.5833  -2.2946
1905.6667  7.1767
1905.7500  18.3981
1905.8333  23.0361
1905.9167  24.7574
1906.0000  22.8954
1906.0833  23.3668
1906.1667  13.7548
1906.2500  6.6428
1906.3333  0.1975
1906.4167  -4.2479
1906.5000  -13.7765
1906.5833  -16.3885
1906.6667  -24.5005
1906.7500  -32.1125
1906.8333  -43.1412
1906.9167  -48.1698
1907.0000  -49.8651
1907.0833  -50.3938
1907.1667  -43.7558
1907.2500  -50.3678
1907.3333  -49.5631
1907.4167  -45.9251
1907.5000  -45.1204
1907.5833  -44.2324
1907.6667  -40.7611
1907.7500  -38.4564
1907.8333  -42.3184
1907.9167  -40.0137
1908.0000  -34.9590
1908.0833  -24.4877
1908.1667  -25.9330
1908.2500  -20.2950
1908.3333  -27.8237
1908.4167  -31.4357
1908.5000  -34.5477
1908.5833  -38.9096
1908.6667  -43.3550
1908.7500  -35.9670
1908.8333  -34.8290
1908.9167  -34.1076
1909.0000  -38.5529
1909.0833  -50.7483
1909.1667  -51.5269
1909.2500  -50.3889
1909.3333  -48.3342
1909.4167  -45.1129
1909.5000  -44.6416
1909.5833  -34.0036
1909.6667  -34.1989
1909.7500  -40.9775
1909.8333  -35.4229
1909.9167  -34.1182
1910.0000  -29.5635
1910.0833  -25.3422
1910.1667  -16.7875
1910.2500  -22.3995
1910.3333  -24.0115
1910.4167  -25.6235
1910.5000  -21.6521
1910.5833  -32.3475
1910.6667  -38.0428
1910.7500  -35.8214
1910.8333  -30.3501
1910.9167  -35.7954
1911.0000  -37.4907
1911.0833  -36.1027
1911.1667  -43.8814
1911.2500  -29.7434
1911.3333  -17.2720
1911.4167  -13.5507
1911.5000  -10.4127
1911.5833  -5.6914
1911.6667  5.7800
1911.7500  4.9180
1911.8333  4.0560
1911.9167  9.4440
1912.0000  10.8320
1912.0833  7.7200
1912.1667  8.6080
1912.2500  2.2460
1912.3333  -7.4493
1912.4167  -10.2279
1912.5000  -4.2566
1912.5833  -2.4519
1912.6667  -2.3139
1912.7500  -3.9259
1912.8333  -6.7046
1912.9167  -7.3166
1913.0000  -2.2619
1913.0833  2.2095
1913.1667  6.5141
1913.2500  3.8188
1913.3333  5.3735
1913.4167  2.0115
1913.5000  -7.4338
1913.5833  -10.3792
1913.6667  -15.9911
1913.7500  -8.1865
1913.8333  -2.6318
1913.9167  -0.1605
1914.0000  -2.1891
1914.0833  2.6156
1914.1667  6.2536
1914.2500  15.6416
1914.3333  23.6129
1914.4167  31.6676
1914.5000  37.8889
1914.5833  44.2769
1914.6667  51.2483
1914.7500  48.6363
1914.8333  48.8576
1914.9167  49.4123
1915.0000  52.8003
1915.0833  46.4383
1915.1667  42.5763
1915.2500  34.2977
1915.3333  30.1024
1915.4167  29.4904
1915.5000  27.4617
1915.5833  24.7664
1915.6667  20.2377
1915.7500  18.8757
1915.8333  18.5971
1915.9167  21.1517
1916.0000  20.7064
1916.0833  27.0944
1916.1667  26.5658
1916.2500  27.2871
1916.3333  22.6751
1916.4167  20.3965
1916.5000  25.7845
1916.5833  28.2558
1916.6667  25.8105
1916.7500  15.8652
1916.8333  9.0032
1916.9167  0.8078
1917.0000  -8.3875
1917.0833  -17.3328
1917.1667  -16.7781
1917.2500  -14.8901
1917.3333  -14.0854
1917.4167  -15.9474
1917.5000  -24.5594
1917.5833  -36.2548
1917.6667  -41.1167
1917.7500  -39.8121
1917.8333  -40.5907
1917.9167  -40.4527
1918.0000  -41.2314
1918.0833  -37.6767
1918.1667  -40.3720
1918.2500  -39.5674
1918.3333  -34.7627
1918.4167  -28.6247
1918.5000  -24.4033
1918.5833  -13.0153
1918.6667  -2.6273
1918.7500  10.3440
1918.8333  22.4820
1918.9167  27.7034
1919.0000  36.6747
1919.0833  34.5627
1919.1667  30.7007
1919.2500  23.4221
1919.3333  23.3101
1919.4167  19.1981
1919.5000  15.0861
1919.5833  10.2241
1919.6667  1.4454
1919.7500  -15.7499
1919.8333  -30.7785
1919.9167  -36.9739
1920.0000  -47.0025
1920.0833  -46.7812
1920.1667  -48.8932
1920.2500  -49.9218
1920.3333  -54.9505
1920.4167  -56.7291
1920.5000  -54.2578
1920.5833  -55.7865
1920.6667  -53.6485
1920.7500  -43.5938
1920.8333  -35.8724
1920.9167  -33.4844
1921.0000  -35.5964
1921.0833  -36.3751
1921.1667  -34.2371
1921.2500  -29.0157
1921.3333  -27.0444
1921.4167  -34.7397
1921.5000  -43.9350
1921.5833  -49.0470
1921.6667  -48.9090
1921.7500  -51.4377
1921.8333  -48.5497
1921.9167  -45.2450
1922.0000  -33.1903
1922.0833  -29.3023
1922.1667  -25.4976
1922.2500  -22.1096
1922.3333  -20.6383
1922.4167  -7.7503
1922.5000  -0.3623
1922.5833  1.4424
1922.6667  2.4137
1922.7500  1.5518
1922.8333  3.5231
1922.9167  7.6611
1923.0000  7.4658
1923.0833  7.1038
1923.1667  7.8251
1923.2500  5.3798
1923.3333  10.3511
1923.4167  16.3225
1923.5000  18.2105
1923.5833  22.5152
1923.6667  27.5698
1923.7500  30.2912
1923.8333  27.6792
1923.9167  20.3172
1924.0000  17.2885
1924.0833  16.5932
1924.1667  17.0646
1924.2500  10.1192
1924.3333  5.2572
1924.4167  -2.1881
1924.5000  0.7833
1924.5833  7.0879
1924.6667  5.8926
1924.7500  8.2806
1924.8333  4.4186
1924.9167  22.3066
1925.0000  26.3613
1925.0833  23.9160
1925.1667  26.6373
1925.2500  37.0253
1925.3333  37.4967
1925.4167  12.8014
1925.5000  12.0227
1925.5833  2.7440
1925.6667  -1.6180
1925.7500  -1.5633
1925.8333  -0.1753
1925.9167  -16.4539
1926.0000  -26.4826
1926.0833  -25.2612
1926.1667  -22.2899
1926.2500  -17.1519
1926.3333  -21.0139
1926.4167  -6.4592
1926.5000  -3.2379
1926.5833  0.9001
1926.6667  -1.6285
1926.7500  1.3428
1926.8333  4.1475
1926.9167  -2.2978
1927.0000  0.5068
1927.0833  0.3115
1927.1667  -8.4671
1927.2500  -18.1625
1927.3333  -41.6078
1927.4167  -30.7198
1927.5000  -33.9151
1927.5833  -38.3604
1927.6667  -34.6391
1927.7500  -53.1678
1927.8333  -69.3631
1927.9167  -72.5584
1928.0000  -67.2537
1928.0833  -68.1991
1928.1667  -66.7277
1928.2500  -73.6730
1928.3333  -49.9517
1928.4167  -50.7304
1928.5000  -47.2590
1928.5833  -36.3710
1928.6667  -35.5663
1928.7500  -19.3450
1928.8333  -3.7070
1928.9167  4.2644
1929.0000  5.8190
1929.0833  5.7070
1929.1667  13.3451
1929.2500  18.8164
1929.3333  19.0377
1929.4167  19.3424
1929.5000  15.9804
1929.5833  9.3683
1929.6667  15.1357
1929.7500  17.6319
1929.8333  20.7743
1929.9167  23.0789
1930.0000  21.0796
1930.0833  26.0597
1930.1667  14.6026
1930.2500  12.5243
1930.3333  18.7422
1930.4167  20.6557
1930.5000  23.8819
1930.5833  29.6892
1930.6667  29.6101
1930.7500  32.1690
1930.8333  30.6721
1930.9167  31.0187
1931.0000  22.1067
1931.0833  9.7499
1931.1667  5.6704
1931.2500  2.5791
1931.3333  -2.5376
1931.4167  -4.0384
1931.5000  -5.7757
1931.5833  -9.7399
1931.6667  -6.1903
1931.7500  -10.1129
1931.8333  -10.8133
1931.9167  -9.6248
1932.0000  -0.1029
1932.0833  5.6828
1932.1667  6.4269
1932.2500  6.1710
1932.3333  7.4845
1932.4167  8.5480
1932.5000  8.3754
1932.5833  11.0778
1932.6667  6.5302
1932.7500  7.5104
1932.8333  6.4211
1932.9167  6.5819
1933.0000  2.2287
1933.0833  -1.0550
1933.1667  4.9252
1933.2500  13.1554
1933.3333  10.4272
1933.4167  8.1852
1933.5000  14.1515
1933.5833  16.0622
1933.6667  19.7785
1933.7500  20.8837
1933.8333  18.2944
1933.9167  12.7607
1934.0000  9.0048
1934.0833  9.9155
1934.1667  0.0068
1934.2500  -4.6796
1934.3333  -5.7689
1934.4167  -6.6082
1934.5000  -14.8919
1934.5833  -13.9672
1934.6667  -15.4454
1934.7500  -13.8124
1934.8333  -10.0267
1934.9167  -1.9771
1935.0000  2.0448
1935.0833  6.8722
1935.1667  13.6024
1935.2500  16.7492
1935.3333  19.8544
1935.4167  15.4179
1935.5000  14.1759
1935.5833  14.3922
1935.6667  14.9696
1935.7500  9.7553
1935.8333  9.8744
1935.9167  4.1879
1936.0000  3.2653
1936.0833  -1.3517
1936.1667  -5.6354
1936.2500  -6.2525
1936.3333  0.5888
1936.4167  9.3607
1936.5000  14.7297
1936.5833  12.5433
1936.6667  6.5234
1936.7500  9.7675
1936.8333  11.1505
1936.9167  19.9084
1937.0000  22.4025
1937.0833  27.6882
1937.1667  31.1129
1937.2500  29.3708
1937.3333  23.3094
1937.4167  20.1229
1937.5000  20.0197
1937.5833  19.8610
1937.6667  22.5773
1937.7500  20.5714
1937.8333  23.1766
1937.9167  20.2123
1938.0000  20.8314
1938.0833  14.0477
1938.1667  13.4167
1938.2500  18.8136
1938.3333  21.7660
1938.4167  20.7878
1938.5000  19.1153
1938.5833  20.4843
1938.6667  19.8534
1938.7500  20.6808
1938.8333  15.6193
1938.9167  12.5439
1939.0000  11.9547
1939.0833  14.2960
1939.1667  14.1789
1939.2500  9.8258
1939.3333  7.0421
1939.4167  7.4667
1939.5000  7.5580
1939.5833  10.1076
1939.6667  9.9628
1939.7500  10.3458
1939.8333  10.9926
1939.9167  6.3617
1940.0000  -0.0470
1940.0833  2.1415
1940.1667  2.1495
1940.2500  -1.1759
1940.3333  -4.8902
1940.4167  -6.3405
1940.5000  -3.3742
1940.5833  -2.1832
1940.6667  -0.8091
1940.7500  3.7060
1940.8333  6.6855
1940.9167  11.7295
1941.0000  11.5678
1941.0833  12.2176
1941.1667  16.8284
1941.2500  19.4933
1941.3333  18.3240
1941.4167  16.9032
1941.5000  13.3427
1941.5833  12.8378
1941.6667  18.0933
1941.7500  12.5884
1941.8333  8.5106
1941.9167  8.7453
1942.0000  14.4903
1942.0833  18.1313
1942.1667  17.8347
1942.2500  18.0902
1942.3333  22.8770
1942.4167  26.0492
1942.5000  27.7943
1942.5833  22.4560
1942.6667  18.1699
1942.7500  22.3941
1942.8333  24.0663
1942.9167  23.1343
1943.0000  18.2127
1943.0833  6.1557
1943.1667  -1.9325
1943.2500  -4.2082
1943.3333  -6.1611
1943.4167  -10.6555
1943.5000  -9.8375
1943.5833  -8.5079
1943.6667  -3.3484
1943.7500  -0.3797
1943.8333  0.2557
1943.9167  -4.0010
1944.0000  -7.7148
1944.0833  -5.8047
1944.1667  -2.3252
1944.2500  2.5192
1944.3333  2.5580
1944.4167  7.1399
1944.5000  7.2275
1944.5833  11.8026
1944.6667  9.9516
1944.7500  1.0174
1944.8333  -0.7132
1944.9167  4.0378
1945.0000  5.9832
1945.0833  0.9008
1945.1667  -6.4128
1945.2500  -17.2235
1945.3333  -20.7469
1945.4167  -21.2060
1945.5000  -22.0618
1945.5833  -29.1251
1945.6667  -30.9540
1945.7500  -27.7245
1945.8333  -27.3275
1945.9167  -19.0734
1946.0000  -10.2216
1946.0833  2.1677
1946.1667  13.5408
1946.2500  29.2830
1946.3333  35.8081
1946.4167  34.7811
1946.5000  36.0809
1946.5833  35.6889
1946.6667  35.3333
1946.7500  33.2353
1946.8333  31.9327
1946.9167  19.7638
1947.0000  9.3584
1947.0833  -0.0475
1947.1667  -9.0857
1947.2500  -15.1070
1947.3333  -14.3930
1947.4167  -13.1541
1947.5000  -15.7911
1947.5833  -10.9195
1947.6667  -8.1600
1947.7500  -8.6685
1947.8333  -8.7424
1947.9167  -10.8767
1948.0000  -4.7218
1948.0833  3.5320
1948.1667  8.8107
1948.2500  9.4238
1948.3333  8.5377
1948.4167  6.1804
1948.5000  7.5122
1948.5833  12.7020
1948.6667  17.1549
1948.7500  22.5638
1948.8333  30.4868
1948.9167  37.7826
1949.0000  34.1997
1949.0833  27.7065
1949.1667  27.1721
1949.2500  21.9213
1949.3333  21.0166
1949.4167  25.3805
1949.5000  28.3600
1949.5833  24.6337
1949.6667  15.2124
1949.7500  12.4999
1949.8333  9.0981
1949.9167  11.9122
1950.0000  17.5191
1950.0833  20.8234
1950.1667  23.2060
1950.2500  28.0019
1950.3333  25.9163
1950.4167  25.3790
1950.5000  21.9361
1950.5833  15.6989
1950.6667  16.8923
1950.7500  15.1766
1950.8333  11.5832
1950.9167  8.3210
1951.0000  8.7682
1951.0833  8.2038
1951.1667  4.9495
1951.2500  10.2452
1951.3333  14.7950
1951.4167  10.6285
1951.5000  8.2948
1951.5833  10.2770
1951.6667  11.2818
1951.7500  14.4868
1951.8333  18.2812
1951.9167  14.1145
1952.0000  10.8866
1952.0833  13.1684
1952.1667  19.4557
1952.2500  18.9046
1952.3333  18.8243
1952.4167  25.3667
1952.5000  28.2018
1952.5833  33.4088
1952.6667  31.3217
1952.7500  29.1867
1952.8333  25.9847
1952.9167  29.5562
1953.0000  32.5818
1953.0833  30.1640
1953.1667  29.1836
1953.2500  27.5440
1953.3333  27.3722
1953.4167  24.5737
1953.5000  22.9932
1953.5833  23.8414
1953.6667  24.6144
1953.7500  22.8484
1953.8333  22.5121
1953.9167  18.4907
1954.0000  14.7539
1954.0833  12.3069
1954.1667  4.9016
1954.2500  -3.7964
1954.3333  -2.4445
1954.4167  -4.0595
1954.5000  -2.4640
1954.5833  -5.0363
1954.6667  -0.2166
1954.7500  2.1699
1954.8333  2.5134
1954.9167  7.1307
1955.0000  7.8103
1955.0833  12.0210
1955.1667  15.5500
1955.2500  15.2651
1955.3333  4.9881
1955.4167  1.1557
1955.5000  1.2026
1955.5833  0.6641
1955.6667  -3.7104
1955.7500  -7.5432
1955.8333  -6.6746
1955.9167  -8.8442
1956.0000  -6.8849
1956.0833  -6.8716
1956.1667  -7.7792
1956.2500  -6.4884
1956.3333  -1.8598
1956.4167  4.5050
1956.5000  4.5506
1956.5833  2.8800
1956.6667  3.8432
1956.7500  11.7972
1956.8333  11.0310
1956.9167  13.4496
1957.0000  14.0224
1957.0833  15.3741
1957.1667  15.4142
1957.2500  18.5595
1957.3333  20.3221
1957.4167  15.6325
1957.5000  15.2891
1957.5833  10.9093
1957.6667  8.7390
1957.7500  6.4672
1957.8333  4.5944
1957.9167  4.4000
1958.0000  6.6472
1958.0833  5.7660
1958.1667  4.2240
1958.2500  6.5200
1958.3333  3.1886
1958.4167  5.0249
1958.5000  2.1037
1958.5833  3.8192
1958.6667  -0.4933
1958.7500  -5.7877
1958.8333  -1.5444
1958.9167  -2.6784
1959.0000  -2.4426
1959.0833  2.4238
1959.1667  6.1591
1959.2500  5.8024
1959.3333  14.4302
1959.4167  16.0638
1959.5000  20.3151
1959.5833  25.0261
1959.6667  32.1509
1959.7500  36.9982
1959.8333  36.2132
1959.9167  37.7650
1960.0000  36.3393
1960.0833  29.5316
1960.1667  31.3443
1960.2500  31.1824
1960.3333  23.5170
1960.4167  20.3826
1960.5000  14.8348
1960.5833  10.6080
1960.6667  10.6131
1960.7500  8.1934
1960.8333  6.4803
1960.9167  1.7595
1961.0000  0.5614
1961.0833  2.6654
1961.1667  2.9315
1961.2500  2.1234
1961.3333  3.7068
1961.4167  2.9820
1961.5000  6.1461
1961.5833  10.2760
1961.6667  6.9212
1961.7500  4.7753
1961.8333  3.2589
1961.9167  3.9222
1962.0000  2.9340
1962.0833  5.2777
1962.1667  -0.2987
1962.2500  -5.1789
1962.3333  -2.5718
1962.4167  -1.9767
1962.5000  -3.7695
1962.5833  -2.1587
1962.6667  -5.6625
1962.7500  -8.6046
1962.8333  -15.3023
1962.9167  -18.5771
1963.0000  -22.1170
1963.0833  -29.3019
1963.1667  -28.5990
1963.2500  -26.8896
1963.3333  -34.7022
1963.4167  -34.5994
1963.5000  -33.8649
1963.5833  -38.1087
1963.6667  -35.9137
1963.7500  -32.1515
1963.8333  -27.3073
1963.9167  -20.1601
1964.0000  -17.1387
1964.0833  -16.2208
1964.1667  -14.2830
1964.2500  -9.4615
1964.3333  -6.0317
1964.4167  -5.2336
1964.5000  -5.4276
1964.5833  -4.5735
1964.6667  -3.3743
1964.7500  -1.0985
1964.8333  -0.3510
1964.9167  -3.5636
1965.0000  -0.3352
1965.0833  3.4825
1965.1667  -1.0586
1965.2500  -5.8911
1965.3333  -7.5673
1965.4167  -4.7313
1965.5000  -5.8567
1965.5833  -9.5107
1965.6667  -9.2113
1965.7500  -4.6887
1965.8333  1.9225
1965.9167  -0.7481
1966.0000  -8.2258
1966.0833  -14.8236
1966.1667  -6.2776
1966.2500  -1.2674
1966.3333  2.9407
1966.4167  -5.5827
1966.5000  -5.5199
1966.5833  -5.3625
1966.6667  -7.9867
1966.7500  -16.1235
1966.8333  -22.2588
1966.9167  -18.7901
1967.0000  -11.8705
1967.0833  -2.8176
1967.1667  -6.2919
1967.2500  -3.4531
1967.3333  -1.6499
1967.4167  1.5475
1967.5000  1.1286
1967.5833  6.0271
1967.6667  7.3377
1967.7500  6.4248
1967.8333  2.4440
1967.9167  -3.1883
1968.0000  -15.1829
1968.0833  -21.2820
1968.1667  -18.2095
1968.2500  -23.2422
1968.3333  -27.2077
1968.4167  -27.2782
1968.5000  -24.4764
1968.5833  -25.4384
1968.6667  -25.8395
1968.7500  -20.3088
1968.8333  -10.8669
1968.9167  5.4123
1969.0000  18.3219
1969.0833  21.7607
1969.1667  17.6510
1969.2500  13.0014
1969.3333  12.0535
1969.4167  13.7642
1969.5000  11.1142
1969.5833  11.9378
1969.6667  16.4558
1969.7500  13.9293
1969.8333  6.6696
1969.9167  -5.6879
1970.0000  -11.3129
1970.0833  -14.3601
1970.1667  -16.3613
1970.2500  -11.8474
1970.3333  -7.3384
1970.4167  -2.9695
1970.5000  -0.6454
1970.5833  0.1001
1970.6667  -1.6411
1970.7500  -2.1452
1970.8333  -0.6995
1970.9167  0.0733
1971.0000  1.6606
1971.0833  5.1438
1971.1667  11.8640
1971.2500  20.1129
1971.3333  21.9382
1971.4167  14.5735
1971.5000  7.7515
1971.5833  5.9208
1971.6667  10.8472
1971.7500  15.0096
1971.8333  16.9775
1971.9167  20.7836
1972.0000  23.3806
1972.0833  29.9979
1972.1667  33.0160
1972.2500  30.0311
1972.3333  28.9257
1972.4167  35.3690
1972.5000  42.9735
1972.5833  41.1538
1972.6667  38.0840
1972.7500  37.7751
1972.8333  46.1373
1972.9167  46.0098
1973.0000  45.8090
1973.0833  39.7308
1973.1667  34.2251
1973.2500  28.6406
1973.3333  25.8937
1973.4167  27.1337
1973.5000  24.9492
1973.5833  29.4572
1973.6667  31.0195
1973.7500  28.4939
1973.8333  24.7076
1973.9167  23.6549
1974.0000  26.5023
1974.0833  27.7997
1974.1667  29.4547
1974.2500  30.4259
1974.3333  32.0556
1974.4167  25.1867
1974.5000  24.4177
1974.5833  22.5782
1974.6667  22.2091
1974.7500  23.6896
1974.8333  20.3975
1974.9167  19.6736
1975.0000  17.1969
1975.0833  14.8621
1975.1667  18.1982
1975.2500  24.4082
1975.3333  25.5619
1975.4167  29.8270
1975.5000  31.3553
1975.5833  29.7849
1975.6667  29.6526
1975.7500  28.9439
1975.8333  33.0696
1975.9167  35.6677
1976.0000  35.9518
1976.0833  36.4948
1976.1667  25.9495
1976.2500  22.6046
1976.3333  22.5518
1976.4167  19.5839
1976.5000  17.8127
1976.5833  14.5922
1976.6667  10.4718
1976.7500  7.1816
1976.8333  2.2132
1976.9167  -3.9780
1977.0000  -4.4602
1977.0833  -3.5220
1977.1667  3.8587
1977.2500  3.9836
1977.3333  3.8956
1977.4167  4.1451
1977.5000  8.2046
1977.5833  12.6345
1977.6667  14.4014
1977.7500  19.9814
1977.8333  24.2634
1977.9167  27.1226
1978.0000  22.0519
1978.0833  21.9507
1978.1667  20.3604
1978.2500  16.8102
1978.3333  14.2419
1978.4167  12.7874
1978.5000  7.0346
1978.5833  -0.3267
1978.6667  -1.0207
1978.7500  -1.8965
1978.8333  -5.1786
1978.9167  -2.9639
1979.0000  1.6783
1979.0833  3.6155
1979.1667  -0.2671
1979.2500  -0.3816
1979.3333  4.4892
1979.4167  3.3619
1979.5000  4.1054
1979.5833  11.5855
1979.6667  4.1018
1979.7500  -1.5606
1979.8333  -7.1084
1979.9167  -10.4263
1980.0000  -17.0589
1980.0833  -22.7093
1980.1667  -22.7770
1980.2500  -23.7837
1980.3333  -27.9073
1980.4167  -25.7449
1980.5000  -18.8052
1980.5833  -21.9937
1980.6667  -14.4872
1980.7500  -12.6019
1980.8333  -5.4989
1980.9167  -7.4846
1981.0000  -2.1172
1981.0833  -2.5012
1981.1667  2.2946
1981.2500  6.8173
1981.3333  9.6950
1981.4167  12.6205
1981.5000  4.4256
1981.5833  1.4323
1981.6667  -4.4550
1981.7500  -7.4078
1981.8333  -9.0470
1981.9167  -3.8111
1982.0000  -5.9948
1982.0833  -8.8420
1982.1667  -14.2811
1982.2500  -20.0160
1982.3333  -22.7071
1982.4167  -30.4416
1982.5000  -32.8429
1982.5833  -34.6981
1982.6667  -31.6342
1982.7500  -27.6414
1982.8333  -29.3766
1982.9167  -32.0627
1983.0000  -28.0307
1983.0833  -21.0869
1983.1667  -19.5745
1983.2500  -19.7140
1983.3333  -24.3830
1983.4167  -21.9073
1983.5000  -18.4951
1983.5833  -16.6690
1983.6667  -19.1149
1983.7500  -23.1466
1983.8333  -27.1734
1983.9167  -31.7864
1984.0000  -34.8942
1984.0833  -39.3153
1984.1667  -44.5165
1984.2500  -50.8037
1984.3333  -46.1236
1984.4167  -43.6559
1984.5000  -43.8373
1984.5833  -48.9292
1984.6667  -47.2591
1984.7500  -51.4517
1984.8333  -51.3309
1984.9167  -52.4732
1985.0000  -53.4488
1985.0833  -51.1405
1985.1667  -49.3166
1985.2500  -48.4640
1985.3333  -51.5071
1985.4167  -47.2093
1985.5000  -50.5677
1985.5833  -47.2620
1985.6667  -48.4199
1985.7500  -38.2341
1985.8333  -34.1446
1985.9167  -33.0863
1986.0000  -38.2650
1986.0833  -41.3213
1986.1667  -35.6928
1986.2500  -25.7104
1986.3333  -27.8896
1986.4167  -36.3262
1986.5000  -26.8226
1986.5833  -19.0891
1986.6667  -14.5922
1986.7500  -16.4914
1986.8333  -16.4490
1986.9167  -12.2291
1987.0000  -7.6391
1987.0833  -6.8424
1987.1667  -10.5087
1987.2500  -14.4276
1987.3333  -14.0007
1987.4167  -13.5533
1987.5000  -19.3759
1987.5833  -26.1565
1987.6667  -29.3354
1987.7500  -28.4817
1987.8333  -25.6623
1987.9167  -26.3437
1988.0000  -26.0977
1988.0833  -27.5826
1988.1667  -32.7738
1988.2500  -38.9230
1988.3333  -33.7932
1988.4167  -32.2616
1988.5000  -38.2312
1988.5833  -39.6786
1988.6667  -42.4052
1988.7500  -45.0677
1988.8333  -48.1766
1988.9167  -46.0143
1989.0000  -47.9229
1989.0833  -44.6745
1989.1667  -32.6918
1989.2500  -21.4538
1989.3333  -24.5933
1989.4167  -21.8192
1989.5000  -7.5137
1989.5833  -2.5010
1989.6667  -3.9376
1989.7500  -2.6936
1989.8333  3.4220
1989.9167  -1.1520
1990.0000  0.9037
1990.0833  0.8812
1990.1667  -2.6224
1990.2500  -8.4079
1990.3333  -9.6830
1990.4167  -12.0075
1990.5000  -25.9477
1990.5833  -26.3032
1990.6667  -20.6732
1990.7500  -20.5762
1990.8333  -27.3174
1990.9167  -27.9394
1991.0000  -30.0557
1991.0833  -31.4375
1991.1667  -28.3483
1991.2500  -28.1217
1991.3333  -21.2546
1991.4167  -19.8251
1991.5000  -12.7887
1991.5833  -10.7187
1991.6667  -9.8901
1991.7500  -8.5733
1991.8333  1.8386
1991.9167  8.8224
1992.0000  9.3864
1992.0833  9.2011
1992.1667  -0.2589
1992.2500  -0.5211
1992.3333  -0.5318
1992.4167  0.4018
1992.5000  -1.4007
1992.5833  -3.0813
1992.6667  -4.6877
1992.7500  -4.7069
1992.8333  -8.0140
1992.9167  -12.6766
1993.0000  -15.4654
1993.0833  -20.0595
1993.1667  -17.5111
1993.2500  -16.7669
1993.3333  -19.4167
1993.4167  -26.1715
1993.5000  -31.2637
1993.5833  -27.6249
1993.6667  -23.2889
1993.7500  -25.8715
1993.8333  -26.4667
1993.9167  -23.8773
1994.0000  -19.8758
1994.0833  -14.1730
1994.1667  -12.7547
1994.2500  -9.9449
1994.3333  -11.0525
1994.4167  -9.2819
1994.5000  -5.3847
1994.5833  -8.2820
1994.6667  -7.6075
1994.7500  -5.0923
1994.8333  -8.6059
1994.9167  -6.7071
1995.0000  -5.3476
1995.0833  -10.4122
1995.1667  -16.5350
1995.2500  -22.2263
1995.3333  -25.0826
1995.4167  -22.4503
1995.5000  -18.6869
1995.5833  -21.1455
1995.6667  -30.0728
1995.7500  -36.5867
1995.8333  -42.9957
1995.9167  -45.3369
1996.0000  -47.8631
1996.0833  -44.2158
1996.1667  -39.3045
1996.2500  -37.1271
1996.3333  -35.6410
1996.4167  -36.3164
1996.5000  -41.2633
1996.5833  -38.6172
1996.6667  -34.0111
1996.7500  -29.8586
1996.8333  -28.4980
1996.9167  -29.1969
1997.0000  -25.9078
1997.0833  -21.6782
1997.1667  -17.2968
1997.2500  -15.0850
1997.3333  -18.9923
1997.4167  -22.9889
1997.5000  -20.4156
1997.5833  -21.6856
1997.6667  -21.6372
1997.7500  -17.6142
1997.8333  -14.6997
1997.9167  -15.6428
1998.0000  -10.9539
1998.0833  -8.7944
1998.1667  -13.6464
1998.2500  -17.3955
1998.3333  -11.9623
1998.4167  -2.4054
1998.5000  -3.0034
1998.5833  -1.4096
1998.6667  -3.0723
1998.7500  -2.2036
1998.8333  0.8528
1998.9167  -0.8864
1999.0000  -5.8603
1999.0833  -8.8077
1999.1667  -1.4988
1999.2500  4.4162
1999.3333  11.2494
1999.4167  15.8029
1999.5000  18.2843
1999.5833  16.3519
1999.6667  23.0108
1999.7500  24.3528
1999.8333  21.3922
1999.9167  23.4865
2000.0000  21.6568
2000.0833  18.4520
2000.1667  10.0828
2000.2500  9.6623
2000.3333  -1.9212
2000.4167  -12.9260
2000.5000  -14.2516
2000.5833  -7.0815
2000.6667  -12.1703
2000.7500  -13.7889
2000.8333  -16.4700
2000.9167  -17.3595
2001.0000  -17.3084
2001.0833  -21.3645
2001.1667  -20.2539
2001.2500  -16.6272
2001.3333  -9.0940
2001.4167  -9.3644
2001.5000  -14.4889
2001.5833  -23.6283
2001.6667  -25.9195
2001.7500  -30.0573
2001.8333  -24.7354
2001.9167  -19.3837
2002.0000  -15.7077
2002.0833  -2.9483
2002.1667  3.2099
2002.2500  -0.2791
2002.3333  -0.0256
2002.4167  2.2308
2002.5000  7.1746
2002.5833  9.7941
2002.6667  14.2053
2002.7500  14.7096
2002.8333  10.1317
2002.9167  6.7602
2003.0000  7.3080
2003.0833  -1.7034
2003.1667  -4.7863
2003.2500  -5.0983
2003.3333  -3.2348
2003.4167  2.8906
2003.5000  5.6828
2003.5833  6.2338
2003.6667  2.2849
2003.7500  3.0982
2003.8333  9.5341
2003.9167  15.8441
2004.0000  15.4549
2004.0833  23.6068
2004.1667  30.9495
2004.2500  31.8577
2004.3333  28.6677
2004.4167  25.6771
2004.5000  28.1210
2004.5833  33.0619
2004.6667  38.0147
2004.7500  35.9507
2004.8333  30.9244
2004.9167  23.0676
2005.0000  17.0651
2005.0833  5.7503
2005.1667  -8.7264
2005.2500  -15.7944
2005.3333  -22.3862
2005.4167  -23.6596
2005.5000  -28.1799
2005.5833  -34.7182
2005.6667  -41.2505
2005.7500  -38.6171
2005.8333  -34.2416
2005.9167  -33.8691
2006.0000  -32.0592
2006.0833  -28.2164
2006.1667  -21.5186
2006.2500  -15.1878
2006.3333  -7.6903
2006.4167  -7.0827
2006.5000  -9.5793
2006.5833  -9.7276
2006.6667  -5.9742
2006.7500  -0.5481
2006.8333  -2.3602
2006.9167  3.4528
2007.0000  1.7449
2007.0833  2.0638
2007.1667  2.0315
2007.2500  -1.9443
2007.3333  -11.0093
2007.4167  -9.8600
2007.5000  -6.0322
2007.5833  -7.4663
2007.6667  -10.8305
2007.7500  -18.3592
2007.8333  -18.0757
2007.9167  -18.7469
2008.0000  -13.6398
2008.0833  -15.7153
2008.1667  -15.8792
2008.2500  -21.2445
2008.3333  -19.4531
2008.4167  -22.4634
2008.5000  -22.4829
2008.5833  -23.1116
2008.6667  -21.1941
2008.7500  -24.0958
2008.8333  -27.7881
2008.9167  -31.5237
2009.0000  -32.0393
2009.0833  -32.7567
2009.1667  -32.6782
2009.2500  -24.0792
2009.3333  -19.8231
2009.4167  -17.3464
2009.5000  -10.7420
2009.5833  -9.8586
2009.6667  -7.0075
2009.7500  -5.4230
2009.8333  -1.2886
2009.9167  1.0925
2010.0000  0.4369
2010.0833  6.3157
2010.1667  6.0835
2010.2500  7.7979
2010.3333  12.0206
2010.4167  18.3627
2010.5000  15.9357
2010.5833  17.1734
2010.6667  13.5045
2010.7500  13.9579
2010.8333  11.5423
2010.9167  10.9267
2011.0000  13.1677
2011.0833  13.0555
2011.1667  16.8123
2011.2500  20.4036
2011.3333  18.1303
2011.4167  14.0949
2011.5000  11.0061
2011.5833  14.9444
2011.6667  19.1365
2011.7500  28.0022
2011.8333  28.8532
2011.9167  32.6343
2012.0000  31.6020
2012.0833  32.1998
2012.1667  33.8651
2012.2500  32.9359
2012.3333  38.7614
2012.4167  42.5355
2012.5000  42.9345
2012.5833  40.7929
2012.6667  39.8532
2012.7500  37.7299
2012.8333  46.8886
2012.9167  47.5207
2013.0000  49.2034
2013.0833  47.3728
2013.1667  42.4071
2013.2500  34.0260
2013.3333  29.2762
2013.4167  19.1512
2013.5000  16.1899
2013.5833  12.2557
2013.6667  10.0959
2013.7500  6.8042
2013.8333  0.7312
2013.9167  -0.9078
2014.0000  -1.4634
2014.0833  -4.2934
2014.1667  -3.0087
2014.2500  2.3245
2014.3333  1.6508
2014.4167  4.6507
2014.5000  7.3798
2014.5833  13.0637
2014.6667  14.8901
2014.7500  11.8275
2014.8333  5.6607
2014.9167  2.1398
2015.0000  -1.9297
2015.0833  -0.7562
2015.1667  3.1013
2015.2500  2.6047
2015.3333  -0.9926
2015.4167  -1.7010
2015.5000  0.5871
2015.5833  2.5176
2015.6667  2.9029
2015.7500  6.5903
2015.8333  18.7812
2015.9167  22.4776
2016.0000  27.2253
2016.0833  26.8294
2016.1667  24.5932
2016.2500  27.1556
2016.3333  31.9993
2016.4167  37.7144
2016.5000  34.2980
2016.5833  33.5929
2016.6667  36.9783
2016.7500  39.6240
2016.8333  33.8566
2016.9167  23.7584
2017.0000  19.7536
2017.0833  24.6251
2017.1667  23.2292
2017.2500  17.1353
2017.3333  14.6070
2017.4167  4.6339
2017.5000  -2.7901
2017.5833  -8.8421
2017.6667  -17.0471
2017.7500  -26.8111
2017.8333  -32.4807
2017.9167  -24.2701
2018.0000  -24.9316
2018.0833  -28.5013
2018.1667  -28.9597
2018.2500  -26.0710
2018.3333  -29.1122
2018.4167  -27.7504
2018.5000  -17.4241
2018.5833  -11.5492
2018.6667  -6.3826
2018.7500  5.7319
2018.8333  10.1409
2018.9167  7.0262
2019.0000  10.6076
2019.0833  12.1737
2019.1667  9.1424
2019.2500  3.4237
2019.3333  9.4998
2019.4167  12.9477
2019.5000  7.7497
2019.5833  8.3190
2019.6667  11.1002
2019.7500  8.6001
2019.8333  9.2111
2019.9167  11.4715
2020.0000  14.5998
2020.0833  13.9713
2020.1667  15.0823
2020.2500  21.6725
2020.3333  24.3460
2020.4167  22.2244
2020.5000  25.9361
2020.5833  24.6340
2020.6667  27.3283
2020.7500  24.8039
2020.8333  23.1893
2020.9167  24.7482
2021.0000  22.9287
2021.0833  26.5189
2021.1667  33.0292
2021.2500  33.6159
2021.3333  28.9214
2021.4167  32.7442
2021.5000  30.4490
2021.5833  31.4732
2021.6667  29.5426
2021.7500  31.5286
2021.8333  28.1257
2021.9167  27.1708
2022.0000  26.5145
2022.0833  24.7507
2022.1667  22.2767
2022.2500  23.2437
2022.3333  20.0925
2022.4167  21.7437
2022.5000  18.6645
2022.5833  17.6482
2022.6667  15.3422
2022.7500  11.2140
2022.8333  15.6777
2022.9167  16.2847
2023.0000  18.9500
2023.0833  18.4668
2023.1667  20.6288
2023.2500  25.1829
2023.3333  29.7576
2023.4167  26.0353
2023.5000  20.3260
2023.5833  20.1315
2023.6667  20.3811
2023.7500  26.8269
2023.8333  26.2391
2023.9167  21.9936
2024.0000  19.6722
2024.0833  21.0739
2024.1667  18.0127
2024.2500  7.8761
2024.3333  4.5319
2024.4167  7.4494
2024.5000  17.4496
