offs    0.00000000000
bg      0.00014145030
impA    0.00000000000
impB    0.00000000000
impC    0.00000000000
delA    4.55982940026
delB    0.79873573316
asym   -0.01286881189
ann1    3.39939460952
ann2   -1.00527646573
sem1    1.70351612619
sem2   -0.72305210718
year   -0.00002792676
IR     -0.00000000000
ma     -0.00000000000
mp     -0.00007699992
shfT   -0.00000000000
init   -0.00014294822
   27.32166155400   0.00603841871  -1.57511587083
   27.21222081500   0.02985465151  -0.81030335646
 1095.17502233364   0.00103458532  -0.38240391626
    9.08286783775   0.00581717274   1.53644728364
    6.81670784238  -0.00087885031   0.45283619368
   13.63341568476   0.00473850403  16.34767660343
   13.66083077700  -0.00231641625  26.51755663607
   13.60611040750  -0.00257130309  20.35782272335
   27.55454988600  -0.00450284737   2.85738587909
   13.77727494300  -0.00260390660   5.05438710790
 6793.47648813065   0.00074138405   0.18782151781
 1616.30271425126  -0.00123281620  -1.40111368506
   27.09267692660  -0.00165991193   2.10346555630
    9.09502787633   0.00282081120   0.58446758044
   13.69115772864   0.00136025687  17.31039764800
 1305.66025845931  -0.00067024836   0.34529670890
   27.44323926226  -0.00116710270   0.92034927473
   27.66676714572  -0.00116377359   3.20404675330
 2190.35004466729   0.00187733437   1.70695843724
   26.98505934729   0.00227563664   5.80873361556
 6167.20701373239  -0.00021849824 -12.38228658653
 -3232.60542850251   0.00036136859   1.52790387117
 -2120.90900683440  -0.00115319000  -0.06171971383
   27.33282433123  -0.00049970412  15.37488475754
   13.71880577217   0.00443750326   1.60902422566
    9.13295078376   0.00004864886  -0.44005515899
    9.12068919638   0.00080787783   0.71465454986
    9.10846048884   0.00188529741   0.92427951153
 3396.73824406533   0.00168093692 -26.14361032394
 1656.31999626209   0.00068802644   8.17449403515
   27.10365333842  -0.00171181595   0.54147366940
ltep   23.26323769187
ltep    9.46565977657
ltep   18.68216048000
ltep  100.00000000000
ltep   10.00000000000
ltep  200.00000000000
ltep  600.00000000000
ltep   70.00000000000
ltep  150.00000000000
ltep  400.00000000000
ltep    0.50000000000
harm  8
harm  24
harm  0
