1893.5000  -27.5208
1893.5833  -21.4375
1893.6667  -12.6042
1893.7500  -13.1042
1893.8333  -6.7708
1893.9167  -5.1875
1894.0000  -12.0208
1894.0833  -12.2708
1894.1667  -16.3542
1894.2500  -14.0208
1894.3333  -15.2708
1894.4167  -24.9375
1894.5000  -15.3542
1894.5833  -26.0208
1894.6667  -35.8542
1894.7500  -44.2708
1894.8333  -51.6042
1894.9167  -57.4375
1895.0000  -52.3542
1895.0833  -48.0208
1895.1667  -49.0208
1895.2500  -50.0208
1895.3333  -53.3542
1895.4167  -44.6875
1895.5000  -39.3542
1895.5833  -29.9375
1895.6667  -23.8542
1895.7500  -27.8542
1895.8333  -31.1875
1895.9167  -26.1042
1896.0000  -27.6875
1896.0833  -32.0208
1896.1667  -29.9375
1896.2500  -27.6875
1896.3333  -17.0208
1896.4167  -14.5208
1896.5000  -14.7708
1896.5833  -23.4375
1896.6667  -9.7708
1896.7500  2.3958
1896.8333  -0.1042
1896.9167  -1.4375
1897.0000  -0.9720
1897.0833  -1.1732
1897.1667  -3.0828
1897.2500  2.2577
1897.3333  11.4315
1897.4167  9.8136
1897.5000  4.0290
1897.5833  5.5778
1897.6667  -1.3317
1897.7500  2.3838
1897.8333  8.7659
1897.9167  9.9813
1898.0000  5.7730
1898.0833  4.7313
1898.1667  1.8147
1898.2500  0.0647
1898.3333  -5.1437
1898.4167  0.9397
1898.5000  -6.1853
1898.5833  -3.2687
1898.6667  -6.4353
1898.7500  -12.3103
1898.8333  -12.9770
1898.9167  -8.0603
1899.0000  -7.6853
1899.0833  -6.5603
1899.1667  1.3147
1899.2500  1.8147
1899.3333  0.6897
1899.4167  4.5230
1899.5000  14.6897
1899.5833  8.6063
1899.6667  2.2313
1899.7500  -0.0187
1899.8333  -3.4353
1899.9167  -10.6437
1900.0000  -8.8520
1900.0833  -13.3348
1900.1667  -20.9842
1900.2500  -30.2308
1900.3333  -37.3664
1900.4167  -51.5436
1900.5000  -56.4569
1900.5833  -50.1897
1900.6667  -60.0058
1900.7500  -61.1969
1900.8333  -49.8463
1900.9167  -44.2318
1901.0000  -40.8952
1901.0833  -35.5063
1901.1667  -29.7563
1901.2500  -14.7563
1901.3333  -13.2563
1901.4167  -5.3952
1901.5000  -0.8396
1901.5833  -2.8396
1901.6667  12.6048
1901.7500  29.5493
1901.8333  23.3548
1901.9167  17.4104
1902.0000  14.2437
1902.0833  17.8242
1902.1667  19.5852
1902.2500  13.4434
1902.3333  19.6906
1902.4167  28.2016
1902.5000  32.3584
1902.5833  31.0986
1902.6667  28.0610
1902.7500  26.6692
1902.8333  35.5830
1902.9167  42.9204
1903.0000  56.8203
1903.0833  57.5078
1903.1667  57.9453
1903.2500  57.8620
1903.3333  58.4870
1903.4167  48.5703
1903.5000  32.3620
1903.5833  31.2995
1903.6667  29.0078
1903.7500  20.5078
1903.8333  7.1120
1903.9167  1.4036
1904.0000  -8.0547
1904.0833  -12.5339
1904.1667  -20.2422
1904.2500  -22.8255
1904.3333  -28.4714
1904.4167  -28.7214
1904.5000  -22.6172
1904.5833  -24.9883
1904.6667  -25.7552
1904.7500  -24.4804
1904.8333  -25.7473
1904.9167  -30.6392
1905.0000  -34.5520
1905.0833  -34.3605
1905.1667  -26.0233
1905.2500  -25.3318
1905.3333  -28.9738
1905.4167  -32.1573
1905.5000  -27.6951
1905.5833  -18.0076
1905.6667  -9.3617
1905.7500  -15.3201
1905.8333  -11.1951
1905.9167  -6.9242
1906.0000  -0.3409
1906.0833  6.0549
1906.1667  5.0549
1906.2500  5.2424
1906.3333  10.7424
1906.4167  9.9508
1906.5000  1.9508
1906.5833  -2.5909
1906.6667  -8.7367
1906.7500  -3.9659
1906.8333  -5.2159
1906.9167  -6.2992
1907.0000  -9.0492
1907.0833  -16.3201
1907.1667  -23.1951
1907.2500  -30.8409
1907.3333  -40.3201
1907.4167  -34.7367
1907.5000  -26.1742
1907.5833  -30.0492
1907.6667  -30.3826
1907.7500  -32.1951
1907.8333  -37.2992
1907.9167  -34.9034
1908.0000  -35.1326
1908.0833  -31.6326
1908.1667  -23.5076
1908.2500  -12.4867
1908.3333  -0.6951
1908.4167  -10.7367
1908.5000  -18.7367
1908.5833  -12.8201
1908.6667  -11.5076
1908.7500  -14.7159
1908.8333  -12.4242
1908.9167  -7.4451
1909.0000  -10.2367
1909.0833  -12.0909
1909.1667  -11.5076
1909.2500  -11.6534
1909.3333  -24.2159
1909.4167  -16.6534
1909.5000  -11.2576
1909.5833  -12.2159
1909.6667  -13.8409
1909.7500  -4.3201
1909.8333  3.8883
1909.9167  -5.0909
1910.0000  -4.0701
1910.0833  -3.5701
1910.1667  -8.2784
1910.2500  -8.6534
1910.3333  -4.1326
1910.4167  -5.2159
1910.5000  -6.7992
1910.5833  -11.6117
1910.6667  -3.8617
1910.7500  -11.6742
1910.8333  -13.6951
1910.9167  -11.5701
1911.0000  -9.6742
1911.0833  -14.4451
1911.1667  -15.0909
1911.2500  -16.6234
1911.3333  -11.5476
1911.4167  -13.3342
1911.5000  -11.1043
1911.5833  -11.3907
1911.6667  -17.3646
1911.7500  -15.8802
1911.8333  -21.5972
1911.9167  -21.5225
1912.0000  -25.7048
1912.0833  -21.8176
1912.1667  -23.9096
1912.2500  -23.3511
1912.3333  -28.1786
1912.4167  -26.2200
1912.5000  -32.4309
1912.5833  -27.9222
1912.6667  -25.4553
1912.7500  -30.2859
1912.8333  -26.9538
1912.9167  -27.2706
1913.0000  -26.5953
1913.0833  -28.5965
1913.1667  -24.5442
1913.2500  -28.7677
1913.3333  -26.2551
1913.4167  -25.8000
1913.5000  -20.0374
1913.5833  -13.2398
1913.6667  -14.6207
1913.7500  -12.4660
1913.8333  -13.1207
1913.9167  -11.3826
1914.0000  -12.3588
1914.0833  -7.2636
1914.1667  -8.9303
1914.2500  -7.2993
1914.3333  -9.2993
1914.4167  -11.4184
1914.5000  -4.7874
1914.5833  -4.7993
1914.6667  6.6769
1914.7500  13.7364
1914.8333  10.6888
1914.9167  9.3197
1915.0000  12.8793
1915.0833  13.6531
1915.1667  17.4983
1915.2500  17.1769
1915.3333  17.9150
1915.4167  21.8793
1915.5000  14.2721
1915.5833  7.5935
1915.6667  -1.4779
1915.7500  -6.0374
1915.8333  1.5221
1915.9167  2.7245
1916.0000  3.9269
1916.0833  1.0459
1916.1667  -0.8945
1916.2500  -0.7636
1916.3333  -0.7041
1916.4167  -1.1803
1916.5000  -4.5493
1916.5833  -6.5493
1916.6667  -11.0255
1916.7500  -5.7874
1916.8333  -9.9422
1916.9167  -7.4422
1917.0000  -10.2398
1917.0833  -10.1565
1917.1667  -11.2874
1917.2500  -10.3945
1917.3333  -10.4541
1917.4167  -8.5255
1917.5000  -2.8469
1917.5833  1.1055
1917.6667  5.3674
1917.7500  4.3197
1917.8333  10.1888
1917.9167  3.9983
1918.0000  5.3912
1918.0833  6.3912
1918.1667  5.7721
1918.2500  3.8078
1918.3333  1.0102
1918.4167  0.9388
1918.5000  7.2721
1918.5833  5.7245
1918.6667  10.5038
1918.7500  12.5554
1918.8333  8.6487
1918.9167  17.1126
1919.0000  22.1746
1919.0833  26.3929
1919.1667  31.6930
1919.2500  35.4991
1919.3333  41.5150
1919.4167  50.7333
1919.5000  47.1168
1919.5833  46.4739
1919.6667  46.1232
1919.7500  35.6787
1919.8333  38.5378
1919.9167  37.1335
1920.0000  33.6960
1920.0833  27.8523
1920.1667  23.7377
1920.2500  21.7793
1920.3333  20.4564
1920.4167  13.1752
1920.5000  16.1335
1920.5833  20.7559
1920.6667  25.0694
1920.7500  32.3234
1920.8333  30.3036
1920.9167  34.4267
1921.0000  35.0443
1921.0833  38.5547
1921.1667  36.9446
1921.2500  36.5889
1921.3333  34.3972
1921.4167  34.3200
1921.5000  31.1491
1921.5833  24.0860
1921.6667  19.1710
1921.7500  19.7843
1921.8333  16.6907
1921.9167  8.3948
1922.0000  4.9843
1922.0833  2.7643
1922.1667  3.1752
1922.2500  5.2356
1922.3333  5.2155
1922.4167  1.9372
1922.5000  -1.1424
1922.5833  4.6966
1922.6667  2.1857
1922.7500  1.2811
1922.8333  3.5035
1922.9167  5.6591
1923.0000  2.9517
1923.0833  1.3185
1923.1667  -2.6574
1923.2500  -8.9851
1923.3333  -8.7851
1923.4167  -4.4832
1923.5000  -4.0732
1923.5833  -10.2243
1923.6667  -4.4096
1923.7500  2.6541
1923.8333  1.5502
1923.9167  2.5687
1924.0000  5.2076
1924.0833  6.7954
1924.1667  13.5070
1924.2500  18.0208
1924.3333  18.0692
1924.4167  12.9614
1924.5000  5.2552
1924.5833  13.1582
1924.6667  11.8020
1924.7500  2.6587
1924.8333  1.0247
1924.9167  -1.6464
1925.0000  -3.5212
1925.0833  -4.2152
1925.1667  -5.4960
1925.2500  -6.1993
1925.3333  -12.2799
1925.4167  -11.8710
1925.5000  -7.1877
1925.5833  -17.1969
1925.6667  -21.0766
1925.7500  -25.8358
1925.8333  -30.3080
1925.9167  -32.8451
1926.0000  -33.2062
1926.0833  -34.1506
1926.1667  -32.0210
1926.2500  -29.3032
1926.3333  -22.5290
1926.4167  -23.7047
1926.5000  -19.3443
1926.5833  -16.0228
1926.6667  -9.5208
1926.7500  1.1322
1926.8333  7.0981
1926.9167  10.2687
1927.0000  14.0670
1927.0833  13.9950
1927.1667  12.8228
1927.2500  9.3570
1927.3333  10.1571
1927.4167  15.1405
1927.5000  21.4238
1927.5833  18.3459
1927.6667  10.0067
1927.7500  5.9500
1927.8333  2.0281
1927.9167  3.2652
1928.0000  1.0551
1928.0833  2.7060
1928.1667  3.3137
1928.2500  7.2003
1928.3333  4.2524
1928.4167  -1.1531
1928.5000  -7.8733
1928.5833  -9.6336
1928.6667  -2.4242
1928.7500  -1.6838
1928.8333  7.4434
1928.9167  1.1381
1929.0000  5.2697
1929.0833  4.5017
1929.1667  1.0895
1929.2500  -0.2503
1929.3333  -2.4155
1929.4167  -0.2135
1929.5000  -2.4217
1929.5833  2.6925
1929.6667  -4.6576
1929.7500  -12.3676
1929.8333  -26.9315
1929.9167  -32.4931
1930.0000  -45.7635
1930.0833  -52.7931
1930.1667  -56.9701
1930.2500  -67.7442
1930.3333  -66.6424
1930.4167  -76.6946
1930.5000  -81.0578
1930.5833  -85.4156
1930.6667  -88.0747
1930.7500  -76.5791
1930.8333  -74.3253
1930.9167  -72.3177
1931.0000  -67.6215
1931.0833  -63.8581
1931.1667  -65.0612
1931.2500  -62.2948
1931.3333  -66.3768
1931.4167  -65.0912
1931.5000  -66.0131
1931.5833  -58.9847
1931.6667  -54.3019
1931.7500  -66.8413
1931.8333  -67.3743
1931.9167  -67.3951
1932.0000  -68.2125
1932.0833  -70.6327
1932.1667  -69.9481
1932.2500  -64.9248
1932.3333  -66.3993
1932.4167  -54.5768
1932.5000  -48.2607
1932.5833  -44.1659
1932.6667  -49.1179
1932.7500  -44.7249
1932.8333  -35.4037
1932.9167  -28.7485
1933.0000  -23.5550
1933.0833  -16.9755
1933.1667  -8.8984
1933.2500  -7.1196
1933.3333  -0.3714
1933.4167  -8.8119
1933.5000  -13.4554
1933.5833  -21.9554
1933.6667  -27.1966
1933.7500  -32.0080
1933.8333  -36.9378
1933.9167  -42.6133
1934.0000  -45.2843
1934.0833  -49.4290
1934.1667  -58.3369
1934.2500  -61.6220
1934.3333  -63.9027
1934.4167  -65.1220
1934.5000  -64.9422
1934.5833  -61.5054
1934.6667  -56.5335
1934.7500  -52.3686
1934.8333  -48.3572
1934.9167  -47.1421
1935.0000  -46.8737
1935.0833  -47.6764
1935.1667  -44.3597
1935.2500  -45.2752
1935.3333  -46.7121
1935.4167  -32.4413
1935.5000  -29.5716
1935.5833  -31.6755
1935.6667  -26.2012
1935.7500  -18.4089
1935.8333  -23.8211
1935.9167  -23.3901
1936.0000  -21.6426
1936.0833  -18.5507
1936.1667  -20.0835
1936.2500  -19.5441
1936.3333  -16.5197
1936.4167  -32.3620
1936.5000  -31.7241
1936.5833  -25.3559
1936.6667  -17.3876
1936.7500  -25.7403
1936.8333  -19.8613
1936.9167  -14.8840
1937.0000  -16.5204
1937.0833  -15.8007
1937.1667  -14.7287
1937.2500  -12.6908
1937.3333  -12.2666
1937.4167  -6.6643
1937.5000  -6.5961
1937.5833  -6.8211
1937.6667  -13.6540
1937.7500  -8.8417
1937.8333  -14.4591
1937.9167  -15.5461
1938.0000  -16.0563
1938.0833  -19.3777
1938.1667  -18.6655
1938.2500  -21.2649
1938.3333  -17.4791
1938.4167  -14.2598
1938.5000  -13.1027
1938.5833  -18.5714
1938.6667  -21.3515
1938.7500  -20.8310
1938.8333  -19.7635
1938.9167  -18.4768
1939.0000  -16.8635
1939.0833  -13.9129
1939.1667  -12.0521
1939.2500  -6.8180
1939.3333  -11.2285
1939.4167  -13.1457
1939.5000  -17.9235
1939.5833  -20.4142
1939.6667  -15.7599
1939.7500  -18.5377
1939.8333  -18.4266
1939.9167  -16.7754
1940.0000  -16.7322
1940.0833  -18.6426
1940.1667  -15.7568
1940.2500  -16.5655
1940.3333  -14.5470
1940.4167  -16.5532
1940.5000  -10.9544
1940.5833  -0.7939
1940.6667  -5.0809
1940.7500  -8.9421
1940.8333  -6.4266
1940.9167  -12.0408
1941.0000  -11.6519
1941.0833  -10.9667
1941.1667  -16.9204
1941.2500  -20.6828
1941.3333  -26.2167
1941.4167  -26.3587
1941.5000  -29.4143
1941.5833  -36.5844
1941.6667  -35.9785
1941.7500  -29.8752
1941.8333  -29.4861
1941.9167  -26.4125
1942.0000  -24.0138
1942.0833  -22.3781
1942.1667  -18.5762
1942.2500  -13.7452
1942.3333  -2.8373
1942.4167  1.1734
1942.5000  0.2056
1942.5833  0.6152
1942.6667  -1.9419
1942.7500  -3.8571
1942.8333  -6.6599
1942.9167  -8.1547
1943.0000  -10.0177
1943.0833  -10.3675
1943.1667  -9.2133
1943.2500  -9.9577
1943.3333  -11.5258
1943.4167  -12.9291
1943.5000  -16.1628
1943.5833  -14.7164
1943.6667  -13.7997
1943.7500  -10.9694
1943.8333  -7.9813
1943.9167  -6.6241
1944.0000  -3.6360
1944.0833  -0.2908
1944.1667  -1.9724
1944.2500  -4.1331
1944.3333  -7.1956
1944.4167  1.3491
1944.5000  2.6616
1944.5833  0.7747
1944.6667  0.2122
1944.7500  0.5187
1944.8333  0.2211
1944.9167  3.5098
1945.0000  2.1080
1945.0833  2.4800
1945.1667  5.0515
1945.2500  9.4890
1945.3333  11.7449
1945.4167  11.0842
1945.5000  26.8163
1945.5833  31.8104
1945.6667  34.3997
1945.7500  38.4443
1945.8333  42.3461
1945.9167  41.7866
1946.0000  40.9532
1946.0833  39.7300
1946.1667  40.6378
1946.2500  41.0961
1946.3333  43.8699
1946.4167  42.8431
1946.5000  33.6646
1946.5833  32.8848
1946.6667  30.9562
1946.7500  26.2628
1946.8333  21.8580
1946.9167  20.6369
1947.0000  25.7800
1947.0833  25.4201
1947.1667  24.3965
1947.2500  23.8216
1947.3333  19.6459
1947.4167  27.9621
1947.5000  28.3965
1947.5833  28.6784
1947.6667  37.2784
1947.7500  43.8367
1947.8333  47.0957
1947.9167  51.7050
1948.0000  51.7866
1948.0833  53.9583
1948.1667  53.8852
1948.2500  55.2637
1948.3333  61.7303
1948.4167  53.4664
1948.5000  60.7470
1948.5833  62.8387
1948.6667  62.1192
1948.7500  53.2664
1948.8333  50.7581
1948.9167  48.2609
1949.0000  44.0609
1949.0833  42.6220
1949.1667  42.6553
1949.2500  38.7859
1949.3333  35.3525
1949.4167  30.4303
1949.5000  17.4220
1949.5833  10.4970
1949.6667  7.1275
1949.7500  1.9459
1949.8333  -0.3279
1949.9167  -5.8807
1950.0000  -12.1359
1950.0833  -19.0938
1950.1667  -20.4489
1950.2500  -18.0763
1950.3333  -19.9176
1950.4167  -17.7894
1950.5000  -8.8279
1950.5833  -6.4251
1950.6667  -7.1446
1950.7500  9.4953
1950.8333  13.6352
1950.9167  20.2608
1951.0000  31.1305
1951.0833  36.0650
1951.1667  38.1218
1951.2500  35.3143
1951.3333  38.7634
1951.4167  37.8185
1951.5000  33.2389
1951.5833  37.3001
1951.6667  42.3911
1951.7500  39.6964
1951.8333  39.3344
1951.9167  41.4825
1952.0000  36.3166
1952.0833  35.6594
1952.1667  32.7377
1952.2500  35.3546
1952.3333  26.4255
1952.4167  27.0079
1952.5000  36.3805
1952.5833  41.6976
1952.6667  34.3412
1952.7500  32.3309
1952.8333  33.0885
1952.9167  30.7093
1953.0000  31.3829
1953.0833  33.4108
1953.1667  37.2642
1953.2500  37.3999
1953.3333  44.9748
1953.4167  46.8303
1953.5000  35.8633
1953.5833  29.4535
1953.6667  34.7357
1953.7500  29.0758
1953.8333  26.4401
1953.9167  29.6600
1954.0000  32.7968
1954.0833  33.8995
1954.1667  29.7099
1954.2500  26.8120
1954.3333  22.6339
1954.4167  18.2797
1954.5000  16.9065
1954.5833  14.3503
1954.6667  5.3075
1954.7500  -0.6305
1954.8333  0.0122
1954.9167  -8.6382
1955.0000  -13.8752
1955.0833  -19.1081
1955.1667  -14.8451
1955.2500  -16.7140
1955.3333  -15.6440
1955.4167  -18.6185
1955.5000  -23.2612
1955.5833  -19.4183
1955.6667  -19.2599
1955.7500  -14.5844
1955.8333  -17.1338
1955.9167  -20.2860
1956.0000  -22.9317
1956.0833  -24.8042
1956.1667  -28.7528
1956.2500  -27.6632
1956.3333  -27.3332
1956.4167  -24.8484
1956.5000  -21.5848
1956.5833  -33.4128
1956.6667  -28.5516
1956.7500  -21.7996
1956.8333  -27.4633
1956.9167  -24.6041
1957.0000  -23.6631
1957.0833  -20.4811
1957.1667  -20.9599
1957.2500  -24.1209
1957.3333  -25.7725
1957.4167  -26.4560
1957.5000  -26.4240
1957.5833  -14.4121
1957.6667  -19.0568
1957.7500  -14.0869
1957.8333  -0.8159
1957.9167  -1.4485
1958.0000  -1.2085
1958.0833  -4.0439
1958.1667  -5.9861
1958.2500  -4.6266
1958.3333  -1.1075
1958.4167  -1.2005
1958.5000  0.8351
1958.5833  -8.5866
1958.6667  -11.8810
1958.7500  -25.7783
1958.8333  -33.5212
1958.9167  -38.7904
1959.0000  -38.8471
1959.0833  -39.6925
1959.1667  -39.3778
1959.2500  -40.1691
1959.3333  -44.2438
1959.4167  -44.2142
1959.5000  -40.4562
1959.5833  -32.4373
1959.6667  -21.8120
1959.7500  -16.2712
1959.8333  -14.2582
1959.9167  -2.6559
1960.0000  2.0676
1960.0833  8.0156
1960.1667  12.4827
1960.2500  18.1639
1960.3333  19.6817
1960.4167  18.2315
1960.5000  11.1852
1960.5833  4.4596
1960.6667  4.0507
1960.7500  9.0230
1960.8333  12.3515
1960.9167  7.3817
1961.0000  -0.1233
1961.0833  -3.7201
1961.1667  -9.9569
1961.2500  -13.4137
1961.3333  -14.3875
1961.4167  -10.9686
1961.5000  -7.6578
1961.5833  -10.8407
1961.6667  -10.4986
1961.7500  -5.6720
1961.8333  -15.4442
1961.9167  -14.7356
1962.0000  -10.4958
1962.0833  -7.7269
1962.1667  -3.1509
1962.2500  -3.3129
1962.3333  -3.6323
1962.4167  -0.4435
1962.5000  1.4719
1962.5833  7.1629
1962.6667  -3.4276
1962.7500  -17.2666
1962.8333  -14.4347
1962.9167  -19.4009
1963.0000  -22.7079
1963.0833  -26.0885
1963.1667  -31.4697
1963.2500  -30.4593
1963.3333  -34.4991
1963.4167  -38.0654
1963.5000  -45.2991
1963.5833  -47.1704
1963.6667  -43.8282
1963.7500  -43.1505
1963.8333  -48.0189
1963.9167  -45.1153
1964.0000  -45.7095
1964.0833  -47.1403
1964.1667  -44.7308
1964.2500  -43.9635
1964.3333  -41.7984
1964.4167  -42.4794
1964.5000  -38.1441
1964.5833  -34.7785
1964.6667  -31.3581
1964.7500  -31.9465
1964.8333  -23.5570
1964.9167  -25.5268
1965.0000  -24.5433
1965.0833  -22.4963
1965.1667  -25.6063
1965.2500  -28.6990
1965.3333  -31.4930
1965.4167  -32.5971
1965.5000  -30.1013
1965.5833  -28.3236
1965.6667  -28.4518
1965.7500  -24.9039
1965.8333  -25.9310
1965.9167  -22.5406
1966.0000  -21.1191
1966.0833  -18.0033
1966.1667  -14.9734
1966.2500  -12.2285
1966.3333  -14.4598
1966.4167  -14.1877
1966.5000  -14.4532
1966.5833  -16.1401
1966.6667  -17.4857
1966.7500  -18.8631
1966.8333  -15.7188
1966.9167  -12.3442
1967.0000  -8.5286
1967.0833  -10.4246
1967.1667  -8.8672
1967.2500  -7.7769
1967.3333  -4.5945
1967.4167  -7.1846
1967.5000  -2.1544
1967.5833  -4.2201
1967.6667  -2.4309
1967.7500  -5.9987
1967.8333  -11.0225
1967.9167  -13.4807
1968.0000  -13.8512
1968.0833  -13.5970
1968.1667  -12.3906
1968.2500  -13.8578
1968.3333  -13.7114
1968.4167  -8.7946
1968.5000  -18.8686
1968.5833  -20.7273
1968.6667  -14.9858
1968.7500  -9.1803
1968.8333  -9.1669
1968.9167  -11.0404
1969.0000  -10.2170
1969.0833  -6.3251
1969.1667  -4.4541
1969.2500  -1.1710
1969.3333  6.3940
1969.4167  10.6611
1969.5000  20.3745
1969.5833  25.4239
1969.6667  20.6199
1969.7500  20.2771
1969.8333  26.6954
1969.9167  27.3276
1970.0000  26.1781
1970.0833  22.9106
1970.1667  23.7085
1970.2500  18.7837
1970.3333  18.1999
1970.4167  20.9618
1970.5000  25.5163
1970.5833  25.4231
1970.6667  26.7582
1970.7500  26.8222
1970.8333  24.8937
1970.9167  28.3445
1971.0000  29.2881
1971.0833  29.2998
1971.1667  26.6032
1971.2500  30.4159
1971.3333  35.5109
1971.4167  36.7958
1971.5000  31.7172
1971.5833  32.4244
1971.6667  33.9557
1971.7500  37.8386
1971.8333  40.7681
1971.9167  46.6405
1972.0000  51.6023
1972.0833  55.1483
1972.1667  58.0235
1972.2500  61.0302
1972.3333  54.3651
1972.4167  55.8435
1972.5000  61.3377
1972.5833  67.0053
1972.6667  74.3113
1972.7500  80.2776
1972.8333  82.5609
1972.9167  79.4235
1973.0000  73.1485
1973.0833  73.8460
1973.1667  74.8069
1973.2500  72.8262
1973.3333  74.8760
1973.4167  60.5624
1973.5000  53.3309
1973.5833  51.5341
1973.6667  46.2634
1973.7500  33.7968
1973.8333  25.8045
1973.9167  23.7258
1974.0000  27.8423
1974.0833  27.8613
1974.1667  24.9656
1974.2500  24.2438
1974.3333  15.3388
1974.4167  18.3069
1974.5000  20.7868
1974.5833  15.7725
1974.6667  15.3106
1974.7500  19.5273
1974.8333  19.3535
1974.9167  20.8868
1975.0000  20.3017
1975.0833  20.0621
1975.1667  21.5500
1975.2500  20.2818
1975.3333  29.2924
1975.4167  34.8717
1975.5000  36.8781
1975.5833  36.3760
1975.6667  27.8237
1975.7500  25.0028
1975.8333  26.2024
1975.9167  19.4163
1976.0000  15.5308
1976.0833  13.2548
1976.1667  12.0492
1976.2500  10.2568
1976.3333  4.9743
1976.4167  -7.9719
1976.5000  -21.8364
1976.5833  -31.4733
1976.6667  -36.3552
1976.7500  -37.7551
1976.8333  -43.5871
1976.9167  -41.5073
1977.0000  -39.1891
1977.0833  -42.0479
1977.1667  -44.4670
1977.2500  -39.6038
1977.3333  -38.7478
1977.4167  -25.8368
1977.5000  -11.4698
1977.5833  -1.8355
1977.6667  16.7852
1977.7500  20.9879
1977.8333  31.9377
1977.9167  36.5256
1978.0000  33.1245
1978.0833  37.2864
1978.1667  41.1474
1978.2500  42.5358
1978.3333  44.0811
1978.4167  45.7990
1978.5000  37.7012
1978.5833  41.5380
1978.6667  33.6782
1978.7500  31.6596
1978.8333  28.1284
1978.9167  23.6210
1979.0000  26.1540
1979.0833  26.0494
1979.1667  25.5382
1979.2500  21.9356
1979.3333  19.3916
1979.4167  11.2450
1979.5000  11.7088
1979.5833  6.9297
1979.6667  2.8628
1979.7500  -4.2470
1979.8333  -6.5929
1979.9167  -6.5382
1980.0000  -13.5267
1980.0833  -21.7930
1980.1667  -29.3911
1980.2500  -38.4668
1980.3333  -46.4225
1980.4167  -53.2674
1980.5000  -61.4826
1980.5833  -70.8631
1980.6667  -76.1034
1980.7500  -72.4804
1980.8333  -82.3153
1980.9167  -83.3667
1981.0000  -83.0819
1981.0833  -80.2529
1981.1667  -76.7477
1981.2500  -72.1739
1981.3333  -71.1210
1981.4167  -63.9769
1981.5000  -58.8432
1981.5833  -58.1563
1981.6667  -54.6958
1981.7500  -56.3108
1981.8333  -57.2751
1981.9167  -60.4750
1982.0000  -51.5889
1982.0833  -52.1407
1982.1667  -55.1901
1982.2500  -57.1666
1982.3333  -47.2960
1982.4167  -51.3558
1982.5000  -46.0951
1982.5833  -34.1731
1982.6667  -21.7107
1982.7500  -7.9231
1982.8333  8.9801
1982.9167  12.0366
1983.0000  8.3000
1983.0833  13.0903
1983.1667  18.2893
1983.2500  21.7731
1983.3333  22.6038
1983.4167  30.6360
1983.5000  29.5097
1983.5833  28.1116
1983.6667  19.4793
1983.7500  13.0969
1983.8333  17.4609
1983.9167  16.0926
1984.0000  15.0469
1984.0833  10.1518
1984.1667  10.3722
1984.2500  9.3346
1984.3333  8.6437
1984.4167  7.1867
1984.5000  5.7432
1984.5833  1.4555
1984.6667  -2.0294
1984.7500  -10.0088
1984.8333  -24.5959
1984.9167  -21.7117
1985.0000  -24.1891
1985.0833  -21.8582
1985.1667  -21.8149
1985.2500  -21.4167
1985.3333  -24.1691
1985.4167  -19.5532
1985.5000  -19.8997
1985.5833  -24.0736
1985.6667  -17.0879
1985.7500  -18.8252
1985.8333  -7.9082
1985.9167  -5.6416
1986.0000  -4.2876
1986.0833  -2.7845
1986.1667  -4.9292
1986.2500  -7.8167
1986.3333  -8.8214
1986.4167  -16.5891
1986.5000  -12.5546
1986.5833  -0.9202
1986.6667  -4.7204
1986.7500  10.8747
1986.8333  10.1659
1986.9167  5.7057
1987.0000  4.9126
1987.0833  4.7883
1987.1667  6.0059
1987.2500  8.2572
1987.3333  4.2451
1987.4167  1.8222
1987.5000  0.6853
1987.5833  -9.1130
1987.6667  -9.9002
1987.7500  -25.6124
1987.8333  -25.5519
1987.9167  -24.2546
1988.0000  -22.5945
1988.0833  -27.8042
1988.1667  -31.5893
1988.2500  -34.7593
1988.3333  -34.2505
1988.4167  -36.3762
1988.5000  -43.4352
1988.5833  -41.5518
1988.6667  -45.0018
1988.7500  -40.6157
1988.8333  -52.1643
1988.9167  -53.4976
1989.0000  -55.3259
1989.0833  -51.8370
1989.1667  -47.3648
1989.2500  -43.1552
1989.3333  -41.9193
1989.4167  -42.4880
1989.5000  -46.4430
1989.5833  -50.3874
1989.6667  -50.6178
1989.7500  -54.2707
1989.8333  -54.5912
1989.9167  -53.0075
1990.0000  -52.7858
1990.0833  -52.5747
1990.1667  -51.4095
1990.2500  -51.5843
1990.3333  -50.8395
1990.4167  -47.7586
1990.5000  -41.5825
1990.5833  -30.2285
1990.6667  -27.6194
1990.7500  -15.7038
1990.8333  -9.7804
1990.9167  -9.2245
1991.0000  -3.6993
1991.0833  -0.0345
1991.1667  -2.2731
1991.2500  -2.2708
1991.3333  1.7593
1991.4167  6.1003
1991.5000  6.1134
1991.5833  4.6121
1991.6667  10.5780
1991.7500  3.5618
1991.8333  4.9980
1991.9167  7.0056
1992.0000  8.1597
1992.0833  7.6540
1992.1667  7.5660
1992.2500  7.1557
1992.3333  5.6344
1992.4167  6.0286
1992.5000  12.0068
1992.5833  14.1499
1992.6667  16.1157
1992.7500  17.3752
1992.8333  25.2180
1992.9167  25.8052
1993.0000  21.2932
1993.0833  21.2481
1993.1667  23.5352
1993.2500  23.7934
1993.3333  23.3888
1993.4167  19.5298
1993.5000  21.6552
1993.5833  10.0201
1993.6667  4.3585
1993.7500  6.3527
1993.8333  -6.9555
1993.9167  -7.0922
1994.0000  -10.1075
1994.0833  -14.2962
1994.1667  -17.7140
1994.2500  -16.9238
1994.3333  -14.6484
1994.4167  -16.2722
1994.5000  -15.1242
1994.5833  -8.9656
1994.6667  -16.3556
1994.7500  -16.6771
1994.8333  -14.3260
1994.9167  -13.2643
1995.0000  -10.3229
1995.0833  -6.4797
1995.1667  3.9465
1995.2500  8.9671
1995.3333  9.1773
1995.4167  14.9503
1995.5000  10.8690
1995.5833  20.2725
1995.6667  27.9559
1995.7500  24.7994
1995.8333  29.4273
1995.9167  27.0982
1996.0000  28.8489
1996.0833  28.5768
1996.1667  22.8087
1996.2500  29.0900
1996.3333  35.4195
1996.4167  39.6483
1996.5000  49.8711
1996.5833  45.1851
1996.6667  49.3066
1996.7500  55.4036
1996.8333  61.6101
1996.9167  60.3200
1997.0000  66.2144
1997.0833  67.7076
1997.1667  69.1650
1997.2500  60.8637
1997.3333  55.3886
1997.4167  53.7296
1997.5000  45.4249
1997.5833  52.7800
1997.6667  69.9135
1997.7500  72.3405
1997.8333  72.3343
1997.9167  83.3401
1998.0000  80.0899
1998.0833  80.9941
1998.1667  80.1962
1998.2500  80.4589
1998.3333  76.0647
1998.4167  70.4162
1998.5000  68.1583
1998.5833  57.8266
1998.6667  47.2839
1998.7500  41.3489
1998.8333  37.4818
1998.9167  31.5990
1999.0000  28.9169
1999.0833  27.7983
1999.1667  29.8201
1999.2500  34.0201
1999.3333  37.6575
1999.4167  37.8250
1999.5000  37.9720
1999.5833  34.0144
1999.6667  17.4951
1999.7500  20.4023
1999.8333  18.5113
1999.9167  17.9045
2000.0000  17.4241
2000.0833  21.5177
2000.1667  20.4604
2000.2500  16.9721
2000.3333  15.7838
2000.4167  20.9757
2000.5000  15.2488
2000.5833  19.3975
2000.6667  20.3838
2000.7500  20.2767
2000.8333  17.4129
2000.9167  16.3939
2001.0000  15.5854
2001.0833  12.1359
2001.1667  8.7259
2001.2500  10.0002
2001.3333  9.0609
2001.4167  4.9961
2001.5000  12.5801
2001.5833  7.1520
2001.6667  15.0591
2001.7500  5.6731
2001.8333  4.0887
2001.9167  -0.9509
2002.0000  1.2479
2002.0833  -0.3026
2002.1667  2.1783
2002.2500  1.9508
2002.3333  8.8121
2002.4167  7.4632
2002.5000  5.1181
2002.5833  7.9154
2002.6667  -1.1076
2002.7500  9.9437
2002.8333  18.6989
2002.9167  25.6078
2003.0000  29.1418
2003.0833  29.1375
2003.1667  26.9146
2003.2500  30.8863
2003.3333  26.3366
2003.4167  30.4463
2003.5000  32.7042
2003.5833  31.6457
2003.6667  37.5756
2003.7500  33.2911
2003.8333  24.2963
2003.9167  17.5507
2004.0000  13.2368
2004.0833  15.3745
2004.1667  16.8627
2004.2500  14.4294
2004.3333  22.7427
2004.4167  24.8430
2004.5000  25.5963
2004.5833  28.1953
2004.6667  28.5517
2004.7500  24.6863
2004.8333  29.0291
2004.9167  32.7570
2005.0000  29.6680
2005.0833  24.1560
2005.1667  19.0126
2005.2500  8.7792
2005.3333  -2.3908
2005.4167  -15.5311
2005.5000  -27.9378
2005.5833  -31.7145
2005.6667  -39.2344
2005.7500  -44.1857
2005.8333  -52.4824
2005.9167  -54.7341
2006.0000  -57.6452
2006.0833  -62.4721
2006.1667  -63.6977
2006.2500  -59.6016
2006.3333  -62.9807
2006.4167  -55.0374
2006.5000  -54.9783
2006.5833  -58.8657
2006.6667  -67.9258
2006.7500  -73.4040
2006.8333  -71.3124
2006.9167  -78.1409
2007.0000  -75.0311
2007.0833  -72.5952
2007.1667  -72.9317
2007.2500  -79.5631
2007.3333  -78.8131
2007.4167  -85.6657
2007.5000  -84.7717
2007.5833  -84.3646
2007.6667  -76.9680
2007.7500  -71.1933
2007.8333  -69.7222
2007.9167  -60.9529
2008.0000  -65.7189
2008.0833  -67.1420
2008.1667  -66.1290
2008.2500  -60.6862
2008.3333  -61.2407
2008.4167  -59.3336
2008.5000  -63.4488
2008.5833  -66.8680
2008.6667  -67.3191
2008.7500  -65.3149
2008.8333  -68.3758
2008.9167  -76.0329
2009.0000  -64.8342
2009.0833  -58.0746
2009.1667  -59.2802
2009.2500  -56.1925
2009.3333  -50.9072
2009.4167  -39.5931
2009.5000  -26.7790
2009.5833  -15.8214
2009.6667  -4.0681
2009.7500  10.8197
2009.8333  15.9960
2009.9167  17.7684
2010.0000  10.8966
2010.0833  6.5830
2010.1667  11.6011
2010.2500  8.9958
2010.3333  4.9349
2010.4167  -0.8044
2010.5000  -3.7505
2010.5833  -7.5390
2010.6667  -15.4108
2010.7500  -25.9781
2010.8333  -27.9685
2010.9167  -20.3883
2011.0000  -16.6351
2011.0833  -12.0652
2011.1667  -9.7463
2011.2500  -6.0933
2011.3333  -2.7440
2011.4167  -6.1168
2011.5000  -6.7829
2011.5833  -9.6579
2011.6667  -9.2124
2011.7500  -11.6323
2011.8333  -10.0169
2011.9167  -14.8374
2012.0000  -10.8758
2012.0833  -12.2829
2012.1667  -15.6675
2012.2500  -24.0567
2012.3333  -24.5906
2012.4167  -19.5031
2012.5000  -13.8054
2012.5833  -11.7990
2012.6667  -11.4657
2012.7500  -3.7702
2012.8333  -6.3727
2012.9167  -9.9593
2013.0000  -18.1067
2013.0833  -18.2830
2013.1667  -17.6737
2013.2500  -13.8083
2013.3333  -12.7211
2013.4167  -22.7216
2013.5000  -30.5824
2013.5833  -30.9535
2013.6667  -31.2690
2013.7500  -38.5657
2013.8333  -35.1363
2013.9167  -29.2324
2014.0000  -26.0338
2014.0833  -27.0521
2014.1667  -24.8601
2014.2500  -22.6101
2014.3333  -22.7019
2014.4167  -19.6190
2014.5000  -13.4069
2014.5833  -15.1814
2014.6667  -16.0848
2014.7500  -23.1581
2014.8333  -28.6948
2014.9167  -38.1307
2015.0000  -42.3285
2015.0833  -39.1134
2015.1667  -41.7960
2015.2500  -41.8537
2015.3333  -39.5076
2015.4167  -36.6294
2015.5000  -35.8387
2015.5833  -26.3822
2015.6667  -20.5864
2015.7500  -10.7997
2015.8333  -5.0482
2015.9167  2.5255
2016.0000  5.8676
2016.0833  2.4048
2016.1667  -0.1848
2016.2500  1.2575
2016.3333  0.4626
2016.4167  0.8633
2016.5000  -4.7457
2016.5833  -8.4733
2016.6667  -10.8162
2016.7500  -20.9284
2016.8333  -18.0199
2016.9167  -12.7923
2017.0000  -11.3372
2017.0833  -7.5240
2017.1667  -2.0657
2017.2500  0.5368
2017.3333  -1.8670
2017.4167  0.8990
2017.5000  -1.4444
2017.5833  -10.5630
2017.6667  -14.1431
2017.7500  4.5812
2017.8333  -0.6862
2017.9167  -6.3080
2018.0000  -4.0805
2018.0833  -4.2527
2018.1667  -5.1405
2018.2500  -1.5059
2018.3333  -1.0515
2018.4167  0.0523
2018.5000  12.2735
2018.5833  26.3161
2018.6667  31.8161
2018.7500  26.1334
2018.8333  29.5264
2018.9167  37.0809
2019.0000  37.4398
2019.0833  40.6193
2019.1667  44.1161
2019.2500  41.1834
2019.3333  50.2130
2019.4167  53.0131
2019.5000  49.3372
2019.5833  48.4389
2019.6667  50.1344
2019.7500  51.6568
2019.8333  57.2798
2019.9167  50.4753
2020.0000  50.3568
2020.0833  50.6965
2020.1667  49.5202
2020.2500  48.9369
2020.3333  41.7789
2020.4167  36.5090
2020.5000  36.0443
2020.5833  39.6180
2020.6667  43.9802
2020.7500  37.6084
2020.8333  33.1500
2020.9167  30.1468
2021.0000  25.5090
2021.0833  22.9641
2021.1667  22.4577
2021.2500  21.2783
2021.3333  28.0420
2021.4167  32.0106
2021.5000  30.6965
2021.5833  28.4657
2021.6667  17.7766
2021.7500  16.9882
2021.8333  14.1292
2021.9167  25.1548
2022.0000  30.4048
2022.0833  27.4850
2022.1667  24.8087
2022.2500  25.7125
2022.3333  21.4241
2022.4167  19.5715
2022.5000  25.3311
2022.5833  27.8664
2022.6667  36.2382
2022.7500  50.1260
2022.8333  57.5683
2022.9167  56.0747
2023.0000  62.0555
2023.0833  69.5619
2023.1667  74.0459
2023.2500  77.5683
2023.3333  82.5074
2023.4167  90.2959
2023.5000  93.2510
2023.5833  98.7894
2023.6667  110.9785
2023.7500  109.6484
2023.8333  114.6516
2023.9167  120.4369
2024.0000  113.6933
2024.0833  108.9241
2024.1667  108.2189
2024.2500  113.0875
2024.3333  108.1100
2024.4167  103.9144
2024.5000  92.4305
2024.5833  74.3984
2024.6667  55.8087
2024.7500  46.9080
2024.8333  33.5330
2024.9167  25.8535
2025.0000  24.9785
2025.0833  26.8151
2025.1667  32.2061
2025.2500  28.0811
2025.3333  35.1644
2025.4167  23.7670
2025.5000  23.1292
