offs    0.00000000000
bg      0.00014145030
impA    0.00000000000
impB    0.00000000000
impC    0.00000000000
delA    4.48817307557
delB    0.79873573316
asym    0.01282238766
ann1    2.90210785102
ann2   -0.97124956960
sem1   -1.51546919882
sem2    0.81793951658
year   -0.00002792676
IR     -0.00000000000
ma     -0.00000000000
mp     -0.00006221181
shfT   -0.00000000000
init   -0.00014636935
   27.32166155400   0.00623799779  -1.40624256009
   27.21222081500   0.02821531658  -0.81341125971
 1095.17502233364   0.00102031672  -0.41239447759
    9.08286783775   0.00602793466   1.65700670704
    6.81670784238  -0.00080639573   0.38475889718
   13.63341568476   0.00429643621  16.28049495099
   13.66083077700  -0.00242721508  26.53217829701
   13.60611040750  -0.00262686891 -20.13579134199
   27.55454988600  -0.00433515079   3.04267130741
   13.77727494300  -0.00268695723   5.29262759764
 6793.47648813065   0.00073755614  -0.19579623615
 1616.30271425126  -0.00122663630  -1.47511935200
   27.09267692660  -0.00172482436   2.11527771408
    9.09502787633   0.00297316353   0.57015043854
   13.69115772864   0.00157728726  17.60101925521
 1305.66025845931  -0.00059356802  -0.35139401446
   27.44323926226  -0.00114776463   0.96546853432
   27.66676714572  -0.00121149946   3.23092707739
 2190.35004466729   0.00167699577   1.59412798244
   26.98505934729   0.00234883866   6.12933516633
 6167.20701373239  -0.00021639166 -12.22319994598
 -3232.60542850251   0.00039228750   1.43456047129
 -2120.90900683440  -0.00102454714  -0.06082477764
   27.33282433123  -0.00055653107  15.77747673093
   13.71880577217   0.00426786379   1.78458320730
    9.13295078376   0.00005854401  -0.45448397750
    9.12068919638   0.00083278015   0.64808568480
    9.10846048884   0.00191077751   0.89088679535
 3396.73824406533   0.00184584556 -26.29083495410
 1656.31999626209   0.00068413358   8.06627961998
   27.10365333842  -0.00160490722   0.50158079131
ltep   23.67779820047
ltep    8.15267467877
ltep   18.68216048000
ltep  100.00000000000
ltep   10.00000000000
ltep  200.00000000000
ltep  600.00000000000
ltep   70.00000000000
ltep  150.00000000000
ltep  400.00000000000
ltep    0.50000000000
harm  20
harm  7
harm  0
