1880.5000  -14.3930
1880.5833  -2.6014
1880.6667  -8.3930
1880.7500  -4.5180
1880.8333  -5.2680
1880.9167  -6.3514
1881.0000  -9.3097
1881.0833  -15.0180
1881.1667  -9.6014
1881.2500  -9.6430
1881.3333  -16.7264
1881.4167  -7.1014
1881.5000  -7.7680
1881.5833  -15.7680
1881.6667  -17.8930
1881.7500  -21.5597
1881.8333  -24.6014
1881.9167  -17.6847
1882.0000  -12.7264
1882.0833  -6.1847
1882.1667  -13.9764
1882.2500  -17.1847
1882.3333  -10.2680
1882.4167  -16.1847
1882.5000  -14.3097
1882.5833  4.3570
1882.6667  12.3986
1882.7500  16.0236
1882.8333  21.8153
1882.9167  24.4820
1883.0000  21.3570
1883.0833  20.3570
1883.1667  21.8153
1883.2500  27.9820
1883.3333  22.4820
1883.4167  21.7320
1883.5000  8.2320
1883.5833  -4.3514
1883.6667  -5.2264
1883.7500  -4.1014
1883.8333  -2.5180
1883.9167  -5.7264
1884.0000  -7.6014
1884.0833  -5.3930
1884.1667  -0.8930
1884.2500  -1.6014
1884.3333  -2.4764
1884.4167  -14.6014
1884.5000  -5.3930
1884.5833  3.0164
1884.6667  12.4676
1884.7500  8.3354
1884.8333  6.9115
1884.9167  16.9043
1885.0000  19.2305
1885.0833  9.8066
1885.1667  7.0911
1885.2500  7.3339
1885.3333  15.9100
1885.4167  28.0278
1885.5000  23.8956
1885.5833  19.1112
1885.6667  -2.4233
1885.7500  4.5767
1885.8333  3.9933
1885.9167  0.6255
1886.0000  4.7994
1886.0833  13.8899
1886.1667  13.3971
1886.2500  11.4877
1886.3333  11.7032
1886.4167  4.9187
1886.5000  15.8426
1886.5833  7.4259
1886.6667  7.3009
1886.7500  -4.9419
1886.8333  -18.4347
1886.9167  -30.8514
1887.0000  -35.8514
1887.0833  -38.1847
1887.1667  -34.5597
1887.2500  -33.3930
1887.3333  -43.8930
1887.4167  -40.3097
1887.5000  -50.2264
1887.5833  -50.6430
1887.6667  -55.6847
1887.7500  -51.0180
1887.8333  -46.6014
1887.9167  -43.6014
1888.0000  -43.3097
1888.0833  -41.1847
1888.1667  -44.6014
1888.2500  -54.4764
1888.3333  -51.6014
1888.4167  -47.7264
1888.5000  -38.6430
1888.5833  -44.2680
1888.6667  -41.8514
1888.7500  -45.6430
1888.8333  -43.9347
1888.9167  -37.6847
1889.0000  -37.9764
1889.0833  -40.4764
1889.1667  -37.3930
1889.2500  -30.4347
1889.3333  -20.6430
1889.4167  -30.8930
1889.5000  -39.1430
1889.5833  -14.5597
1889.6667  -11.5180
1889.7500  -1.6014
1889.8333  3.5653
1889.9167  4.3570
1890.0000  5.1070
1890.0833  4.4403
1890.1667  1.1903
1890.2500  0.1486
1890.3333  -9.9347
1890.4167  -4.7680
1890.5000  -7.7680
1890.5833  -25.8514
1890.6667  -32.8097
1890.7500  -34.1014
1890.8333  -37.6847
1890.9167  -35.9347
1891.0000  -32.7264
1891.0833  -30.8097
1891.1667  -25.1847
1891.2500  -18.0597
1891.3333  -0.2264
1891.4167  6.5308
1891.5000  15.7808
1891.5833  22.2808
1891.6667  40.9058
1891.7500  34.4475
1891.8333  32.4892
1891.9167  27.6558
1892.0000  26.4475
1892.0833  25.8225
1892.1667  24.3225
1892.2500  19.3225
1892.3333  8.1975
1892.4167  1.5653
1892.5000  -1.3514
1892.5833  -3.1430
1892.6667  3.2736
1892.7500  4.3153
1892.8333  5.2736
1892.9167  7.3153
1893.0000  6.7736
1893.0833  7.4820
1893.1667  7.6486
1893.2500  15.8986
1893.3333  19.1903
1893.4167  12.8986
1893.5000  14.1486
1893.5833  19.3153
1893.6667  3.3986
1893.7500  1.7320
1893.8333  7.7320
1893.9167  -0.1430
1894.0000  -4.8097
1894.0833  -2.4347
1894.1667  -5.3097
1894.2500  -16.7264
1894.3333  -19.6430
1894.4167  -8.4347
1894.5000  -8.2264
1894.5833  -12.3930
1894.6667  -7.6847
1894.7500  -2.8514
1894.8333  -1.1847
1894.9167  -0.2680
1895.0000  2.9403
1895.0833  5.1903
1895.1667  9.4820
1895.2500  12.2320
1895.3333  14.1903
1895.4167  17.6486
1895.5000  23.1903
1895.5833  15.0653
1895.6667  8.9820
1895.7500  7.1903
1895.8333  -6.6847
1895.9167  -12.9347
1896.0000  -8.5180
1896.0833  -16.8930
1896.1667  -28.1430
1896.2500  -21.9764
1896.3333  -18.8930
1896.4167  -33.9764
1896.5000  -35.7680
1896.5833  -29.1014
1896.6667  -21.3097
1896.7500  -10.5597
1896.8333  -0.5597
1896.9167  12.0236
1897.0000  7.1975
1897.0833  11.6630
1897.1667  22.5725
1897.2500  15.9892
1897.3333  3.6558
1897.4167  6.6558
1897.5000  8.3642
1897.5833  7.9058
1897.6667  3.2808
1897.7500  -12.1358
1897.8333  -10.2608
1897.9167  -7.3858
1898.0000  -6.7264
1898.0833  -13.6919
1898.1667  -19.6847
1898.2500  -18.5597
1898.3333  -10.5180
1898.4167  -3.8097
1898.5000  -5.3514
1898.5833  7.8570
1898.6667  22.9403
1898.7500  25.6070
1898.8333  26.4403
1898.9167  21.8914
1899.0000  24.0509
1899.0833  25.0092
1899.1667  26.3009
1899.2500  32.8842
1899.3333  28.7592
1899.4167  27.9676
1899.5000  26.4676
1899.5833  14.9259
1899.6667  15.4676
1899.7500  14.3009
1899.8333  8.0926
1899.9167  10.2248
1900.0000  12.1903
1900.0833  17.4820
1900.1667  18.3986
1900.2500  9.7736
1900.3333  13.3153
1900.4167  13.2320
1900.5000  17.3153
1900.5833  22.3986
1900.6667  3.1070
1900.7500  4.8570
1900.8333  13.9820
1900.9167  7.3153
1901.0000  3.8986
1901.0833  -0.3514
1901.1667  -1.9347
1901.2500  8.3570
1901.3333  4.8570
1901.4167  -0.8097
1901.5000  -3.7264
1901.5833  -12.2680
1901.6667  -4.4347
1901.7500  -0.3514
1901.8333  -4.9347
1901.9167  -8.0180
1902.0000  -4.7264
1902.0833  -2.6014
1902.1667  -2.0597
1902.2500  -9.2680
1902.3333  -5.9347
1902.4167  4.8153
1902.5000  -0.6847
1902.5833  13.5236
1902.6667  20.6486
1902.7500  28.9403
1902.8333  28.8153
1902.9167  39.3570
1903.0000  34.1070
1903.0833  39.6903
1903.1667  48.6070
1903.2500  53.8986
1903.3333  68.3153
1903.4167  63.3153
1903.5000  74.8986
1903.5833  69.3570
1903.6667  75.9403
1903.7500  65.1903
1903.8333  64.7320
1903.9167  60.3153
1904.0000  66.1486
1904.0833  63.0236
1904.1667  53.3986
1904.2500  50.3986
1904.3333  31.8153
1904.4167  29.1070
1904.5000  21.3986
1904.5833  12.2706
1904.6667  -14.0241
1904.7500  -10.3605
1904.8333  -10.1552
1904.9167  -15.3249
1905.0000  -14.2863
1905.0833  -17.9560
1905.1667  -14.3341
1905.2500  -16.1288
1905.3333  -20.5485
1905.4167  -15.2182
1905.5000  -21.1379
1905.5833  -9.0129
1905.6667  3.0704
1905.7500  -0.9296
1905.8333  -10.4296
1905.9167  1.6121
1906.0000  -4.1796
1906.0833  -1.5129
1906.1667  -3.0963
1906.2500  -9.5546
1906.3333  2.7787
1906.4167  0.9871
1906.5000  -2.0546
1906.5833  -26.3046
1906.6667  -36.9296
1906.7500  -45.1796
1906.8333  -38.2213
1906.9167  -40.3046
1907.0000  -34.0355
1907.0833  -41.5771
1907.1667  -47.0355
1907.2500  -49.8688
1907.3333  -53.9938
1907.4167  -58.2855
1907.5000  -44.9521
1907.5833  -32.4521
1907.6667  -33.3688
1907.7500  -27.9938
1907.8333  -38.9521
1907.9167  -44.7021
1908.0000  -53.6796
1908.0833  -51.7213
1908.1667  -49.7213
1908.2500  -44.0963
1908.3333  -50.5963
1908.4167  -49.0129
1908.5000  -54.3879
1908.5833  -54.4296
1908.6667  -49.7629
1908.7500  -38.9713
1908.8333  -28.7629
1908.9167  -31.0546
1909.0000  -32.6796
1909.0833  -30.6796
1909.1667  -32.8046
1909.2500  -37.3463
1909.3333  -29.0546
1909.4167  -32.5963
1909.5000  -27.2213
1909.5833  -16.1796
1909.6667  2.3621
1909.7500  -11.9296
1909.8333  -10.6796
1909.9167  -4.4713
1910.0000  0.8621
1910.0833  2.5287
1910.1667  7.2371
1910.2500  6.2371
1910.3333  -0.6796
1910.4167  10.1954
1910.5000  16.4871
1910.5833  -3.2629
1910.6667  -19.0129
1910.7500  -19.8463
1910.8333  -19.3463
1910.9167  -22.1796
1911.0000  -22.0129
1911.0833  -25.8463
1911.1667  -24.5963
1911.2500  -19.5963
1911.3333  -17.4713
1911.4167  -18.0546
1911.5000  -18.3879
1911.5833  5.2596
1911.6667  34.8655
1911.7500  53.3880
1911.8333  41.0772
1911.9167  38.5997
1912.0000  44.7473
1912.0833  51.6031
1912.1667  56.9590
1912.2500  63.3149
1912.3333  66.9624
1912.4167  55.6516
1912.5000  46.8825
1912.5833  51.5491
1912.6667  29.2991
1912.7500  23.7991
1912.8333  43.6325
1912.9167  53.7991
1913.0000  49.6325
1913.0833  48.7991
1913.1667  43.2991
1913.2500  48.0491
1913.3333  62.3825
1913.4167  78.2158
1913.5000  71.1325
1913.5833  56.7158
1913.6667  74.1325
1913.7500  82.3825
1913.8333  79.1325
1913.9167  76.2158
1914.0000  78.9658
1914.0833  82.8825
1914.1667  82.2158
1914.2500  75.8825
1914.3333  58.9658
1914.4167  54.5491
1914.5000  79.7158
1914.5833  78.5532
1914.6667  59.1407
1914.7500  46.2281
1914.8333  43.5656
1914.9167  45.2364
1915.3333  45.7405
1915.4167  48.9113
1915.5000  65.1654
1915.5833  61.2508
1915.6667  59.3778
1915.7500  61.5049
1915.8333  31.3819
1915.9167  35.0049
1916.0000  33.5028
1916.0833  29.3341
1916.1667  34.0404
1916.2500  30.4966
1916.3333  36.4529
1916.4167  44.1592
1916.5000  41.9905
1916.5833  43.7425
1916.6667  38.1592
1916.7500  24.3675
1916.8333  20.7425
1916.9167  18.1592
1917.0000  17.2009
1917.0833  21.9509
1917.1667  22.4039
1917.2500  21.3013
1917.3333  17.3932
1917.4167  -3.0150
1917.5000  -30.6314
1917.5833  -24.6493
1917.6667  -22.9775
1917.7500  -30.7017
1917.8333  -30.7800
1917.9167  -39.8582
1918.0000  -45.8949
1918.0833  -44.5148
1918.1667  -49.9211
1918.2500  -38.3552
1918.3333  -41.7753
1918.4167  -31.5497
1918.5000  -11.9282
1918.5833  -13.2510
1918.6667  -3.9698
1918.7500  1.6379
1918.8333  -1.7892
1918.9167  -0.5634
1919.0000  -2.2127
1919.0833  -10.6537
1919.1667  -12.5807
1919.2500  -21.6744
1919.3333  -29.8098
1919.4167  -31.7577
1919.5000  -38.2403
1919.5833  -38.7091
1919.6667  -48.5529
1919.7500  -47.0147
1919.8333  -31.3168
1919.9167  -24.6675
1920.0000  -16.9558
1920.0833  -8.7440
1920.1667  -10.3586
1920.2500  -12.2649
1920.3333  4.6205
1920.4167  10.4851
1920.5000  14.4677
1920.5833  16.1031
1920.6667  10.4469
1920.7500  7.6865
1920.8333  -6.2892
1920.9167  -9.3273
1921.0000  -17.0391
1921.0833  -21.3898
1921.1667  -19.8029
1921.2500  -22.5078
1921.3333  -33.1432
1921.4167  -36.5355
1921.5000  -43.6848
1921.5833  -47.9348
1921.6667  -36.0181
1921.7500  -32.9903
1921.8333  -24.1848
1921.9167  -28.8514
1922.0000  -25.7681
1922.0833  -25.1292
1922.1667  -26.1570
1922.2500  -25.1309
1922.3333  -21.6586
1922.4167  -31.2697
1922.5000  -23.6864
1922.5833  -39.3809
1922.6667  -34.9364
1922.7500  -37.9642
1922.8333  -34.1864
1922.9167  -32.0475
1923.0000  -39.7420
1923.0833  -41.1864
1923.1667  -41.2420
1923.2500  -41.8792
1923.3333  -35.2959
1923.4167  -29.1292
1923.5000  -38.9625
1923.5833  -19.1952
1923.6667  -33.2334
1923.7500  -25.8897
1923.8333  -32.8515
1923.9167  -24.0356
1924.0000  -13.1919
1924.0833  -6.0148
1924.1667  1.6483
1924.2500  13.1726
1924.3333  12.5650
1924.4167  18.4434
1924.5000  34.8635
1924.5833  33.2906
1924.6667  47.1066
1924.7500  28.4851
1924.8333  30.1692
1924.9167  31.6588
1925.0000  28.7595
1925.0833  25.0547
1925.1667  22.6971
1925.2500  14.3117
1925.3333  13.7805
1925.4167  12.9576
1925.5000  17.1208
1925.5833  23.8986
1925.6667  27.4541
1925.7500  35.3152
1925.8333  38.7875
1925.9167  34.2875
1926.0000  41.2875
1926.0833  41.2319
1926.1667  41.1763
1926.2500  41.6486
1926.3333  40.6763
1926.4167  53.2041
1926.5000  26.7597
1926.5833  17.0652
1926.6667  3.1763
1926.7500  16.1763
1926.8333  9.0652
1926.9167  5.9541
1927.0000  5.6763
1927.0833  10.5652
1927.1667  16.4541
1927.2500  22.0652
1927.3333  20.3152
1927.4167  10.3152
1927.5000  33.9263
1927.5833  36.3986
1927.6667  36.4819
1927.7500  39.9819
1927.8333  54.1486
1927.9167  56.6486
1928.0000  61.6763
1928.0833  56.2041
1928.1667  54.2597
1928.2500  50.6486
1928.3333  55.4263
1928.4167  54.3430
1928.5000  40.7319
1928.5833  31.6208
1928.6667  33.7319
1928.7500  15.3708
1928.8333  -0.1292
1928.9167  -1.8514
1929.0000  -10.1292
1929.0833  -8.6848
1929.1667  -15.7959
1929.2500  -17.9903
1929.3333  -21.9625
1929.4167  -17.0737
1929.5000  0.2875
1929.5833  19.4851
1929.6667  11.6480
1929.7500  18.6719
1929.8333  21.3418
1929.9167  18.0047
1930.0000  16.1676
1930.0833  17.4485
1930.1667  21.2017
1930.2500  22.9409
1930.3333  26.8122
1930.4167  24.0167
1930.5000  11.7143
1930.5833  -3.9524
1930.6667  -6.4454
1930.7500  -3.3829
1930.8333  -2.8829
1930.9167  5.6240
1931.0000  9.6310
1931.0833  11.7421
1931.1667  11.5754
1931.2500  4.2838
1931.3333  -6.1676
1931.4167  -1.3135
1931.5000  -12.5912
1931.5833  -7.0912
1931.6667  -11.4801
1931.7500  -13.6190
1931.8333  -11.9246
1931.9167  -16.3135
1932.0000  -18.8412
1932.0833  -20.6746
1932.1667  -23.2857
1932.2500  -12.8135
1932.3333  -4.8412
1932.4167  -16.8690
1932.5000  -0.6746
1932.5833  -3.2579
1932.6667  7.6310
1932.7500  11.7143
1932.8333  8.3254
1932.9167  8.5199
1933.0000  11.1310
1933.0833  5.5199
1933.1667  4.0477
1933.2500  0.6310
1933.3333  -2.3968
1933.4167  -3.8968
1933.5000  -18.4523
1933.5833  -23.3273
1933.6667  -42.7510
1933.7500  -49.6329
1933.8333  -44.3968
1933.9167  -50.5218
1934.0000  -57.3412
1934.0833  -57.4037
1934.1667  -55.3621
1934.2500  -51.8968
1934.3333  -54.5357
1934.4167  -58.3829
1934.5000  -33.5357
1934.5833  -45.0982
1934.6667  -21.6607
1934.7500  -29.0565
1934.8333  -31.0982
1934.9167  -34.4524
1935.0000  -25.1607
1935.0833  -27.4315
1935.1667  -30.4315
1935.2500  -29.1190
1935.3333  -25.5982
1935.4167  -9.4524
1935.5000  -21.2857
1935.5833  14.3601
1935.6667  25.8185
1935.7500  40.7560
1935.8333  40.7560
1935.9167  43.2976
1936.0000  38.0685
1936.0833  49.4435
1936.1667  47.4643
1936.2500  40.5685
1936.3333  36.4643
1936.4167  25.0060
1936.5000  19.1726
1936.5833  11.9851
1936.6667  11.4851
1936.7500  12.4018
1936.8333  15.6726
1936.9167  21.6310
1937.0000  19.2976
1937.0833  12.4851
1937.1667  13.6813
1937.2500  19.4190
1937.3333  18.7332
1937.4167  23.1238
1937.5000  21.2018
1937.5833  10.9607
1937.6667  -12.5373
1937.7500  -23.4729
1937.8333  -40.9084
1937.9167  -46.1356
1938.0000  -44.5434
1938.0833  -43.6039
1938.1667  -41.6384
1938.2500  -46.5478
1938.3333  -38.5128
1938.4167  -27.7695
1938.5000  -22.5539
1938.5833  -12.0027
1938.6667  2.0902
1938.7500  1.2248
1938.8333  16.7483
1938.9167  16.9801
1939.0000  17.3369
1939.0833  23.0409
1939.1667  23.7033
1939.2500  24.4906
1939.3333  21.0835
1939.4167  15.0931
1939.5000  12.3527
1939.5833  4.1583
1939.6667  10.7972
1939.7500  22.7138
1939.8333  21.7345
1939.9167  27.0540
1940.0000  25.2762
1940.0833  19.7623
1940.1667  14.1373
1940.2500  10.2762
1940.3333  14.6929
1940.4167  15.6651
1940.5000  6.0540
1940.5833  4.3179
1940.6667  3.2901
1940.7500  -5.4321
1940.8333  -8.9312
1940.9167  -11.6339
1941.0000  -7.6837
1941.0833  -6.8645
1941.1667  3.3496
1941.2500  2.2045
1941.3333  -7.7263
1941.4167  -10.4380
1941.5000  -7.9135
1941.5833  -18.3197
1941.6667  -37.8120
1941.7500  -34.7507
1941.8333  -32.7445
1941.9167  -26.5419
1942.0000  -32.0893
1942.0833  -36.4918
1942.1667  -37.9976
1942.2500  -29.9636
1942.3333  -22.1161
1942.4167  -32.8628
1942.5000  -16.1650
1942.5833  3.2316
1942.6667  5.2778
1942.7500  -2.2356
1942.8333  -3.9744
1942.9167  -11.5673
1943.0000  -7.8547
1943.0833  -5.3678
1943.1667  0.0601
1943.2500  -1.3523
1943.3333  3.4059
1943.4167  5.8150
1943.5000  -8.2620
1943.5833  -19.6549
1943.6667  -21.8097
1943.7500  -24.3454
1943.8333  -22.3404
1943.9167  -24.5486
1944.0000  -22.7709
1944.0833  -18.1007
1944.1667  -25.7465
1944.2500  -29.0103
1944.3333  -40.1809
1944.4167  -31.2246
1944.5000  -28.1571
1944.5833  -37.9726
1944.6667  -25.9230
1944.7500  -25.8337
1944.8333  -22.6234
1944.9167  -12.3873
1945.0000  -9.5400
1945.0833  -11.8595
1945.1667  -13.4428
1945.2500  -13.8734
1945.3333  -7.6095
1945.4167  -12.6928
1945.5000  0.5850
1945.5833  14.7377
1945.6667  8.8072
1945.7500  15.3489
1945.8333  5.8489
1945.9167  2.7794
1946.0000  4.5433
1946.0833  3.6266
1946.1667  9.3627
1946.2500  19.3072
1946.3333  14.5572
1946.4167  19.5155
1946.5000  3.8072
1946.5833  -1.2623
1946.6667  -1.4706
1946.7500  11.6822
1946.8333  20.7655
1946.9167  17.6822
1947.0000  15.8489
1947.0833  18.1266
1947.1667  9.3489
1947.2500  3.4877
1947.3333  -3.2067
1947.4167  -4.2484
1947.5000  -1.6373
1947.5833  13.5294
1947.6667  16.3489
1947.7500  1.0155
1947.8333  2.4044
1947.9167  2.7377
1948.0000  -0.9428
1948.0833  -3.1095
1948.1667  5.8766
1948.2500  2.4461
1948.3333  11.1961
1948.4167  6.7100
1948.5000  18.5294
1948.5833  -1.1373
1948.6667  1.0711
1948.7500  -6.9289
1948.8333  -9.7345
1948.9167  -11.0123
1949.0000  -13.1928
1949.0833  -16.2484
1949.1667  -18.8178
1949.2500  -11.5678
1949.3333  -1.0956
1949.4167  8.4877
1949.5000  5.5572
1949.5833  11.3072
1949.6667  25.4461
1949.7500  36.4600
1949.8333  36.8905
1949.9167  38.0155
1950.0000  45.4600
1950.0833  48.6604
1950.1667  53.0354
1950.2500  57.4798
1950.3333  49.7020
1950.4167  47.8548
1950.5000  38.9659
1950.5833  46.9104
1950.6667  43.6604
1950.7500  48.2020
1950.8333  45.5215
1950.9167  46.6187
1951.0000  43.0631
1951.0833  41.7100
1951.1667  41.8350
1951.2500  40.4739
1951.3333  35.0711
1951.4167  39.1405
1951.5000  47.7655
1951.5833  43.0850
1951.6667  22.5016
1951.7500  23.8905
1951.8333  24.1266
1951.9167  32.8899
1952.0000  31.2837
1952.0833  29.2420
1952.1667  24.4087
1952.2500  13.4642
1952.3333  15.7420
1952.4167  -3.9108
1952.5000  -10.5604
1952.5833  -22.3540
1952.6667  -18.1695
1952.7500  -33.0488
1952.8333  -27.8286
1952.9167  -38.6414
1953.0000  -40.6543
1953.0833  -35.5114
1953.1667  -33.8907
1953.2500  -28.7145
1953.3333  -32.5607
1953.4167  -23.2670
1953.5000  -22.0738
1953.5833  -20.3714
1953.6667  -18.0741
1953.7500  -2.2206
1953.8333  -11.9468
1953.9167  -13.5420
1954.0000  -9.7801
1954.0833  -10.0777
1954.1667  -10.3869
1954.2500  -8.1882
1954.3333  3.4755
1954.4167  12.5350
1954.5000  14.0707
1954.5833  24.7973
1954.6667  35.2385
1954.7500  22.8698
1954.8333  23.5130
1954.9167  29.2158
1955.0000  30.1091
1955.0833  25.4547
1955.1667  21.4462
1955.2500  18.7248
1955.3333  9.8041
1955.4167  0.7331
1955.5000  6.3942
1955.5833  5.4091
1955.6667  -18.4748
1955.7500  -10.2010
1955.8333  -12.2471
1955.9167  -20.4882
1956.0000  -30.3706
1956.0833  -28.4182
1956.1667  -24.3349
1956.2500  -25.2203
1956.3333  -30.7620
1956.4167  -43.5849
1956.5000  -52.8349
1956.5833  -57.1662
1956.6667  -27.9872
1956.7500  -19.7248
1956.8333  -22.9416
1956.9167  -20.2037
1957.0000  -17.1684
1957.0833  -17.5831
1957.1667  -20.9040
1957.2500  -22.6000
1957.3333  -19.0668
1957.4167  -10.4086
1957.5000  -4.8233
1957.5833  -0.8957
1957.6667  -8.4732
1957.7500  -17.4565
1957.8333  -16.6817
1957.9167  -15.2807
1958.0000  -12.1001
1958.0833  -12.5340
1958.1667  -8.5908
1958.2500  -3.1601
1958.3333  -2.1815
1958.4167  -10.1487
1958.5000  -5.5076
1958.5833  -5.4065
1958.6667  -21.6525
1958.7500  -17.0135
1958.8333  -5.1180
1958.9167  -7.7597
1959.0000  -8.0890
1959.0833  -7.3585
1959.1667  -14.0023
1959.2500  -22.8854
1959.3333  -18.8685
1959.4167  -5.5441
1959.5000  -3.7712
1959.5833  -6.9789
1959.6667  12.8286
1959.7500  10.5875
1959.8333  5.0714
1959.9167  9.9386
1960.0000  10.3632
1960.0833  15.7902
1960.1667  24.5254
1960.2500  28.6096
1960.3333  35.0064
1960.4167  50.3470
1960.5000  42.1585
1960.5833  45.1396
1960.6667  41.4472
1960.7500  33.4352
1960.8333  43.6524
1960.9167  45.7169
1961.0000  47.6699
1961.0833  41.7253
1961.1667  37.4994
1961.2500  45.3277
1961.3333  47.3077
1961.4167  30.5448
1961.5000  35.6230
1961.5833  42.5208
1961.6667  23.6149
1961.7500  27.2140
1961.8333  14.1375
1961.9167  7.3269
1962.0000  1.2450
1962.0833  0.6481
1962.1667  1.4985
1962.2500  -2.7991
1962.3333  -14.6145
1962.4167  -19.1443
1962.5000  -31.6800
1962.5833  -50.8564
1962.6667  -35.4636
1962.7500  -28.6296
1962.8333  -22.7489
1962.9167  -22.8025
1963.0000  -16.5584
1963.0833  -16.6163
1963.1667  -18.2463
1963.2500  -25.3694
1963.3333  -24.1009
1963.4167  0.3838
1963.5000  6.9463
1963.5833  11.1487
1963.6667  8.7343
1963.7500  2.8668
1963.8333  1.9882
1963.9167  9.3833
1964.0000  9.5641
1964.0833  8.7578
1964.1667  6.1582
1964.2500  12.3907
1964.3333  8.0172
1964.4167  -17.6438
1964.5000  -21.8350
1964.5833  -15.0039
1964.6667  -28.8037
1964.7500  -31.0500
1964.8333  -36.3439
1964.9167  -39.5961
1965.0000  -39.7353
1965.0833  -37.2970
1965.1667  -36.4778
1965.2500  -36.9503
1965.3333  -29.3573
1965.4167  -20.7464
1965.5000  -10.0819
1965.5833  -5.4261
1965.6667  32.3239
1965.7500  29.7466
1965.8333  40.1811
1965.9167  40.6335
1966.0000  44.5561
1966.0833  44.3835
1966.1667  47.9668
1966.2500  49.7763
1966.3333  54.1096
1966.4167  45.9876
1966.5000  38.6543
1966.5833  31.1910
1966.6667  15.7670
1966.7500  23.7239
1966.8333  11.2439
1966.9167  20.3437
1967.0000  11.8510
1967.0833  11.4071
1967.1667  11.1284
1967.2500  13.5516
1967.3333  19.2867
1967.4167  23.2144
1967.5000  13.4753
1967.5833  11.8801
1967.6667  6.6843
1967.7500  2.1732
1967.8333  12.2176
1967.9167  2.4232
1968.0000  7.0954
1968.0833  3.4939
1968.1667  -0.5359
1968.2500  -0.4100
1968.3333  -5.7455
1968.4167  2.9105
1968.5000  18.1999
1968.5833  32.1314
1968.6667  28.9169
1968.7500  30.0714
1968.8333  23.7873
1968.9167  30.5145
1969.0000  33.7067
1969.0833  34.5611
1969.1667  37.2816
1969.2500  30.7319
1969.3333  24.8667
1969.4167  23.3932
1969.5000  11.0324
1969.5833  12.7358
1969.6667  15.7299
1969.7500  8.9287
1969.8333  10.7669
1969.9167  1.9423
1970.0000  -1.7275
1970.0833  1.6772
1970.1667  1.1219
1970.2500  4.4374
1970.3333  -0.0829
1970.4167  1.7992
1970.5000  0.6748
1970.5833  1.9504
1970.6667  -2.5808
1970.7500  -0.4709
1970.8333  1.6051
1970.9167  7.8589
1971.0000  8.1998
1971.0833  6.1635
1971.1667  9.3186
1971.2500  1.6871
1971.3333  4.6019
1971.4167  -10.0357
1971.5000  -8.3957
1971.5833  -20.7704
1971.6667  -12.6589
1971.7500  -6.8871
1971.8333  -7.7203
1971.9167  -11.0908
1972.0000  -10.6127
1972.0833  -13.9466
1972.1667  -23.7944
1972.2500  -27.3366
1972.3333  -30.5955
1972.4167  -24.1405
1972.5000  -9.1971
1972.5833  -12.6135
1972.6667  -23.2335
1972.7500  -30.7703
1972.8333  -35.9579
1972.9167  -31.9010
1973.0000  -37.8830
1973.0833  -32.0298
1973.1667  -28.0682
1973.2500  -20.1085
1973.3333  -23.1376
1973.4167  -28.0603
1973.5000  -38.7089
1973.5833  -20.7755
1973.6667  -10.2633
1973.7500  -9.2928
1973.8333  -9.9890
1973.9167  -15.1046
1974.0000  -12.5120
1974.0833  -12.6957
1974.1667  -8.4233
1974.2500  -3.6601
1974.3333  -9.0915
1974.4167  -1.9279
1974.5000  0.5714
1974.5833  -6.2193
1974.6667  -11.9349
1974.7500  -7.3422
1974.8333  -5.7594
1974.9167  -12.7091
1975.0000  -16.0690
1975.0833  -17.3892
1975.1667  -21.7564
1975.2500  -24.8079
1975.3333  -15.1625
1975.4167  -21.5707
1975.5000  -34.8962
1975.5833  -48.7272
1975.6667  -51.3265
1975.7500  -53.1921
1975.8333  -56.3967
1975.9167  -50.0860
1976.0000  -47.8057
1976.0833  -48.6035
1976.1667  -49.8459
1976.2500  -51.6186
1976.3333  -36.9899
1976.4167  -35.9217
1976.5000  -19.4292
1976.5833  -11.2720
1976.6667  2.7362
1976.7500  11.0191
1976.8333  16.9520
1976.9167  14.4800
1977.0000  13.2680
1977.0833  10.9384
1977.1667  13.3451
1977.2500  9.9045
1977.3333  3.5513
1977.4167  8.2488
1977.5000  7.8758
1977.5833  0.7083
1977.6667  -5.9919
1977.7500  -6.9427
1977.8333  -9.4281
1977.9167  -11.5995
1978.0000  -10.5947
1978.0833  -11.7856
1978.1667  -14.1486
1978.2500  -12.5135
1978.3333  -26.4312
1978.4167  -31.1117
1978.5000  -17.4898
1978.5833  -9.2588
1978.6667  -9.1052
1978.7500  -9.7609
1978.8333  -5.0649
1978.9167  0.6905
1979.0000  1.1145
1979.0833  3.3547
1979.1667  9.2847
1979.2500  9.6338
1979.3333  24.4926
1979.4167  26.6483
1979.5000  15.5014
1979.5833  9.3468
1979.6667  3.2845
1979.7500  -1.9799
1979.8333  -9.1063
1979.9167  -10.3487
1980.0000  -6.5737
1980.0833  -3.7228
1980.1667  -5.9080
1980.2500  -4.1862
1980.3333  -9.7547
1980.4167  -12.2484
1980.5000  -25.5816
1980.5833  -37.5620
1980.6667  -40.7657
1980.7500  -28.7561
1980.8333  -30.8455
1980.9167  -22.5535
1981.0000  -26.2745
1981.0833  -31.0428
1981.1667  -36.6373
1981.2500  -31.3699
1981.3333  -30.5086
1981.4167  -28.4358
1981.5000  -11.2801
1981.5833  3.7191
1981.6667  13.5382
1981.7500  -1.0841
1981.8333  2.5504
1981.9167  -7.4692
1982.0000  -7.0558
1982.0833  -6.3130
1982.1667  -1.4642
1982.2500  -1.8882
1982.3333  3.2514
1982.4167  12.8911
1982.5000  5.1165
1982.5833  5.3731
1982.6667  -7.3311
1982.7500  -5.8983
1982.8333  3.5786
1982.9167  16.8431
1983.0000  14.5408
1983.0833  14.0000
1983.1667  9.6591
1983.2500  7.4872
1983.3333  2.9266
1983.4167  -3.0736
1983.5000  2.5084
1983.5833  4.4745
1983.6667  2.1836
1983.7500  -1.9759
1983.8333  -10.1847
1983.9167  -21.1655
1984.0000  -20.5088
1984.0833  -21.8700
1984.1667  -23.0902
1984.2500  -28.5604
1984.3333  -30.9018
1984.4167  -21.4477
1984.5000  -30.0615
1984.5833  -33.5226
1984.6667  -24.5518
1984.7500  -19.3008
1984.8333  -13.7468
1984.9167  -13.5199
1985.0000  -10.2013
1985.0833  -3.4642
1985.1667  8.9685
1985.2500  7.0306
1985.3333  -0.9635
1985.4167  -15.5958
1985.5000  -7.9367
1985.5833  -6.5038
1985.6667  -11.8133
1985.7500  -9.0881
1985.8333  -12.6992
1985.9167  -7.8938
1986.0000  -10.7230
1986.0833  -12.3862
1986.1667  -19.8029
1986.2500  -22.0081
1986.3333  -14.6320
1986.4167  -9.7472
1986.5000  -14.0738
1986.5833  -25.7143
1986.6667  -20.8825
1986.7500  -23.3285
1986.8333  -18.0113
1986.9167  -27.3587
1987.0000  -24.7302
1987.0833  -25.5492
1987.1667  -24.0887
1987.2500  -12.5728
1987.3333  -1.0923
1987.4167  -4.6025
1987.5000  0.9117
1987.5833  26.6687
1987.6667  32.1687
1987.7500  34.1617
1987.8333  31.1965
1987.9167  40.4742
1988.0000  39.1954
1988.0833  46.8436
1988.1667  49.7218
1988.2500  44.8780
1988.3333  37.3016
1988.4167  39.9196
1988.5000  28.6080
1988.5833  14.3501
1988.6667  19.5654
1988.7500  25.1140
1988.8333  24.9105
1988.9167  18.5216
1989.0000  18.0772
1989.0833  5.6443
1989.1667  6.1929
1989.2500  3.8457
1989.3333  1.6791
1989.4167  5.3388
1989.5000  24.2317
1989.5833  33.6425
1989.6667  46.8081
1989.7500  38.9486
1989.8333  34.7971
1989.9167  33.3388
1990.0000  36.9708
1990.0833  42.1721
1990.1667  38.2138
1990.2500  37.9360
1990.3333  44.2208
1990.4167  40.3180
1990.5000  21.0958
1990.5833  10.3039
1990.6667  -17.9786
1990.7500  -17.5566
1990.8333  -16.0966
1990.9167  -27.0410
1991.0000  -26.2633
1991.0833  -24.7147
1991.1667  -27.8605
1991.2500  -24.4299
1991.3333  -33.7427
1991.4167  -32.9809
1991.5000  -37.4280
1991.5833  -47.9752
1991.6667  -47.1040
1991.7500  -52.8214
1991.8333  -52.0315
1991.9167  -42.3202
1992.0000  -49.1423
1992.0833  -49.8505
1992.1667  -39.1872
1992.2500  -41.2638
1992.3333  -46.9002
1992.4167  -47.8979
1992.5000  -39.5880
1992.5833  -20.7158
1992.6667  -31.0719
1992.7500  -31.1628
1992.8333  -27.5643
1992.9167  -22.8219
1993.0000  -20.4666
1993.0833  -22.7949
1993.1667  -35.3538
1993.2500  -29.8084
1993.3333  -24.6569
1993.4167  -28.0909
1993.5000  -24.0660
1993.5833  -30.3227
1993.6667  -11.9894
1993.7500  -3.9666
1993.8333  -10.4666
1993.9167  -7.3682
1994.0000  -8.4012
1994.0833  -9.5373
1994.1667  -3.8942
1994.2500  -6.7018
1994.3333  -2.4457
1994.4167  4.1272
1994.5000  8.6231
1994.5833  13.1948
1994.6667  21.2533
1994.7500  21.3468
1994.8333  20.1667
1994.9167  16.6026
1995.0000  12.7988
1995.0833  18.1384
1995.1667  13.0735
1995.2500  12.5798
1995.3333  15.6267
1995.4167  16.5278
1995.5000  8.2746
1995.5833  16.3206
1995.6667  2.2513
1995.7500  -0.9678
1995.8333  7.3145
1995.9167  9.6374
1996.0000  11.8631
1996.0833  7.0652
1996.1667  8.9563
1996.2500  4.6102
1996.3333  1.5362
1996.4167  -2.7584
1996.5000  -7.0780
1996.5833  -24.9736
1996.6667  -14.6913
1996.7500  -17.4741
1996.8333  -26.5834
1996.9167  -25.7011
1997.0000  -15.7666
1997.0833  -17.7187
1997.1667  -13.0136
1997.2500  -10.4880
1997.3333  -11.0560
1997.4167  1.0209
1997.5000  9.5380
1997.5833  17.0848
1997.6667  8.9162
1997.7500  7.0725
1997.8333  21.9182
1997.9167  15.6721
1998.0000  12.3389
1998.0833  19.4215
1998.1667  15.3378
1998.2500  20.4877
1998.3333  20.6805
1998.4167  3.8991
1998.5000  -3.7341
1998.5833  -4.4249
1998.6667  -13.3663
1998.7500  -8.6450
1998.8333  -17.9869
1998.9167  -15.3950
1999.0000  -20.4513
1999.0833  -25.0093
1999.1667  -19.6903
1999.2500  -14.6414
1999.3333  -14.7074
1999.4167  -16.0082
1999.5000  -10.5389
1999.5833  -24.1672
1999.6667  -13.7236
1999.7500  -20.7244
1999.8333  -14.0616
1999.9167  -13.1765
2000.0000  -13.0884
2000.0833  -12.3566
2000.1667  -17.1496
2000.2500  -22.5086
2000.3333  -19.5354
2000.4167  -1.6584
2000.5000  14.6465
2000.5833  36.3063
2000.6667  31.0849
2000.7500  52.3717
2000.8333  46.4187
2000.9167  41.6934
2001.0000  40.1769
2001.0833  41.8284
2001.1667  43.9668
2001.2500  38.5813
2001.3333  42.2539
2001.4167  19.5088
2001.5000  -8.4281
2001.5833  -11.9281
2001.6667  1.0511
2001.7500  -10.9152
2001.8333  -9.3995
2001.9167  1.2672
2002.0000  7.2950
2002.0833  6.6526
2002.1667  5.0608
2002.2500  6.4084
2002.3333  2.2381
2002.4167  26.9150
2002.5000  41.0376
2002.5833  34.9449
2002.6667  25.1938
2002.7500  27.1154
2002.8333  30.6564
2002.9167  30.1066
2003.0000  36.4275
2003.0833  43.1445
2003.1667  47.2988
2003.2500  48.9200
2003.3333  45.6928
2003.4167  39.6625
2003.5000  36.2854
2003.5833  42.2192
2003.6667  41.4995
2003.7500  39.3404
2003.8333  39.0222
2003.9167  35.4025
2004.0000  29.2510
2004.0833  24.9328
2004.1667  31.7785
2004.2500  34.3796
2004.3333  47.9622
2004.4167  32.9097
2004.5000  30.3796
2004.5833  14.0071
2004.6667  -1.7360
2004.7500  -8.9623
2004.8333  -15.3245
2004.9167  -21.8645
2005.0000  -28.1446
2005.0833  -33.8590
2005.1667  -48.7655
2005.2500  -56.4625
2005.3333  -71.4317
2005.4167  -68.0963
2005.5000  -76.2940
2005.5833  -78.7518
2005.6667  -68.9323
2005.7500  -62.7595
2005.8333  -66.1093
2005.9167  -64.1260
2006.0000  -66.5535
2006.0833  -67.1851
2006.1667  -66.5458
2006.2500  -58.4019
2006.3333  -48.7021
2006.4167  -36.7400
2006.5000  -28.1079
2006.5833  -17.5932
2006.6667  -4.5837
2006.7500  -9.1779
2006.8333  -14.5694
2006.9167  -12.3905
2007.0000  -3.1348
2007.0833  3.6869
2007.1667  3.7134
2007.2500  -8.9157
2007.3333  -24.6604
2007.4167  -43.4523
2007.5000  -46.6266
2007.5833  -40.5887
2007.6667  -46.9657
2007.7500  -40.9471
2007.8333  -28.3067
2007.9167  -26.4463
2008.0000  -31.7578
2008.0833  -33.6410
2008.1667  -27.3901
2008.2500  -22.4353
2008.3333  -18.2360
2008.4167  -14.2243
2008.5000  -18.7395
2008.5833  -20.4975
2008.6667  -24.8381
2008.7500  -31.0773
2008.8333  -34.0860
2008.9167  -38.6964
2009.0000  -36.7880
2009.0833  -34.1883
2009.1667  -35.5292
2009.2500  -39.8246
2009.3333  -39.7867
2009.4167  -22.4172
2009.5000  -7.4537
2009.5833  -15.6307
2009.6667  -4.8882
2009.7500  -1.0765
2009.8333  -5.1537
2009.9167  -8.4613
2010.0000  -11.1609
2010.0833  -15.4307
2010.1667  -18.2254
2010.2500  -11.9873
2010.3333  -7.9038
2010.4167  -15.2861
2010.5000  -26.6533
2010.5833  -27.5360
2010.6667  -31.6727
2010.7500  -38.7715
2010.8333  -37.3807
2010.9167  -32.6393
2011.0000  -29.8974
2011.0833  -30.1390
2011.1667  -28.3583
2011.2500  -27.9655
2011.3333  -32.7468
2011.4167  -35.9236
2011.5000  -31.6904
2011.5833  -35.0489
2011.6667  -57.2660
2011.7500  -63.5377
2011.8333  -57.2527
2011.9167  -57.7855
2012.0000  -54.9882
2012.0833  -54.4395
2012.1667  -49.9209
2012.2500  -50.3865
2012.3333  -43.9388
2012.4167  -41.1386
2012.5000  -38.4968
2012.5833  -29.3341
2012.6667  -17.1152
2012.7500  -0.8416
2012.8333  -3.0726
2012.9167  -3.0363
2013.0000  -10.6349
2013.0833  -12.7645
2013.1667  -17.8979
2013.2500  -20.6812
2013.3333  -19.3729
2013.4167  -31.0812
2013.5000  -26.2895
2013.5833  -13.0062
2013.6667  13.3438
2013.7500  9.4605
2013.8333  11.1938
2013.9167  12.1771
2014.0000  14.5271
2014.0833  16.7023
2014.1667  19.0690
2014.2500  20.8857
2014.3333  22.3190
2014.4167  42.2453
2014.5000  29.5105
2014.5833  14.6543
2014.6667  -11.1296
2014.7500  -17.6652
2014.8333  -25.2445
2014.9167  -23.3697
2015.0000  -25.5926
2015.0833  -23.6655
2015.1667  -21.9031
2015.2500  -21.8706
2015.3333  -28.5401
2015.4167  -39.8079
2015.5000  -26.4283
2015.5833  -14.4178
2015.6667  -1.6081
2015.7500  2.2874
2015.8333  10.4665
2015.9167  11.8562
2016.0000  18.3018
2016.0833  15.8662
2016.1667  11.2286
2016.2500  14.8004
2016.3333  9.4605
2016.4167  7.1559
2016.5000  -5.6641
2016.5833  -24.1521
2016.6667  -26.7489
2016.7500  -22.3341
2016.8333  -31.2549
2016.9167  -29.6473
2017.0000  -27.5505
2017.0833  -23.5342
2017.1667  -20.6845
2017.2500  -19.6856
2017.3333  -13.3029
2017.4167  -15.5856
2017.5000  -13.5025
2017.5833  -1.2180
2017.6667  -9.5229
2017.7500  2.9277
2017.8333  14.9095
2017.9167  9.5669
2018.0000  4.2706
2018.0833  0.9715
2018.1667  -0.6780
2018.2500  -5.4951
2018.3333  -9.7054
2018.4167  1.9445
2018.5000  8.3953
2018.5833  -3.7195
2018.6667  2.8068
2018.7500  -9.0931
2018.8333  -8.8472
2018.9167  -7.5209
2019.0000  -2.0002
2019.0833  1.7350
2019.1667  5.0018
2019.2500  6.1479
2019.3333  15.3516
2019.4167  16.9974
2019.5000  24.2536
2019.5833  37.5591
2019.6667  47.9732
2019.7500  48.3191
2019.8333  44.9465
2019.9167  44.9191
2020.0000  48.6510
2020.0833  47.0469
2020.1667  50.3462
2020.2500  51.1015
2020.3333  51.2885
2020.4167  46.0419
2020.5000  47.1879
2020.5833  42.9463
2020.6667  42.8928
2020.7500  38.7980
2020.8333  32.8222
2020.9167  39.2188
2021.0000  32.5064
2021.0833  33.4416
2021.1667  27.6747
2021.2500  30.3795
2021.3333  29.2952
2021.4167  20.7969
2021.5000  12.3504
2021.5833  4.5855
2021.6667  -4.1839
2021.7500  -2.8616
2021.8333  2.8319
2021.9167  -2.6181
2022.0000  1.6043
2022.0833  -2.9018
2022.1667  -4.2070
2022.2500  -3.1063
2022.3333  -0.0244
2022.4167  21.4432
2022.5000  28.7872
2022.5833  42.6607
2022.6667  32.2597
2022.7500  45.2047
2022.8333  47.9661
2022.9167  44.7459
2023.0000  46.3956
2023.0833  57.6513
2023.1667  63.8717
2023.2500  70.9114
2023.3333  78.1351
2023.4167  75.6487
2023.5000  75.5346
2023.5833  75.9952
2023.6667  98.6341
2023.7500  103.0669
2023.8333  111.0537
2023.9167  122.4764
2024.0000  121.6695
2024.0833  119.2195
2024.1667  123.0179
2024.2500  117.4507
2024.3333  112.1958
2024.4167  102.3389
2024.5000  89.2515
2024.5833  93.2064
2024.6667  84.9720
2024.7500  77.9905
2024.8333  72.3739
2024.9167  68.4302
2025.0000  67.9049
2025.0833  66.9266
2025.1667  67.7662
2025.2500  73.9059
2025.3333  68.9376
2025.4167  79.7360
2025.5000  98.5112
