offs    0.00000000000
bg      0.00014145030
impA    0.00000000000
impB    0.00000000000
impC    0.00000000000
delA    4.50148962022
delB    0.79873573316
asym    0.02610921972
ann1    0.01741549995
ann2    1.23644816177
sem1   -0.01411169369
sem2   -0.94478557426
year   -0.00002792676
IR     -0.00000000000
ma     -0.00000000000
mp     -0.00010295780
shfT   -0.00000000000
init   -0.00356428096
   27.32166155400   0.00677130971  -1.43707718664
   27.21222081500   0.03098418188  -0.72322871806
 1095.17502233364   0.00010036589   0.45486488202
    9.08286783775   0.00510873773   1.36489936364
    6.81670784238   0.00144929232  -0.01188388826
   13.63341568476   0.00438556347   9.91212585461
   13.66083077700  -0.00318151320  20.71837075478
   13.60611040750  -0.00210918590  20.81789505539
   27.55454988600  -0.00524800160   3.27203428596
   13.77727494300  -0.00298068109  23.29857871097
 6793.47648813065   0.00068426455  -0.10424212794
 1616.30271425126  -0.00092582312  -1.17598245960
   27.09267692660  -0.00243408032   2.04061171558
    9.09502787633   0.00222183365   0.84239872558
   13.69115772864   0.00104350295   4.29864030938
 1305.66025845931  -0.00039139551  -0.49371563187
   27.44323926226  -0.00168660738   1.22972470766
   27.66676714572  -0.00102267641   2.86090509542
 2190.35004466729   0.00165344668   2.14334021364
   26.98505934729   0.00237175558   5.33847007953
 6167.20701373239  -0.00024980030 -11.41412094993
 -3232.60542850251   0.00042948088  -0.25124973871
 -2120.90900683440  -0.00190911463  -0.23426401162
   27.33282433123  -0.00039922138  54.86437802056
   13.71880577217   0.00351328499   1.77558970578
    9.13295078376   0.00006252177   0.82379441849
    9.12068919638   0.00078747626   0.52282289899
    9.10846048884   0.00176621530   0.80527275063
 3396.73824406533   0.00122408790 -32.51400578521
 1656.31999626209   0.00024850430   5.34726737871
   27.10365333842  -0.00035758343   2.22492831344
ltep   -9.46389965771
ltep  -23.87525943466
ltep   18.68216048000
ltep  100.00000000000
ltep   10.00000000000
ltep  200.00000000000
ltep  600.00000000000
ltep   70.00000000000
ltep  150.00000000000
ltep  400.00000000000
ltep    0.50000000000
harm  5
harm  6
harm  0
