offs    0.00000000000
bg      0.00014145452
impA    0.00000000000
impB    0.00000000000
impC    0.00000000000
delA    4.54270898216
delB    0.72718786582
asym    0.00000041879
ann1   10.67580608815
ann2   -1.99713066585
sem1    3.63631980929
sem2    0.00247583805
year   -0.00002792655
IR     -0.00000000000
ma     -0.00000000000
mp      0.00012435573
shfT   -0.00000000000
init   -0.00787440139
   27.32166155400   0.00626806952  -1.31002431702
   27.21222081500   0.03055821495  -0.75233619646
 1095.17502233364   0.00072699365   0.00070001031
    9.08286783775   0.00425521990   1.43830388988
    6.81670784238   0.00112516412   0.37390260189
   13.63341568476   0.00499307675  16.09463415781
   13.66083077700  -0.00264280239  14.70742394146
   13.60611040750  -0.00176889164  20.88020333796
   27.55454988600  -0.00443175265   3.03389718963
   13.77727494300  -0.00234521978  78.45498373456
 6793.47648813065   0.00066718001 -23.98759115770
 1616.30271425126  -0.00058482014   0.61614500406
   27.09267692660  -0.00213656272   1.55869603808
    9.09502787633   0.00257623320   0.60882833219
   13.69115772864   0.00033707241  -1.87195782341
 1305.66025845931   0.00031369386   1.53158189921
   27.44323926226   0.00000497020   0.19062987261
   27.66676714572  -0.00100279300   2.70208486845
 2190.35004466729   0.00142314311   2.07807187701
   26.98505934729   0.00113564694   6.48423942460
 6167.20701373239  -0.00011569388  -3.87450593756
 -3232.60542850251   0.00088189270   0.24924612685
 -2120.90900683440  -0.00237477250  -0.32617778695
   27.33282433123  -0.00026668140  15.22760054064
   13.71880577217   0.00305724691 -16.79593283746
    9.13295078376   0.00008313122   7.99423777544
    9.12068919638   0.00072894151   0.73457047258
    9.10846048884   0.00138679758   1.04083320443
 3396.73824406533   0.00119765720 -39.18223934030
ltep   23.73045828770
ltep    2.60508043774
ltep    3.91413290270
ltep   12.28983519434
ltep   11.21165301861
ltep   -2.09107104701
ltep    3.18081070896
ltep    3.58245503554
ltep  -61.72163523927
ltep  -17.10853873324
ltep    9.89513841622
harm  54
harm  50
harm  48
harm  18
harm  42
harm  52
harm  2217
harm  8734
harm  8775
harm  9280
harm  50
harm  80
harm  219
harm  186
harm  261
harm  133
harm  55
harm  683
harm  490
harm  1196
harm  119
harm  173
harm  284
harm  23
harm  74
harm  58
harm  139
harm  0
