offs    0.00000000000
bg      0.00014145030
impA    0.00000000000
impB    0.00000000000
impC    0.00000000000
delA    4.53572257355
delB    0.79873573316
asym    0.07465033848
ann1    0.39761417775
ann2   -2.21446348381
sem1   -0.21550276164
sem2   -0.95634808824
year   -0.00002792676
IR     -0.00000000000
ma     -0.00000000000
mp      0.00011492059
shfT   -0.00000000000
init   -0.00277699316
   27.32166155400   0.00672624135  -1.41616656155
   27.21222081500   0.03100661445  -0.72632829382
 1095.17502233364   0.00016485786  -0.55267053583
    9.08286783775   0.00511985744   1.40239980737
    6.81670784238   0.00142326942  -0.02976652265
   13.63341568476   0.00463355127   9.93571866426
   13.66083077700  -0.00331576368  20.78232510162
   13.60611040750  -0.00214064009  20.93331752850
   27.55454988600  -0.00510113413   3.18326552973
   13.77727494300  -0.00332503527  23.29516275869
 6793.47648813065   0.00068461165  -0.08762605272
 1616.30271425126  -0.00099944479  -1.14971846725
   27.09267692660  -0.00242004977   2.09169665191
    9.09502787633   0.00235107981   0.86089059616
   13.69115772864   0.00103234100   4.15012118169
 1305.66025845931  -0.00039691002  -0.42499325767
   27.44323926226  -0.00162901027   1.31980724428
   27.66676714572  -0.00098350559   2.76438621373
 2190.35004466729   0.00166673802   2.13046950616
   26.98505934729   0.00212379454   5.52356475406
 6167.20701373239  -0.00023771522 -11.68204323344
 -3232.60542850251   0.00046617450   0.48540393376
 -2120.90900683440  -0.00201458875  -0.18606110835
   27.33282433123  -0.00054360744  54.73165952227
   13.71880577217   0.00339491915   1.83136386413
    9.13295078376   0.00006196826   0.91601041729
    9.12068919638   0.00077168566   0.54982618734
    9.10846048884   0.00180300175   0.78964073598
 3396.73824406533   0.00105829566 -32.49995489833
 1656.31999626209   0.00021250766   5.48652730562
   27.10365333842  -0.00029386535   2.71527039160
ltep  -12.22302136525
ltep   23.68162408989
ltep   18.68216048000
ltep  100.00000000000
ltep   10.00000000000
ltep  200.00000000000
ltep  600.00000000000
ltep   70.00000000000
ltep  150.00000000000
ltep  400.00000000000
ltep    0.50000000000
harm  40
harm  19
harm  26
harm  0
