offs    0.00000000000
bg      0.00014145452
impA    0.00000000000
impB    0.00000000000
impC    0.00000000000
delA    4.55315624194
delB    0.72718786582
asym   -0.00339838558
ann1    0.04081711485
ann2   -1.29080248762
sem1   -0.02110877071
sem2    2.56140588312
year   -0.00002792655
IR     -0.00000000000
ma     -0.00000000000
mp      0.00011893531
shfT   -0.00000000000
init   -0.00738469799
   27.32166155400   0.00628533505  -1.35910843713
   27.21222081500   0.03072624703  -0.74976225306
 1095.17502233364   0.00051221216  -0.72167220573
    9.08286783775   0.00418733217   1.44221948311
    6.81670784238   0.00094648537   0.40394931433
   13.63341568476   0.00551393948   9.75237483078
   13.66083077700  -0.00279139686  14.68233652562
   13.60611040750  -0.00179911745  20.48069678397
   27.55454988600  -0.00432631386   3.04869244677
   13.77727494300  -0.00224199799  28.27700782474
 6793.47648813065   0.00074906171 -23.96039822135
 1616.30271425126  -0.00075663960   0.53106215746
   27.09267692660  -0.00192008977   1.72437571839
    9.09502787633   0.00251781300   0.64926267494
   13.69115772864   0.00027729199  -1.40042415161
 1305.66025845931   0.00025229498   1.11846160900
   27.44323926226  -0.00010249210   0.23932130001
   27.66676714572  -0.00102718704   2.80028274429
 2190.35004466729   0.00126196564   1.90104072877
   26.98505934729   0.00091042526   6.48232684531
 6167.20701373239  -0.00007847024  -2.80189544534
 -3232.60542850251   0.00078064151   0.30180579370
 -2120.90900683440  -0.00190669446  -0.31869322814
   27.33282433123  -0.00019259529   8.30861775637
   13.71880577217   0.00278673402 -16.73244468890
    9.13295078376   0.00007098892   8.02066380685
    9.12068919638   0.00076454664   0.69903843502
    9.10846048884   0.00125089811   0.93867849468
 3396.73824406533   0.00130897806 -40.42227959213
ltep   22.44376067975
ltep    2.60851015171
ltep    3.91413290270
ltep   12.28983519434
ltep   11.21165301861
ltep   -2.09107104701
ltep    3.18081070896
ltep    3.58245503554
ltep  -61.72163523927
ltep  -17.10853873324
ltep    9.89513841622
harm  45
harm  50
harm  48
harm  18
harm  24
harm  34
harm  2217
harm  8734
harm  8775
harm  9280
harm  50
harm  80
harm  219
harm  186
harm  261
harm  133
harm  55
harm  683
harm  490
harm  1196
harm  119
harm  173
harm  284
harm  23
harm  74
harm  58
harm  139
harm  0
