offs    0.00000000000
bg      0.00014134959
impA    0.00000000000
impB    0.00000000000
impC    0.00000000000
delA    4.56531751458
delB    0.79253785742
asym    0.00918794986
ann1  -26.54272918387
ann2    4.21668859033
sem1   -0.23096597498
sem2   -0.16339994851
year   -0.00002792655
IR     -0.00000000000
ma     -0.00000000000
mp      0.00009350343
shfT   -0.00000000000
init   -0.00862512133
   27.32166155400   0.00631157278  -1.56884215163
   27.21222081500   0.03118065148  -0.76977334819
 1095.17502233364   0.00017131634  -0.68122747926
    9.08286783775   0.00436882135   1.44391081796
    6.81670784238   0.00128381680   0.43772340734
   13.63341568476   0.00515784987   9.80002665740
   13.66083077700  -0.00243676923  14.80542738394
   13.60611040750  -0.00198721273  20.56816244235
   27.55454988600  -0.00468242317   3.06070499279
   13.77727494300  -0.00246914013  78.77824129855
 6793.47648813065   0.00075675078 -25.38241545653
 1616.30271425126  -0.00064119226   0.51408188380
   27.09267692660   0.00175082129   2.04870862438
    9.09502787633   0.00247766144   0.61339086968
   13.69115772864   0.00021414333  -3.06566671230
 1305.66025845931   0.00044238481   0.94683364024
   27.44323926226  -0.00004824785   0.96387341467
   27.66676714572  -0.00113607202   3.11958442874
 2190.35004466729   0.00134949321   2.05629206575
   26.98505934729   0.00120423955   5.93628732725
 6167.20701373239  -0.00004095471  -5.05330589667
 -3232.60542850251   0.00077420801   0.44947868547
 -2120.90900683440  -0.00205047720  -0.27604482773
   27.33282433123  -0.00034093576 -10.01011313034
   13.71880577217   0.00297643819 -16.72384599284
    9.13295078376   0.00007881167   7.74594870382
    9.12068919638   0.00079019858   0.77029508136
    9.10846048884   0.00137857261   1.15258577422
 3396.73824406533   0.00137501311 -39.33046970440
ltep   16.85830399463
ltep   -2.62675299727
ltep    3.91402317089
ltep   12.29285407350
ltep   11.25670457421
ltep   -2.09107104701
ltep    3.18081070896
ltep    3.58245503554
ltep  -61.72163523927
ltep  -17.10853873324
ltep    9.81765405618
harm  183
harm  50
harm  48
harm  18
harm  19
harm  39
harm  2217
harm  8734
harm  8775
harm  9280
harm  50
harm  80
harm  219
harm  186
harm  261
harm  133
harm  55
harm  683
harm  490
harm  1196
harm  119
harm  173
harm  284
harm  23
harm  74
harm  58
harm  139
harm  0
