offs    0.00000000000
bg      0.00014145030
impA    0.00000000000
impB    0.00000000000
impC    0.00000000000
delA    4.51766314811
delB    0.79873573316
asym    0.04055882665
ann1   39.23057047550
ann2    1.03653240690
sem1   -9.22282258065
sem2   -0.75420995385
year   -0.00002792676
IR     -0.00000000000
ma     -0.00000000000
mp     -0.00009819680
shfT   -0.00000000000
init   -0.00324987705
   27.32166155400   0.00690157236  -1.40149740763
   27.21222081500   0.03093896170  -0.72732575818
 1095.17502233364   0.00010612755  -0.82299044011
    9.08286783775   0.00505855070   1.37968655402
    6.81670784238   0.00138926210  -0.01193417121
   13.63341568476   0.00436222567   9.98432245743
   13.66083077700  -0.00319978852  20.77799817417
   13.60611040750  -0.00213397472  20.81401660467
   27.55454988600  -0.00534211459   3.22065095630
   13.77727494300  -0.00303839129  23.32418319043
 6793.47648813065   0.00069746191  -0.10660036969
 1616.30271425126  -0.00094801214  -1.18402033275
   27.09267692660  -0.00252518300   2.08036843965
    9.09502787633   0.00237051609   0.83211401631
   13.69115772864   0.00110145541   4.27561089303
 1305.66025845931  -0.00040104827  -0.48897670171
   27.44323926226  -0.00168569938   1.29740083408
   27.66676714572  -0.00094379780   2.92889124828
 2190.35004466729   0.00171203887   2.13368643145
   26.98505934729   0.00238298977   5.36477264110
 6167.20701373239  -0.00021432010 -11.72349098602
 -3232.60542850251   0.00038781268  -0.31612615604
 -2120.90900683440  -0.00194026786  -0.22983900029
   27.33282433123  -0.00045472028  67.13103017373
   13.71880577217   0.00363381591   1.75737132914
    9.13295078376   0.00005808420   0.84659530780
    9.12068919638   0.00079485790   0.52741611691
    9.10846048884   0.00180179402   0.78500468530
 3396.73824406533   0.00120257919 -32.53301907980
 1656.31999626209   0.00030452396   5.02172938727
   27.10365333842  -0.00038120119   2.30774382430
ltep    9.56969599733
ltep   23.52251719571
ltep   18.68216048000
ltep  100.00000000000
ltep   10.00000000000
ltep  200.00000000000
ltep  600.00000000000
ltep   70.00000000000
ltep  150.00000000000
ltep  400.00000000000
ltep    0.50000000000
harm  35
harm  6
harm  0
