1880.5000  -69.7413
1880.5833  -45.2413
1880.6667  -33.5191
1880.7500  -21.8247
1880.8333  -8.0747
1880.9167  -8.7691
1881.0000  -2.7969
1881.0833  0.3976
1881.1667  0.1198
1881.2500  5.6198
1881.3333  8.0087
1881.4167  -1.5191
1881.5000  0.1198
1881.5833  -18.5874
1881.6667  -34.6140
1881.7500  -39.8350
1881.8333  -55.6810
1881.9167  -58.7637
1882.0000  -63.5407
1882.0833  -61.3173
1882.1667  -66.1147
1882.2500  -64.7594
1882.3333  -65.8832
1882.4167  -55.8820
1882.5000  -43.3878
1882.5833  -29.9711
1882.6667  -21.5544
1882.7500  -12.7836
1882.8333  -8.4294
1882.9167  -0.4428
1883.0000  8.8701
1883.0833  10.8076
1883.1667  11.6826
1883.2500  6.5576
1883.3333  1.0160
1883.4167  -8.9424
1883.5000  -22.4215
1883.5833  -29.8609
1883.6667  -31.4754
1883.7500  -39.5106
1883.8333  -32.8209
1883.9167  -40.6103
1884.0000  -45.5039
1884.0833  -48.3891
1884.1667  -45.6411
1884.2500  -46.5513
1884.3333  -45.8324
1884.4167  -44.8218
1884.5000  -40.0946
1884.5833  -37.1279
1884.6667  -32.7113
1884.7500  -28.4437
1884.8333  -34.0261
1884.9167  -30.0947
1885.0000  -32.9688
1885.0833  -33.0318
1885.1667  -30.8670
1885.2500  -27.1828
1885.3333  -20.8569
1885.4167  -8.6282
1885.5000  -9.9218
1885.5833  -2.4205
1885.6667  -0.3527
1885.7500  1.2810
1885.8333  -1.6686
1885.9167  -4.7322
1886.0000  -0.5902
1886.0833  -0.0260
1886.1667  -2.8729
1886.2500  -5.9892
1886.3333  -12.1472
1886.4167  -18.3746
1886.5000  -13.3299
1886.5833  -16.2996
1886.6667  -24.9166
1886.7500  -29.8698
1886.8333  -29.8368
1886.9167  -31.8010
1887.0000  -38.8319
1887.0833  -42.5350
1887.1667  -44.2714
1887.2500  -43.5579
1887.3333  -40.6915
1887.4167  -31.1169
1887.5000  -28.4672
1887.5833  -29.4394
1887.6667  -12.8700
1887.7500  1.9495
1887.8333  15.2272
1887.9167  23.7967
1888.0000  35.2967
1888.0833  49.5319
1888.1667  57.4004
1888.2500  61.7190
1888.3333  61.5516
1888.4167  55.0770
1888.5000  49.3888
1888.5833  46.2715
1888.6667  40.3765
1888.7500  36.7732
1888.8333  33.4060
1888.9167  34.6499
1889.0000  33.9215
1889.0833  24.7774
1889.1667  17.8611
1889.2500  15.4392
1889.3333  24.8088
1889.4167  16.8745
1889.5000  12.6122
1889.5833  7.9042
1889.6667  -0.0260
1889.7500  -11.4701
1889.8333  -19.5531
1889.9167  -25.6777
1890.0000  -35.8996
1890.0833  -40.2043
1890.1667  -42.3567
1890.2500  -47.4836
1890.3333  -63.5527
1890.4167  -59.1357
1890.5000  -49.0381
1890.5833  -43.5798
1890.6667  -50.7881
1890.7500  -50.4409
1890.8333  -51.4270
1890.9167  -48.6492
1891.0000  -43.8992
1891.0833  -39.3442
1891.1667  -36.8720
1891.2500  -33.5086
1891.3333  -26.1614
1891.4167  -21.5642
1891.5000  -30.7864
1891.5833  -21.5086
1891.6667  0.4914
1891.7500  14.8108
1891.8333  20.1364
1891.9167  19.0253
1892.0000  19.1780
1892.0833  18.8725
1892.1667  19.2336
1892.2500  16.2197
1892.3333  18.8447
1892.4167  11.1503
1892.5000  11.6503
1892.5833  10.7475
1892.6667  0.3864
1892.7500  -13.5303
1892.8333  -20.1336
1892.9167  -18.7864
1893.0000  -19.6059
1893.0833  -20.8697
1893.1667  -21.4114
1893.2500  -15.0364
1893.3333  -19.8420
1893.4167  -8.2725
1893.5000  -4.2170
1893.5833  -12.4531
1893.6667  -21.4531
1893.7500  -25.9809
1893.8333  -26.8142
1893.9167  -32.0920
1894.0000  -37.1197
1894.0833  -41.4392
1894.1667  -46.4947
1894.2500  -51.6336
1894.3333  -52.3559
1894.4167  -64.9253
1894.5000  -68.7864
1894.5833  -56.4531
1894.6667  -36.5086
1894.7500  -20.4253
1894.8333  -9.3142
1894.9167  -5.5225
1895.0000  2.7275
1895.0833  9.5886
1895.1667  13.3525
1895.2500  13.1441
1895.3333  18.2275
1895.4167  24.0330
1895.5000  35.0219
1895.5833  25.4948
1895.6667  13.5233
1895.7500  1.9162
1895.8333  -8.6181
1895.9167  -11.5982
1896.0000  -12.9591
1896.0833  -16.4830
1896.1667  -13.3994
1896.2500  -10.1435
1896.3333  -9.8399
1896.4167  -2.6128
1896.5000  -4.1800
1896.5833  1.8034
1896.6667  2.6619
1896.7500  7.1003
1896.8333  13.3895
1896.9167  20.1246
1897.0000  20.4349
1897.0833  24.2966
1897.1667  26.3905
1897.2500  31.5937
1897.3333  32.1809
1897.4167  18.6034
1897.5000  9.4477
1897.5833  -9.3371
1897.6667  -8.2143
1897.7500  -4.0129
1897.8333  -4.7212
1897.9167  -8.1726
1898.0000  -8.2282
1898.0833  -12.7833
1898.1667  -17.8431
1898.2500  -26.6894
1898.3333  -23.0926
1898.4167  -12.5268
1898.5000  -9.9876
1898.5833  1.8389
1898.6667  4.4323
1898.7500  -4.6918
1898.8333  -8.6770
1898.9167  -12.2663
1899.0000  -17.8140
1899.0833  -19.5169
1899.1667  -17.9195
1899.2500  -9.8041
1899.3333  -15.9942
1899.4167  -24.2108
1899.5000  -17.4405
1899.5833  -13.2227
1899.6667  -2.1239
1899.7500  7.4125
1899.8333  7.9847
1899.9167  15.7033
1900.0000  21.9651
1900.0833  25.8469
1900.1667  29.8767
1900.2500  24.2641
1900.3333  24.7808
1900.4167  35.6409
1900.5000  30.6523
1900.5833  26.4210
1900.6667  17.0616
1900.7500  17.7043
1900.8333  19.3369
1900.9167  12.1485
1901.0000  10.2830
1901.0833  10.3336
1901.1667  7.2698
1901.2500  15.8869
1901.3333  19.6980
1901.4167  16.7606
1901.5000  24.7517
1901.5833  23.5612
1901.6667  32.3202
1901.7500  31.8143
1901.8333  36.8916
1901.9167  38.3083
1902.0000  39.7131
1902.0833  38.5881
1902.1667  41.4690
1902.2500  36.0166
1902.3333  38.5404
1902.4167  36.3136
1902.5000  28.2793
1902.5833  27.4162
1902.6667  6.3209
1902.7500  -2.2267
1902.8333  -4.7029
1902.9167  -4.1017
1903.0000  -1.5303
1903.0833  1.1959
1903.1667  -1.2267
1903.2500  -0.3160
1903.3333  -3.3934
1903.4167  -1.8815
1903.5000  9.8255
1903.5833  12.5339
1903.6667  30.8791
1903.7500  38.9505
1903.8333  35.3177
1903.9167  30.9486
1904.0000  27.2403
1904.0833  24.3712
1904.1667  24.0439
1904.2500  22.6264
1904.3333  18.8467
1904.4167  16.4538
1904.5000  8.8407
1904.5833  3.8996
1904.6667  -13.5714
1904.7500  -19.2446
1904.8333  -17.8578
1904.9167  -15.6446
1905.0000  -15.2023
1905.0833  -15.7089
1905.1667  -17.7069
1905.2500  -19.2068
1905.3333  -16.9277
1905.4167  -9.9364
1905.5000  -19.6931
1905.5833  -16.9389
1905.6667  -7.0950
1905.7500  -5.4527
1905.8333  -11.1329
1905.9167  -7.6217
1906.0000  -8.6053
1906.0833  -7.9778
1906.1667  -6.8060
1906.2500  -7.3251
1906.3333  -8.3134
1906.4167  -13.6162
1906.5000  -2.4168
1906.5833  -7.4334
1906.6667  -7.5057
1906.7500  -12.4334
1906.8333  -5.5470
1906.9167  -8.8401
1907.0000  -11.4457
1907.0833  -13.6337
1907.1667  -15.1615
1907.2500  -15.7052
1907.3333  -15.4252
1907.4167  -15.9696
1907.5000  -18.5307
1907.5833  -14.7085
1907.6667  -21.9530
1907.7500  -18.8418
1907.8333  -21.2898
1907.9167  -24.8898
1908.0000  -25.5164
1908.0833  -26.3477
1908.1667  -25.9123
1908.2500  -30.4567
1908.3333  -37.8424
1908.4167  -40.8848
1908.5000  -43.8852
1908.5833  -46.1108
1908.6667  -41.3864
1908.7500  -31.8453
1908.8333  -35.6038
1908.9167  -35.7405
1909.0000  -37.6228
1909.0833  -38.5004
1909.1667  -38.5725
1909.2500  -32.2147
1909.3333  -27.2851
1909.4167  -18.2835
1909.5000  -11.5017
1909.5833  -4.5847
1909.6667  4.5737
1909.7500  -4.3479
1909.8333  1.6851
1909.9167  11.0395
1910.0000  17.6188
1910.0833  23.4703
1910.1667  23.0015
1910.2500  23.3549
1910.3333  22.5643
1910.4167  22.1543
1910.5000  21.5078
1910.5833  15.7059
1910.6667  0.5565
1910.7500  0.7316
1910.8333  2.1819
1910.9167  -0.0638
1911.0000  -4.7473
1911.0833  -11.0321
1911.1667  -11.0595
1911.2500  -13.5374
1911.3333  -14.1152
1911.4167  -21.6940
1911.5000  -29.5108
1911.5833  -25.3171
1911.6667  -9.1987
1911.7500  -11.7776
1911.8333  -16.0946
1911.9167  -20.3616
1912.0000  -15.2593
1912.0833  -9.4219
1912.1667  -6.1581
1912.2500  -2.5960
1912.3333  -1.4908
1912.4167  0.6785
1912.5000  -0.0864
1912.5833  0.1940
1912.6667  -10.4807
1912.7500  -13.0720
1912.8333  -10.4839
1912.9167  -10.7129
1913.0000  -16.7628
1913.0833  -17.7328
1913.1667  -17.8796
1913.2500  -14.6376
1913.3333  -8.2442
1913.4167  -7.7288
1913.5000  -5.1006
1913.5833  -2.2259
1913.6667  -1.1512
1913.7500  6.9118
1913.8333  -0.4261
1913.9167  -0.7971
1914.0000  4.4033
1914.0833  6.5105
1914.1667  5.6753
1914.2500  0.2388
1914.3333  -4.9341
1914.4167  2.8241
1914.5000  7.1684
1914.5833  16.1377
1914.6667  25.4758
1914.7500  28.7864
1914.8333  36.1408
1914.9167  40.5167
1915.0000  41.6808
1915.0833  40.1844
1915.1667  42.2248
1915.2500  43.6061
1915.3333  48.3526
1915.4167  46.9342
1915.5000  51.4281
1915.5833  34.2488
1915.6667  27.6894
1915.7500  40.0560
1915.8333  41.7307
1915.9167  43.0309
1916.0000  41.2468
1916.0833  39.4975
1916.1667  39.4634
1916.2500  42.4460
1916.3333  37.0895
1916.4167  34.6269
1916.5000  37.0424
1916.5833  55.2444
1916.6667  61.8664
1916.7500  51.5440
1916.8333  53.8541
1916.9167  53.5438
1917.0000  51.8066
1917.0833  54.7797
1917.1667  54.1418
1917.2500  47.5875
1917.3333  48.1664
1917.4167  41.4121
1917.5000  29.1242
1917.5833  15.1983
1917.6667  -3.0919
1917.7500  -14.2266
1917.8333  -18.4356
1917.9167  -23.5397
1918.0000  -27.3244
1918.0833  -30.2921
1918.1667  -34.9387
1918.2500  -30.3901
1918.3333  -27.2494
1918.4167  -27.3512
1918.5000  -25.0550
1918.5833  -16.8690
1918.6667  1.4032
1918.7500  10.9485
1918.8333  16.0677
1918.9167  17.4995
1919.0000  21.3556
1919.0833  25.2571
1919.1667  30.4086
1919.2500  32.7041
1919.3333  33.0071
1919.4167  43.7420
1919.5000  47.6662
1919.5833  46.0940
1919.6667  33.1339
1919.7500  25.4325
1919.8333  22.5644
1919.9167  21.0646
1920.0000  20.8008
1920.0833  15.9935
1920.1667  13.7657
1920.2500  9.4475
1920.3333  9.2960
1920.4167  -2.6813
1920.5000  -7.1510
1920.5833  -16.3635
1920.6667  -16.7522
1920.7500  -26.4555
1920.8333  -33.7999
1920.9167  -35.1467
1921.0000  -35.4981
1921.0833  -38.7497
1921.1667  -40.5386
1921.2500  -45.0620
1921.3333  -54.6729
1921.4167  -53.7216
1921.5000  -56.5455
1921.5833  -50.5555
1921.6667  -41.9611
1921.7500  -26.4133
1921.8333  -19.3238
1921.9167  -17.5605
1922.0000  -15.1539
1922.0833  -7.0029
1922.1667  -1.2521
1922.2500  6.4440
1922.3333  15.9966
1922.4167  17.8455
1922.5000  22.9860
1922.5833  18.9512
1922.6667  20.6199
1922.7500  22.6153
1922.8333  24.0817
1922.9167  27.6926
1923.0000  27.9086
1923.0833  26.6227
1923.1667  24.4625
1923.2500  21.8316
1923.3333  15.7944
1923.4167  15.6607
1923.5000  18.3624
1923.5833  25.6726
1923.6667  27.0915
1923.7500  25.3125
1923.8333  25.3474
1923.9167  28.0892
1924.0000  31.6487
1924.0833  34.8392
1924.1667  37.6807
1924.2500  40.8823
1924.3333  43.8948
1924.4167  42.5871
1924.5000  32.4286
1924.5833  14.3084
1924.6667  -5.2998
1924.7500  -17.1462
1924.8333  -26.8021
1924.9167  -31.9342
1925.0000  -34.6777
1925.0833  -35.4570
1925.1667  -37.4938
1925.2500  -40.7092
1925.3333  -43.9423
1925.4167  -44.6595
1925.5000  -33.0974
1925.5833  -9.4307
1925.6667  14.5094
1925.7500  27.1737
1925.8333  35.2333
1925.9167  41.7809
1926.0000  46.6185
1926.0833  51.0731
1926.1667  53.9460
1926.2500  56.0522
1926.3333  57.5631
1926.4167  60.0502
1926.5000  53.0968
1926.5833  47.1572
1926.6667  36.1208
1926.7500  30.8740
1926.8333  29.6547
1926.9167  26.4145
1927.0000  23.8856
1927.0833  21.2085
1927.1667  21.8439
1927.2500  23.1270
1927.3333  23.6497
1927.4167  22.4686
1927.5000  25.3008
1927.5833  17.1269
1927.6667  15.6422
1927.7500  13.4868
1927.8333  12.7157
1927.9167  11.9746
1928.0000  10.4720
1928.0833  5.7136
1928.1667  0.7170
1928.2500  -3.7866
1928.3333  -7.5297
1928.4167  -5.8680
1928.5000  -6.2709
1928.5833  -3.8341
1928.6667  -2.7482
1928.7500  -9.6466
1928.8333  -17.2445
1928.9167  -20.2335
1929.0000  -19.1833
1929.0833  -16.9224
1929.1667  -14.6166
1929.2500  -12.7703
1929.3333  -9.7365
1929.4167  -11.7957
1929.5000  -14.8633
1929.5833  -23.6159
1929.6667  -27.8022
1929.7500  -28.0639
1929.8333  -23.5491
1929.9167  -24.2806
1930.0000  -31.8747
1930.0833  -36.5592
1930.1667  -43.3211
1930.2500  -47.0654
1930.3333  -50.1511
1930.4167  -54.8537
1930.5000  -55.6397
1930.5833  -47.5351
1930.6667  -38.3995
1930.7500  -23.6983
1930.8333  -20.9227
1930.9167  -17.8266
1931.0000  -9.0509
1931.0833  -0.6342
1931.1667  7.1606
1931.2500  9.3017
1931.3333  10.0324
1931.4167  14.2504
1931.5000  7.1455
1931.5833  0.1623
1931.6667  -14.7098
1931.7500  -23.7607
1931.8333  -27.6005
1931.9167  -26.2735
1932.0000  -26.4722
1932.0833  -29.7479
1932.1667  -32.3761
1932.2500  -31.2543
1932.3333  -29.4210
1932.4167  -33.5910
1932.5000  -33.7924
1932.5833  -34.7212
1932.6667  -30.2839
1932.7500  -35.4687
1932.8333  -41.0767
1932.9167  -44.9989
1933.0000  -49.4335
1933.0833  -51.4938
1933.1667  -53.4452
1933.2500  -54.5337
1933.3333  -53.2100
1933.4167  -42.9623
1933.5000  -28.4079
1933.5833  -19.8901
1933.6667  -22.8853
1933.7500  -14.3253
1933.8333  -5.7012
1933.9167  -4.6859
1934.0000  -8.3697
1934.0833  -13.2671
1934.1667  -14.4726
1934.2500  -15.1484
1934.3333  -21.9349
1934.4167  -31.2833
1934.5000  -39.3084
1934.5833  -42.8072
1934.6667  -36.1104
1934.7500  -39.8275
1934.8333  -44.2867
1934.9167  -45.8276
1935.0000  -45.5800
1935.0833  -46.8413
1935.1667  -49.8987
1935.2500  -56.1251
1935.3333  -54.1032
1935.4167  -47.4962
1935.5000  -41.0286
1935.5833  -31.5530
1935.6667  -17.3969
1935.7500  -3.1024
1935.8333  8.8187
1935.9167  18.0651
1936.0000  27.5615
1936.0833  40.1079
1936.1667  46.4296
1936.2500  51.1098
1936.3333  54.7854
1936.4167  52.8566
1936.5000  47.6376
1936.5833  40.3043
1936.6667  35.3876
1936.7500  35.0943
1936.8333  36.1952
1936.9167  33.2624
1937.0000  29.8158
1937.0833  24.5684
1937.1667  24.2447
1937.2500  31.1634
1937.3333  34.7162
1937.4167  38.9176
1937.5000  48.7033
1937.5833  56.5969
1937.6667  54.1781
1937.7500  41.5114
1937.8333  33.3170
1937.9167  32.7545
1938.0000  31.8933
1938.0833  30.8447
1938.1667  31.1503
1938.2500  27.4489
1938.3333  22.0502
1938.4167  13.3621
1938.5000  4.1536
1938.5833  1.1000
1938.6667  -5.5646
1938.7500  -4.3479
1938.8333  -7.3886
1938.9167  -9.9187
1939.0000  -9.5876
1939.0833  -6.0925
1939.1667  -1.9906
1939.2500  2.2293
1939.3333  8.4104
1939.4167  12.7213
1939.5000  16.1011
1939.5833  19.4491
1939.6667  28.6676
1939.7500  31.7743
1939.8333  37.8475
1939.9167  46.7275
1940.0000  56.4755
1940.0833  63.3803
1940.1667  63.4983
1940.2500  59.5261
1940.3333  59.1025
1940.4167  62.3942
1940.5000  61.3965
1940.5833  66.2384
1940.6667  73.4041
1940.7500  84.5364
1940.8333  92.8902
1940.9167  93.9820
1941.0000  93.3586
1941.0833  95.2201
1941.1667  98.9628
1941.2500  102.1916
1941.3333  99.9968
1941.4167  101.0311
1941.5000  96.8665
1941.5833  87.2385
1941.6667  78.8147
1941.7500  70.1478
1941.8333  58.8244
1941.9167  51.8571
1942.0000  47.0899
1942.0833  39.0802
1942.1667  32.0578
1942.2500  30.2812
1942.3333  30.2060
1942.4167  26.5655
1942.5000  25.7092
1942.5833  24.9153
1942.6667  13.1767
1942.7500  1.3055
1942.8333  -8.8763
1942.9167  -20.5430
1943.0000  -32.4445
1943.0833  -44.0722
1943.1667  -48.9302
1943.2500  -53.8511
1943.3333  -56.0869
1943.4167  -60.1185
1943.5000  -60.9320
1943.5833  -67.2647
1943.6667  -60.1218
1943.7500  -48.8218
1943.8333  -37.6213
1943.9167  -28.0586
1944.0000  -19.7725
1944.0833  -10.1412
1944.1667  -6.0294
1944.2500  -4.0791
1944.3333  -2.1579
1944.4167  2.4144
1944.5000  8.4520
1944.5833  20.1653
1944.6667  16.3221
1944.7500  8.0976
1944.8333  4.9364
1944.9167  1.6020
1945.0000  -1.3986
1945.0833  -5.0499
1945.1667  -8.0813
1945.2500  -9.3633
1945.3333  -14.7327
1945.4167  -16.8132
1945.5000  -17.8031
1945.5833  -26.9336
1945.6667  -29.5576
1945.7500  -20.2096
1945.8333  -18.4252
1945.9167  -12.5245
1946.0000  -9.3135
1946.0833  -8.7694
1946.1667  -6.3135
1946.2500  -5.3331
1946.3333  -3.2792
1946.4167  -4.0096
1946.5000  -5.7154
1946.5833  -7.5139
1946.6667  2.5835
1946.7500  4.3104
1946.8333  3.0506
1946.9167  -0.4899
1947.0000  -5.1064
1947.0833  -4.4150
1947.1667  -7.8161
1947.2500  -7.5698
1947.3333  -8.2105
1947.4167  -10.0016
1947.5000  -8.2568
1947.5833  1.9880
1947.6667  4.5791
1947.7500  -0.4551
1947.8333  3.8089
1947.9167  6.9105
1948.0000  12.3648
1948.0833  15.1247
1948.1667  20.6287
1948.2500  24.4775
1948.3333  27.5321
1948.4167  24.9941
1948.5000  18.9245
1948.5833  3.2948
1948.6667  -16.7052
1948.7500  -23.9730
1948.8333  -33.9357
1948.9167  -42.7746
1949.0000  -52.4024
1949.0833  -59.3912
1949.1667  -64.5579
1949.2500  -65.9538
1949.3333  -68.1831
1949.4167  -62.6790
1949.5000  -58.8911
1949.5833  -48.5593
1949.6667  -38.0553
1949.7500  -34.0445
1949.8333  -25.7611
1949.9167  -22.1960
1950.0000  -20.4253
1950.0833  -20.4935
1950.1667  -21.8617
1950.2500  -26.8895
1950.3333  -26.2340
1950.4167  -26.3691
1950.5000  -20.7324
1950.5833  -12.3974
1950.6667  -0.3489
1950.7500  11.6695
1950.8333  14.7909
1950.9167  24.3256
1951.0000  35.3043
1951.0833  42.9410
1951.1667  48.7748
1951.2500  54.4308
1951.3333  56.1424
1951.4167  56.1167
1951.5000  47.1709
1951.5833  37.8814
1951.6667  30.6439
1951.7500  24.0849
1951.8333  20.5228
1951.9167  12.9004
1952.0000  5.4655
1952.0833  1.2442
1952.1667  -2.4072
1952.2500  -6.6770
1952.3333  -8.7939
1952.4167  -6.8585
1952.5000  4.6432
1952.5833  13.0903
1952.6667  17.3469
1952.7500  11.5504
1952.8333  13.4525
1952.9167  15.3999
1953.0000  22.4555
1953.0833  24.5368
1953.1667  27.1011
1953.2500  30.4079
1953.3333  32.5886
1953.4167  23.3929
1953.5000  8.8438
1953.5833  -4.1132
1953.6667  -9.8258
1953.7500  -7.5729
1953.8333  -16.8390
1953.9167  -19.1936
1954.0000  -26.3447
1954.0833  -27.3959
1954.1667  -29.1135
1954.2500  -32.3044
1954.3333  -33.8843
1954.4167  -23.4633
1954.5000  -13.8454
1954.5833  -5.4965
1954.6667  2.4014
1954.7500  7.8123
1954.8333  12.7075
1954.9167  8.0621
1955.0000  5.4269
1955.0833  5.5976
1955.1667  9.3111
1955.2500  14.8695
1955.3333  22.2985
1955.4167  24.9367
1955.5000  23.6104
1955.5833  23.9313
1955.6667  21.4103
1955.7500  19.0861
1955.8333  22.1059
1955.9167  23.9687
1956.0000  24.3208
1956.0833  21.4493
1956.1667  17.2991
1956.2500  11.0522
1956.3333  -0.4149
1956.4167  -9.6213
1956.5000  -16.1685
1956.5833  -24.5373
1956.6667  -35.1390
1956.7500  -42.3026
1956.8333  -50.7539
1956.9167  -51.6870
1957.0000  -53.0342
1957.0833  -55.0077
1957.1667  -59.2423
1957.2500  -60.9321
1957.3333  -58.9623
1957.4167  -55.6835
1957.5000  -50.3169
1957.5833  -45.0625
1957.6667  -43.0752
1957.7500  -33.1510
1957.8333  -21.4692
1957.9167  -18.4313
1958.0000  -12.4152
1958.0833  -8.4114
1958.1667  -3.8925
1958.2500  -0.1887
1958.3333  0.8764
1958.4167  -4.1614
1958.5000  1.5208
1958.5833  3.3802
1958.6667  -4.7221
1958.7500  -11.7221
1958.8333  -19.3888
1958.9167  -22.4872
1959.0000  -27.7183
1959.0833  -31.0516
1959.1667  -33.6388
1959.2500  -37.2661
1959.3333  -41.6620
1959.4167  -36.2245
1959.5000  -37.2266
1959.5833  -33.5616
1959.6667  -17.8094
1959.7500  -10.0279
1959.8333  -8.3659
1959.9167  -6.7521
1960.0000  -6.5063
1960.0833  -4.1961
1960.1667  0.8682
1960.2500  8.3974
1960.3333  23.9857
1960.4167  30.6079
1960.5000  32.3467
1960.5833  30.9158
1960.6667  25.4898
1960.7500  13.3803
1960.8333  14.7241
1960.9167  18.2978
1961.0000  21.7438
1961.0833  20.7149
1961.1667  17.0957
1961.2500  10.3395
1961.3333  2.0397
1961.4167  0.5497
1961.5000  -0.7791
1961.5833  -2.5599
1961.6667  -6.1547
1961.7500  6.8201
1961.8333  6.2796
1961.9167  1.4310
1962.0000  -3.5742
1962.0833  -4.2437
1962.1667  -5.5525
1962.2500  -2.6489
1962.3333  -2.6868
1962.4167  -2.3701
1962.5000  -5.3471
1962.5833  2.9956
1962.6667  18.6317
1962.7500  12.1800
1962.8333  16.4416
1962.9167  20.5439
1963.0000  28.0697
1963.0833  30.3411
1963.1667  31.6295
1963.2500  32.9285
1963.3333  31.3578
1963.4167  30.2293
1963.5000  35.1440
1963.5833  14.4324
1963.6667  -1.2661
1963.7500  0.9101
1963.8333  -5.8536
1963.9167  -11.5048
1964.0000  -14.6237
1964.0833  -18.6440
1964.1667  -19.4964
1964.2500  -22.9950
1964.3333  -21.9281
1964.4167  -30.0200
1964.5000  -35.2477
1964.5833  -24.3367
1964.6667  -18.1362
1964.7500  -22.4427
1964.8333  -20.5033
1964.9167  -17.3298
1965.0000  -18.0312
1965.0833  -15.3158
1965.1667  -15.4041
1965.2500  -11.7246
1965.3333  -9.7665
1965.4167  -3.9139
1965.5000  -4.9054
1965.5833  -0.9546
1965.6667  6.1243
1965.7500  7.9373
1965.8333  10.7214
1965.9167  11.3606
1966.0000  12.2767
1966.0833  15.4650
1966.1667  20.6851
1966.2500  22.1374
1966.3333  26.3780
1966.4167  30.1072
1966.5000  32.0133
1966.5833  27.4685
1966.6667  14.3910
1966.7500  9.0542
1966.8333  8.6202
1966.9167  10.5038
1967.0000  7.3480
1967.0833  3.1940
1967.1667  0.0592
1967.2500  -0.7500
1967.3333  -6.3599
1967.4167  -8.7214
1967.5000  -9.1515
1967.5833  -9.7490
1967.6667  -2.6991
1967.7500  1.8525
1967.8333  -2.6061
1967.9167  -5.6810
1968.0000  -3.5401
1968.0833  -4.2149
1968.1667  -4.7055
1968.2500  -4.6854
1968.3333  -6.7553
1968.4167  -2.4515
1968.5000  3.2639
1968.5833  9.2090
1968.6667  14.1312
1968.7500  23.3935
1968.8333  25.5648
1968.9167  28.5148
1969.0000  30.6058
1969.0833  29.8237
1969.1667  32.1780
1969.2500  32.4931
1969.3333  32.9671
1969.4167  25.4813
1969.5000  24.2618
1969.5833  30.4386
1969.6667  30.6160
1969.7500  29.8128
1969.8333  34.5640
1969.9167  34.3395
1970.0000  34.5111
1970.0833  39.1998
1970.1667  39.9587
1970.2500  38.8256
1970.3333  38.6519
1970.4167  35.3234
1970.5000  28.1619
1970.5833  22.4828
1970.6667  14.3395
1970.7500  10.1210
1970.8333  11.7462
1970.9167  12.4733
1971.0000  12.3211
1971.0833  9.2600
1971.1667  7.5568
1971.2500  4.4142
1971.3333  -0.2280
1971.4167  0.7653
1971.5000  -4.2361
1971.5833  -7.4334
1971.6667  -5.3235
1971.7500  -10.5779
1971.8333  -18.0558
1971.9167  -20.8990
1972.0000  -24.9735
1972.0833  -24.7681
1972.1667  -26.5938
1972.2500  -22.9634
1972.3333  -17.0793
1972.4167  -18.3103
1972.5000  -19.0649
1972.5833  -26.4450
1972.6667  -31.3565
1972.7500  -35.8759
1972.8333  -37.5540
1972.9167  -40.7914
1973.0000  -40.5400
1973.0833  -39.9764
1973.1667  -42.3467
1973.2500  -44.9390
1973.3333  -46.3460
1973.4167  -47.9616
1973.5000  -42.0914
1973.5833  -40.5585
1973.6667  -35.5880
1973.7500  -31.0806
1973.8333  -29.6474
1973.9167  -28.0315
1974.0000  -27.4950
1974.0833  -28.3946
1974.1667  -25.1625
1974.2500  -21.6136
1974.3333  -18.3016
1974.4167  -13.2434
1974.5000  -13.6750
1974.5833  -11.9569
1974.6667  -14.0395
1974.7500  -9.5819
1974.8333  -9.4532
1974.9167  -7.5628
1975.0000  -5.1858
1975.0833  -2.3256
1975.1667  -0.8204
1975.2500  -3.2074
1975.3333  -5.0676
1975.4167  -6.8230
1975.5000  -9.0850
1975.5833  -12.0193
1975.6667  -12.2905
1975.7500  -20.4738
1975.8333  -20.0244
1975.9167  -24.3607
1976.0000  -29.4410
1976.0833  -32.6005
1976.1667  -34.5467
1976.2500  -33.6905
1976.3333  -27.6146
1976.4167  -23.4520
1976.5000  -14.6597
1976.5833  -6.3256
1976.6667  -0.5191
1976.7500  5.5365
1976.8333  7.7389
1976.9167  14.3222
1977.0000  19.4859
1977.0833  21.6747
1977.1667  22.3202
1977.2500  21.4872
1977.3333  14.1277
1977.4167  9.2113
1977.5000  2.4764
1977.5833  0.6639
1977.6667  2.3475
1977.7500  4.4760
1977.8333  9.4492
1977.9167  12.2289
1978.0000  13.3149
1978.0833  13.8426
1978.1667  15.3845
1978.2500  17.3264
1978.3333  19.1635
1978.4167  13.9691
1978.5000  19.3259
1978.5833  23.5577
1978.6667  27.7359
1978.7500  27.4202
1978.8333  26.2550
1978.9167  21.5727
1979.0000  22.8019
1979.0833  23.8875
1979.1667  26.3600
1979.2500  25.3603
1979.3333  29.3064
1979.4167  39.6590
1979.5000  35.6313
1979.5833  33.0318
1979.6667  19.5325
1979.7500  17.2955
1979.8333  13.3877
1979.9167  15.6138
1980.0000  12.8937
1980.0833  10.7481
1980.1667  6.5142
1980.2500  4.5275
1980.3333  5.3330
1980.4167  4.8455
1980.5000  1.7413
1980.5833  -2.3551
1980.6667  -0.6004
1980.7500  3.2136
1980.8333  4.0979
1980.9167  4.3257
1981.0000  5.0229
1981.0833  4.5391
1981.1667  4.8446
1981.2500  6.5235
1981.3333  3.2590
1981.4167  -2.9648
1981.5000  8.4395
1981.5833  15.3030
1981.6667  15.0564
1981.7500  9.9870
1981.8333  9.6672
1981.9167  3.2451
1982.0000  -0.0895
1982.0833  -0.3343
1982.1667  -0.8819
1982.2500  -0.3933
1982.3333  -1.1674
1982.4167  0.3467
1982.5000  -9.7937
1982.5833  -24.4584
1982.6667  -24.0676
1982.7500  -25.9549
1982.8333  -28.0208
1982.9167  -24.1159
1983.0000  -26.4698
1983.0833  -27.6499
1983.1667  -28.4847
1983.2500  -31.0280
1983.3333  -36.7892
1983.4167  -34.7211
1983.5000  -33.4762
1983.5833  -28.9659
1983.6667  -30.4023
1983.7500  -24.3832
1983.8333  -21.5828
1983.9167  -18.4039
1984.0000  -15.6685
1984.0833  -18.0321
1984.1667  -19.5700
1984.2500  -17.5510
1984.3333  -14.8545
1984.4167  -10.6454
1984.5000  -14.9370
1984.5833  -8.3004
1984.6667  -9.7509
1984.7500  -18.6977
1984.8333  -23.6491
1984.9167  -26.4186
1985.0000  -26.5598
1985.0833  -25.5638
1985.1667  -24.8312
1985.2500  -29.2677
1985.3333  -32.4120
1985.4167  -34.2720
1985.5000  -33.2850
1985.5833  -32.8395
1985.6667  -19.2412
1985.7500  -16.2981
1985.8333  -12.5667
1985.9167  -14.9489
1986.0000  -12.8024
1986.0833  -8.0345
1986.1667  -5.2218
1986.2500  -1.8261
1986.3333  0.5549
1986.4167  -9.0868
1986.5000  -13.2595
1986.5833  -16.0066
1986.6667  -24.9114
1986.7500  -21.9934
1986.8333  -23.2269
1986.9167  -20.8610
1987.0000  -21.8610
1987.0833  -20.6450
1987.1667  -18.6958
1987.2500  -17.8383
1987.3333  -11.6486
1987.4167  -1.7003
1987.5000  10.9751
1987.5833  10.9553
1987.6667  10.5488
1987.7500  12.0230
1987.8333  11.8161
1987.9167  13.6013
1988.0000  17.6816
1988.0833  16.8089
1988.1667  16.1271
1988.2500  15.6203
1988.3333  14.0005
1988.4167  11.7854
1988.5000  6.0215
1988.5833  -2.7982
1988.6667  -15.3235
1988.7500  -19.8296
1988.8333  -18.8147
1988.9167  -23.0191
1989.0000  -28.0265
1989.0833  -31.0666
1989.1667  -34.1897
1989.2500  -34.4515
1989.3333  -38.8387
1989.4167  -36.4523
1989.5000  -33.5801
1989.5833  -32.8890
1989.6667  -24.2483
1989.7500  -31.6129
1989.8333  -34.8450
1989.9167  -37.8439
1990.0000  -38.1536
1990.0833  -38.6872
1990.1667  -39.4987
1990.2500  -40.9441
1990.3333  -37.4266
1990.4167  -38.1557
1990.5000  -35.3907
1990.5833  -31.2780
1990.6667  -31.8636
1990.7500  -22.0466
1990.8333  -21.5209
1990.9167  -18.2291
1991.0000  -15.8184
1991.0833  -11.4335
1991.1667  -7.4809
1991.2500  -4.3311
1991.3333  -1.1042
1991.4167  -1.0500
1991.5000  -9.0472
1991.5833  -12.7122
1991.6667  -19.5359
1991.7500  -28.4764
1991.8333  -26.7469
1991.9167  -32.1139
1992.0000  -32.6956
1992.0833  -36.7437
1992.1667  -39.2448
1992.2500  -45.0963
1992.3333  -44.2592
1992.4167  -48.4718
1992.5000  -44.3336
1992.5833  -46.7291
1992.6667  -46.9775
1992.7500  -44.1733
1992.8333  -48.2894
1992.9167  -42.1606
1993.0000  -45.0468
1993.0833  -48.3586
1993.1667  -50.0489
1993.2500  -43.5702
1993.3333  -44.2318
1993.4167  -41.8871
1993.5000  -43.4071
1993.5833  -35.1430
1993.6667  -23.8034
1993.7500  -23.9003
1993.8333  -19.4943
1993.9167  -16.6460
1994.0000  -16.7817
1994.0833  -12.1383
1994.1667  -8.2338
1994.2500  -7.4926
1994.3333  -8.2942
1994.4167  -7.1226
1994.5000  -8.1228
1994.5833  -7.4109
1994.6667  -8.4663
1994.7500  -2.5012
1994.8333  -3.9191
1994.9167  -5.9966
1995.0000  -1.7855
1995.0833  1.3870
1995.1667  2.5735
1995.2500  4.3340
1995.3333  1.0277
1995.4167  3.6929
1995.5000  12.9845
1995.5833  25.2484
1995.6667  30.0312
1995.7500  34.7223
1995.8333  36.2705
1995.9167  41.6849
1996.0000  37.2217
1996.0833  32.7885
1996.1667  31.1655
1996.2500  30.4119
1996.3333  35.0538
1996.4167  37.0099
1996.5000  40.7288
1996.5833  38.2818
1996.6667  27.6773
1996.7500  19.5608
1996.8333  16.4369
1996.9167  13.3127
1997.0000  19.3219
1997.0833  21.1067
1997.1667  21.8056
1997.2500  21.6337
1997.3333  23.7225
1997.4167  28.9994
1997.5000  28.0294
1997.5833  21.1735
1997.6667  27.2142
1997.7500  27.8772
1997.8333  34.5625
1997.9167  34.6824
1998.0000  31.1943
1998.0833  33.9941
1998.1667  36.8218
1998.2500  40.4098
1998.3333  39.0404
1998.4167  32.5544
1998.5000  21.8420
1998.5833  17.9614
1998.6667  19.5040
1998.7500  26.0561
1998.8333  24.7318
1998.9167  24.0647
1999.0000  24.5198
1999.0833  24.6771
1999.1667  27.2558
1999.2500  28.8744
1999.3333  30.8874
1999.4167  30.9712
1999.5000  33.2881
1999.5833  32.5206
1999.6667  28.1027
1999.7500  22.3201
1999.8333  28.5892
1999.9167  28.8522
2000.0000  26.4597
2000.0833  25.2000
2000.1667  18.1794
2000.2500  14.2531
2000.3333  11.5226
2000.4167  14.7086
2000.5000  19.0292
2000.5833  29.5830
2000.6667  33.8183
2000.7500  46.9292
2000.8333  38.7869
2000.9167  38.9562
2001.0000  41.5979
2001.0833  40.4682
2001.1667  42.4579
2001.2500  45.2715
2001.3333  44.8901
2001.4167  39.1056
2001.5000  32.0276
2001.5833  18.2525
2001.6667  15.3808
2001.7500  6.4466
2001.8333  11.2870
2001.9167  9.4587
2002.0000  9.9990
2002.0833  10.4516
2002.1667  13.3177
2002.2500  16.1471
2002.3333  19.2007
2002.4167  28.7943
2002.5000  39.0504
2002.5833  52.7166
2002.6667  54.0972
2002.7500  47.6213
2002.8333  43.4870
2002.9167  41.5753
2003.0000  41.8818
2003.0833  42.0390
2003.1667  41.0209
2003.2500  33.8382
2003.3333  35.8488
2003.4167  30.4532
2003.5000  25.6490
2003.5833  24.3276
2003.6667  25.9985
2003.7500  30.2305
2003.8333  31.3943
2003.9167  38.4408
2004.0000  37.8607
2004.0833  36.7663
2004.1667  37.8092
2004.2500  38.5413
2004.3333  37.2411
2004.4167  36.2138
2004.5000  33.3562
2004.5833  21.1184
2004.6667  15.2447
2004.7500  13.7651
2004.8333  8.3332
2004.9167  -0.5690
2005.0000  -3.4347
2005.0833  -5.3110
2005.1667  -8.7965
2005.2500  -11.0044
2005.3333  -19.2482
2005.4167  -24.3432
2005.5000  -25.9336
2005.5833  -26.1875
2005.6667  -23.9058
2005.7500  -18.6445
2005.8333  -17.7379
2005.9167  -19.5065
2006.0000  -21.2052
2006.0833  -21.7647
2006.1667  -20.9225
2006.2500  -19.4865
2006.3333  -14.2318
2006.4167  -13.8784
2006.5000  -22.3507
2006.5833  -22.8139
2006.6667  -21.3808
2006.7500  -26.3611
2006.8333  -30.3567
2006.9167  -26.8107
2007.0000  -23.5807
2007.0833  -25.3966
2007.1667  -29.8513
2007.2500  -34.4823
2007.3333  -38.9611
2007.4167  -40.1849
2007.5000  -37.0685
2007.5833  -35.0637
2007.6667  -46.1426
2007.7500  -44.1121
2007.8333  -35.9022
2007.9167  -36.5037
2008.0000  -38.9043
2008.0833  -38.7162
2008.1667  -39.9349
2008.2500  -38.3490
2008.3333  -42.0060
2008.4167  -38.9149
2008.5000  -31.5553
2008.5833  -28.6837
2008.6667  -11.6055
2008.7500  -13.1960
2008.8333  -17.9124
2008.9167  -19.2583
2009.0000  -15.0876
2009.0833  -13.8138
2009.1667  -12.7473
2009.2500  -11.7470
2009.3333  -4.5387
2009.4167  -4.1410
2009.5000  6.4823
2009.5833  18.3884
2009.6667  27.0687
2009.7500  33.5784
2009.8333  34.9275
2009.9167  40.5628
2010.0000  44.2852
2010.0833  47.2380
2010.1667  50.5985
2010.2500  55.2084
2010.3333  59.6480
2010.4167  67.7457
2010.5000  67.7030
2010.5833  60.9959
2010.6667  48.8386
2010.7500  42.2109
2010.8333  41.4477
2010.9167  38.8247
2011.0000  34.4272
2011.0833  35.9264
2011.1667  35.5501
2011.2500  32.4559
2011.3333  25.0895
2011.4167  15.3660
2011.5000  0.3802
2011.5833  -8.8047
2011.6667  -18.6332
2011.7500  -26.6190
2011.8333  -20.8759
2011.9167  -20.3096
2012.0000  -23.5568
2012.0833  -27.2043
2012.1667  -27.3067
2012.2500  -27.4525
2012.3333  -22.4319
2012.4167  -18.7835
2012.5000  -13.9857
2012.5833  -5.7418
2012.6667  5.2291
2012.7500  25.0461
2012.8333  24.3106
2012.9167  26.7852
2013.0000  28.3797
2013.0833  28.8361
2013.1667  29.5798
2013.2500  28.5140
2013.3333  26.1332
2013.4167  26.3819
2013.5000  19.4425
2013.5833  21.2378
2013.6667  22.0649
2013.7500  9.9355
2013.8333  9.5546
2013.9167  5.8273
2014.0000  7.5286
2014.0833  11.6799
2014.1667  13.4362
2014.2500  19.6662
2014.3333  19.8792
2014.4167  23.6320
2014.5000  31.9190
2014.5833  24.9443
2014.6667  24.6322
2014.7500  24.1967
2014.8333  17.0775
2014.9167  17.5998
2015.0000  14.8346
2015.0833  11.7975
2015.1667  10.8075
2015.2500  7.2216
2015.3333  10.1059
2015.4167  0.0287
2015.5000  -11.5174
2015.5833  -7.3296
2015.6667  -10.3685
2015.7500  -4.1899
2015.8333  1.7039
2015.9167  3.8485
2016.0000  6.5890
2016.0833  5.6419
2016.1667  2.2191
2016.2500  -0.0836
2016.3333  -4.6259
2016.4167  0.5799
2016.5000  0.6632
2016.5833  -6.7178
2016.6667  -12.5363
2016.7500  -22.0320
2016.8333  -30.0297
2016.9167  -32.4275
2017.0000  -36.0792
2017.0833  -35.8398
2017.1667  -35.7550
2017.2500  -36.7916
2017.3333  -42.7581
2017.4167  -45.7020
2017.5000  -41.0535
2017.5833  -36.1770
2017.6667  -31.1617
2017.7500  -11.3716
2017.8333  -3.4311
2017.9167  -0.5682
2018.0000  3.3068
2018.0833  4.1016
2018.1667  6.7479
2018.2500  7.1485
2018.3333  14.2700
2018.4167  20.8751
2018.5000  24.3047
2018.5833  26.4155
2018.6667  24.0717
2018.7500  4.2266
2018.8333  3.7628
2018.9167  1.7936
2019.0000  1.0068
2019.0833  3.5915
2019.1667  2.7845
2019.2500  2.8440
2019.3333  1.8758
2019.4167  5.0063
2019.5000  8.0199
2019.5833  1.4406
2019.6667  -1.2484
2019.7500  3.3246
2019.8333  -0.9298
2019.9167  -2.6214
2020.0000  1.4346
2020.0833  -1.0982
2020.1667  0.9739
2020.2500  1.8463
2020.3333  3.6656
2020.4167  -7.7073
2020.5000  -3.0875
2020.5833  6.7515
2020.6667  15.4923
2020.7500  7.6200
2020.8333  7.9619
2020.9167  6.6278
2021.0000  2.5674
2021.0833  3.0674
2021.1667  3.5167
2021.2500  4.4096
2021.3333  1.2636
2021.4167  6.6702
2021.5000  2.9465
2021.5833  -6.0416
2021.6667  -15.6190
2021.7500  -18.4035
2021.8333  -17.1928
2021.9167  -17.7699
2022.0000  -16.6904
2022.0833  -19.6488
2022.1667  -21.4671
2022.2500  -19.6636
2022.3333  -20.7399
2022.4167  -19.5760
2022.5000  -14.4302
2022.5833  -9.8284
2022.6667  -16.5962
2022.7500  -0.9990
2022.8333  0.7757
2022.9167  4.8534
2023.0000  10.0416
2023.0833  16.2290
2023.1667  19.6612
2023.2500  21.4109
2023.3333  30.7626
2023.4167  34.1224
2023.5000  30.5742
2023.5833  37.4317
2023.6667  54.2878
2023.7500  57.7162
2023.8333  64.0990
2023.9167  66.8408
2024.0000  64.9553
2024.0833  67.3433
2024.1667  69.3466
2024.2500  72.4124
2024.3333  71.6679
2024.4167  63.8580
2024.5000  58.6619
2024.5833  55.2976
2024.6667  47.7556
2024.7500  48.6274
2024.8333  49.5176
2024.9167  50.2635
2025.0000  47.8452
2025.0833  46.6828
2025.1667  47.1661
2025.2500  45.0314
2025.3333  41.2648
2025.4167  49.3246
2025.5000  52.9468
