offs    0.00000000000
bg      0.00014145030
impA    0.00000000000
impB    0.00000000000
impC    0.00000000000
delA    4.53641430981
delB    0.79873573316
asym   -0.01236449580
ann1    4.07995608224
ann2   -1.21411703536
sem1    0.76649378012
sem2   -0.57767058964
year   -0.00002792676
IR     -0.00000000000
ma     -0.00000000000
mp     -0.00008209311
shfT   -0.00000000000
init   -0.00012830292
   27.32166155400   0.00618978306  -1.60212557357
   27.21222081500   0.02990777402  -0.82201892442
 1095.17502233364   0.00095574378  -0.35867721522
    9.08286783775   0.00559573262   1.56340044508
    6.81670784238  -0.00073472181   0.38364116405
   13.63341568476   0.00503083336  16.31657119340
   13.66083077700  -0.00252030158  26.68242614789
   13.60611040750  -0.00252215183  20.37893606161
   27.55454988600  -0.00443262577   2.86597056419
   13.77727494300  -0.00247703373   5.09385386797
 6793.47648813065   0.00072159598   0.18580528746
 1616.30271425126  -0.00128836266  -1.47350179997
   27.09267692660  -0.00163183446   2.05306136365
    9.09502787633   0.00286159262   0.60941493966
   13.69115772864   0.00154753601  17.44364560846
 1305.66025845931  -0.00062975344   0.35010354654
   27.44323926226  -0.00138278394   0.93355232686
   27.66676714572  -0.00120114928   3.22892177108
 2190.35004466729   0.00192559954   1.74877677724
   26.98505934729   0.00228576839   5.83694259114
 6167.20701373239  -0.00023706378 -12.60037925919
 -3232.60542850251   0.00039332798   1.50984353484
 -2120.90900683440  -0.00126032517  -0.06113728720
   27.33282433123  -0.00045281604  14.90377284230
   13.71880577217   0.00439236541   1.58829581022
    9.13295078376   0.00005111193  -0.45521952668
    9.12068919638   0.00084393477   0.66525331396
    9.10846048884   0.00183599167   0.84387029863
 3396.73824406533   0.00173633067 -26.16578879886
 1656.31999626209   0.00071113286   7.83753750477
   27.10365333842  -0.00166557140   0.51756462190
ltep   23.46109915132
ltep    8.73629827598
ltep   18.68216048000
ltep  100.00000000000
ltep   10.00000000000
ltep  200.00000000000
ltep  600.00000000000
ltep   70.00000000000
ltep  150.00000000000
ltep  400.00000000000
ltep    0.50000000000
harm  2
harm  24
harm  0
