1865.0000333    -58.4155
1865.0833333    -50.24
1865.1666333    -48.3346
1865.2500333    -43.8181
1865.3333333    -39.221
1865.4166333    -46.23
1865.5000333    -30.6285
1865.5833333    -27.5911
1865.6666333    -29.1693
1865.7500333    -33.8245
1865.8333333    -24.6337
1865.9166333    -25.4429
1866.0000333    -14.7139
1866.0833333    -7.8311
1866.1666333    -0.1792
1866.2500333    -7.9121
1866.3333333    18.9703
1866.4166333    35.8526
1866.5000333    44.2732
1866.5833333    48.0784
1866.6666333    21.1142
1866.7500333    48.7652
1866.8333333    54.8777
1866.9166333    60.2208
1867.0000333    74.0253
1867.0833333    66.2912
1867.1666333    66.2494
1867.2500333    70.8228
1867.3333333    101.55
1867.4166333    83.8154
1867.5000333    63.0038
1867.5833333    83.7306
1867.6666333    69.0726
1867.7500333    76.7222
1867.8333333    58.2178
1867.9166333    65.8672
1868.0000333    65.8241
1868.0833333    61.1656
1868.1666333    61.8915
1868.2500333    67.2327
1868.3333333    62.5738
1868.4166333    42.5301
1868.5000333    24.0247
1868.5833333    46.2886
1868.6666333    11.6292
1868.7500333    -3.0304
1868.8333333    -3.0747
1868.9166333    6.1117
1869.0000333    1.4518
1869.0833333    3.7149
1869.1666333    11.3625
1869.2500333    33.6253
1869.3333333    52.8111
1869.4166333    50.4583
1869.5000333    45.0284
1869.5833333    21.1369
1869.6666333    -3.5239
1869.7500333    4.1228
1869.8333333    14.0771
1869.9166333    17.1082
1870.0000333    10.9084
1870.0833333    20.8623
1870.1666333    23.1239
1870.2500333    23.0775
1870.3333333    5.3388
1870.4166333    -36.2462
1870.5000333    -58.6006
1870.5833333    -64.032
1870.6666333    -37.925
1870.7500333    -34.1259
1870.8333333    -29.5577
1870.9166333    -24.2203
1871.0000333    -18.8831
1871.0833333    -12.7768
1871.1666333    -16.6705
1871.2500333    -25.9491
1871.3333333    -39.8431
1871.4166333    -38.3526
1871.5000333    -33.7853
1871.5833333    -36.9105
1871.6666333    -30.805
1871.7500333    -23.1612
1871.8333333    -23.2097
1871.9166333    -23.2584
1872.0000333    -21.7688
1872.0833333    -22.587
1872.1666333    -5.7129
1872.2500333    -4.2237
1872.3333333    9.5731
1872.4166333    9.5237
1872.5000333    7.1665
1872.5833333    -2.114
1872.6666333    -0.6253
1872.7500333    -5.2906
1872.8333333    -6.1098
1872.9166333    -0.7754
1873.0000333    6.0974
1873.0833333    12.2009
1873.1666333    22.1504
1873.2500333    15.9459
1873.3333333    25.1259
1873.4166333    29.6905
1873.5000333    48.101
1873.5833333    35.7422
1873.6666333    55.691
1873.7500333    73.3319
1873.8333333    73.2804
1873.9166333    75.5366
1874.0000333    72.4079
1874.0833333    76.2022
1874.1666333    74.6118
1874.2500333    74.5597
1874.3333333    65.2768
1874.4166333    55.2245
1874.5000333    41.249
1874.5833333    5.0426
1874.6666333    3.4515
1874.7500333    -11.5244
1874.8333333    -14.2696
1874.9166333    -7.938
1875.0000333    -13.2989
1875.0833333    -13.4291
1875.1666333    -19.0209
1875.2500333    -33.536
1875.3333333    -39.2819
1875.4166333    -37.4126
1875.5000333    -58.2357
1875.5833333    -59.7512
1875.6666333    -26.7284
1875.7500333    -27.5519
1875.8333333    -28.837
1875.9166333    -26.9684
1876.0000333    -19.5615
1876.0833333    -9.6931
1876.1666333    1.8675
1876.2500333    2.7356
1876.3333333    7.9113
1876.4166333    -5.6824
1876.5000333    12.3392
1876.5833333    58.4376
1876.6666333    73.7667
1876.7500333    57.5572
1876.8333333    69.0399
1876.9166333    83.5994
1877.0000333    94.3125
1877.0833333    100.41
1877.1666333    103.431
1877.2500333    107.221
1877.3333333    116.395
1877.4166333    119.415
1877.5000333    133.205
1877.5833333    104.686
1877.6666333    99.2446
1877.7500333    77.649
1877.8333333    80.6687
1877.9166333    85.2267
1878.0000333    91.3231
1878.0833333    86.6501
1878.1666333    88.1309
1878.2500333    81.9191
1878.3333333    66.4766
1878.4166333    55.6493
1878.5000333    40.2065
1878.5833333    25.5328
1878.6666333    18.5513
1878.7500333    -10.7381
1878.8333333    -10.7967
1878.9166333    -7.0093
1879.0000333    -3.2222
1879.0833333    -10.9735
1879.1666333    -13.3403
1879.2500333    -20.3227
1879.3333333    -19.6128
1879.4166333    -21.98
1879.5000333    -30.5012
1879.5833333    -17.4841
1879.6666333    -24.467
1879.7500333    -18.3732
1879.8333333    -17.664
1879.9166333    -7.7242
1880.0000333    -10.0923
1880.0833333    -18.6143
1880.1666333    -18.6749
1880.2500333    -10.2741
1880.3333333    0.4343
1880.4166333    25.758
1880.5000333    25.6968
1880.5833333    16.2511
1880.6666333    8.4975
1880.7500333    8.2821
1880.8333333    0.9898
1880.9166333    3.5436
1881.0000333    3.0202
1881.0833333    14.5737
1881.1666333    9.3578
1881.2500333    9.6033
1881.3333333    6.0026
1881.4166333    -5.5983
1881.5000333    -31.43
1881.5833333    -23.0311
1881.6666333    -3.3246
1881.7500333    -6.8491
1881.8333333    0.5495
1881.9166333    16.5633
1882.0000333    19.6539
1882.0833333    33.8982
1882.1666333    16.0655
1882.2500333    15.0019
1882.3333333    19.2459
1882.4166333    -2.2795
1882.5000333    -15.0358
1882.5833333    -29.7152
1882.6666333    -49.7794
1882.7500333    -74.0745
1882.8333333    -71.062
1882.9166333    -79.2035
1883.0000333    -83.8836
1883.0833333    -85.4868
1883.1666333    -105.552
1883.2500333    -96.386
1883.3333333    -78.3742
1883.4166333    -67.6703
1883.5000333    -38.8896
1883.5833333    -43.9551
1883.6666333    -48.2514
1883.7500333    -49.8557
1883.8333333    -34.5369
1883.9166333    -29.6029
1884.0000333    -20.4383
1884.0833333    -25.5045
1884.1666333    -25.1862
1884.2500333    -8.3297
1884.3333333    -17.627
1884.4166333    -19.6168
1884.5000333    -52.9914
1884.5833333    -68.8276
1884.6666333    -58.8946
1884.7500333    -56.8849
1884.8333333    -42.6445
1884.9166333    -41.3273
1885.0000333    -44.395
1885.0833333    -37.5395
1885.1666333    -26.6073
1885.2500333    -16.2907
1885.3333333    -40.2048
1885.4166333    -23.0422
1885.5000333    -33.1875
1885.5833333    -37.6404
1885.6666333    -54.5551
1885.7500333    -60.7007
1885.8333333    -57.0002
1885.9166333    -55.146
1886.0000333    -49.2151
1886.0833333    -41.6688
1886.1666333    -42.5072
1886.2500333    -58.6535
1886.3333333    -65.5692
1886.4166333    -38.5618
1886.5000333    -63.6316
1886.5833333    -76.086
1886.6666333    -65.5406
1886.7500333    -57.2261
1886.8333333    -55.2193
1886.9166333    -51.0589
1887.0000333    -54.2832
1887.0833333    -51.3537
1887.1666333    -46.1167
1887.2500333    -29.4952
1887.3333333    -17.6431
1887.4166333    -6.0987
1887.5000333    -27.4776
1887.5833333    -35.3181
1887.6666333    -36.9279
1887.7500333    -39.3841
1887.8333333    -35.9173
1887.9166333    -38.0659
1888.0000333    -24.1379
1888.0833333    -15.2868
1888.1666333    -24.5896
1888.2500333    -21.6619
1888.3333333    -42.2727
1888.4166333    -39.9606
1888.5000333    -60.0332
1888.5833333    -40.6444
1888.6666333    -23.4864
1888.7500333    -20.4056
1888.8333333    -19.6325
1888.9166333    -19.4749
1889.0000333    -8.9329
1889.0833333    -8.3909
1889.1666333    -6.1568
1889.2500333    -8.8459
1889.3333333    -14.612
1889.4166333    -15.9936
1889.5000333    -8.1446
1889.5833333    -26.8341
1889.6666333    -41.1391
1889.7500333    -43.3675
1889.8333333    -36.7496
1889.9166333    -29.055
1890.0000333    -18.8222
1890.0833333    -18.5893
1890.1666333    -33.1258
1890.2500333    -23.6626
1890.3333333    -18.3532
1890.4166333    -46.89
1890.5000333    -45.4271
1890.5833333    -69.2719
1890.6666333    -35.8861
1890.7500333    -51.8851
1890.8333333    -53.7302
1890.9166333    -56.037
1891.0000333    -50.421
1891.0833333    -47.4204
1891.1666333    -43.6506
1891.2500333    -39.8042
1891.3333333    -61.4962
1891.4166333    -45.9576
1891.5000333    -14.8038
1891.5833333    -10.1885
1891.6666333    -11.1118
1891.7500333    -26.42
1891.8333333    -15.3435
1891.9166333    -8.8056
1892.0000333    -4.3448
1892.0833333    -6.3457
1892.1666333    -12.3466
1892.2500333    -14.117
1892.3333333    -16.9643
1892.4166333    -6.1964
1892.5000333    -25.3517
1892.5833333    -25.3532
1892.6666333    -20.0472
1892.7500333    -15.6644
1892.8333333    -14.2048
1892.9166333    -12.8991
1893.0000333    -14.9013
1893.0833333    -9.2113
1893.1666333    -1.2137
1893.2500333    16.4761
1893.3333333    20.0119
1893.4166333    27.2399
1893.5000333    12.5447
1893.5833333    27.9263
1893.6666333    18.0771
1893.7500333    -3.5416
1893.8333333    -3.6219
1893.9166333    -0.8561
1894.0000333    0.5249
1894.0833333    8.0596
1894.1666333    5.0558
1894.2500333    -7.1021
1894.3333333    -19.6446
1894.4166333    -7.9564
1894.5000333    -26.3455
1894.5833333    -31.196
1894.6666333    -45.2006
1894.7500333    -44.2822
1894.8333333    -34.8255
1894.9166333    -28.5996
1895.0000333    -18.0662
1895.0833333    -11.456
1895.1666333    -17.692
1895.2500333    -4.7744
1895.3333333    -8.4722
1895.4166333    -5.8624
1895.5000333    -23.4837
1895.5833333    -20.6434
1895.6666333    -3.3416
1895.7500333    -0.1171
1895.8333333    -1.354
1895.9166333    4.1781
1896.0000333    9.6331
1896.0833333    3.3188
1896.1666333    6.9275
1896.2500333    7.6898
1896.3333333    -8.5479
1896.4166333    -10.3242
1896.5000333    -33.4084
1896.5833333    -37.0311
1896.6666333    -22.9615
1896.7500333    -35.6615
1896.8333333    -33.5922
1896.9166333    -32.5231
1897.0000333    -27.5311
1897.0833333    -27.1545
1897.1666333    -18.0087
1897.2500333    -29.5556
1897.3333333    -30.7178
1897.4166333    -28.8032
1897.5000333    -10.3504
1897.5833333    25.564
1897.6666333    21.8628
1897.7500333    10.2383
1897.8333333    21.6908
1897.9166333    19.4508
1898.0000333    32.0567
1898.0833333    29.5858
1898.1666333    29.3454
1898.2500333    8.8741
1898.3333333    6.7873
1898.4166333    32.0851
1898.5000333    42.3057
1898.5833333    29.3725
1898.6666333    6.3622
1898.7500333    10.1978
1898.8333333    15.1103
1898.9166333    7.4074
1899.0000333    7.2426
1899.0833333    -3.3836
1899.1666333    8.0669
1899.2500333    10.9787
1899.3333333    37.1213
1899.4166333    31.4946
1899.5000333    5.2522
1899.5833333    -12.3748
1899.6666333    -18.3865
1899.7500333    -26.7831
1899.8333333    -30.872
1899.9166333    -31.7303
1900.0000333    -28.1272
1900.0833333    -27.9088
1900.1666333    -19.3828
1900.2500333    -14.9339
1900.3333333    -24.4851
1900.4166333    -26.1133
1900.5000333    -15.0494
1900.5833333    -17.8317
1900.6666333    -22.691
1900.7500333    -18.7813
1900.8333333    -22.4871
1900.9166333    -20.5006
1901.0000333    -22.7451
1901.0833333    -20.9897
1901.1666333    -25.2343
1901.2500333    -26.7869
1901.3333333    -29.0318
1901.4166333    -16.5076
1901.5000333    -6.1375
1901.5833333    -27.0751
1901.6666333    -19.7051
1901.7500333    -22.4122
1901.8333333    -16.8117
1901.9166333    -9.1343
1902.0000333    -0.8419
1902.0833333    8.2198
1902.1666333    -2.7955
1902.2500333    -1.888
1902.3333333    -36.0574
1902.4166333    -56.6885
1902.5000333    -60.5506
1902.5833333    -68.028
1902.6666333    -46.5056
1902.7500333    -34.8296
1902.8333333    -24.6921
1902.9166333    -30.9392
1903.0000333    -20.2636
1903.0833333    -11.1264
1903.1666333    -11.0662
1903.2500333    10.9937
1903.3333333    35.3613
1903.4166333    50.8826
1903.5000333    51.9421
1903.5833333    50.3094
1903.6666333    14.138
1903.7500333    16.1972
1903.8333333    -3.1282
1903.9166333    0.2386
1904.0000333    -0.0872
1904.0833333    -5.1822
1904.1666333    -33.2774
1904.2500333    -33.6035
1904.3333333    -35.8527
1904.4166333    -50.1021
1904.5000333    -36.9671
1904.5833333    -35.2166
1904.6666333    -53.851
1904.7500333    -41.4086
1904.8333333    -55.7355
1904.9166333    -60.1394
1905.0000333    -59.4666
1905.0833333    -58.0246
1905.1666333    -61.9673
1905.2500333    -40.0641
1905.3333333    -62.9302
1905.4166333    -90.2579
1905.5000333    -95.6628
1905.5833333    -99.5292
1905.6666333    -87.4726
1905.7500333    -91.1086
1905.8333333    -98.6677
1905.9166333    -93.2269
1906.0000333    -83.9402
1906.0833333    -80.0381
1906.1666333    -78.3669
1906.2500333    -74.5421
1906.3333333    -75.7172
1906.4166333    -40.7387
1906.5000333    -20.4527
1906.5833333    -17.0129
1906.6666333    -16.4193
1906.7500333    -37.0567
1906.8333333    -22.7711
1906.9166333    -9.7164
1907.0000333    -4.1234
1907.0833333    2.7003
1907.1666333    -5.553
1907.2500333    -7.1911
1907.3333333    -15.4447
1907.4166333    -24.8522
1907.5000333    -33.9522
1907.5833333    -22.7446
1907.6666333    -39.5371
1907.7500333    -41.0991
1907.8333333    -36.1995
1907.9166333    -35.1462
1908.0000333    -36.6316
1908.0833333    -30.6554
1908.1666333    -41.6794
1908.2500333    -50.8575
1908.3333333    -36.4201
1908.4166333    -34.6753
1908.5000333    -24.3152
1908.5833333    -34.0321
1908.6666333    -58.2106
1908.7500333    -50.1587
1908.8333333    -55.2605
1908.9166333    -53.5164
1909.0000333    -39.7724
1909.0833333    -31.2593
1909.1666333    -33.4385
1909.2500333    -20.7719
1909.3333333    5.8948
1909.4166333    2.5613
1909.5000333    24.1507
1909.5833333    21.8939
1909.6666333    19.4062
1909.7500333    26.4567
1909.8333333    26.8919
1909.9166333    37.9423
1910.0000333    47.454
1910.0833333    40.5042
1910.1666333    36.1697
1910.2500333    23.9887
1910.3333333    30.2693
1910.4166333    25.396
1910.5000333    18.7531
1910.5833333    22.1872
1910.6666333    10.8519
1910.7500333    20.2856
1910.8333333    18.4117
1910.9166333    22.076
1911.0000333    20.4325
1911.0833333    19.635
1911.1666333    25.5298
1911.2500333    27.732
1911.3333333    47.5497
1911.4166333    36.2133
1911.5000333    17.8767
1911.5833333    25.3863
1911.6666333    18.3573
1911.7500333    30.8665
1911.8333333    33.8372
1911.9166333    41.654
1912.0000333    43.009
1912.0833333    54.364
1912.1666333    58.7958
1912.2500333    57.8427
1912.3333333    77.0435
1912.4166333    92.9365
1912.5000333    75.2907
1912.5833333    90.1835
1912.6666333    90.9222
1912.7500333    74.6608
1912.8333333    58.3993
1912.9166333    57.9839
1913.0000333    59.5682
1913.0833333    61.7679
1913.1666333    45.7367
1913.2500333    38.3207
1913.3333333    57.8277
1913.4166333    60.5654
1913.5000333    34.5336
1913.5833333    52.5787
1913.6666333    54.7776
1913.7500333    43.9762
1913.8333333    46.7133
1913.9166333    56.2965
1914.0000333    58.4178
1914.0833333    51.693
1914.1666333    63.3527
1914.2500333    64.5506
1914.3333333    75.0562
1914.4166333    63.7924
1914.5000333    51.6053
1914.5833333    42.726
1914.6666333    40.1542
1914.7500333    29.9667
1914.8333333    24.1639
1914.9166333    21.6687
1915.0000333    28.404
1915.0833333    30.1392
1915.1666333    31.6437
1915.2500333    1.917
1915.3333333    17.1904
1915.4166333    13.0791
1915.5000333    32.9675
1915.5833333    21.3944
1915.6666333    28.7442
1915.7500333    27.4015
1915.8333333    29.9049
1915.9166333    43.9467
1916.0000333    49.3728
1916.0833333    50.7221
1916.1666333    48.6866
1916.2500333    57.5739
1916.3333333    72.3843
1916.4166333    71.2715
1916.5000333    52.5431
1916.5833333    7.3532
1916.6666333    -5.3754
1916.7500333    -4.4118
1916.8333333    -16.5252
1916.9166333    -18.4849
1917.0000333    -22.8294
1917.0833333    -20.097
1917.1666333    -15.2109
1917.2500333    -3.0173
1917.3333333    5.8686
1917.4166333    12.9851
1917.5000333    12.7937
1917.5833333    24.0639
1917.6666333    14.7185
1917.7500333    15.4498
1917.8333333    1.5658
1917.9166333    17.297
1918.0000333    22.4126
1918.0833333    23.3743
1918.1666333    33.7975
1918.2500333    22.2973
1918.3333333    -0.9721
1918.4166333    -3.857
1918.5000333    -21.2037
1918.5833333    -38.7811
1918.6666333    -44.2818
1918.7500333    -31.7057
1918.8333333    -38.3605
1918.9166333    -17.0922
1919.0000333    -20.4397
1919.0833333    -14.787
1919.1666333    -10.8269
1919.2500333    -25.6362
1919.3333333    -34.2147
1919.4166333    -21.0241
1919.5000333    -20.6799
1919.5833333    -0.1819
1919.6666333    4.1622
1919.7500333    7.6598
1919.8333333    9.0806
1919.9166333    23.1166
1920.0000333    21.2293
1920.0833333    27.7266
1920.1666333    23.2238
1920.2500333    1.2592
1920.3333333    -5.5515
1920.4166333    -4.1316
1920.5000333    17.9804
1920.5833333    -7.523
1920.6666333    -16.3343
1920.7500333    -19.6073
1920.8333333    -25.7264
1920.9166333    -13.3841
1921.0000333    -11.1191
1921.0833333    -11.3924
1921.1666333    -17.512
1921.2500333    -4.555
1921.3333333    10.0175
1921.4166333    40.7436
1921.5000333    40.0849
1921.5833333    0.5801
1921.6666333    10.6136
1921.7500333    3.0314
1921.8333333    8.1416
1921.9166333    17.4055
1922.0000333    15.4384
1922.0833333    17.0098
1922.1666333    12.1964
1922.2500333    1.152
1922.3333333    2.723
1922.4166333    16.2169
1922.5000333    6.9414
1922.5833333    -6.1033
1922.6666333    -12.2251
1922.7500333    -25.8856
1922.8333333    -22.3154
1922.9166333    -12.1298
1923.0000333    -13.1753
1923.0833333    -8.6054
1923.1666333    -7.4202
1923.2500333    12.0724
1923.3333333    35.642
1923.4166333    24.596
1923.5000333    1.7806
1923.5833333    -13.7271
1923.6666333    4.4573
1923.7500333    15.4877
1923.8333333    23.4412
1923.9166333    24.2406
1924.0000333    18.5014
1924.0833333    19.8391
1924.1666333    21.4844
1924.2500333    18.6679
1924.3333333    -3.2255
1924.4166333    -13.2729
1924.5000333    -4.7821
1924.5833333    10.7856
1924.6666333    11.8918
1924.7500333    6.9207
1924.8333333    3.8727
1924.9166333    16.5938
1925.0000333    16.1608
1925.0833333    18.1894
1925.1666333    30.8332
1925.2500333    30.0922
1925.3333333    37.582
1925.4166333    58.6101
1925.5000333    52.8687
1925.5833333    33.435
1925.6666333    38.232
1925.7500333    32.1056
1925.8333333    37.9023
1925.9166333    48.622
1926.0000333    49.8029
1926.0833333    61.0609
1926.1666333    63.6263
1926.2500333    64.6531
1926.3333333    56.3722
1926.4166333    60.4758
1926.5000333    48.1944
1926.5833333    42.5286
1926.6666333    45.9395
1926.7500333    49.9655
1926.8333333    57.3762
1926.9166333    61.2483
1927.0000333    60.197
1927.0833333    59.6842
1927.1666333    61.7867
1927.2500333    65.8121
1927.3333333    45.9912
1927.4166333    28.2472
1927.5000333    25.0414
1927.5833333    22.6048
1927.6666333    8.7066
1927.7500333    3.5004
1927.8333333    -15.398
1927.9166333    -10.6043
1928.0000333    -7.4262
1928.0833333    -2.7097
1928.1666333    -6.8394
1928.2500333    -10.277
1928.3333333    7.4392
1928.4166333    13.0014
1928.5000333    18.1018
1928.5833333    -20.7208
1928.6666333    -30.4666
1928.7500333    -10.905
1928.8333333    -12.728
1928.9166333    -2.8587
1929.0000333    -8.0667
1929.0833333    -11.8131
1929.1666333    -8.9443
1929.2500333    5.9243
1929.3333333    5.1006
1929.4166333    -9.4155
1929.5000333    -5.4704
1929.5833333    -15.3714
1929.6666333    8.0352
1929.7500333    1.8261
1929.8333333    -0.8444
1929.9166333    1.9464
1930.0000333    4.1216
1930.0833333    12.143
1930.1666333    12.6258
1930.2500333    21.3391
1930.3333333    33.2832
1930.4166333    22.7656
1930.5000333    24.2478
1930.5833333    10.3453
1930.6666333    21.289
1930.7500333    23.2323
1930.8333333    30.0218
1930.9166333    34.042
1931.0000333    50.8311
1931.0833333    50.0049
1931.1666333    49.9478
1931.2500333    65.0443
1931.3333333    43.2946
1931.4166333    30.391
1931.5000333    43.1794
1931.5833333    17.1217
1931.6666333    15.4485
1931.7500333    28.4673
1931.8333333    33.4092
1931.9166333    37.2741
1932.0000333    43.7541
1932.0833333    32.5419
1932.1666333    38.9448
1932.2500333    47.1937
1932.3333333    33.5195
1932.4166333    34.3837
1932.5000333    10.4014
1932.5833333    4.0346
1932.6666333    6.5907
1932.7500333    13.3773
1932.8333333    7.9332
1932.9166333    10.5659
1933.0000333    14.2752
1933.0833333    14.9846
1933.1666333    13.54
1933.2500333    10.0182
1933.3333333    -9.8113
1933.4166333    -28.1024
1933.5000333    -22.0092
1933.5833333    -9.5313
1933.6666333    -19.9766
1933.7500333    -27.5761
1933.8333333    -28.4832
1933.9166333    -29.775
1934.0000333    -30.1441
1934.0833333    -31.5131
1934.1666333    -36.113
1934.2500333    -11.3285
1934.3333333    -18.6979
1934.4166333    -20.375
1934.5000333    -1.3602
1934.5833333    15.5778
1934.6666333    -5.3305
1934.7500333    4.2994
1934.8333333    6.1601
1934.9166333    5.5591
1935.0000333    19.4963
1935.0833333    13.972
1935.1666333    28.9091
1935.2500333    48.846
1935.3333333    26.1675
1935.4166333    28.4889
1935.5000333    46.6561
1935.5833333    40.285
1935.6666333    9.2214
1935.7500333    30.2344
1935.8333333    18.3245
1935.9166333    28.1067
1936.0000333    36.1194
1936.0833333    28.209
1936.1666333    30.5293
1936.2500333    36.5416
1936.3333333    16.8617
1936.4166333    33.0278
1936.5000333    6.1167
1936.5833333    6.9749
1936.6666333    3.6791
1936.7500333    14.6138
1936.8333333    4.8562
1936.9166333    19.9446
1937.0000333    30.3405
1937.0833333    28.3518
1937.1666333    35.2091
1937.2500333    34.1431
1937.3333333    19.6156
1937.4166333    12.1648
1937.5000333    13.9446
1937.5833333    35.3398
1937.6666333    26.8118
1937.7500333    38.1296
1937.8333333    33.1399
1937.9166333    41.4576
1938.0000333    33.929
1938.0833333    28.3235
1938.1666333    25.1024
1938.2500333    34.5734
1938.3333333    51.506
1938.4166333    29.3615
1938.5000333    37.8321
1938.5833333    22.149
1938.6666333    23.0811
1938.7500333    19.0128
1938.8333333    3.2524
1938.9166333    5.6457
1939.0000333    2.5002
1939.0833333    2.5086
1939.1666333    0.7477
1939.2500333    -12.3982
1939.3333333    -21.2363
1939.4166333    -37.7668
1939.5000333    -42.6822
1939.5833333    -64.7515
1939.6666333    -60.5901
1939.7500333    -63.9674
1939.8333333    -69.7293
1939.9166333    -63.9528
1940.0000333    -58.3305
1940.0833333    -45.2466
1940.1666333    -28.009
1940.2500333    -35.0025
1940.3333333    0.8503
1940.4166333    -8.6047
1940.5000333    -31.6755
1940.5833333    -18.2846
1940.6666333    -5.2015
1940.7500333    -27.9649
1940.8333333    -34.4975
1940.9166333    -34.4148
1941.0000333    -33.5632
1941.0833333    -27.0961
1941.1666333    -44.5522
1941.2500333    -45.7009
1941.3333333    -53.9265
1941.4166333    -55.9215
1941.5000333    -83.9167
1941.5833333    -77.6042
1941.6666333    -94.9072
1941.7500333    -104.057
1941.8333333    -91.3599
1941.9166333    -81.2017
1942.0000333    -71.89
1942.0833333    -68.5782
1942.1666333    -70.4204
1942.2500333    -49.4167
1942.3333333    -48.1822
1942.4166333    -19.794
1942.5000333    -42.5599
1942.5833333    0.8281
1942.6666333    12.139
1942.7500333    49.0651
1942.8333333    55.9142
1942.9166333    58.5325
1943.0000333    60.8428
1943.0833333    65.4608
1943.1666333    66.9249
1943.2500333    59.9271
1943.3333333    54.4679
1943.4166333    37.8547
1943.5000333    46.2412
1943.5833333    53.2431
1943.6666333    47.7065
1943.7500333    50.1695
1943.8333333    36.1711
1943.9166333    46.711
1944.0000333    48.2506
1944.0833333    45.2518
1944.1666333    41.9452
1944.2500333    38.0999
1944.3333333    53.3315
1944.4166333    47.563
1944.5000333    50.4096
1944.5833333    35.8716
1944.6666333    38.6412
1944.7500333    31.1797
1944.8333333    34.4876
1944.9166333    40.103
1945.0000333    43.9488
1945.0833333    51.7178
1945.1666333    54.1021
1945.2500333    55.4861
1945.3333333    62.0239
1945.4166333    55.7925
1945.5000333    50.7145
1945.5833333    76.7136
1945.6666333    60.6356
1945.7500333    55.7111
1945.8333333    48.6329
1945.9166333    58.1699
1946.0000333    55.4759
1946.0833333    55.0127
1946.1666333    58.4725
1946.2500333    55.855
1946.3333333    46.8529
1946.4166333    34.1585
1946.5000333    0.6176
1946.5833333    -34.9233
1946.6666333    -63.5412
1946.7500333    -51.1594
1946.8333333    -72.4698
1946.9166333    -72.3957
1947.0000333    -84.0912
1947.0833333    -94.5559
1947.1666333    -93.3283
1947.2500333    -115.793
1947.3333333    -91.8738
1947.4166333    -81.8774
1947.5000333    -66.3428
1947.5833333    -49.8082
1947.6666333    -22.0429
1947.7500333    -23.6625
1947.8333333    -34.7437
1947.9166333    -13.671
1948.0000333    -4.6757
1948.0833333    5.7044
1948.1666333    28.3151
1948.2500333    30.6178
1948.3333333    44.3822
1948.4166333    22.531
1948.5000333    27.7564
1948.5833333    29.4435
1948.6666333    28.4381
1948.7500333    41.6631
1948.8333333    39.196
1948.9166333    44.8825
1949.0000333    42.6457
1949.0833333    39.9474
1949.1666333    29.8644
1949.2500333    21.1656
1949.3333333    16.3131
1949.4166333    34.999
1949.5000333    25.2999
1949.5833333    20.524
1949.6666333    9.1325
1949.7500333    24.6638
1949.8333333    9.8875
1949.9166333    13.0342
1950.0000333    12.3344
1950.0833333    10.7885
1950.1666333    23.0886
1950.2500333    30.2346
1950.3333333    28.4576
1950.4166333    23.6805
1950.5000333    4.1338
1950.5833333    2.5872
1950.6666333    -12.1134
1950.7500333    -12.3528
1950.8333333    -31.0536
1950.9166333    -27.6007
1951.0000333    -28.3019
1951.0833333    -25.6954
1951.1666333    -21.0121
1951.2500333    -47.3291
1951.3333333    -41.9537
1951.4166333    -26.2707
1951.5000333    -13.1265
1951.5833333    -6.5207
1951.6666333    -11.0689
1951.7500333    -11.5405
1951.8333333    -12.2427
1951.9166333    3.2857
1952.0000333    7.2753
1952.0833333    12.4957
1952.1666333    21.5622
1952.2500333    25.7053
1952.3333333    45.387
1952.4166333    38.4531
1952.5000333    19.2112
1952.5833333    10.431
1952.6666333    -7.734
1952.7500333    -1.5917
1952.8333333    2.0123
1952.9166333    2.1547
1953.0000333    1.8352
1953.0833333    9.9773
1953.1666333    14.35
1953.2500333    5.5686
1953.3333333    1.9411
1953.4166333    -7.6096
1953.5000333    -16.3914
1953.5833333    -44.0962
1953.6666333    -55.9549
1953.7500333    -54.9678
1953.8333333    -55.673
1953.9166333    -55.0705
1954.0000333    -44.0069
1954.0833333    -42.3277
1954.1666333    -35.7257
1954.2500333    -29.047
1954.3333333    -27.5221
1954.4166333    -8.5357
1954.5000333    -12.6267
1954.5833333    -11.4098
1954.6666333    6.3454
1954.7500333    7.1003
1954.8333333    16.8552
1954.9166333    23.2255
1955.0000333    25.0569
1955.0833333    17.1961
1955.1666333    21.3352
1955.2500333    21.3971
1955.3333333    16.459
1955.4166333    35.7516
1955.5000333    18.5823
1955.5833333    2.567
1955.6666333    -2.5254
1955.7500333    2.0742
1955.8333333    4.2892
1955.9166333    0.3503
1956.0000333    7.5649
1956.0833333    15.395
1956.1666333    14.4557
1956.2500333    13.3623
1956.3333333    3.2689
1956.4166333    -7.9014
1956.5000333    -26.0722
1956.5833333    -26.5505
1956.6666333    -9.4136
1956.7500333    -11.7385
1956.8333333    -16.7556
1956.9166333    -16.3114
1957.0000333    -14.7136
1957.0833333    -15.1926
1957.1666333    -11.3641
1957.2500333    -1.3821
1957.3333333    -11.8615
1957.4166333    -14.8025
1957.5000333    -7.7439
1957.5833333    0.5455
1957.6666333    -20.6267
1957.7500333    -25.3377
1957.8333333    -20.8178
1957.9166333    -18.375
1958.0000333    -10.3171
1958.0833333    -8.1822
1958.1666333    -11.432
1958.2500333    -13.9899
1958.3333333    -29.3169
1958.4166333    -20.9517
1958.5000333    -4.7407
1958.5833333    -21.2988
1958.6666333    -46.4725
1958.7500333    -32.4926
1958.8333333    -35.8203
1958.9166333    -31.0712
1959.0000333    -24.0917
1959.0833333    -27.9582
1959.1666333    -31.9788
1959.2500333    -27.8458
1959.3333333    -47.7896
1959.4166333    -50.3489
1959.5000333    -57.2932
1959.5833333    -81.622
1959.6666333    -93.1048
1959.7500333    -84.1263
1959.8333333    -88.917
1959.9166333    -77.6309
1960.0000333    -69.7298
1960.0833333    -60.7516
1960.1666333    -57.7736
1960.2500333    -51.8728
1960.3333333    -41.2026
1960.4166333    -21.6865
1960.5000333    -19.5553
1960.5833333    -12.424
1960.6666333    11.0149
1960.7500333    31.9919
1960.8333333    43.5074
1960.9166333    59.4844
1961.0000333    76.2303
1961.0833333    85.8993
1961.1666333    84.4144
1961.2500333    89.6214
1961.3333333    93.367
1961.4166333    87.1894
1961.5000333    96.7038
1961.5833333    111.449
1961.6666333    97.9634
1961.7500333    77.2466
1961.8333333    80.6838
1961.9166333    74.1978
1962.0000333    67.3268
1962.0833333    60.1483
1962.1666333    48.2773
1962.2500333    43.8675
1962.3333333    28.3809
1962.4166333    20.5865
1962.5000333    -15.2083
1962.5833333    -53.4645
1962.6666333    -74.2593
1962.7500333    -77.3621
1962.8333333    -79.3879
1962.9166333    -79.183
1963.0000333    -80.2093
1963.0833333    -74.4662
1963.1666333    -73.8771
1963.2500333    -64.3652
1963.3333333    -43.3917
1963.4166333    -33.6491
1963.5000333    -35.2915
1963.5833333    -6.9337
1963.6666333    -16.4223
1963.7500333    -12.8342
1963.8333333    -4.8615
1963.9166333    2.0343
1964.0000333    5.622
1964.0833333    9.979
1964.1666333    11.6436
1964.2500333    -0.3075
1964.3333333    -0.1047
1964.4166333    -17.2097
1964.5000333    -14.0074
1964.5833333    -9.9588
1964.6666333    -23.6795
1964.7500333    -1.7852
1964.8333333    -1.8908
1964.9166333    -1.6888
1965.0000333    2.4359
1965.0833333    -5.1316
1965.1666333    -7.93
1965.2500333    -16.421
1965.3333333    -9.4504
1965.4166333    -1.9415
1965.5000333    -22.6636
1965.5833333    -30.3857
1965.6666333    -19.4925
1965.7500333    -20.0612
1965.8333333    -16.8605
1965.9166333    -4.66
1966.0000333    4.771
1966.0833333    5.1251
1966.1666333    18.1715
1966.2500333    17.8328
1966.3333333    19.3405
1966.4166333    35.3864
1966.5000333    23.2013
1966.5833333    53.4778
1966.6666333    78.6003
1966.7500333    65.4148
1966.8333333    72.691
1966.9166333    73.5824
1967.0000333    66.2427
1967.0833333    61.2108
1967.1666333    59.4864
1967.2500333    74.454
1967.3333333    78.5756
1967.4166333    101.851
1967.5000333    96.5105
1967.5833333    82.4009
1967.6666333    76.9836
1967.7500333    50.4889
1967.8333333    45.1482
1967.9166333    49.7305
1968.0000333    52.4663
1968.0833333    59.5098
1968.1666333    62.0148
1968.2500333    72.3656
1968.3333333    47.3319
1968.4166333    43.2212
1968.5000333    18.4177
1968.5833333    1.2298
1968.6666333    -22.9582
1968.7500333    -31.9158
1968.8333333    -31.5657
1968.9166333    -25.0617
1969.0000333    -22.2505
1969.0833333    -15.1314
1969.1666333    -12.7048
1969.2500333    -4.4324
1969.3333333    13.2248
1969.4166333    -5.0413
1969.5000333    -21.8461
1969.5833333    -19.8047
1969.6666333    -10.5327
1969.7500333    29.5083
1969.8333333    22.3955
1969.9166333    22.821
1970.0000333    33.477
1970.0833333    31.0561
1970.1666333    31.0198
1970.2500333    45.1369
1970.3333333    49.9465
1970.4166333    19.3713
1970.5000333    40.565
1970.5833333    59.9896
1970.6666333    51.8756
1970.7500333    37.7613
1970.8333333    19.7239
1970.9166333    26.8403
1971.0000333    31.4949
1971.0833333    22.9957
1971.1666333    22.6502
1971.2500333    20.2274
1971.3333333    19.1125
1971.4166333    4.382
1971.5000333    -28.9642
1971.5833333    -49.618
1971.6666333    -67.5027
1971.7500333    -64.3877
1971.8333333    -60.6572
1971.9166333    -52.5422
1972.0000333    -57.1199
1972.0833333    -59.159
1972.1666333    -63.429
1972.2500333    -63.6994
1972.3333333    -51.4312
1972.4166333    -73.0862
1972.5000333    -87.28
1972.5833333    -53.4736
1972.6666333    -45.0521
1972.7500333    -28.1693
1972.8333333    -35.671
1972.9166333    -41.1729
1973.0000333    -38.3674
1973.0833333    -40.4079
1973.1666333    -37.4486
1973.2500333    -35.6435
1973.3333333    0.8541
1973.4166333    4.1207
1973.5000333    7.7716
1973.5833333    14.6534
1973.6666333    -8.6957
1973.7500333    -16.1989
1973.8333333    -25.9329
1973.9166333    -15.8977
1974.0000333    2.3679
1974.0833333    -3.3664
1974.1666333    8.2837
1974.2500333    16.0105
1974.3333333    24.8912
1974.4166333    23.1564
1974.5000333    21.2675
1974.5833333    0.7632
1974.6666333    -1.6643
1974.7500333    11.831
1974.8333333    22.1726
1974.9166333    24.4371
1975.0000333    23.2397
1975.0833333    12.5808
1975.1666333    22.9219
1975.2500333    16.0318
1975.3333333    8.2188
1975.4166333    7.9441
1975.5000333    -2.7925
1975.5833333    -37.3751
1975.6666333    -35.3424
1975.7500333    -39.6178
1975.8333333    -40.1239
1975.9166333    -39.0147
1976.0000333    -34.5212
1976.0833333    -38.2584
1976.1666333    -40.1496
1976.2500333    -49.5026
1976.3333333    -43.5478
1976.4166333    -44.5163
1976.5000333    -56.562
1976.5833333    -81.7614
1976.6666333    -68.0379
1976.7500333    -43.5455
1976.8333333    -47.8992
1976.9166333    -44.3299
1977.0000333    -40.4532
1977.0833333    -49.5765
1977.1666333    -44.6229
1977.2500333    -38.2851
1977.3333333    -6.5625
1977.4166333    -18.1478
1977.5000333    -14.8873
1977.5833333    -29.7035
1977.6666333    -19.3661
1977.7500333    -30.8751
1977.8333333    -47.0764
1977.9166333    -31.8931
1978.0000333    -26.3256
1978.0833333    -21.2195
1978.1666333    7.1172
1978.2500333    11.4536
1978.3333333    18.7132
1978.4166333    -29.7197
1978.5000333    -38.6145
1978.5833333    -58.8168
1978.6666333    -40.4038
1978.7500333    -54.3759
1978.8333333    -47.5016
1978.9166333    -42.2429
1979.0000333    -38.523
1979.0833333    -36.1106
1979.1666333    -33.5446
1979.2500333    -67.1327
1979.3333333    -60.9515
1979.4166333    -58.6166
1979.5000333    -50.5128
1979.5833333    -48.7935
1979.6666333    -48.305
1979.7500333    -45.1247
1979.8333333    -52.7134
1979.9166333    -41.9946
1980.0000333    -32.43
1980.0833333    -25.3267
1980.1666333    -20.2237
1980.2500333    -10.6594
1980.3333333    6.7511
1980.4166333    12.7
1980.5000333    14.4947
1980.5833333    21.0587
1980.6666333    35.3919
1980.7500333    38.5708
1980.8333333    32.2114
1980.9166333    50.3134
1981.0000333    50.1843
1981.0833333    50.286
1981.1666333    39.3877
1981.2500333    50.9505
1981.3333333    64.975
1981.4166333    70.1532
1981.5000333    56.7926
1981.5833333    33.3552
1981.6666333    41.3022
1981.7500333    47.0182
1981.8333333    54.965
1981.9166333    57.2194
1982.0000333    49.7042
1982.0833333    53.343
1982.1666333    50.7509
1982.2500333    52.9277
1982.3333333    46.3354
1982.4166333    33.3583
1982.5000333    62.3808
1982.5833333    51.3266
1982.6666333    64.503
1982.7500333    61.3714
1982.8333333    56.1629
1982.9166333    57.5697
1983.0000333    56.2069
1983.0833333    56.9981
1983.1666333    62.02
1983.2500333    81.3492
1983.3333333    89.9092
1983.4166333    85.2384
1983.5000333    88.4134
1983.5833333    37.8961
1983.6666333    26.5326
1983.7500333    10.6303
1983.8333333    5.1897
1983.9166333    7.672
1984.0000333    10.6924
1984.0833333    8.0975
1984.1666333    17.8871
1984.2500333    21.2149
1984.3333333    -1.6111
1984.4166333    -14.8988
1984.5000333    -29.2637
1984.5833333    -64.0901
1984.6666333    -57.2242
1984.7500333    -33.0511
1984.8333333    -29.2624
1984.9166333    -22.32
1985.0000333    -25.6087
1985.0833333    -20.8204
1985.1666333    -8.8015
1985.2500333    -19.1675
1985.3333333    -25.4565
1985.4166333    -12.8994
1985.5000333    -1.3427
1985.5833333    -33.8628
1985.6666333    -28.7676
1985.7500333    -34.5959
1985.8333333    -45.3472
1985.9166333    -43.0216
1986.0000333    -43.4656
1986.0833333    -45.9095
1986.1666333    -49.8151
1986.2500333    -47.1056
1986.3333333    -36.7806
1986.4166333    -30.1481
1986.5000333    -60.6698
1986.5833333    -76.1913
1986.6666333    -51.4053
1986.7500333    -52.3888
1986.8333333    -41.2954
1986.9166333    -36.9712
1987.0000333    -30.109
1987.0833333    -24.1697
1987.1666333    -11.769
1987.2500333    -17.061
1987.3333333    -17.5836
1987.4166333    -21.1064
1987.5000333    -26.091
1987.5833333    12.1552
1987.6666333    27.3244
1987.7500333    30.4163
1987.8333333    30.5853
1987.9166333    31.1388
1988.0000333    36.0765
1988.0833333    38.8605
1988.1666333    42.1828
1988.2500333    29.1971
1988.3333333    39.9807
1988.4166333    47.6873
1988.5000333    49.3935
1988.5833333    52.3306
1988.6666333    41.7292
1988.7500333    16.3581
1988.8333333    18.6795
1988.9166333    23.5392
1989.0000333    22.3985
1989.0833333    26.1041
1989.1666333    20.7327
1989.2500333    20.6686
1989.3333333    23.1431
1989.4166333    24.4637
1989.5000333    21.8607
1989.5833333    46.181
1989.6666333    47.1166
1989.7500333    32.6672
1989.8333333    36.8332
1989.9166333    40.6915
1990.0000333    46.934
1990.0833333    51.0228
1990.1666333    54.8038
1990.2500333    59.2767
1990.3333333    55.2113
1990.4166333    59.3766
1990.5000333    50.7722
1990.5833333    11.5526
1990.6666333    -34.5133
1990.7500333    -57.8103
1990.8333333    -60.7995
1990.9166333    -48.4042
1991.0000333    -51.0093
1991.0833333    -52.6912
1991.1666333    -51.2193
1991.2500333    -59.594
1991.3333333    -56.9685
1991.4166333    -55.1124
1991.5000333    -63.4874
1991.5833333    -59.7854
1991.6666333    -32.2373
1991.7500333    -18.7666
1991.8333333    -20.8341
1991.9166333    -19.5172
1992.0000333    -20.8161
1992.0833333    -10.1147
1992.1666333    -10.8751
1992.2500333    -17.7128
1992.3333333    -2.2426
1992.4166333    -8.1571
1992.5000333    7.0049
1992.5833333    11.7824
1992.6666333    -5.5941
1992.7500333    -22.6632
1992.8333333    -30.1938
1992.9166333    -20.9552
1993.0000333    -10.1786
1993.0833333    -5.7864
1993.1666333    -12.0866
1993.2500333    -13.8488
1993.3333333    -23.9955
1993.4166333    -22.7576
1993.5000333    -3.0586
1993.5833333    -54.5902
1993.6666333    -44.122
1993.7500333    -35.4233
1993.8333333    -26.263
1993.9166333    -14.5643
1994.0000333    -20.0199
1994.0833333    -19.1676
1994.1666333    -14.777
1994.2500333    -13.6176
1994.3333333    -2.6887
1994.4166333    27.3169
1994.5000333    22.7837
1994.5833333    25.2506
1994.6666333    65.0252
1994.7500333    50.7993
1994.8333333    49.6505
1994.9166333    54.1169
1995.0000333    48.8907
1995.0833333    55.6646
1995.1666333    58.8999
1995.2500333    55.9041
1995.3333333    62.2161
1995.4166333    38.1434
1995.5000333    -14.8528
1995.5833333    -48.0027
1995.6666333    -94.7681
1995.7500333    -120.072
1995.8333333    -123.684
1995.9166333    -119.065
1996.0000333    -120.524
1996.0833333    -122.29
1996.1666333    -125.979
1996.2500333    -128.899
1996.3333333    -117.743
1996.4166333    -130.97
1996.5000333    -128.507
1996.5833333    -81.0425
1996.6666333    -63.3478
1996.7500333    -39.4228
1996.8333333    -33.1129
1996.9166333    -31.6493
1997.0000333    -35.8785
1997.0833333    -39.569
1997.1666333    -30.1827
1997.2500333    -13.7968
1997.3333333    -34.8723
1997.4166333    -53.5632
1997.5000333    -36.5623
1997.5833333    -11.8689
1997.6666333    -25.0987
1997.7500333    -26.9443
1997.8333333    -33.6359
1997.9166333    -28.4045
1998.0000333    -15.1736
1998.0833333    -3.9424
1998.1666333    2.3655
1998.2500333    18.5961
1998.3333333    8.2115
1998.4166333    32.5191
1998.5000333    42.9031
1998.5833333    56.672
1998.6666333    43.21
1998.7500333    40.6707
1998.8333333    33.9776
1998.9166333    37.1306
1999.0000333    36.8986
1999.0833333    28.6668
1999.1666333    26.6656
1999.2500333    26.7409
1999.3333333    10.3548
1999.4166333    35.2764
1999.5000333    39.5821
1999.5833333    47.6572
1999.6666333    31.4245
1999.7500333    27.8837
1999.8333333    27.8816
1999.9166333    35.8024
2000.0000333    42.492
2000.0833333    41.1818
2000.1666333    36.8715
2000.2500333    37.253
2000.3333333    37.3271
2000.4166333    44.6318
2000.5000333    15.6284
2000.5833333    -1.6826
2000.6666333    -24.4552
2000.7500333    -29.8435
2000.8333333    -29.4625
2000.9166333    -23.8509
2001.0000333    -23.0088
2001.0833333    -23.1666
2001.1666333    -2.4784
2001.2500333    14.8248
2001.3333333    27.8974
2001.4166333    34.9699
2001.5000333    35.4266
2001.5833333    66.4219
2001.6666333    70.9555
2001.7500333    71.1042
2001.8333333    65.4838
2001.9166333    73.9401
2002.0000333    75.0115
2002.0833333    77.3907
2002.1666333    76.1544
2002.2500333    65.0716
2002.3333333    50.2966
2002.4166333    13.2907
2002.5000333    19.5152
2002.5833333    -5.8756
2002.6666333    -44.1126
2002.7500333    -51.5808
2002.8333333    -48.3565
2002.9166333    -42.7477
2003.0000333    -44.9085
2003.0833333    -43.8385
2003.1666333    -44.1531
2003.2500333    -41.699
2003.3333333    -51.86
2003.4166333    -40.7904
2003.5000333    -14.5674
2003.5833333    -19.5749
2003.6666333    -14.8903
2003.7500333    -17.2061
2003.8333333    -13.2909
2003.9166333    -7.1451
2004.0000333    -7.692
2004.0833333    -4.7003
2004.1666333    4.2913
2004.2500333    0.2825
2004.3333333    5.7354
2004.4166333    17.2651
2004.5000333    27.8713
2004.5833333    11.7084
2004.6666333    -8.3776
2004.7500333    -10.1564
2004.8333333    -3.2427
2004.9166333    -4.7137
2005.0000333    -5.0313
2005.0833333    -2.2718
2005.1666333    -5.6662
2005.2500333    -23.5226
2005.3333333    -13.7635
2005.4166333    -22.3121
2005.5000333    -48.092
2005.5833333    -76.7947
2005.6666333    -81.8053
2005.7500333    -72.2778
2005.8333333    -68.2886
2005.9166333    -72.7611
2006.0000333    -75.7724
2006.0833333    -72.1682
2006.1666333    -72.0256
2006.2500333    -61.8835
2006.3333333    -32.0488
2006.4166333    -31.2143
2006.5000333    -1.5341
2006.5833333    11.531
2006.6666333    21.6728
2006.7500333    23.1219
2006.8333333    21.3405
2006.9166333    28.0204
2007.0000333    44.3153
2007.0833333    53.2258
2007.1666333    57.1361
2007.2500333    50.9692
2007.3333333    58.2639
2007.4166333    41.1739
2007.5000333    38.6219
2007.5833333    12.3778
2007.6666333    34.4413
2007.7500333    22.8121
2007.8333333    21.7984
2007.9166333    23.7846
2008.0000333    24.4627
2008.0833333    20.4486
2008.1666333    12.1268
2008.2500333    17.4199
2008.3333333    29.4824
2008.4166333    2.5448
2008.5000333    -12.2394
2008.5833333    -24.3311
2008.6666333    -28.4229
2008.7500333    -59.0535
2008.8333333    -57.5302
2008.9166333    -45.6993
2009.0000333    -39.1765
2009.0833333    -40.0381
2009.1666333    -41.4384
2009.2500333    -34.0698
2009.3333333    -38.1625
2009.4166333    -49.717
2009.5000333    -57.8103
2009.5833333    -57.5188
2009.6666333    -53.9197
2009.7500333    -64.0903
2009.8333333    -57.6453
2009.9166333    -54.5082
2010.0000333    -54.5253
2010.0833333    -55.0806
2010.1666333    -54.0208
2010.2500333    -48.1152
2010.3333333    -45.1324
2010.4166333    -57.8422
2010.5000333    -54.0138
2010.5833333    -45.8007
2010.6666333    -53.4338
2010.7500333    -59.2982
2010.8333333    -54.7008
2010.9166333    -49.9497
2011.0000333    -42.9682
2011.0833333    -35.0635
2011.1666333    -32.082
2011.2500333    -29.2548
2011.3333333    -38.2735
2011.4166333    -10.3693
2011.5000333    8.3807
2011.5833333    -8.023
2011.6666333    -8.273
2011.7500333    -0.6003
2011.8333333    1.0726
2011.9166333    4.2838
2012.0000333    6.7253
2012.0833333    3.244
2012.1666333    4.6087
2012.2500333    0.2806
2012.3333333    3.4912
2012.4166333    4.5479
2012.5000333    -29.8574
2012.5833333    -57.878
2012.6666333    -73.3601
2012.7500333    -72.9197
2012.8333333    -67.9406
2012.9166333    -65.4231
2013.0000333    -67.5215
2013.0833333    -67.4658
2013.1666333    -64.0256
2013.2500333    -68.432
2013.3333333    -60.1459
2013.4166333    -50.7061
2013.5000333    -59.1898
2013.5833333    -54.981
2013.6666333    -50.3108
2013.7500333    -22.8717
2013.8333333    -19.1248
2013.9166333    -17.3011
2014.0000333    -13.1702
2014.0833333    -2.9621
2014.1666333    -1.2156
2014.2500333    5.2227
2014.3333333    -3.4158
2014.4166333    4.1764
2014.5000333    11.3836
2014.5833333    15.2064
2014.6666333    12.7213
2014.7500333    15.5435
2014.8333333    17.6736
2014.9166333    18.4959
2015.0000333    23.4715
2015.0833333    21.7551
2015.1666333    19.8078
2015.2500333    13.2447
2015.3333333    33.2202
2015.4166333    53.0417
2015.5000333    31.5551
2015.5833333    20.4534
2015.6666333    16.4284
2015.7500333    19.5569
2015.8333333    21.3009
2015.9166333    21.6602
2016.0000333    31.4037
2016.0833333    30.6858
2016.1666333    37.8909
2016.2500333    24.9417
2016.3333333    31.5311
2016.4166333    12.7358
2016.5000333    5.0171
2016.5833333    -3.0092
2016.6666333    -17.9587
2016.7500333    -8.2932
2016.8333333    -15.0891
2016.9166333    -9.1928
2017.0000333    -6.0662
2017.0833333    -7.0162
2017.1666333    -4.2741
2017.2500333    13.8522
2017.3333333    43.5171
2017.4166333    58.4896
2017.5000333    57.9232
2017.5833333    40.7417
2017.6666333    27.4061
2017.7500333    22.7625
2017.8333333    15.2728
2017.9166333    21.0908
2018.0000333    13.5237
2018.0833333    14.6491
2018.1666333    19.0051
2018.2500333    21.7454
2018.3333333    -14.5142
2018.4166333    -26.6201
2018.5000333    -28.1879
2018.5833333    -37.8324
2018.6666333    -8.2463
2018.7500333    -0.4299
2018.8333333    5.1559
2018.9166333    6.2032
2019.0000333    9.5578
2019.0833333    15.8356
2019.1666333    20.7286
2019.2500333    24.3136
2019.3333333    17.591
2019.4166333    44.7145
2019.5000333    51.376
2019.5833333    67.5762
2019.6666333    65.1608
2019.7500333    39.2066
2019.8333333    51.0987
2019.9166333    52.2984
2020.0000333    63.3438
2020.0833333    64.2355
2020.1666333    65.9733
2020.2500333    62.326
2020.3333333    59.5251
2020.4166333    59.5702
2020.5000333    50.0765
2020.5833333    18.2752
2020.6666333    -11.0647
2020.7500333    -6.5588
2020.8333333    5.0242
2020.9166333    6.1455
2021.0000333    8.651
2021.0833333    10.3105
2021.1666333    10.2776
2021.2500333    19.9366
2021.3333333    28.5958
2021.4166333    20.0241
2021.5000333    35.6058
2021.5833333    59.4184
2021.6666333    55.3848
2021.7500333    46.9662
2021.8333333    41.0862
2021.9166333    34.5137
2022.0000333    35.3255
2022.0833333    27.7528
2022.1666333    24.8723
2022.2500333    26.5299
2022.3333333    13.4184
2022.4166333    3.8452
2022.5000333    19.1947
2022.5833333    5.6213
2022.6666333    -17.106
2022.7500333    -5.8338
2022.8333333    -11.023
2022.9166333    -11.5968
2023.0000333    -0.6327
2023.0833333    6.7932
2023.1666333    16.1421
2023.2500333    21.1058
2023.3333333    37.0698
2023.4166333    55.3414
2023.5000333    56.8882
2023.5833333    44.765
2023.6666333    45.4704
2023.7500333    43.9472
2023.8333333    66.8602
2023.9166333    100.111
