offs    0.00000000000
bg      0.00014145030
impA    0.00000000000
impB    0.00000000000
impC    0.00000000000
delA    4.56115419925
delB    0.79873573316
asym   -0.01341927459
ann1    3.39293048296
ann2   -1.22528170212
sem1    1.31278872943
sem2   -0.74601479005
year   -0.00002792676
IR     -0.00000000000
ma     -0.00000000000
mp     -0.00007619540
shfT   -0.00000000000
init   -0.00014879080
   27.32166155400   0.00603954050  -1.58825371107
   27.21222081500   0.02991664862  -0.80829987297
 1095.17502233364   0.00094598348  -0.43358714578
    9.08286783775   0.00582729155   1.55043523374
    6.81670784238  -0.00082845319   0.39881199773
   13.63341568476   0.00472924630  16.32795657832
   13.66083077700  -0.00240358897  26.55274648453
   13.60611040750  -0.00261071231  20.37614108765
   27.55454988600  -0.00456476703   2.85808969608
   13.77727494300  -0.00257543573   5.04232920297
 6793.47648813065   0.00073992134   0.18490479485
 1616.30271425126  -0.00124891860  -1.49543908301
   27.09267692660  -0.00164903312   2.10991227412
    9.09502787633   0.00292010340   0.55616780919
   13.69115772864   0.00145949029  17.31722591506
 1305.66025845931  -0.00067629156   0.32901801509
   27.44323926226  -0.00114540218   0.87430178266
   27.66676714572  -0.00117438639   3.25015756583
 2190.35004466729   0.00186478170   1.72321396162
   26.98505934729   0.00236029539   5.80017226421
 6167.20701373239  -0.00020754488 -12.37352026630
 -3232.60542850251   0.00034889471   1.53275410421
 -2120.90900683440  -0.00118081611  -0.05571099289
   27.33282433123  -0.00051462445  15.47695493363
   13.71880577217   0.00437915741   1.58590105707
    9.13295078376   0.00004990262  -0.45547763498
    9.12068919638   0.00078620912   0.68690302556
    9.10846048884   0.00185684249   0.91264969608
 3396.73824406533   0.00167857075 -26.17549104496
 1656.31999626209   0.00072922820   8.13313111397
   27.10365333842  -0.00168637172   0.51626671721
ltep   23.11984450854
ltep    9.44388935545
ltep   18.68216048000
ltep  100.00000000000
ltep   10.00000000000
ltep  200.00000000000
ltep  600.00000000000
ltep   70.00000000000
ltep  150.00000000000
ltep  400.00000000000
ltep    0.50000000000
harm  19
harm  24
harm  0
