offs    0.00000000000
bg      0.00014145452
impA    0.00000000000
impB    0.00000000000
impC    0.00000000000
delA    4.54693623255
delB    0.72718786582
asym    0.00002039186
ann1    0.14360109488
ann2   -1.26285201569
sem1    0.00340139287
sem2   -0.60254455027
year   -0.00002792655
IR     -0.00000000000
ma     -0.00000000000
mp      0.00012252505
shfT   -0.00000000000
init   -0.00670268254
   27.32166155400   0.00622418123  -1.34267170469
   27.21222081500   0.03091966789  -0.75061328480
 1095.17502233364   0.00034364496  -0.07399821588
    9.08286783775   0.00419228120   1.45920612724
    6.81670784238   0.00118480859   0.38049882511
   13.63341568476   0.00525561364   9.81022431013
   13.66083077700  -0.00267005205  14.71663495238
   13.60611040750  -0.00178833537  20.84655068931
   27.55454988600  -0.00440630730   3.03807090450
   13.77727494300  -0.00236580408  78.42566643997
 6793.47648813065   0.00069576387 -23.99405421600
 1616.30271425126  -0.00053660796   0.47997551056
   27.09267692660  -0.00200269823   1.70676096290
    9.09502787633   0.00253415854   0.60685192376
   13.69115772864   0.00016867063  -1.92690148521
 1305.66025845931   0.00030504828   1.20466654723
   27.44323926226  -0.00006785141   0.27042024943
   27.66676714572  -0.00100462343   2.80067708631
 2190.35004466729   0.00133293319   2.02353791277
   26.98505934729   0.00110579581   6.42473490997
 6167.20701373239  -0.00010103198  -4.07344259647
 -3232.60542850251   0.00083890721   0.29025688450
 -2120.90900683440  -0.00221347591  -0.30273077709
   27.33282433123  -0.00024238614  10.04383699724
   13.71880577217   0.00304423284 -16.81587677545
    9.13295078376   0.00007860894   8.09038323887
    9.12068919638   0.00077263774   0.81950498005
    9.10846048884   0.00140251130   1.00788122942
 3396.73824406533   0.00123255672 -39.22702280451
ltep   23.51066397325
ltep    2.61338154003
ltep    3.91413290270
ltep   12.28983519434
ltep   11.21165301861
ltep   -2.09107104701
ltep    3.18081070896
ltep    3.58245503554
ltep  -61.72163523927
ltep  -17.10853873324
ltep    9.89513841622
harm  45
harm  50
harm  48
harm  18
harm  42
harm  39
harm  2217
harm  8734
harm  8775
harm  9280
harm  50
harm  80
harm  219
harm  186
harm  261
harm  133
harm  55
harm  683
harm  490
harm  1196
harm  119
harm  173
harm  284
harm  23
harm  74
harm  58
harm  139
harm  0
