offs    0.00000000000
bg      0.00014145452
impA    0.00000000000
impB    0.00000000000
impC    0.00000000000
delA    4.57804577405
delB    0.72718786582
asym    0.00000027705
ann1    3.63037384946
ann2   -1.45340078343
sem1    0.07194132265
sem2    0.05621556293
year   -0.00002792655
IR     -0.00000000000
ma     -0.00000000000
mp      0.00011899154
shfT   -0.00000000000
init   -0.00804356622
   27.32166155400   0.00618582900  -1.33356369221
   27.21222081500   0.03092812432  -0.75314210433
 1095.17502233364   0.00033893471  -0.05335773438
    9.08286783775   0.00400437512   1.44462482879
    6.81670784238   0.00112790991   0.43003611247
   13.63341568476   0.00503105740   9.80620173923
   13.66083077700  -0.00265642378  14.70044449944
   13.60611040750  -0.00179770150  20.82617402000
   27.55454988600  -0.00441296884   3.05973736531
   13.77727494300  -0.00246968044  78.43950486331
 6793.47648813065   0.00074772353 -23.96015854709
 1616.30271425126  -0.00073928193   0.46411714868
   27.09267692660  -0.00213381204   1.73148382176
    9.09502787633   0.00268808689   0.60921763154
   13.69115772864   0.00014415286  -3.82100376321
 1305.66025845931   0.00034415390   0.95144702171
   27.44323926226  -0.00017649679  -0.00166048819
   27.66676714572  -0.00114040364   2.85940284912
 2190.35004466729   0.00127184511   2.05844835888
   26.98505934729   0.00127284705   6.35907131530
 6167.20701373239  -0.00009010101  -3.71777287149
 -3232.60542850251   0.00088339369   0.29301614156
 -2120.90900683440  -0.00225147309  -0.31753952175
   27.33282433123  -0.00026160419   9.96682847695
   13.71880577217   0.00303203877 -16.81276622052
    9.13295078376   0.00007772189   7.96114215295
    9.12068919638   0.00077718906   0.79281333768
    9.10846048884   0.00144616915   1.01331263837
 3396.73824406533   0.00123610370 -39.21513924288
ltep   23.12060697858
ltep    2.60606190425
ltep    3.91413290270
ltep   12.28983519434
ltep   11.21165301861
ltep   -2.09107104701
ltep    3.18081070896
ltep    3.58245503554
ltep  -61.72163523927
ltep  -17.10853873324
ltep    9.89513841622
harm  45
harm  50
harm  48
harm  18
harm  42
harm  551
harm  2217
harm  8734
harm  8775
harm  9280
harm  50
harm  80
harm  219
harm  186
harm  261
harm  133
harm  55
harm  683
harm  490
harm  1196
harm  119
harm  173
harm  284
harm  23
harm  74
harm  58
harm  139
harm  0
