offs    0.00000000000
bg      0.00014145452
impA    0.00000000000
impB    0.00000000000
impC    0.00000000000
delA    4.57470636396
delB    0.62987274904
asym    0.00000000000
ann1   -0.01189120854
ann2   -0.79171097869
sem1    0.00175922736
sem2    1.69847452514
year   -0.00002792655
IR     -0.00000000000
ma     -0.00000000000
mp      0.00011073309
shfT   -0.00000000000
init   -0.00613363644
   27.32166155400   0.00687471943  -1.27962113668
   27.21222081500   0.03233723923  -0.72670397727
 1095.17502233364   0.00051682257  -0.13161503056
    9.08286783775   0.00417752029   1.44181511367
    6.81670784238   0.00040463706  -0.18010797317
   13.63341568476   0.00517214912   9.90290983780
   13.66083077700  -0.00279962603  14.51665878039
   13.60611040750  -0.00171835331  20.90703712082
   27.55454988600  -0.00323772854   3.01036421822
   13.77727494300  -0.00252095355  78.31789758841
 6793.47648813065   0.00080257211 -24.00305447007
 1616.30271425126  -0.00063577232   0.59313387054
   27.09267692660  -0.00200692884   1.61797750366
    9.09502787633   0.00244390047   0.63120505309
   13.69115772864   0.00032125690  -2.06110011330
 1305.66025845931   0.00031057338   0.25926160879
   27.44323926226  -0.00022970471   0.65185470282
   27.66676714572  -0.00114362316   2.58890807305
 2190.35004466729   0.00133287557   2.00842959104
   26.98505934729   0.00107060220   6.02108170147
 6167.20701373239  -0.00008457530  -4.81157220280
 -3232.60542850251   0.00087645124   0.24276171266
 -2120.90900683440  -0.00224690610  -0.34059146125
   27.33282433123  -0.00020044825  15.38756221846
   13.71880577217   0.00335910927 -18.02875913372
    9.13295078376   0.00006468594   8.33152669825
    9.12068919638   0.00075249371   0.91689178906
    9.10846048884   0.00141810495   1.07059446555
 3396.73824406533   0.00122296120 -58.27672292541
ltep   34.31387757004
ltep    2.55274932279
ltep    3.91413290270
ltep   12.28983519434
ltep   11.21165301861
ltep   -2.49957265898
ltep    3.18081070896
ltep    3.58245503554
ltep  -68.01237201722
ltep  -18.64163718733
ltep    9.89513841622
harm  28
harm  35
harm  50
harm  23
harm  42
harm  158
harm  2217
harm  8734
harm  8775
harm  9280
harm  50
harm  80
harm  219
harm  186
harm  261
harm  133
harm  55
harm  683
harm  490
harm  1196
harm  119
harm  173
harm  284
harm  23
harm  74
harm  58
harm  139
harm  0
