offs    0.00000000000
bg      0.00014145030
impA    0.00000000000
impB    0.00000000000
impC    0.00000000000
delA    4.55883210898
delB    0.79873573316
asym   -0.00800411908
ann1    1.13143087855
ann2   -0.17947342201
sem1   -0.64635731356
sem2   -1.66451320406
year   -0.00002792676
IR     -0.00000000000
ma     -0.00000000000
mp      0.00007887063
shfT   -0.00000000000
init   -0.00011556183
   27.32166155400   0.00609491875  -1.57723593635
   27.21222081500   0.02979116073  -0.80921223345
 1095.17502233364   0.00097350396  -0.40328782561
    9.08286783775   0.00578449606   1.53588147866
    6.81670784238  -0.00083825940   0.49083218416
   13.63341568476   0.00473514550  16.34210314340
   13.66083077700  -0.00241498944  26.52374700150
   13.60611040750  -0.00256069054  20.36915178718
   27.55454988600  -0.00450247607   2.85337884715
   13.77727494300  -0.00251336337   5.04960116786
 6793.47648813065   0.00074381998   0.18267495305
 1616.30271425126  -0.00124467351  -1.38393312507
   27.09267692660  -0.00159826437   2.11107934256
    9.09502787633   0.00287638949   0.55550841057
   13.69115772864   0.00138574411  17.26808880364
 1305.66025845931  -0.00070955470   0.33867980666
   27.44323926226  -0.00115833678   0.95451362956
   27.66676714572  -0.00117757964   3.23259862560
 2190.35004466729   0.00183764121   1.70958324413
   26.98505934729   0.00223465825   5.79494879156
 6167.20701373239  -0.00023169166 -12.43234072517
 -3232.60542850251   0.00040023267   1.52487702130
 -2120.90900683440  -0.00117093817  -0.09444591574
   27.33282433123  -0.00046990444  15.63209524807
   13.71880577217   0.00445641422   1.58064507217
    9.13295078376   0.00005030306  -0.44673265075
    9.12068919638   0.00081260542   0.68571012324
    9.10846048884   0.00185973451   0.92929352078
 3396.73824406533   0.00166487326 -26.15554451436
 1656.31999626209   0.00066727948   8.14101321482
   27.10365333842  -0.00165361850   0.49999892274
ltep  -23.38854461217
ltep    9.47055250989
ltep   18.68216048000
ltep  100.00000000000
ltep   10.00000000000
ltep  200.00000000000
ltep  600.00000000000
ltep   70.00000000000
ltep  150.00000000000
ltep  400.00000000000
ltep    0.50000000000
harm  8
harm  24
harm  0
