offs    0.00000000000
bg      0.00014145452
impA    0.00000000000
impB    0.00000000000
impC    0.00000000000
delA    4.55261586904
delB    0.79253785742
asym    0.00949193604
ann1    0.01072072153
ann2   -1.05957447736
sem1   -0.00868927486
sem2    0.66109289213
year   -0.00002799688
IR     -0.00000000000
ma     -0.00000000000
mp      0.00004962697
shfT   -0.00000000000
init   -0.00998252333
   27.32166155400   0.00628857770  -1.33828632249
   27.21222081500   0.03129035454  -0.77538087964
 1095.17502233364   0.00056767255  -0.08891046696
    9.08286783775   0.00437098879   1.45501144498
    6.81670784238   0.00125810952   0.50258562505
   13.63341568476   0.00508665600   9.83451465099
   13.66083077700  -0.00254714986  14.72579982473
   13.60611040750  -0.00184976844  20.79394912082
   27.55454988600  -0.00477591498   3.01849607148
   13.77727494300  -0.00252071818  78.68630201333
 6793.47648813065   0.00075362740 -25.35044829913
 1616.30271425126  -0.00045898005   0.50070073287
   27.09267692660  -0.00186737210   1.95440564857
    9.09502787633   0.00273643133   0.64075170183
   13.69115772864   0.00032923155  -2.08201840047
 1305.66025845931   0.00037470616   1.37669891717
   27.44323926226  -0.00019752015   1.18484089535
   27.66676714572  -0.00101050811   3.02460213990
 2190.35004466729   0.00153341750   1.98248577113
   26.98505934729   0.00115724220   5.74573750456
 6167.20701373239  -0.00010038737   0.85062585852
 -3232.60542850251   0.00092094241   0.35159827799
 -2120.90900683440  -0.00208923367  -0.26767208268
   27.33282433123  -0.00033141900   9.59523230730
   13.71880577217   0.00311361474 -16.75386652971
    9.13295078376   0.00007588528  13.99684709005
    9.12068919638   0.00078656819   0.76877334738
    9.10846048884   0.00130762425   1.01764601861
 3396.73824406533   0.00134281689 -26.77891447965
ltep   22.85777490510
ltep    2.62210737188
ltep    3.91413290270
ltep   12.28983519434
ltep   11.21165301861
ltep   -2.09107104701
ltep    3.18081070896
ltep    3.58245503554
ltep  -61.72163523927
ltep  -17.10853873324
ltep    9.89513841622
harm  45
harm  49
harm  48
harm  22
harm  42
harm  75
harm  2217
harm  8734
harm  8775
harm  9280
harm  50
harm  80
harm  219
harm  186
harm  261
harm  133
harm  55
harm  683
harm  490
harm  1196
harm  119
harm  173
harm  284
harm  23
harm  74
harm  58
harm  139
harm  0
