offs    0.00000000000
bg      0.00014145030
impA    0.00000000000
impB    0.00000000000
impC    0.00000000000
delA    4.56114104326
delB    0.79873573316
asym   -0.01278960126
ann1    4.38273388512
ann2   -1.58554710270
sem1    1.64735763504
sem2   -0.53013303005
year   -0.00002792676
IR     -0.00000000000
ma     -0.00000000000
mp      0.00007121970
shfT   -0.00000000000
init   -0.00011154333
   27.32166155400   0.00589198941  -1.57235034225
   27.21222081500   0.02986517441  -0.81349540288
 1095.17502233364   0.00095132331  -0.43769741241
    9.08286783775   0.00582218471   1.53875766560
    6.81670784238  -0.00078818960   0.36739084005
   13.63341568476   0.00472081335  16.33457931149
   13.66083077700  -0.00249708595  26.54172634158
   13.60611040750  -0.00262287261  20.35327161034
   27.55454988600  -0.00440861379   2.86758368171
   13.77727494300  -0.00254846000   5.03589498241
 6793.47648813065   0.00073030293   0.17881671313
 1616.30271425126  -0.00125003968  -1.37769181475
   27.09267692660  -0.00159770122   2.09562275868
    9.09502787633   0.00288951521   0.55393459179
   13.69115772864   0.00141592926  17.29187376214
 1305.66025845931  -0.00065486501   0.32622213917
   27.44323926226  -0.00114808511   0.92783521727
   27.66676714572  -0.00118116671   3.23811146194
 2190.35004466729   0.00188764210   1.69485537568
   26.98505934729   0.00229129114   5.85779045689
 6167.20701373239  -0.00022146064 -12.43008609349
 -3232.60542850251   0.00039821921   1.41098594019
 -2120.90900683440  -0.00118862921  -0.04033674566
   27.33282433123  -0.00047926550  15.64058964243
   13.71880577217   0.00444257640   1.61964166500
    9.13295078376   0.00005170852  -0.47268390790
    9.12068919638   0.00081676654   0.68837233098
    9.10846048884   0.00184585938   0.93851229366
 3396.73824406533   0.00162848413 -26.15884859526
 1656.31999626209   0.00067310752   8.29428612922
   27.10365333842  -0.00157529498   0.54269228459
ltep  -23.22306180900
ltep    9.49597975844
ltep   18.68216048000
ltep  100.00000000000
ltep   10.00000000000
ltep  200.00000000000
ltep  600.00000000000
ltep   70.00000000000
ltep  150.00000000000
ltep  400.00000000000
ltep    0.50000000000
harm  20
harm  24
harm  0
