offs    0.00000000000
bg      0.00014145030
impA    0.00000000000
impB    0.00000000000
impC    0.00000000000
delA    4.55939651495
delB    0.79873573316
asym   -0.01216674441
ann1    3.46695683203
ann2   -0.94519226976
sem1    1.83982919844
sem2   -0.63755038002
year   -0.00002792676
IR     -0.00000000000
ma     -0.00000000000
mp     -0.00007550041
shfT   -0.00000000000
init   -0.00014084083
   27.32166155400   0.00600307457  -1.55822825533
   27.21222081500   0.02986810157  -0.81166131113
 1095.17502233364   0.00098404368  -0.45845811521
    9.08286783775   0.00584182181   1.52010403735
    6.81670784238  -0.00089591965   0.43315062960
   13.63341568476   0.00473710303  16.32614082697
   13.66083077700  -0.00242090883  26.54413635726
   13.60611040750  -0.00258956603  20.35144832246
   27.55454988600  -0.00442507766   2.85097539662
   13.77727494300  -0.00255510073   5.08730474417
 6793.47648813065   0.00073552497   0.18948391667
 1616.30271425126  -0.00119955312  -1.45395181066
   27.09267692660  -0.00170435244   2.09038134186
    9.09502787633   0.00287405475   0.56197787559
   13.69115772864   0.00130492460  17.16392099051
 1305.66025845931  -0.00066581004   0.33332489153
   27.44323926226  -0.00118763205   0.80445271241
   27.66676714572  -0.00118703363   3.21860342945
 2190.35004466729   0.00184986266   1.69634919376
   26.98505934729   0.00225317479   5.80007811012
 6167.20701373239  -0.00021969530 -12.51636714484
 -3232.60542850251   0.00037106155   1.40360971873
 -2120.90900683440  -0.00119316377  -0.05717423410
   27.33282433123  -0.00044133859  15.84123386840
   13.71880577217   0.00444289394   1.60441568775
    9.13295078376   0.00005073185  -0.40471898615
    9.12068919638   0.00082025516   0.70557896886
    9.10846048884   0.00188656279   0.95894227302
 3396.73824406533   0.00161605070 -26.14530433762
 1656.31999626209   0.00069326990   8.11296999666
   27.10365333842  -0.00165591526   0.53267709472
ltep   23.38247328755
ltep    9.46740598518
ltep   18.68216048000
ltep  100.00000000000
ltep   10.00000000000
ltep  200.00000000000
ltep  600.00000000000
ltep   70.00000000000
ltep  150.00000000000
ltep  400.00000000000
ltep    0.50000000000
harm  28
harm  24
harm  0
