1908.5000  -45.6940
1908.5833  -34.5946
1908.6667  -18.6620
1908.7500  -5.3129
1908.8333  5.3695
1908.9167  6.3017
1909.0000  3.4837
1909.0833  2.7907
1909.1667  2.5558
1909.2500  4.6125
1909.3333  7.7107
1909.4167  12.1421
1909.5000  12.0734
1909.5833  11.9974
1909.6667  8.0463
1909.7500  5.9703
1909.8333  2.7276
1909.9167  1.9016
1910.0000  2.3256
1910.0833  4.7079
1910.1667  1.4235
1910.2500  -3.0691
1910.3333  -6.1868
1910.4167  -9.9295
1910.5000  -10.0472
1910.5833  -12.5399
1910.6667  -8.5742
1910.7500  -6.6503
1910.8333  -2.1846
1910.9167  1.5727
1911.0000  6.4550
1911.0833  6.5457
1911.1667  10.2196
1911.2500  13.8520
1911.3333  17.1093
1911.4167  20.7416
1911.5000  24.2906
1911.5833  22.2562
1911.6667  17.1385
1911.7500  14.4792
1911.8333  3.4448
1911.9167  -1.4229
1912.0000  -7.2906
1912.0833  -9.1166
1912.1667  -8.8593
1912.2500  -10.4353
1912.3333  -12.2613
1912.4167  -16.2540
1912.5000  -15.4550
1912.5833  -9.2810
1912.6667  -8.4404
1912.7500  -6.1414
1912.8333  -4.1341
1912.9167  -3.3768
1913.0000  -0.3695
1913.0833  2.6795
1913.1667  3.7702
1913.2500  7.7358
1913.3333  10.8265
1913.4167  17.1254
1913.5000  11.6327
1913.5833  10.0984
1913.6667  11.3974
1913.7500  7.9880
1913.8333  9.9120
1913.9167  14.6276
1914.0000  14.5933
1914.0833  12.8506
1914.1667  10.6913
1914.2500  8.6986
1914.3333  8.1642
1914.4167  9.1715
1914.5000  19.8455
1914.5833  24.1028
1914.6667  29.6518
1914.7500  39.7424
1914.8333  47.2498
1914.9167  49.3404
1915.0000  50.0144
1915.0833  51.2717
1915.1667  51.1540
1915.2500  49.2863
1915.3333  49.5020
1915.4167  44.4260
1915.5000  36.2666
1915.5833  33.5656
1915.6667  27.6562
1915.7500  20.9135
1915.8333  18.6292
1915.9167  12.3865
1916.0000  10.5605
1916.0833  8.6928
1916.1667  8.5334
1916.2500  7.1658
1916.3333  2.9231
1916.4167  0.4304
1916.5000  -3.6456
1916.5833  -14.4717
1916.6667  -22.1727
1916.7500  -21.3320
1916.8333  -27.4914
1916.9167  -26.7757
1917.0000  -25.4351
1917.0833  -26.8861
1917.1667  -29.2538
1917.2500  -29.5798
1917.3333  -33.2808
1917.4167  -35.4402
1917.5000  -39.0579
1917.5833  -34.2172
1917.6667  -29.4182
1917.7500  -32.6193
1917.8333  -24.9036
1917.9167  -18.7296
1918.0000  -16.4307
1918.0833  -13.0067
1918.1667  -7.9160
1918.2500  -4.2421
1918.3333  2.0986
1918.4167  6.6476
1918.5000  15.3216
1918.5833  17.2455
1918.6667  18.0028
1918.7500  18.3435
1918.8333  13.9341
1918.9167  7.4415
1919.0000  3.5321
1919.0833  1.2061
1919.1667  -0.2033
1919.2500  -1.8626
1919.3333  -1.4803
1919.4167  -2.9730
1919.5000  -3.2574
1919.5833  -2.1667
1919.6667  -1.7011
1919.7500  -1.6521
1919.8333  -2.5198
1919.9167  -4.0958
1920.0000  -2.3385
1920.0833  1.6688
1920.1667  2.6762
1920.2500  1.9335
1920.3333  1.8574
1920.4167  4.2398
1920.5000  6.9554
1920.5833  6.5461
1920.6667  14.0534
1920.7500  16.7273
1920.8333  17.9013
1920.9167  20.6170
1921.0000  25.9576
1921.0833  26.5066
1921.1667  26.5972
1921.2500  30.4379
1921.3333  30.7785
1921.4167  31.3275
1921.5000  30.0015
1921.5833  33.0088
1921.6667  33.0161
1921.7500  35.1484
1921.8333  37.1141
1921.9167  39.5381
1922.0000  34.4204
1922.0833  28.2194
1922.1667  24.6850
1922.2500  21.5673
1922.3333  20.0330
1922.4167  19.9153
1922.5000  17.4226
1922.5833  12.6382
1922.6667  3.1872
1922.7500  -3.8888
1922.8333  -5.8398
1922.9167  -7.4992
1923.0000  -8.7002
1923.0833  -6.2345
1923.1667  -4.9772
1923.2500  -7.1366
1923.3333  -5.8793
1923.4167  -8.4136
1923.5000  -9.1980
1923.5833  -9.4823
1923.6667  -7.5584
1923.7500  -7.1344
1923.8333  -12.6687
1923.9167  -16.6197
1924.0000  -19.0291
1924.0833  -23.0218
1924.1667  -26.9311
1924.2500  -27.6738
1924.3333  -31.5415
1924.4167  -33.4509
1924.5000  -37.5269
1924.5833  -38.2279
1924.6667  -40.2623
1924.7500  -40.0466
1924.8333  -37.7476
1924.9167  -36.5737
1925.0000  -34.5663
1925.0833  -30.1007
1925.1667  -26.5100
1925.2500  -22.4194
1925.3333  -19.7871
1925.4167  -15.4464
1925.5000  -5.0225
1925.5833  -2.6401
1925.6667  -1.0495
1925.7500  -2.5005
1925.8333  -5.2849
1925.9167  -8.7776
1926.0000  -11.1452
1926.0833  -14.8046
1926.1667  -15.4640
1926.2500  -17.5400
1926.3333  -15.9077
1926.4167  -18.8587
1926.5000  -25.9347
1926.5833  -23.1774
1926.6667  -22.1701
1926.7500  -18.8294
1926.8333  -11.9888
1926.9167  -7.0648
1927.0000  -2.3491
1927.0833  1.3248
1927.1667  3.0821
1927.2500  2.3395
1927.3333  0.6801
1927.4167  2.1458
1927.5000  4.4031
1927.5833  4.5770
1927.6667  6.2510
1927.7500  8.4250
1927.8333  3.3073
1927.9167  -0.2687
1928.0000  -0.9697
1928.0833  -1.1291
1928.1667  -3.1218
1928.2500  -2.5311
1928.3333  -4.8988
1928.4167  -5.9332
1928.5000  -5.0092
1928.5833  -7.8769
1928.6667  -10.9945
1928.7500  -14.5289
1928.8333  -9.3549
1928.9167  -6.6393
1929.0000  -6.6736
1929.0833  -4.3330
1929.1667  -1.7007
1929.2500  0.3066
1929.3333  3.7723
1929.4167  4.6129
1929.5000  0.0369
1929.5833  1.4192
1929.6667  3.1765
1929.7500  6.5172
1929.8333  7.3162
1929.9167  7.4485
1930.0000  3.6641
1930.0833  4.5464
1930.1667  5.1788
1930.2500  7.8527
1930.3333  8.9017
1930.4167  10.7840
1930.5000  13.1663
1930.5833  9.0903
1930.6667  9.8476
1930.7500  9.6050
1930.8333  7.5706
1930.9167  6.2029
1931.0000  7.4602
1931.0833  3.0509
1931.1667  0.4332
1931.2500  -5.1012
1931.3333  -8.6772
1931.4167  -12.7949
1931.5000  -14.7042
1931.5833  -13.3219
1931.6667  -14.3146
1931.7500  -13.5990
1931.8333  -7.5500
1931.9167  -5.6260
1932.0000  -4.6187
1932.0833  -5.1530
1932.1667  -5.1041
1932.2500  -2.9301
1932.3333  -2.5894
1932.4167  -0.6238
1932.5000  -0.4081
1932.5833  -1.9425
1932.6667  -5.0185
1932.7500  -8.2195
1932.8333  -15.6705
1932.9167  -18.5799
1933.0000  -19.9893
1933.0833  -20.3153
1933.1667  -23.0163
1933.2500  -25.6340
1933.3333  -28.0017
1933.4167  -29.2860
1933.5000  -31.1537
1933.5833  -31.3131
1933.6667  -33.7641
1933.7500  -34.2984
1933.8333  -36.6661
1933.9167  -33.7421
1934.0000  -33.7348
1934.0833  -33.9358
1934.1667  -32.6369
1934.2500  -32.8379
1934.3333  -31.4972
1934.4167  -30.2399
1934.5000  -29.3993
1934.5833  -28.1836
1934.6667  -26.0513
1934.7500  -22.1273
1934.8333  -22.1200
1934.9167  -24.1544
1935.0000  -23.7304
1935.0833  -22.4731
1935.1667  -21.4241
1935.2500  -18.4168
1935.3333  -15.7011
1935.4167  -15.9438
1935.5000  -15.9365
1935.5833  -16.2625
1935.6667  -12.3802
1935.7500  -12.9146
1935.8333  -9.2406
1935.9167  -7.6083
1936.0000  -6.9343
1936.0833  -6.6770
1936.1667  -5.2947
1936.2500  -6.6207
1936.3333  -6.2800
1936.4167  -4.6894
1936.5000  -3.7238
1936.5833  2.5336
1936.6667  5.0825
1936.7500  4.4649
1936.8333  4.4722
1936.9167  6.5211
1937.0000  6.9451
1937.0833  7.9108
1937.1667  7.0014
1937.2500  9.2587
1937.3333  10.6827
1937.4167  10.3567
1937.5000  15.3223
1937.5833  11.9963
1937.6667  5.0453
1937.7500  2.5526
1937.8333  2.1849
1937.9167  1.4422
1938.0000  1.6162
1938.0833  -0.5015
1938.1667  -2.2858
1938.2500  -5.6952
1938.3333  -6.6045
1938.4167  -5.4722
1938.5000  -7.5482
1938.5833  -9.3326
1938.6667  -9.4919
1938.7500  -10.4013
1938.8333  -12.6023
1938.9167  -14.6783
1939.0000  -16.7544
1939.0833  -16.2054
1939.1667  -13.7397
1939.2500  -12.0241
1939.3333  -11.1834
1939.4167  -12.2595
1939.5000  -11.2521
1939.5833  -11.1198
1939.6667  -4.5292
1939.7500  1.3948
1939.8333  2.8604
1939.9167  6.8261
1940.0000  7.2501
1940.0833  7.8824
1940.1667  7.1397
1940.2500  8.8137
1940.3333  9.6127
1940.4167  14.6200
1940.5000  16.1690
1940.5833  21.9582
1940.6667  30.8386
1940.7500  32.9974
1940.8333  41.5318
1940.9167  42.1821
1941.0000  43.4049
1941.0833  46.2502
1941.1667  52.3263
1941.2500  55.0162
1941.3333  53.9787
1941.4167  50.2550
1941.5000  53.8287
1941.5833  54.0504
1941.6667  49.3460
1941.7500  50.2087
1941.8333  49.0415
1941.9167  46.4927
1942.0000  45.7310
1942.0833  41.4286
1942.1667  33.7689
1942.2500  26.2991
1942.3333  20.4025
1942.4167  14.4542
1942.5000  4.2346
1942.5833  4.6809
1942.6667  3.6828
1942.7500  1.7819
1942.8333  -1.4384
1942.9167  2.2579
1943.0000  9.6486
1943.0833  13.6922
1943.1667  15.4579
1943.2500  15.7098
1943.3333  14.7950
1943.4167  14.3802
1943.5000  14.7432
1943.5833  9.7178
1943.6667  8.8176
1943.7500  10.9396
1943.8333  12.8278
1943.9167  9.6311
1944.0000  3.6489
1944.0833  -0.5444
1944.1667  -3.6156
1944.2500  -5.9153
1944.3333  -6.3013
1944.4167  -7.7397
1944.5000  -5.4852
1944.5833  -4.7207
1944.6667  -4.9073
1944.7500  -7.6433
1944.8333  -10.8393
1944.9167  -11.8006
1945.0000  -6.5314
1945.0833  -5.6929
1945.1667  -5.8441
1945.2500  -4.6827
1945.3333  -5.7922
1945.4167  -5.4147
1945.5000  -8.1663
1945.5833  -5.4577
1945.6667  -1.8416
1945.7500  -0.4465
1945.8333  1.5937
1945.9167  1.5273
1946.0000  -3.9606
1946.0833  -3.8888
1946.1667  -4.0677
1946.2500  -3.7177
1946.3333  -3.7206
1946.4167  -2.6091
1946.5000  2.7453
1946.5833  4.6608
1946.6667  5.4894
1946.7500  8.7745
1946.8333  8.9875
1946.9167  6.4487
1947.0000  4.7285
1947.0833  3.3538
1947.1667  2.4672
1947.2500  -0.9212
1947.3333  -1.4475
1947.4167  -1.7358
1947.5000  -3.4378
1947.5833  -2.4700
1947.6667  -3.1219
1947.7500  -3.9787
1947.8333  -5.1367
1947.9167  -2.3161
1948.0000  -3.0250
1948.0833  -1.8153
1948.1667  -1.8170
1948.2500  0.4092
1948.3333  1.1481
1948.4167  1.1049
1948.5000  -1.1316
1948.5833  -2.5422
1948.6667  -2.2904
1948.7500  -4.2447
1948.8333  -7.2144
1948.9167  -7.8931
1949.0000  -7.9226
1949.0833  -10.4700
1949.1667  -9.5738
1949.2500  -12.0509
1949.3333  -13.0264
1949.4167  -14.5795
1949.5000  -17.1917
1949.5833  -22.5885
1949.6667  -28.9291
1949.7500  -32.4348
1949.8333  -31.4286
1949.9167  -30.5386
1950.0000  -28.2825
1950.0833  -27.4129
1950.1667  -28.9579
1950.2500  -27.4699
1950.3333  -27.2788
1950.4167  -26.3065
1950.5000  -25.7382
1950.5833  -25.3029
1950.6667  -18.5221
1950.7500  -14.7114
1950.8333  -9.6986
1950.9167  -1.6074
1951.0000  5.2962
1951.0833  8.2010
1951.1667  13.5095
1951.2500  17.0539
1951.3333  20.7665
1951.4167  22.2286
1951.5000  24.3498
1951.5833  26.4802
1951.6667  23.2085
1951.7500  20.6682
1951.8333  15.0409
1951.9167  5.5247
1952.0000  -1.9215
1952.0833  -5.2854
1952.1667  -7.6808
1952.2500  -9.6350
1952.3333  -10.3994
1952.4167  -11.0539
1952.5000  -10.6320
1952.5833  -9.9799
1952.6667  -4.5669
1952.7500  0.5776
1952.8333  5.2997
1952.9167  8.9117
1953.0000  12.2717
1953.0833  14.1460
1953.1667  15.5335
1953.2500  18.1490
1953.3333  18.1313
1953.4167  19.6314
1953.5000  20.5893
1953.5833  19.8038
1953.6667  13.2118
1953.7500  8.3648
1953.8333  5.1474
1953.9167  1.4072
1954.0000  -2.6059
1954.0833  -4.4613
1954.1667  -8.2154
1954.2500  -10.7615
1954.3333  -12.6572
1954.4167  -13.8401
1954.5000  -16.7506
1954.5833  -15.8177
1954.6667  -11.1081
1954.7500  -10.1644
1954.8333  -9.1565
1954.9167  -8.6343
1955.0000  -10.8562
1955.0833  -13.0747
1955.1667  -13.6959
1955.2500  -16.2022
1955.3333  -17.5823
1955.4167  -21.7453
1955.5000  -23.6238
1955.5833  -26.5300
1955.6667  -28.3526
1955.7500  -27.6495
1955.8333  -25.1927
1955.9167  -23.7507
1956.0000  -21.4171
1956.0833  -19.7970
1956.1667  -19.1983
1956.2500  -17.1830
1956.3333  -17.5237
1956.4167  -16.5424
1956.5000  -17.2697
1956.5833  -17.0393
1956.6667  -16.0128
1956.7500  -12.4934
1956.8333  -8.8580
1956.9167  -3.6570
1957.0000  2.9477
1957.0833  10.2038
1957.1667  14.0839
1957.2500  15.7462
1957.3333  20.3525
1957.4167  29.6243
1957.5000  40.3528
1957.5833  52.3816
1957.6667  55.3281
1957.7500  55.8553
1957.8333  53.1046
1957.9167  49.7047
1958.0000  45.1381
1958.0833  42.3021
1958.1667  41.0146
1958.2500  41.6012
1958.3333  39.9717
1958.4167  33.0445
1958.5000  25.8912
1958.5833  19.7741
1958.6667  17.8664
1958.7500  16.7251
1958.8333  16.3197
1958.9167  11.9306
1959.0000  9.4960
1959.0833  6.2039
1959.1667  6.3285
1959.2500  6.3345
1959.3333  7.0104
1959.4167  9.3267
1959.5000  10.7382
1959.5833  8.7315
1959.6667  8.8392
1959.7500  7.1448
1959.8333  6.9823
1959.9167  10.4398
1960.0000  13.2487
1960.0833  15.4514
1960.1667  16.2673
1960.2500  14.4350
1960.3333  13.2136
1960.4167  10.9567
1960.5000  11.6463
1960.5833  13.5975
1960.6667  12.3964
1960.7500  15.0251
1960.8333  14.6574
1960.9167  15.4249
1961.0000  13.4486
1961.0833  11.2333
1961.1667  12.1960
1961.2500  11.5052
1961.3333  11.4282
1961.4167  9.5401
1961.5000  9.4268
1961.5833  5.9321
1961.6667  1.4782
1961.7500  -3.7725
1961.8333  -5.0009
1961.9167  -7.9583
1962.0000  -7.0575
1962.0833  -8.1306
1962.1667  -11.3604
1962.2500  -9.8410
1962.3333  -12.5808
1962.4167  -12.8372
1962.5000  -16.9133
1962.5833  -17.5963
1962.6667  -12.4248
1962.7500  -8.9624
1962.8333  -6.7324
1962.9167  -4.0410
1963.0000  -3.2178
1963.0833  0.4946
1963.1667  4.3494
1963.2500  3.7297
1963.3333  6.6003
1963.4167  7.9291
1963.5000  12.7712
1963.5833  12.9779
1963.6667  10.6559
1963.7500  7.2142
1963.8333  1.4533
1963.9167  -3.6461
1964.0000  -9.6762
1964.0833  -13.1095
1964.1667  -17.0895
1964.2500  -20.0668
1964.3333  -24.9166
1964.4167  -28.2918
1964.5000  -33.3996
1964.5833  -32.0888
1964.6667  -26.8881
1964.7500  -20.7688
1964.8333  -15.9112
1964.9167  -12.8085
1965.0000  -5.2317
1965.0833  -1.1293
1965.1667  3.8543
1965.2500  11.6332
1965.3333  17.3707
1965.4167  24.2298
1965.5000  30.7697
1965.5833  34.0433
1965.6667  27.3817
1965.7500  21.8383
1965.8333  18.6148
1965.9167  17.4613
1966.0000  13.2374
1966.0833  10.9250
1966.1667  5.0840
1966.2500  -1.4906
1966.3333  -3.9657
1966.4167  -8.6228
1966.5000  -14.4401
1966.5833  -18.4942
1966.6667  -17.3263
1966.7500  -19.8847
1966.8333  -20.1216
1966.9167  -19.0432
1967.0000  -17.5644
1967.0833  -18.0106
1967.1667  -19.1083
1967.2500  -21.2669
1967.3333  -24.1535
1967.4167  -24.1152
1967.5000  -23.5865
1967.5833  -23.9390
1967.6667  -26.4812
1967.7500  -25.3970
1967.8333  -24.1059
1967.9167  -27.3967
1968.0000  -29.2378
1968.0833  -27.3055
1968.1667  -23.6745
1968.2500  -19.6329
1968.3333  -14.0657
1968.4167  -10.3263
1968.5000  -7.4098
1968.5833  -5.1668
1968.6667  0.0529
1968.7500  8.1098
1968.8333  14.2491
1968.9167  19.0784
1969.0000  20.3866
1969.0833  17.3890
1969.1667  16.2598
1969.2500  18.6829
1969.3333  18.7314
1969.4167  19.1822
1969.5000  18.0757
1969.5833  16.5874
1969.6667  15.6878
1969.7500  10.7373
1969.8333  5.9233
1969.9167  4.0849
1970.0000  2.9602
1970.0833  0.9546
1970.1667  -1.7843
1970.2500  -6.9244
1970.3333  -11.3063
1970.4167  -17.8039
1970.5000  -20.1054
1970.5833  -22.2599
1970.6667  -23.1333
1970.7500  -20.5613
1970.8333  -18.3783
1970.9167  -18.8444
1971.0000  -18.2227
1971.0833  -16.1742
1971.1667  -16.0155
1971.2500  -15.9311
1971.3333  -17.0593
1971.4167  -15.0855
1971.5000  -16.2046
1971.5833  -12.9986
1971.6667  -10.4892
1971.7500  -9.1693
1971.8333  -10.2831
1971.9167  -4.9872
1972.0000  1.4832
1972.0833  8.1087
1972.1667  15.5640
1972.2500  22.0451
1972.3333  26.5068
1972.4167  33.8906
1972.5000  45.8838
1972.5833  45.2960
1972.6667  43.4409
1972.7500  37.6462
1972.8333  33.4349
1972.9167  22.6593
1973.0000  13.5365
1973.0833  3.4075
1973.1667  -5.3669
1973.2500  -16.2207
1973.3333  -22.2026
1973.4167  -32.2308
1973.5000  -46.2481
1973.5833  -49.9767
1973.6667  -52.9823
1973.7500  -52.6482
1973.8333  -48.5987
1973.9167  -41.2687
1974.0000  -37.3469
1974.0833  -33.7056
1974.1667  -29.8518
1974.2500  -25.4795
1974.3333  -20.3180
1974.4167  -18.4375
1974.5000  -17.7629
1974.5833  -14.7917
1974.6667  -9.0377
1974.7500  -5.0821
1974.8333  -7.9616
1974.9167  -11.8081
1975.0000  -13.5586
1975.0833  -13.6343
1975.1667  -15.9231
1975.2500  -17.7976
1975.3333  -20.1134
1975.4167  -18.8848
1975.5000  -15.8579
1975.5833  -15.7343
1975.6667  -18.1945
1975.7500  -15.4607
1975.8333  -11.2361
1975.9167  -6.9393
1976.0000  -2.3953
1976.0833  -0.4386
1976.1667  -1.5649
1976.2500  0.7734
1976.3333  2.7994
1976.4167  5.6834
1976.5000  5.5936
1976.5833  4.1525
1976.6667  3.2818
1976.7500  0.2441
1976.8333  -4.5904
1976.9167  -5.6079
1977.0000  -10.3337
1977.0833  -12.2653
1977.1667  -11.7131
1977.2500  -12.2609
1977.3333  -14.1747
1977.4167  -15.6262
1977.5000  -15.2786
1977.5833  -14.4224
1977.6667  -13.1171
1977.7500  -15.6771
1977.8333  -14.2046
1977.9167  -15.8335
1978.0000  -14.8877
1978.0833  -12.9702
1978.1667  -11.1880
1978.2500  -10.8472
1978.3333  -5.9573
1978.4167  -2.6965
1978.5000  0.1518
1978.5833  2.3920
1978.6667  4.1537
1978.7500  7.2918
1978.8333  8.9268
1978.9167  10.2865
1979.0000  10.3290
1979.0833  10.0754
1979.1667  13.2413
1979.2500  16.9061
1979.3333  15.2505
1979.4167  12.5949
1979.5000  14.9906
1979.5833  15.7808
1979.6667  16.1734
1979.7500  16.7196
1979.8333  18.6803
1979.9167  22.0477
1980.0000  24.3349
1980.0833  26.1395
1980.1667  22.9786
1980.2500  22.8729
1980.3333  22.6539
1980.4167  25.0035
1980.5000  23.2872
1980.5833  22.8759
1980.6667  19.9183
1980.7500  18.9325
1980.8333  21.2699
1980.9167  19.5078
1981.0000  18.3681
1981.0833  15.4600
1981.1667  17.4539
1981.2500  12.2379
1981.3333  11.3017
1981.4167  8.6769
1981.5000  6.6429
1981.5833  5.6917
1981.6667  6.9716
1981.7500  6.2276
1981.8333  1.7917
1981.9167  4.2915
1982.0000  7.0740
1982.0833  7.0146
1982.1667  4.5385
1982.2500  10.8350
1982.3333  21.8001
1982.4167  29.6479
1982.5000  42.9399
1982.5833  60.2544
1982.6667  66.5266
1982.7500  75.7092
1982.8333  90.0089
1982.9167  99.8093
1983.0000  107.4885
1983.0833  115.4646
1983.1667  121.6790
1983.2500  118.3270
1983.3333  106.0167
1983.4167  96.5981
1983.5000  82.8628
1983.5833  66.2585
1983.6667  62.9078
1983.7500  56.1280
1983.8333  44.0089
1983.9167  32.5282
1984.0000  21.9612
1984.0833  18.3851
1984.1667  16.6890
1984.2500  18.8192
1984.3333  26.8321
1984.4167  27.1580
1984.5000  29.1991
1984.5833  23.8954
1984.6667  18.0891
1984.7500  15.7908
1984.8333  11.1248
1984.9167  3.9350
1985.0000  4.1837
1985.0833  -1.5524
1985.1667  -6.5603
1985.2500  -8.2444
1985.3333  -14.4448
1985.4167  -15.4285
1985.5000  -19.3957
1985.5833  -16.1359
1985.6667  -16.5413
1985.7500  -18.4746
1985.8333  -16.1593
1985.9167  -9.3174
1986.0000  -8.5205
1986.0833  -5.2435
1986.1667  -3.8582
1986.2500  -2.4783
1986.3333  0.0778
1986.4167  6.2543
1986.5000  6.1994
1986.5833  10.4962
1986.6667  20.9457
1986.7500  22.2055
1986.8333  22.8264
1986.9167  16.6706
1987.0000  13.3161
1987.0833  14.6405
1987.1667  15.3726
1987.2500  14.2220
1987.3333  10.2782
1987.4167  5.3431
1987.5000  4.6311
1987.5833  -1.7442
1987.6667  -11.4757
1987.7500  -12.7233
1987.8333  -14.5145
1987.9167  -17.9038
1988.0000  -22.0237
1988.0833  -31.1600
1988.1667  -36.6727
1988.2500  -46.9663
1988.3333  -51.3268
1988.4167  -57.5132
1988.5000  -61.3635
1988.5833  -61.5915
1988.6667  -60.1149
1988.7500  -57.5131
1988.8333  -55.1513
1988.9167  -49.4031
1989.0000  -44.2306
1989.0833  -40.1461
1989.1667  -38.4071
1989.2500  -32.0745
1989.3333  -30.0415
1989.4167  -24.9940
1989.5000  -21.4156
1989.5833  -18.1284
1989.6667  -19.7958
1989.7500  -21.0278
1989.8333  -21.2530
1989.9167  -24.8739
1990.0000  -29.6235
1990.0833  -34.0212
1990.1667  -33.2162
1990.2500  -31.3608
1990.3333  -31.1193
1990.4167  -32.2062
1990.5000  -34.2888
1990.5833  -34.1532
1990.6667  -33.4284
1990.7500  -37.7513
1990.8333  -41.4386
1990.9167  -36.5078
1991.0000  -32.1146
1991.0833  -28.9117
1991.1667  -26.5889
1991.2500  -26.2912
1991.3333  -24.1557
1991.4167  -19.8884
1991.5000  -16.9949
1991.5833  -15.2511
1991.6667  -11.3894
1991.7500  1.1659
1991.8333  5.7409
1991.9167  8.2736
1992.0000  10.1656
1992.0833  9.9536
1992.1667  8.7788
1992.2500  9.9261
1992.3333  11.3130
1992.4167  9.7014
1992.5000  13.2107
1992.5833  14.2962
1992.6667  11.6227
1992.7500  2.9810
1992.8333  2.8204
1992.9167  5.4421
1993.0000  8.7243
1993.0833  10.5731
1993.1667  11.3316
1993.2500  9.7931
1993.3333  9.5801
1993.4167  8.9954
1993.5000  9.1861
1993.5833  5.5469
1993.6667  3.1503
1993.7500  1.1112
1993.8333  -2.7538
1993.9167  -7.9947
1994.0000  -10.4438
1994.0833  -7.2390
1994.1667  -9.9003
1994.2500  -8.1513
1994.3333  -9.6056
1994.4167  -8.6012
1994.5000  -6.7907
1994.5833  -10.6945
1994.6667  -8.9823
1994.7500  -7.9307
1994.8333  -6.6233
1994.9167  -11.2975
1995.0000  -12.5206
1995.0833  -14.8047
1995.1667  -13.7749
1995.2500  -16.6284
1995.3333  -21.6782
1995.4167  -28.6486
1995.5000  -37.3173
1995.5833  -35.3934
1995.6667  -35.9548
1995.7500  -39.8710
1995.8333  -43.2031
1995.9167  -39.4419
1996.0000  -40.1212
1996.0833  -36.9927
1996.1667  -33.3161
1996.2500  -35.6240
1996.3333  -31.5028
1996.4167  -29.2829
1996.5000  -24.2367
1996.5833  -21.4234
1996.6667  -16.8813
1996.7500  -7.8152
1996.8333  2.2656
1996.9167  13.5929
1997.0000  24.3641
1997.0833  28.8714
1997.1667  29.7635
1997.2500  34.1208
1997.3333  41.2815
1997.4167  55.7088
1997.5000  69.0360
1997.5833  73.4940
1997.6667  71.1399
1997.7500  69.1783
1997.8333  64.0868
1997.9167  59.7807
1998.0000  48.4072
1998.0833  41.9378
1998.1667  37.7336
1998.2500  35.4142
1998.3333  29.4748
1998.4167  17.1188
1998.5000  4.1127
1998.5833  -3.0933
1998.6667  -7.2160
1998.7500  -11.5304
1998.8333  -11.7212
1998.9167  -18.1273
1999.0000  -14.7833
1999.0833  -15.5417
1999.1667  -14.1810
1999.2500  -14.0204
1999.3333  -9.2857
1999.4167  -6.5849
1999.5000  -8.7204
1999.5833  -7.8098
1999.6667  -10.2864
1999.7500  -10.9973
1999.8333  -12.7200
1999.9167  -12.2593
2000.0000  -13.2987
2000.0833  -14.6858
2000.1667  -15.9085
2000.2500  -13.5313
2000.3333  -14.6790
2000.4167  -15.5650
2000.5000  -15.1454
2000.5833  -15.1606
2000.6667  -8.4511
2000.7500  -10.4901
2000.8333  -8.7762
2000.9167  -7.5434
2001.0000  -9.2087
2001.0833  -2.7055
2001.1667  1.5831
2001.2500  0.6904
2001.3333  -2.0831
2001.4167  1.0720
2001.5000  1.5893
2001.5833  2.1970
2001.6667  4.7450
2001.7500  9.8604
2001.8333  6.8617
2001.9167  5.1463
2002.0000  6.4069
2002.0833  6.3908
2002.1667  8.7064
2002.2500  16.5599
2002.3333  27.7462
2002.4167  32.9859
2002.5000  41.0952
2002.5833  40.7694
2002.6667  37.0703
2002.7500  39.1998
2002.8333  47.3494
2002.9167  50.9841
2003.0000  54.3475
2003.0833  58.0128
2003.1667  60.8656
2003.2500  62.1456
2003.3333  57.7832
2003.4167  57.3034
2003.5000  56.9062
2003.5833  63.0923
2003.6667  64.6951
2003.7500  67.7771
2003.8333  63.0956
2003.9167  66.6775
2004.0000  69.7906
2004.0833  67.8726
2004.1667  69.4129
2004.2500  66.3907
2004.3333  67.4310
2004.4167  63.5547
2004.5000  62.4283
2004.5833  60.2811
2004.6667  61.1131
2004.7500  56.4450
2004.8333  58.6937
2004.9167  55.8173
2005.0000  53.2326
2005.0833  54.0438
2005.1667  52.0007
2005.2500  48.7494
2005.3333  44.4980
2005.4167  44.6633
2005.5000  40.7869
2005.5833  40.5147
2005.6667  38.9300
2005.7500  36.3128
2005.8333  32.0621
2005.9167  29.4000
2006.0000  27.1948
2006.0833  28.5505
2006.1667  24.4395
2006.2500  25.6465
2006.3333  26.0410
2006.4167  23.6854
2006.5000  26.7466
2006.5833  27.8494
2006.6667  22.6605
2006.7500  21.2126
2006.8333  18.2730
2006.9167  14.5574
2007.0000  7.6974
2007.0833  -3.6194
2007.1667  -11.8653
2007.2500  -15.9500
2007.3333  -24.3056
2007.4167  -30.4111
2007.5000  -39.3083
2007.5833  -46.0597
2007.6667  -45.9360
2007.7500  -43.8124
2007.8333  -41.3138
2007.9167  -35.5859
2008.0000  -29.7956
2008.0833  -22.7137
2008.1667  -16.0067
2008.2500  -14.7997
2008.3333  -14.1344
2008.4167  -10.2148
2008.5000  -10.0540
2008.5833  -15.1451
2008.6667  -21.1826
2008.7500  -27.6874
2008.8333  -30.9371
2008.9167  -33.6126
2009.0000  -35.3455
2009.0833  -40.0802
2009.1667  -38.0399
2009.2500  -37.9788
2009.3333  -33.0290
2009.4167  -30.9721
2009.5000  -21.5573
2009.5833  -16.9754
2009.6667  -9.6490
2009.7500  -2.2511
2009.8333  4.2145
2009.9167  1.4051
2010.0000  -2.3846
2010.0833  -4.3601
2010.1667  -9.9985
2010.2500  -13.2536
2010.3333  -18.4726
2010.4167  -22.5384
2010.5000  -27.9800
2010.5833  -23.8841
2010.6667  -21.6059
2010.7500  -18.5702
2010.8333  -13.9671
2010.9167  -7.8565
2011.0000  0.2021
2011.0833  4.1127
2011.1667  4.1520
2011.2500  3.7328
2011.3333  4.4428
2011.4167  4.5292
2011.5000  3.8039
2011.5833  2.9119
2011.6667  1.9366
2011.7500  -0.1081
2011.8333  -3.8473
2011.9167  -4.6566
2012.0000  -4.5486
2012.0833  -7.2633
2012.1667  -9.6275
2012.2500  -10.4506
2012.3333  -10.8889
2012.4167  -9.2315
2012.5000  -6.5957
2012.5833  -7.5710
2012.6667  -6.3518
2012.7500  -9.8132
2012.8333  -12.2052
2012.9167  -13.9583
2013.0000  -18.4764
2013.0833  -16.0071
2013.1667  -13.6837
2013.2500  -13.0893
2013.3333  -12.1631
2013.4167  -12.2078
2013.5000  -10.6970
2013.5833  -7.3604
2013.6667  -11.2384
2013.7500  -10.8248
2013.8333  -8.8696
2013.9167  -7.7754
2014.0000  -6.0829
2014.0833  -11.2223
2014.1667  -11.9685
2014.2500  -8.9994
2014.3333  -7.6957
2014.4167  -10.7960
2014.5000  -13.5454
2014.5833  -16.8048
2014.6667  -14.7385
2014.7500  -11.0332
2014.8333  -11.0406
2014.9167  -11.0132
2015.0000  -13.0345
2015.0833  -9.9739
2015.1667  -6.1564
2015.2500  -0.4543
2015.3333  0.3132
2015.4167  6.8433
2015.5000  9.1766
2015.5833  8.5315
2015.6667  9.0961
2015.7500  4.8427
2015.8333  -0.4616
2015.9167  -8.9535
2016.0000  -10.5772
2016.0833  -13.7856
2016.1667  -17.7481
2016.2500  -27.8455
2016.3333  -31.1747
2016.4167  -35.2248
2016.5000  -36.5262
2016.5833  -33.5262
2016.6667  -32.5275
2016.7500  -29.2108
2016.8333  -25.9639
2016.9167  -18.4114
2017.0000  -9.6923
2017.0833  -5.2092
2017.1667  -1.0734
2017.2500  3.2152
2017.3333  6.0038
2017.4167  8.7090
2017.5000  8.0115
2017.5833  8.9112
2017.6667  12.6442
2017.7500  14.4745
2017.8333  18.4020
2017.9167  18.8850
2018.0000  12.4097
2018.0833  12.2122
2018.1667  7.9730
2018.2500  7.6505
2018.3333  9.7724
2018.4167  13.0471
2018.5000  13.0996
2018.5833  11.8655
2018.6667  7.0121
2018.7500  3.3371
2018.8333  1.0424
2018.9167  -1.6411
2019.0000  -3.8048
2019.0833  -7.2129
2019.1667  -9.5794
2019.2500  -10.0038
2019.3333  -15.2161
2019.4167  -17.6309
2019.5000  -17.7068
2019.5833  -15.5081
2019.6667  -13.9523
2019.7500  -12.5275
2019.8333  -15.0089
2019.9167  -15.6197
2020.0000  -13.8140
2020.0833  -13.6034
2020.1667  -7.7500
2020.2500  -9.2061
2020.3333  -9.1265
2020.4167  -13.5231
2020.5000  -13.4435
2020.5833  -12.5231
2020.6667  -10.5070
2020.7500  -5.8574
2020.8333  0.5270
2020.9167  5.2631
2021.0000  6.3828
2021.0833  9.9672
2021.1667  9.5066
2021.2500  9.3581
2021.3333  12.5593
2021.4167  10.2731
2021.5000  9.7552
2021.5833  4.0849
2021.6667  4.9621
2021.7500  2.3112
2021.8333  -4.4728
2021.9167  -9.1877
2022.0000  -7.2856
2022.0833  -4.2318
2022.1667  -5.1861
2022.2500  -6.0018
2022.3333  -7.3602
2022.4167  -2.9204
2022.5000  -4.3498
2022.5833  -2.7492
2022.6667  -4.4377
2022.7500  -0.3526
2022.8333  5.2629
2022.9167  12.9438
2023.0000  15.8078
2023.0833  22.0563
2023.1667  29.5018
2023.2500  38.2766
2023.3333  42.5192
2023.4167  45.2230
2023.5000  52.2071
2023.5833  58.2718
2023.6667  63.0031
2023.7500  60.4289
2023.8333  61.5768
2023.9167  56.0304
2024.0000  57.9284
2024.0833  48.9375
2024.1667  43.1133
2024.2500  38.9279
2024.3333  36.9370
2024.4167  36.6683
2024.5000  31.9830
