offs    0.00000000000
bg      0.00014145452
impA    0.00000000000
impB    0.00000000000
impC    0.00000000000
delA    4.59227815950
delB    0.72718786582
asym   -0.00999821470
ann1    7.66756556292
ann2   -1.55992030923
sem1   -3.40756104071
sem2   -2.59409475984
year   -0.00002792655
IR     -0.00000000000
ma     -0.00000000000
mp      0.00011525532
shfT   -0.00000000000
init   -0.00645237429
   27.32166155400   0.00624344763  -1.33913913151
   27.21222081500   0.03095724015  -0.74723713277
 1095.17502233364   0.00041086627  -0.01041998016
    9.08286783775   0.00416984403   1.43251347077
    6.81670784238   0.00093243179   0.58011805429
   13.63341568476   0.00517569463   9.75058144583
   13.66083077700  -0.00267611036  14.76702504000
   13.60611040750  -0.00175291429  20.80738143027
   27.55454988600  -0.00448871468   3.20521377084
   13.77727494300  -0.00240346046  78.54851668329
 6793.47648813065   0.00070918604 -23.92952892680
 1616.30271425126  -0.00056888730   0.46360732373
   27.09267692660  -0.00216227859   1.70184823742
    9.09502787633   0.00248181677   0.59704098468
   13.69115772864   0.00005352421  -3.86386500174
 1305.66025845931   0.00033217999   1.59786433354
   27.44323926226   0.00002684380   0.60779987611
   27.66676714572  -0.00099667857   2.75886882020
 2190.35004466729   0.00135919317   2.02356888622
   26.98505934729   0.00106426430   6.55856034327
 6167.20701373239  -0.00010068690  -3.57755606032
 -3232.60542850251   0.00086695753   0.27932198878
 -2120.90900683440  -0.00214423328  -0.31568124264
   27.33282433123  -0.00019930013  15.75836545312
   13.71880577217   0.00304657871 -16.76974088082
    9.13295078376   0.00007814470   8.02612628326
    9.12068919638   0.00075839100   0.79644336883
    9.10846048884   0.00140485721   1.01359500647
 3396.73824406533   0.00119440535 -39.19432330529
ltep   33.77560703292
ltep    2.59417208829
ltep    3.91413290270
ltep   12.28983519434
ltep   11.21165301861
ltep   -2.09107104701
ltep    3.18081070896
ltep    3.54119061721
ltep  -61.72163523927
ltep  -17.10853873324
ltep    9.89513841622
harm  45
harm  50
harm  48
harm  18
harm  42
harm  49
harm  2217
harm  8734
harm  8775
harm  9280
harm  50
harm  80
harm  219
harm  186
harm  261
harm  133
harm  55
harm  683
harm  490
harm  1196
harm  119
harm  173
harm  284
harm  23
harm  74
harm  58
harm  139
harm  0
