offs    0.00000000000
bg      0.00014145452
impA    0.00000000000
impB    0.00000000000
impC    0.00000000000
delA    4.56983480527
delB    0.62987274904
asym    0.00247465326
ann1    0.02869941028
ann2   -1.08855362495
sem1    0.00375481538
sem2   -3.11039290280
year   -0.00002792655
IR     -0.00000000000
ma     -0.00000000000
mp      0.00011063684
shfT   -0.00000000000
init   -0.00550800065
   27.32166155400   0.00697821595  -1.28553319328
   27.21222081500   0.03250278811  -0.72688265385
 1095.17502233364   0.00041252749   0.15517391997
    9.08286783775   0.00425813143   1.45067593789
    6.81670784238   0.00044264674  -0.70569043931
   13.63341568476   0.00517260388   9.90754929756
   13.66083077700  -0.00269044715  14.48287792422
   13.60611040750  -0.00171533922  27.20156351202
   27.55454988600  -0.00317768650   3.03275874877
   13.77727494300  -0.00249670429  71.98143914564
 6793.47648813065   0.00078754419 -24.01415558527
 1616.30271425126  -0.00042643344   0.93485469194
   27.09267692660  -0.00178259050   1.49649405441
    9.09502787633   0.00256381428   0.58217566361
   13.69115772864   0.00011757453  -2.90207682351
 1305.66025845931   0.00027911300   0.46915762261
   27.44323926226  -0.00027636503   0.95858085322
   27.66676714572  -0.00118571466   2.81052400654
 2190.35004466729   0.00136646930   2.05896079286
   26.98505934729   0.00092245136   5.95155143194
 6167.20701373239  -0.00009161133  -4.56421125139
 -3232.60542850251   0.00093086070   0.25755485669
 -2120.90900683440  -0.00218680805  -0.35593191797
   27.33282433123  -0.00018386888  15.40031577097
   13.71880577217   0.00301349152 -18.00703920069
    9.13295078376   0.00006148903   8.36319176672
    9.12068919638   0.00077169818   0.92398782955
    9.10846048884   0.00136196450   1.05362750721
 3396.73824406533   0.00132248406 -33.13110522633
ltep  -23.75008245959
ltep    2.54810876589
ltep    3.91413290270
ltep   12.28983519434
ltep   11.03761196330
ltep   -2.09107104701
ltep    3.18081070896
ltep    3.58245503554
ltep  -61.72163523927
ltep  -17.10853873324
ltep    9.89513841622
harm  44
harm  50
harm  58
harm  30
harm  15
harm  158
harm  2217
harm  8734
harm  8775
harm  9280
harm  50
harm  80
harm  219
harm  186
harm  261
harm  133
harm  55
harm  683
harm  490
harm  1196
harm  119
harm  173
harm  284
harm  23
harm  74
harm  58
harm  139
harm  0
