offs    0.00000000000
bg      0.00014145452
impA    0.00000000000
impB    0.00000000000
impC    0.00000000000
delA    4.55967072371
delB    0.72718786582
asym   -0.00000920179
ann1    7.84583939418
ann2   -1.73593787718
sem1   -0.02657649405
sem2   -2.87357549274
year   -0.00002792655
IR     -0.00000000000
ma     -0.00000000000
mp      0.00011653954
shfT   -0.00000000000
init   -0.00390197137
   27.32166155400   0.00634887962  -1.32676494246
   27.21222081500   0.03093652819  -0.74437517710
 1095.17502233364   0.00041111314  -0.13076848766
    9.08286783775   0.00422540966   1.43272591087
    6.81670784238   0.00116078653   0.48675948945
   13.63341568476   0.00516594297   9.85015781771
   13.66083077700  -0.00266478508  14.71964679835
   13.60611040750  -0.00177063682  20.83250870102
   27.55454988600  -0.00436371124   2.99262216737
   13.77727494300  -0.00241963517  78.45648907230
 6793.47648813065   0.00072617001 -24.10367215905
 1616.30271425126  -0.00066500426   0.39375847255
   27.09267692660  -0.00203927566   1.61363573441
    9.09502787633   0.00254772258   0.59554825764
   13.69115772864  -0.00006960704  -2.43480276978
 1305.66025845931   0.00021225923   1.74774900745
   27.44323926226  -0.00008879225   0.52971030394
   27.66676714572  -0.00092112844  -3.44253836138
 2190.35004466729   0.00137220414   2.04862552222
   26.98505934729   0.00129623776  12.67788918703
 6167.20701373239  -0.00010889752  -3.59365746752
 -3232.60542850251   0.00095269071   0.25965137876
 -2120.90900683440  -0.00209417896  -0.34747954285
   27.33282433123  -0.00021048142   9.79730337530
   13.71880577217   0.00292327918 -16.86296608291
    9.13295078376   0.00007667419  14.31047938646
    9.12068919638   0.00072635717   0.76801261815
    9.10846048884   0.00139140951   1.01875994190
 3396.73824406533   0.00120356766 -39.24954874556
ltep   23.47358238432
ltep    2.56799275884
ltep    3.91413290270
ltep   12.28983519434
ltep   11.21165301861
ltep   -2.09107104701
ltep    3.18081070896
ltep    3.58245503554
ltep  -63.99080006855
ltep  -17.10853873324
ltep    9.89513841622
harm  45
harm  50
harm  48
harm  31
harm  42
harm  43
harm  2217
harm  8734
harm  8775
harm  9280
harm  50
harm  80
harm  219
harm  186
harm  261
harm  133
harm  55
harm  683
harm  490
harm  1196
harm  119
harm  173
harm  284
harm  23
harm  74
harm  58
harm  139
harm  0
