1880.5000  44.9186
1880.5833  45.9891
1880.6667  37.8225
1880.7500  34.2519
1880.8333  37.3930
1880.9167  35.9090
1881.0000  37.9731
1881.0833  42.5051
1881.1667  59.6013
1881.2500  63.0116
1881.3333  49.2680
1881.4167  35.9154
1881.5000  11.5725
1881.5833  18.1013
1881.6667  37.5564
1881.7500  58.0692
1881.8333  56.3513
1881.9167  57.5789
1882.0000  59.3064
1882.0833  53.5692
1882.1667  47.4699
1882.2500  46.9827
1882.3333  36.5083
1882.4167  28.9442
1882.5000  9.4314
1882.5833  -12.3492
1882.6667  -36.3197
1882.7500  -58.5171
1882.8333  -65.3244
1882.9167  -66.0426
1883.0000  -73.1826
1883.0833  -71.1001
1883.1667  -75.6835
1883.2500  -73.3626
1883.3333  -51.1539
1883.4167  -36.3009
1883.5000  -1.3742
1883.5833  25.4966
1883.6667  46.0028
1883.7500  40.0115
1883.8333  35.2647
1883.9167  37.2398
1884.0000  41.0532
1884.0833  38.1571
1884.1667  28.1993
1884.2500  20.2698
1884.3333  24.3916
1884.4167  17.8531
1884.5000  8.2666
1884.5833  -19.8583
1884.6667  -32.9086
1884.7500  -21.3049
1884.8333  -15.3669
1884.9167  -17.6885
1885.0000  -14.7601
1885.0833  -16.9005
1885.1667  -12.8203
1885.2500  -0.6223
1885.3333  -2.2572
1885.4167  -11.7794
1885.5000  -6.9992
1885.5833  10.8539
1885.6667  -4.2422
1885.7500  -25.6427
1885.8333  -25.4574
1885.9167  -30.2948
1886.0000  -36.6884
1886.0833  -25.4798
1886.1667  -19.9800
1886.2500  -23.8857
1886.3333  -39.5471
1886.4167  -42.0977
1886.5000  -42.3556
1886.5833  -60.2793
1886.6667  -46.4489
1886.7500  -27.5084
1886.8333  -22.4166
1886.9167  -17.9219
1887.0000  -15.9952
1887.0833  -22.0697
1887.1667  -19.8366
1887.2500  -18.4720
1887.3333  -2.1507
1887.4167  5.5936
1887.5000  4.6031
1887.5833  12.8555
1887.6667  8.5029
1887.7500  -7.9833
1887.8333  -17.3109
1887.9167  -14.6947
1888.0000  -20.8760
1888.0833  -22.4752
1888.1667  -28.4165
1888.2500  -37.6457
1888.3333  -38.2728
1888.4167  -38.4801
1888.5000  -41.8909
1888.5833  -42.8156
1888.6667  -23.0388
1888.7500  -10.5421
1888.8333  -4.2166
1888.9167  -18.1465
1889.0000  -19.6602
1889.0833  -20.6138
1889.1667  -11.2093
1889.2500  -1.7378
1889.3333  -13.7819
1889.4167  -15.8172
1889.5000  -27.6797
1889.5833  -14.5634
1889.6667  -31.5482
1889.7500  -25.5557
1889.8333  -21.2659
1889.9167  -14.0110
1890.0000  -1.1205
1890.0833  6.6507
1890.1667  -0.2452
1890.2500  -4.0141
1890.3333  17.8533
1890.4167  22.4973
1890.5000  10.6545
1890.5833  -9.1054
1890.6667  -6.4409
1890.7500  -0.5012
1890.8333  -12.0733
1890.9167  -10.1228
1891.0000  -24.0434
1891.0833  -35.1364
1891.1667  -35.5192
1891.2500  -29.4891
1891.3333  -45.5007
1891.4167  -56.6202
1891.5000  -36.4117
1891.5833  -22.6094
1891.6667  -14.9257
1891.7500  -37.2124
1891.8333  -27.4694
1891.9167  -21.9432
1892.0000  -11.9626
1892.0833  -3.5587
1892.1667  -4.2759
1892.2500  -4.5969
1892.3333  -8.5460
1892.4167  -10.4185
1892.5000  -14.0605
1892.5833  -27.1243
1892.6667  -34.3905
1892.7500  -10.7143
1892.8333  -6.4102
1892.9167  -13.7056
1893.0000  -15.6558
1893.0833  -23.7561
1893.1667  -24.1118
1893.2500  -13.4792
1893.3333  4.8321
1893.4167  28.5259
1893.5000  35.9936
1893.5833  44.8357
1893.6667  71.4625
1893.7500  71.0996
1893.8333  58.9082
1893.9167  57.6198
1894.0000  54.3132
1894.0833  56.7327
1894.1667  59.2699
1894.2500  45.0767
1894.3333  22.2143
1894.4167  11.8516
1894.5000  11.9667
1894.5833  7.4378
1894.6667  -30.8363
1894.7500  -41.1823
1894.8333  -26.4143
1894.9167  -27.8439
1895.0000  -30.7429
1895.0833  -24.7038
1895.1667  -27.1367
1895.2500  -20.9945
1895.3333  -3.2384
1895.4167  -1.4816
1895.5000  -6.8912
1895.5833  -2.9236
1895.6667  16.9679
1895.7500  22.9691
1895.8333  18.2633
1895.9167  26.9877
1896.0000  34.4298
1896.0833  33.3916
1896.1667  30.5744
1896.2500  20.5958
1896.3333  8.3907
1896.4167  -0.0699
1896.5000  -16.4754
1896.5833  -31.0754
1896.6667  -39.1287
1896.7500  -46.1574
1896.8333  -48.1542
1896.9167  -47.5195
1897.0000  -51.0892
1897.0833  -51.6982
1897.1667  -52.8761
1897.2500  -43.4235
1897.3333  -40.8253
1897.4167  -41.3890
1897.5000  -27.9307
1897.5833  -1.9599
1897.6667  21.4950
1897.7500  26.6928
1897.8333  24.0928
1897.9167  20.4424
1898.0000  22.0201
1898.0833  29.1080
1898.1667  34.5444
1898.2500  32.8228
1898.3333  24.1030
1898.4167  26.6965
1898.5000  46.2907
1898.5833  52.4841
1898.6667  40.4782
1898.7500  46.7176
1898.8333  62.2550
1898.9167  62.6875
1899.0000  64.2215
1899.0833  49.9978
1899.1667  49.2799
1899.2500  56.0329
1899.3333  76.7171
1899.4167  100.9408
1899.5000  84.6542
1899.5833  57.9148
1899.6667  38.3947
1899.7500  22.0566
1899.8333  4.2099
1899.9167  8.1585
1900.0000  4.5164
1900.0833  9.0087
1900.1667  5.3504
1900.2500  -5.5875
1900.3333  -4.9396
1900.4167  -33.0900
1900.5000  -30.0488
1900.5833  -21.4533
1900.6667  -10.7255
1900.7500  -14.3442
1900.8333  -10.1902
1900.9167  -26.3556
1901.0000  -26.2436
1901.0833  -36.7763
1901.1667  -41.7223
1901.2500  -52.4079
1901.3333  -69.5195
1901.4167  -59.5958
1901.5000  -61.9344
1901.5833  -43.4556
1901.6667  -45.2000
1901.7500  -36.3398
1901.8333  -45.9471
1901.9167  -36.1693
1902.0000  -39.3098
1902.0833  -25.9529
1902.1667  -13.9404
1902.2500  -2.1918
1902.3333  -2.7112
1902.4167  -13.0126
1902.5000  -26.5772
1902.5833  -39.8329
1902.6667  -11.6789
1902.7500  5.3065
1902.8333  34.5260
1902.9167  40.5454
1903.0000  41.1706
1903.0833  40.3234
1903.1667  49.4512
1903.2500  55.7956
1903.3333  62.1317
1903.4167  77.5260
1903.5000  80.5615
1903.5833  69.2607
1903.6667  38.6462
1903.7500  7.6848
1903.8333  -13.6533
1903.9167  -15.5241
1904.0000  -10.5047
1904.0833  -7.8644
1904.1667  -18.1617
1904.2500  -36.0137
1904.3333  -41.0991
1904.4167  -43.2512
1904.5000  -24.7053
1904.5833  -6.0962
1904.6667  13.6801
1904.7500  21.4885
1904.8333  24.5481
1904.9167  22.4274
1905.0000  17.1970
1905.0833  15.7027
1905.1667  16.6348
1905.2500  32.6008
1905.3333  42.4239
1905.4167  28.4749
1905.5000  25.3458
1905.5833  24.3522
1905.6667  17.3425
1905.7500  42.6732
1905.8333  43.5769
1905.9167  39.6088
1906.0000  46.5741
1906.0833  46.2032
1906.1667  45.5838
1906.2500  37.0088
1906.3333  23.9574
1906.4167  24.1212
1906.5000  27.0004
1906.5833  19.0753
1906.6667  11.5315
1906.7500  2.5686
1906.8333  1.5089
1906.9167  10.2117
1907.0000  7.8978
1907.0833  6.1145
1907.1667  14.8353
1907.2500  25.9270
1907.3333  27.9311
1907.4167  21.2089
1907.5000  -2.1550
1907.5833  -5.1219
1907.6667  10.3573
1907.7500  -11.1260
1907.8333  -22.3985
1907.9167  -28.2262
1908.0000  -32.1363
1908.0833  -41.1096
1908.1667  -53.7279
1908.2500  -59.1040
1908.3333  -65.1162
1908.4167  -58.3187
1908.5000  -46.6601
1908.5833  -44.4976
1908.6667  -61.1796
1908.7500  -59.0638
1908.8333  -52.1861
1908.9167  -52.8145
1909.0000  -48.8473
1909.0833  -34.9279
1909.1667  -25.3445
1909.2500  -29.6950
1909.3333  -16.3043
1909.4167  -2.6027
1909.5000  0.0754
1909.5833  17.3381
1909.6667  26.0736
1909.7500  37.2390
1909.8333  43.3660
1909.9167  47.9546
1910.0000  45.4835
1910.0833  42.4224
1910.1667  27.8192
1910.2500  22.2838
1910.3333  15.1436
1910.4167  7.9260
1910.5000  -0.6560
1910.5833  -14.8352
1910.6667  -11.8905
1910.7500  -6.9277
1910.8333  -5.0359
1910.9167  -5.9326
1911.0000  -7.6085
1911.0833  -9.5210
1911.1667  -8.5735
1911.2500  7.2801
1911.3333  11.2831
1911.4167  22.4091
1911.5000  22.1794
1911.5833  9.3203
1911.6667  -2.1044
1911.7500  -5.1987
1911.8333  -1.5766
1911.9167  2.9852
1912.0000  15.0254
1912.0833  6.0548
1912.1667  12.2931
1912.2500  9.7893
1912.3333  7.1443
1912.4167  3.3427
1912.5000  29.9446
1912.5833  39.4116
1912.6667  42.2656
1912.7500  60.8128
1912.8333  59.4262
1912.9167  49.9727
1913.0000  48.2419
1913.0833  59.7237
1913.1667  59.8342
1913.2500  42.3053
1913.3333  37.3878
1913.4167  47.5974
1913.5000  57.3410
1913.5833  68.7494
1913.6667  83.2771
1913.7500  70.0642
1913.8333  68.1864
1913.9167  80.9487
1914.0000  74.5376
1914.0833  68.4898
1914.1667  62.9480
1914.2500  75.8182
1914.3333  81.1700
1914.4167  56.0923
1914.5000  34.0788
1914.5833  19.0160
1914.6667  -5.9820
1914.7500  -15.4535
1914.8333  -14.5388
1914.9167  -23.4040
1915.0000  -22.2164
1915.0833  -18.6756
1915.1667  -13.0071
1915.2500  -14.4321
1915.3333  -30.3449
1915.4167  -30.0951
1915.5000  -39.2028
1915.5833  -19.0605
1915.6667  -2.1789
1915.7500  -11.7640
1915.8333  -17.1718
1915.9167  -18.5656
1916.0000  -18.3786
1916.0833  -20.6744
1916.1667  -22.1929
1916.2500  -22.9506
1916.3333  0.2452
1916.4167  6.3075
1916.5000  4.0137
1916.5833  -23.3385
1916.6667  -43.1191
1916.7500  -43.1712
1916.8333  -41.3875
1916.9167  -43.6180
1917.0000  -50.3080
1917.0833  -56.4093
1917.1667  -66.4939
1917.2500  -60.2402
1917.3333  -51.6847
1917.4167  -38.2958
1917.5000  -18.2038
1917.5833  -0.2575
1917.6667  13.2887
1917.7500  15.5983
1917.8333  3.3603
1917.9167  -9.4559
1918.0000  -0.5835
1918.0833  7.3751
1918.1667  15.2236
1918.2500  20.6798
1918.3333  12.2124
1918.4167  -3.7692
1918.5000  -21.9785
1918.5833  -38.1336
1918.6667  -51.9593
1918.7500  -51.8379
1918.8333  -40.8678
1918.9167  -36.1270
1919.0000  -36.5481
1919.0833  -37.3686
1919.1667  -25.9279
1919.2500  -30.7714
1919.3333  -32.0364
1919.4167  -43.4745
1919.5000  -44.3373
1919.5833  -27.9222
1919.6667  -8.1835
1919.7500  10.4804
1919.8333  10.8804
1919.9167  27.7695
1920.0000  25.1309
1920.0833  25.5272
1920.1667  17.0368
1920.2500  6.8829
1920.3333  -16.7229
1920.4167  -11.5626
1920.5000  -28.2978
1920.5833  -22.4019
1920.6667  -30.5562
1920.7500  -31.2113
1920.8333  -27.1609
1920.9167  -36.3536
1921.0000  -33.9860
1921.0833  -30.0257
1921.1667  -28.0544
1921.2500  -20.5618
1921.3333  7.5230
1921.4167  16.5917
1921.5000  40.7444
1921.5833  32.6600
1921.6667  19.9221
1921.7500  16.0156
1921.8333  5.9344
1921.9167  12.9684
1922.0000  17.0483
1922.0833  15.2923
1922.1667  14.2629
1922.2500  7.7112
1922.3333  -10.8941
1922.4167  -5.3063
1922.5000  -0.7371
1922.5833  2.9066
1922.6667  13.5711
1922.7500  -12.9205
1922.8333  -24.4927
1922.9167  -27.0706
1923.0000  -22.8106
1923.0833  -21.9848
1923.1667  -15.9178
1923.2500  -6.1678
1923.3333  21.7172
1923.4167  34.5516
1923.5000  27.0623
1923.5833  6.3675
1923.6667  6.5942
1923.7500  23.3612
1923.8333  41.0992
1923.9167  38.2085
1924.0000  25.9974
1924.0833  28.0835
1924.1667  15.5790
1924.2500  11.0552
1924.3333  -7.9538
1924.4167  -26.3605
1924.5000  -28.2549
1924.5833  3.0609
1924.6667  18.1351
1924.7500  18.1196
1924.8333  15.6532
1924.9167  10.6408
1925.0000  14.9452
1925.0833  2.8827
1925.1667  5.3519
1925.2500  11.6853
1925.3333  21.4204
1925.4167  23.3837
1925.5000  28.1979
1925.5833  3.8933
1925.6667  -21.2105
1925.7500  -9.6542
1925.8333  -9.2077
1925.9167  -7.6621
1926.0000  -13.5220
1926.0833  -12.8179
1926.1667  -9.7877
1926.2500  -11.5582
1926.3333  -17.1392
1926.4167  -18.4788
1926.5000  -23.4613
1926.5833  -13.0499
1926.6667  -4.9245
1926.7500  -15.9670
1926.8333  -5.5288
1926.9167  7.8713
1927.0000  20.4411
1927.0833  24.8442
1927.1667  22.4315
1927.2500  18.0955
1927.3333  24.6200
1927.4167  28.7288
1927.5000  9.5826
1927.5833  -0.1311
1927.6667  6.0677
1927.7500  -10.3047
1927.8333  -28.9984
1927.9167  -46.0963
1928.0000  -49.7406
1928.0833  -36.0674
1928.1667  -28.5136
1928.2500  -30.0624
1928.3333  -36.9835
1928.4167  -34.7385
1928.5000  -13.0769
1928.5833  -23.2138
1928.6667  -54.5562
1928.7500  -43.4156
1928.8333  -35.2877
1928.9167  -28.6520
1929.0000  -31.6512
1929.0833  -41.1190
1929.1667  -48.4891
1929.2500  -46.4235
1929.3333  -35.9578
1929.4167  -35.7609
1929.5000  -31.4811
1929.5833  -4.0220
1929.6667  15.6967
1929.7500  23.6486
1929.8333  16.8246
1929.9167  14.4277
1930.0000  7.2424
1930.0833  6.9532
1930.1667  12.9105
1930.2500  0.5215
1930.3333  -7.2823
1930.4167  12.2226
1930.5000  4.8654
1930.5833  -4.9553
1930.6667  -5.4950
1930.7500  -7.8250
1930.8333  -1.4874
1930.9167  1.0394
1931.0000  8.8211
1931.0833  14.9331
1931.1667  10.9534
1931.2500  21.8945
1931.3333  30.0514
1931.4167  6.1125
1931.5000  12.7021
1931.5833  29.1811
1931.6667  44.4954
1931.7500  44.7646
1931.8333  52.4991
1931.9167  54.2688
1932.0000  50.6178
1932.0833  43.1479
1932.1667  43.2605
1932.2500  51.9187
1932.3333  52.3543
1932.4167  53.0210
1932.5000  51.7804
1932.5833  27.6701
1932.6667  25.8147
1932.7500  23.1614
1932.8333  26.4521
1932.9167  25.5206
1933.0000  18.9313
1933.0833  19.4189
1933.1667  26.4159
1933.2500  10.0681
1933.3333  -8.1127
1933.4167  -17.4186
1933.5000  -36.8790
1933.5833  -31.7182
1933.6667  -24.0291
1933.7500  -14.4917
1933.8333  -37.7653
1933.9167  -34.4388
1934.0000  -25.6000
1934.0833  -29.3744
1934.1667  -35.5712
1934.2500  -32.6242
1934.3333  -12.5266
1934.4167  2.1557
1934.5000  13.5431
1934.5833  5.0773
1934.6667  8.0600
1934.7500  3.0439
1934.8333  23.8546
1934.9167  15.3040
1935.0000  12.5743
1935.0833  21.4318
1935.1667  19.7985
1935.2500  27.1428
1935.3333  29.4877
1935.4167  25.6460
1935.5000  31.0505
1935.5833  44.0692
1935.6667  26.4407
1935.7500  17.0353
1935.8333  11.9107
1935.9167  9.5031
1936.0000  6.1908
1936.0833  -1.3180
1936.1667  -1.8370
1936.2500  -10.6069
1936.3333  -24.0831
1936.4167  -21.4758
1936.5000  -8.9468
1936.5833  -15.7029
1936.6667  -17.5144
1936.7500  -12.7083
1936.8333  -18.5031
1936.9167  -12.4781
1937.0000  -8.4710
1937.0833  -6.1126
1937.1667  -11.7433
1937.2500  -2.1797
1937.3333  -10.1546
1937.4167  -15.5514
1937.5000  -40.7922
1937.5833  -35.2067
1937.6667  -23.6536
1937.7500  -0.1246
1937.8333  21.6973
1937.9167  28.4987
1938.0000  34.8588
1938.0833  35.1529
1938.1667  35.0117
1938.2500  27.3855
1938.3333  39.8715
1938.4167  53.7680
1938.5000  57.0179
1938.5833  48.2061
1938.6667  50.4572
1938.7500  32.1178
1938.8333  17.3476
1938.9167  7.1852
1939.0000  1.0780
1939.0833  -0.3542
1939.1667  -1.6845
1939.2500  -10.5754
1939.3333  -34.8636
1939.4167  -53.9235
1939.5000  -49.6881
1939.5833  -52.2537
1939.6667  -75.4864
1939.7500  -73.8433
1939.8333  -78.9639
1939.9167  -78.7148
1940.0000  -84.3455
1940.0833  -87.5048
1940.1667  -75.6654
1940.2500  -52.6490
1940.3333  -39.8980
1940.4167  -30.9679
1940.5000  -27.2566
1940.5833  -35.9169
1940.6667  -34.0278
1940.7500  -40.9630
1940.8333  -48.6191
1940.9167  -49.4634
1941.0000  -49.2908
1941.0833  -49.9493
1941.1667  -53.9466
1941.2500  -66.8287
1941.3333  -65.0472
1941.4167  -83.2885
1941.5000  -79.9805
1941.5833  -77.8445
1941.6667  -83.4808
1941.7500  -91.4138
1941.8333  -88.2646
1941.9167  -83.4462
1942.0000  -78.0029
1942.0833  -73.0892
1942.1667  -78.7802
1942.2500  -75.3234
1942.3333  -60.8085
1942.4167  -40.1449
1942.5000  -32.0578
1942.5833  -19.8133
1942.6667  12.4814
1942.7500  34.6690
1942.8333  59.5793
1942.9167  67.8926
1943.0000  69.1657
1943.0833  68.7874
1943.1667  78.6753
1943.2500  77.7849
1943.3333  70.2893
1943.4167  63.9812
1943.5000  50.7280
1943.5833  68.5178
1943.6667  62.7721
1943.7500  60.4132
1943.8333  42.6246
1943.9167  41.2089
1944.0000  42.0453
1944.0833  38.0558
1944.1667  26.0465
1944.2500  24.8021
1944.3333  17.2757
1944.4167  19.3135
1944.5000  21.0890
1944.5833  2.8254
1944.6667  -5.3476
1944.7500  -4.5746
1944.8333  6.6830
1944.9167  7.0332
1945.0000  11.5123
1945.0833  15.1608
1945.1667  20.4445
1945.2500  14.7442
1945.3333  18.9319
1945.4167  14.7081
1945.5000  18.1813
1945.5833  22.2338
1945.6667  33.4687
1945.7500  25.1626
1945.8333  24.5235
1945.9167  19.4261
1946.0000  19.3903
1946.0833  18.1272
1946.1667  22.3351
1946.2500  34.3371
1946.3333  28.3122
1946.4167  24.7988
1946.5000  9.4641
1946.5833  -12.7113
1946.6667  -50.8316
1946.7500  -53.9766
1946.8333  -57.8505
1946.9167  -65.7351
1947.0000  -75.2540
1947.0833  -78.1684
1947.1667  -93.0668
1947.2500  -102.2036
1947.3333  -99.4989
1947.4167  -89.3911
1947.5000  -77.2924
1947.5833  -53.0312
1947.6667  -30.5328
1947.7500  -24.5156
1947.8333  -28.1991
1947.9167  -22.8276
1948.0000  -18.7537
1948.0833  -15.1512
1948.1667  -3.4544
1948.2500  6.2517
1948.3333  20.4425
1948.4167  22.7569
1948.5000  29.5269
1948.5833  37.5282
1948.6667  55.5682
1948.7500  55.5890
1948.8333  62.1419
1948.9167  67.9356
1949.0000  67.7733
1949.0833  63.2473
1949.1667  66.8920
1949.2500  54.0611
1949.3333  44.5453
1949.4167  39.8753
1949.5000  45.9136
1949.5833  32.0269
1949.6667  21.6066
1949.7500  25.3114
1949.8333  24.9755
1949.9167  18.7658
1950.0000  20.6697
1950.0833  23.8651
1950.1667  14.9538
1950.2500  28.8489
1950.3333  36.6161
1950.4167  36.1041
1950.5000  23.3077
1950.5833  21.3456
1950.6667  4.9174
1950.7500  -6.1379
1950.8333  -12.2773
1950.9167  -15.2117
1951.0000  -24.8846
1951.0833  -24.9527
1951.1667  -24.4148
1951.2500  -34.4778
1951.3333  -56.7039
1951.4167  -64.2911
1951.5000  -46.2097
1951.5833  -29.2867
1951.6667  -10.5774
1951.7500  -8.4437
1951.8333  -13.6742
1951.9167  -9.5042
1952.0000  5.2715
1952.0833  6.8179
1952.1667  8.9340
1952.2500  15.3360
1952.3333  27.8168
1952.4167  32.8131
1952.5000  11.8868
1952.5833  -4.6173
1952.6667  -8.1716
1952.7500  -4.0717
1952.8333  2.7667
1952.9167  4.0230
1953.0000  -8.1779
1953.0833  -10.2042
1953.1667  -2.7130
1953.2500  -1.1779
1953.3333  -1.0934
1953.4167  2.0261
1953.5000  6.7414
1953.5833  9.4030
1953.6667  -12.9422
1953.7500  -24.0273
1953.8333  -34.0925
1953.9167  -43.3355
1954.0000  -45.4471
1954.0833  -42.1967
1954.1667  -46.9824
1954.2500  -45.5450
1954.3333  -35.9498
1954.4167  -32.8190
1954.5000  -26.4415
1954.5833  -19.6028
1954.6667  3.4987
1954.7500  11.4071
1954.8333  17.8423
1954.9167  37.2824
1955.0000  44.5521
1955.0833  40.1781
1955.1667  34.0683
1955.2500  29.7675
1955.3333  27.8975
1955.4167  29.8589
1955.5000  37.4499
1955.5833  42.3444
1955.6667  27.5265
1955.7500  26.7158
1955.8333  23.9826
1955.9167  19.7277
1956.0000  19.8835
1956.0833  21.7740
1956.1667  31.6714
1956.2500  26.8485
1956.3333  27.4277
1956.4167  18.9568
1956.5000  9.1503
1956.5833  1.9913
1956.6667  24.0565
1956.7500  28.8063
1956.8333  26.5644
1956.9167  19.9892
1957.0000  17.4827
1957.0833  16.5653
1957.1667  12.8186
1957.2500  22.2533
1957.3333  25.8738
1957.4167  33.6093
1957.5000  36.0953
1957.5833  38.4661
1957.6667  37.6628
1957.7500  35.0414
1957.8333  33.2850
1957.9167  40.2060
1958.0000  39.5125
1958.0833  41.7034
1958.1667  43.2231
1958.2500  31.6775
1958.3333  23.1043
1958.4167  16.1085
1958.5000  11.5416
1958.5833  14.1255
1958.6667  4.6145
1958.7500  9.3737
1958.8333  19.7790
1958.9167  8.8732
1959.0000  12.7519
1959.0833  10.9548
1959.1667  4.1036
1959.2500  6.7044
1959.3333  0.7796
1959.4167  -5.3228
1959.5000  -22.1320
1959.5833  -35.3916
1959.6667  -42.3722
1959.7500  -58.1870
1959.8333  -68.9518
1959.9167  -66.2149
1960.0000  -67.7366
1960.0833  -66.3170
1960.1667  -59.6365
1960.2500  -58.6359
1960.3333  -64.5442
1960.4167  -59.7394
1960.5000  -44.0755
1960.5833  -45.6494
1960.6667  -32.9129
1960.7500  -3.7666
1960.8333  12.3218
1960.9167  21.3494
1961.0000  29.4158
1961.0833  36.6233
1961.1667  42.7781
1961.2500  49.1812
1961.3333  57.9653
1961.4167  65.8760
1961.5000  69.2137
1961.5833  87.8142
1961.6667  90.6974
1961.7500  72.0084
1961.8333  60.3191
1961.9167  54.3356
1962.0000  47.3686
1962.0833  40.3470
1962.1667  35.3427
1962.2500  36.7498
1962.3333  38.6257
1962.4167  28.6144
1962.5000  23.1553
1962.5833  -1.5452
1962.6667  -18.1374
1962.7500  -21.4038
1962.8333  -27.6916
1962.9167  -32.2112
1963.0000  -38.8504
1963.0833  -43.0363
1963.1667  -49.8957
1963.2500  -58.8847
1963.3333  -53.3464
1963.4167  -39.4566
1963.5000  -38.9227
1963.5833  -25.5078
1963.6667  -12.1253
1963.7500  -18.3229
1963.8333  -16.5803
1963.9167  -8.2039
1964.0000  -1.5141
1964.0833  4.4244
1964.1667  7.7968
1964.2500  13.8227
1964.3333  4.4335
1964.4167  0.3033
1964.5000  5.7043
1964.5833  7.3492
1964.6667  0.4111
1964.7500  9.9369
1964.8333  15.0456
1964.9167  7.0275
1965.0000  4.3191
1965.0833  5.5225
1965.1667  4.4536
1965.2500  0.8754
1965.3333  0.8478
1965.4167  -1.2918
1965.5000  -5.7926
1965.5833  -17.3069
1965.6667  -17.3929
1965.7500  -6.2617
1965.8333  -4.8770
1965.9167  -1.6242
1966.0000  0.9418
1966.0833  1.5748
1966.1667  3.7831
1966.2500  10.2428
1966.3333  12.5788
1966.4167  4.9598
1966.5000  6.5525
1966.5833  15.0913
1966.6667  20.1852
1966.7500  34.9786
1966.8333  43.7452
1966.9167  49.6026
1967.0000  49.9625
1967.0833  46.7526
1967.1667  47.2526
1967.2500  41.6655
1967.3333  56.7042
1967.4167  69.2763
1967.5000  76.5109
1967.5833  81.9903
1967.6667  81.4449
1967.7500  68.2275
1967.8333  65.0085
1967.9167  59.6828
1968.0000  55.2956
1968.0833  49.8197
1968.1667  41.6397
1968.2500  32.3578
1968.3333  17.7512
1968.4167  7.2721
1968.5000  -7.5690
1968.5833  -21.4659
1968.6667  -29.3127
1968.7500  -52.4030
1968.8333  -58.7888
1968.9167  -60.6067
1969.0000  -60.0565
1969.0833  -55.3539
1969.1667  -54.4702
1969.2500  -46.9325
1969.3333  -41.6376
1969.4167  -18.6499
1969.5000  -21.9131
1969.5833  -24.8448
1969.6667  -23.9588
1969.7500  -13.9113
1969.8333  -7.5751
1969.9167  -5.3488
1970.0000  -5.6305
1970.0833  -2.2024
1970.1667  0.4350
1970.2500  1.8918
1970.3333  -1.2863
1970.4167  -12.7860
1970.5000  -4.5881
1970.5833  9.6515
1970.6667  16.2350
1970.7500  17.8697
1970.8333  10.3169
1970.9167  8.3334
1971.0000  8.6767
1971.0833  3.7984
1971.1667  4.1416
1971.2500  -1.0716
1971.3333  -1.4111
1971.4167  -0.1362
1971.5000  6.3311
1971.5833  -11.4000
1971.6667  -29.6885
1971.7500  -40.0627
1971.8333  -34.6180
1971.9167  -36.9358
1972.0000  -33.8677
1972.0833  -37.7197
1972.1667  -40.2947
1972.2500  -41.8043
1972.3333  -48.0736
1972.4167  -45.8114
1972.5000  -45.7428
1972.5833  -36.4732
1972.6667  -12.0489
1972.7500  3.4551
1972.8333  7.5817
1972.9167  11.6406
1973.0000  9.3206
1973.0833  13.5024
1973.1667  15.9362
1973.2500  19.7382
1973.3333  17.6934
1973.4167  17.8047
1973.5000  21.6612
1973.5833  30.6654
1973.6667  24.0788
1973.7500  5.5138
1973.8333  -13.1629
1973.9167  -21.9359
1974.0000  -19.2974
1974.0833  -10.7401
1974.1667  -7.1542
1974.2500  -4.0894
1974.3333  0.5648
1974.4167  -10.9187
1974.5000  -2.5545
1974.5833  17.2672
1974.6667  15.6868
1974.7500  30.8036
1974.8333  38.5081
1974.9167  43.3630
1975.0000  39.2828
1975.0833  27.0198
1975.1667  20.8272
1975.2500  21.1907
1975.3333  20.2948
1975.4167  15.1963
1975.5000  1.8979
1975.5833  -2.9919
1975.6667  -9.6215
1975.7500  -17.8965
1975.8333  -15.4173
1975.9167  -15.2851
1976.0000  -15.6631
1976.0833  -17.0845
1976.1667  -19.0200
1976.2500  -29.8678
1976.3333  -43.5276
1976.4167  -46.7893
1976.5000  -53.1295
1976.5833  -77.2658
1976.6667  -77.1296
1976.7500  -68.9822
1976.8333  -64.3049
1976.9167  -65.2287
1977.0000  -66.3444
1977.0833  -62.1310
1977.1667  -64.6738
1977.2500  -58.0801
1977.3333  -43.2717
1977.4167  -21.0436
1977.5000  -24.0402
1977.5833  -15.4270
1977.6667  -23.7439
1977.7500  -22.6165
1977.8333  -33.7676
1977.9167  -41.0896
1978.0000  -40.6940
1978.0833  -42.7388
1978.1667  -38.1632
1978.2500  -26.3585
1978.3333  -23.5661
1978.4167  -26.4385
1978.5000  -30.9008
1978.5833  -44.6744
1978.6667  -35.2763
1978.7500  -36.0989
1978.8333  -35.5762
1978.9167  -24.9298
1979.0000  -25.6282
1979.0833  -18.3823
1979.1667  -12.9158
1979.2500  -17.2962
1979.3333  -26.1103
1979.4167  -39.4557
1979.5000  -25.0390
1979.5833  -24.6546
1979.6667  -31.7143
1979.7500  -45.6585
1979.8333  -40.4365
1979.9167  -45.3836
1980.0000  -42.4863
1980.0833  -49.6095
1980.1667  -53.7294
1980.2500  -58.8039
1980.3333  -46.9977
1980.4167  -45.0329
1980.5000  -42.2687
1980.5833  -22.5306
1980.6667  -3.7407
1980.7500  10.3405
1980.8333  5.8779
1980.9167  10.2601
1981.0000  13.6628
1981.0833  17.0257
1981.1667  21.2443
1981.2500  18.1956
1981.3333  18.8619
1981.4167  33.6078
1981.5000  34.9225
1981.5833  24.1625
1981.6667  16.3282
1981.7500  18.3105
1981.8333  31.3236
1981.9167  36.9600
1982.0000  31.2499
1982.0833  26.2700
1982.1667  25.7671
1982.2500  35.1553
1982.3333  24.0029
1982.4167  16.5848
1982.5000  16.5566
1982.5833  45.0580
1982.6667  50.5837
1982.7500  53.2201
1982.8333  49.9182
1982.9167  47.3885
1983.0000  48.8365
1983.0833  51.6726
1983.1667  48.3566
1983.2500  45.5325
1983.3333  66.0514
1983.4167  72.6607
1983.5000  68.1282
1983.5833  56.0609
1983.6667  44.2820
1983.7500  24.7326
1983.8333  15.4567
1983.9167  10.4255
1984.0000  9.5085
1984.0833  10.4534
1984.1667  6.2101
1984.2500  1.7559
1984.3333  -8.0259
1984.4167  -25.4221
1984.5000  -35.9424
1984.5833  -60.1588
1984.6667  -60.0447
1984.7500  -53.7937
1984.8333  -47.6568
1984.9167  -48.3773
1985.0000  -46.4931
1985.0833  -46.9840
1985.1667  -37.3186
1985.2500  -31.8472
1985.3333  -35.9685
1985.4167  -31.3607
1985.5000  -24.1184
1985.5833  -11.3590
1985.6667  -24.3684
1985.7500  -22.6208
1985.8333  -30.8318
1985.9167  -27.3633
1986.0000  -30.0923
1986.0833  -28.1757
1986.1667  -35.5532
1986.2500  -38.1941
1986.3333  -31.7636
1986.4167  -22.5620
1986.5000  -15.2358
1986.5833  -29.4406
1986.6667  -10.0435
1986.7500  -15.0647
1986.8333  -12.5628
1986.9167  -12.6184
1987.0000  -11.4362
1987.0833  -14.5097
1987.1667  -8.2395
1987.2500  -3.8371
1987.3333  -11.6435
1987.4167  -22.7651
1987.5000  -30.5342
1987.5833  -8.0580
1987.6667  -2.5797
1987.7500  13.4629
1987.8333  16.7121
1987.9167  13.0442
1988.0000  13.1277
1988.0833  13.0712
1988.1667  16.3364
1988.2500  16.2828
1988.3333  17.6857
1988.4167  22.8577
1988.5000  31.2933
1988.5833  36.9101
1988.6667  56.1346
1988.7500  66.5515
1988.8333  68.0304
1988.9167  76.2286
1989.0000  77.6540
1989.0833  76.8698
1989.1667  78.7791
1989.2500  72.2077
1989.3333  76.1923
1989.4167  74.9776
1989.5000  72.9150
1989.5833  68.8576
1989.6667  71.7544
1989.7500  83.8518
1989.8333  92.1890
1989.9167  85.7622
1990.0000  85.0342
1990.0833  88.5648
1990.1667  81.9301
1990.2500  82.9363
1990.3333  80.6666
1990.4167  76.6484
1990.5000  66.5510
1990.5833  56.6349
1990.6667  16.3107
1990.7500  -22.2105
1990.8333  -33.6323
1990.9167  -36.3786
1991.0000  -32.8227
1991.0833  -36.7168
1991.1667  -39.1418
1991.2500  -39.2800
1991.3333  -44.8839
1991.4167  -43.6496
1991.5000  -39.8468
1991.5833  -34.9641
1991.6667  -14.1573
1991.7500  4.4900
1991.8333  8.5540
1991.9167  13.9163
1992.0000  4.2936
1992.0833  4.0033
1992.1667  10.3314
1992.2500  8.1119
1992.3333  -0.5323
1992.4167  3.1749
1992.5000  4.8540
1992.5833  13.9354
1992.6667  14.3892
1992.7500  6.5910
1992.8333  0.9896
1992.9167  -6.9482
1993.0000  -0.3207
1993.0833  5.8883
1993.1667  2.1930
1993.2500  -3.7348
1993.3333  -7.5496
1993.4167  -28.5360
1993.5000  -32.4076
1993.5833  -45.1839
1993.6667  -64.2076
1993.7500  -57.8462
1993.8333  -52.4159
1993.9167  -48.3831
1994.0000  -41.0261
1994.0833  -50.3676
1994.1667  -56.8282
1994.2500  -52.7159
1994.3333  -38.7427
1994.4167  -21.4898
1994.5000  -9.8994
1994.5833  -4.1582
1994.6667  27.7012
1994.7500  34.2549
1994.8333  42.3043
1994.9167  46.3699
1995.0000  37.6181
1995.0833  42.4928
1995.1667  42.3823
1995.2500  38.3482
1995.3333  42.6435
1995.4167  43.7445
1995.5000  18.3609
1995.5833  -9.1257
1995.6667  -46.9096
1995.7500  -77.6119
1995.8333  -94.4307
1995.9167  -98.0622
1996.0000  -97.1754
1996.0833  -95.5985
1996.1667  -99.3284
1996.2500  -107.0791
1996.3333  -114.5130
1996.4167  -110.2343
1996.5000  -104.5048
1996.5833  -94.7689
1996.6667  -67.5864
1996.7500  -42.1815
1996.8333  -27.3754
1996.9167  -23.7306
1997.0000  -25.6412
1997.0833  -36.7653
1997.1667  -36.3902
1997.2500  -17.5124
1997.3333  -6.3906
1997.4167  -18.8264
1997.5000  -19.4495
1997.5833  -8.9100
1997.6667  -7.5270
1997.7500  -7.0223
1997.8333  -17.1387
1997.9167  -19.9980
1998.0000  -17.5907
1998.0833  0.0425
1998.1667  14.7363
1998.2500  9.5180
1998.3333  3.1424
1998.4167  12.1941
1998.5000  21.6888
1998.5833  24.7575
1998.6667  24.7841
1998.7500  18.1785
1998.8333  23.6443
1998.9167  23.8129
1999.0000  21.7204
1999.0833  12.6266
1999.1667  3.4623
1999.2500  1.6060
1999.3333  0.4036
1999.4167  -0.6904
1999.5000  9.8058
1999.5833  11.5347
1999.6667  17.0581
1999.7500  25.0484
1999.8333  21.6231
1999.9167  22.0265
2000.0000  26.8096
2000.0833  29.9343
2000.1667  31.6235
2000.2500  28.2457
2000.3333  22.5328
2000.4167  17.8676
2000.5000  11.2878
2000.5833  1.9767
2000.6667  -20.9632
2000.7500  -30.5143
2000.8333  -30.2105
2000.9167  -31.4171
2001.0000  -32.2831
2001.0833  -36.4291
2001.1667  -33.8267
2001.2500  -23.9411
2001.3333  -14.3652
2001.4167  -1.1908
2001.5000  -9.2627
2001.5833  1.9793
2001.6667  33.4357
2001.7500  48.2361
2001.8333  49.2637
2001.9167  52.1869
2002.0000  52.0991
2002.0833  57.1407
2002.1667  50.6659
2002.2500  41.5187
2002.3333  30.6183
2002.4167  13.4745
2002.5000  -4.3134
2002.5833  -10.4859
2002.6667  -41.8874
2002.7500  -61.4956
2002.8333  -63.7000
2002.9167  -61.7354
2003.0000  -59.0439
2003.0833  -60.6706
2003.1667  -55.7583
2003.2500  -50.5671
2003.3333  -42.2281
2003.4167  -38.5311
2003.5000  -14.1840
2003.5833  -15.6005
2003.6667  -4.4230
2003.7500  -1.4148
2003.8333  -2.0334
2003.9167  -3.9102
2004.0000  -3.9841
2004.0833  -1.0092
2004.1667  -2.1681
2004.2500  4.0976
2004.3333  4.1948
2004.4167  10.9385
2004.5000  17.8763
2004.5833  34.2673
2004.6667  26.4069
2004.7500  21.0901
2004.8333  19.5272
2004.9167  18.3717
2005.0000  14.6553
2005.0833  11.7703
2005.1667  17.5510
2005.2500  14.1616
2005.3333  9.3718
2005.4167  10.6157
2005.5000  -3.7920
2005.5833  -33.9835
2005.6667  -38.1944
2005.7500  -41.9861
2005.8333  -35.2499
2005.9167  -36.2130
2006.0000  -38.1949
2006.0833  -45.0015
2006.1667  -52.1060
2006.2500  -53.1257
2006.3333  -47.2283
2006.4167  -35.2730
2006.5000  -18.5685
2006.5833  16.0239
2006.6667  27.1500
2006.7500  44.4520
2006.8333  42.4660
2006.9167  51.1048
2007.0000  53.1890
2007.0833  65.2311
2007.1667  70.1648
2007.2500  76.3156
2007.3333  72.9487
2007.4167  60.9362
2007.5000  53.2386
2007.5833  36.1822
2007.6667  42.9890
2007.7500  54.9335
2007.8333  53.8718
2007.9167  41.9262
2008.0000  39.9353
2008.0833  34.4434
2008.1667  32.3212
2008.2500  15.5610
2008.3333  26.3902
2008.4167  28.3374
2008.5000  20.6313
2008.5833  12.9962
2008.6667  -4.7148
2008.7500  -23.1859
2008.8333  -27.9148
2008.9167  -24.1206
2009.0000  -23.7767
2009.0833  -23.6113
2009.1667  -23.9275
2009.2500  -12.1597
2009.3333  -21.7319
2009.4167  -30.0161
2009.5000  -31.4925
2009.5833  -45.8207
2009.6667  -50.2856
2009.7500  -50.1924
2009.8333  -47.1965
2009.9167  -45.8899
2010.0000  -45.2500
2010.0833  -48.5140
2010.1667  -48.2006
2010.2500  -54.2261
2010.3333  -57.1282
2010.4167  -54.5249
2010.5000  -58.6756
2010.5833  -45.5575
2010.6667  -36.7433
2010.7500  -42.2727
2010.8333  -36.2521
2010.9167  -36.3083
2011.0000  -32.5102
2011.0833  -32.4032
2011.1667  -34.1570
2011.2500  -25.8742
2011.3333  -16.6181
2011.4167  -18.6528
2011.5000  10.5475
2011.5833  24.7913
2011.6667  18.3655
2011.7500  24.9125
2011.8333  24.9168
2011.9167  24.4055
2012.0000  21.2694
2012.0833  23.5310
2012.1667  23.7868
2012.2500  26.5844
2012.3333  24.2256
2012.4167  31.7068
2012.5000  3.0811
2012.5833  -11.9572
2012.6667  -10.9425
2012.7500  -27.1862
2012.8333  -34.2526
2012.9167  -35.0853
2013.0000  -41.1850
2013.0833  -44.8081
2013.1667  -45.2944
2013.2500  -56.9009
2013.3333  -66.7411
2013.4167  -65.2377
2013.5000  -42.8005
2013.5833  -42.2492
2013.6667  -37.9874
2013.7500  -20.8560
2013.8333  -16.1050
2013.9167  -18.3513
2014.0000  -18.2590
2014.0833  -20.1985
2014.1667  -20.3639
2014.2500  -23.2361
2014.3333  -19.7814
2014.4167  -35.2885
2014.5000  -46.6739
2014.5833  -27.8569
2014.6667  -22.2693
2014.7500  -22.8820
2014.8333  -20.4001
2014.9167  -9.6132
2015.0000  -0.0395
2015.0833  8.4668
2015.1667  6.4494
2015.2500  7.0626
2015.3333  0.6202
2015.4167  19.7670
2015.5000  33.5167
2015.5833  14.9112
2015.6667  23.9499
2015.7500  18.7120
2015.8333  16.9406
2015.9167  9.8853
2016.0000  -0.2892
2016.0833  -1.8582
2016.1667  4.5859
2016.2500  11.0040
2016.3333  4.1446
2016.4167  -14.1535
2016.5000  -25.0678
2016.5833  -15.3709
2016.6667  -33.7177
2016.7500  -26.3045
2016.8333  -23.0051
2016.9167  -24.3347
2017.0000  -11.8108
2017.0833  -10.2510
2017.1667  -10.3615
2017.2500  -11.0446
2017.3333  10.0317
2017.4167  29.2228
2017.5000  35.8168
2017.5833  34.5706
2017.6667  33.7172
2017.7500  18.9949
2017.8333  8.3155
2017.9167  4.8021
2018.0000  -6.0546
2018.0833  -15.9983
2018.1667  -18.7033
2018.2500  -14.6811
2018.3333  -11.7697
2018.4167  -31.7395
2018.5000  -48.5027
2018.5833  -51.7105
2018.6667  -44.0607
2018.7500  -20.2806
2018.8333  -22.4470
2018.9167  -17.7813
2019.0000  -15.9033
2019.0833  -9.1820
2019.1667  -12.4537
2019.2500  -13.1683
2019.3333  -19.5885
2019.4167  -21.2129
2019.5000  -10.0130
2019.5833  8.1263
2019.6667  37.7524
2019.7500  36.8698
2019.8333  47.7992
2019.9167  52.2718
2020.0000  53.2467
2020.0833  58.0846
2020.1667  62.7875
2020.2500  62.1972
2020.3333  54.4952
2020.4167  72.9346
2020.5000  64.4974
2020.5833  39.0939
2020.6667  0.1874
2020.7500  -8.4716
2020.8333  -7.3868
2020.9167  -10.6016
2021.0000  -11.2346
2021.0833  -19.9272
2021.1667  -22.3303
2021.2500  -32.5202
2021.3333  -22.2913
2021.4167  -23.3495
2021.5000  -25.0302
2021.5833  -10.9935
2021.6667  20.9611
2021.7500  15.0793
2021.8333  9.2029
2021.9167  10.4411
2022.0000  17.9332
2022.0833  24.7152
2022.1667  24.0494
2022.2500  23.2493
2022.3333  23.4613
2022.4167  18.3912
2022.5000  16.9438
2022.5833  18.1223
2022.6667  3.1774
2022.7500  14.8668
2022.8333  10.6911
2022.9167  4.5757
2023.0000  -3.5453
2023.0833  -0.1356
2023.1667  7.2857
2023.2500  19.2760
2023.3333  22.4255
2023.4167  23.1754
2023.5000  31.1025
2023.5833  29.0805
2023.6667  37.8866
2023.7500  29.7326
2023.8333  44.4852
2023.9167  45.6181
2024.0000  53.5606
2024.0833  52.2999
2024.1667  55.5733
2024.2500  52.2877
2024.3333  47.4584
2024.4167  50.0713
2024.5000  51.7711
2024.5833  52.7130
2024.6667  37.3687
2024.7500  46.4203
2024.8333  39.5798
2024.9167  45.0771
2025.0000  47.1023
2025.0833  44.9662
2025.1667  40.3959
2025.2500  44.0595
2025.3333  47.0500
2025.4167  50.8179
2025.5000  52.7995
