offs    0.00000000000
bg      0.00014145030
impA    0.00000000000
impB    0.00000000000
impC    0.00000000000
delA    4.56125913205
delB    0.79873573316
asym   -0.01196488250
ann1    2.25796809443
ann2    1.24235323188
sem1    1.37467916398
sem2   -1.01732830513
year   -0.00002792676
IR     -0.00000000000
ma     -0.00000000000
mp     -0.00007630405
shfT   -0.00000000000
init   -0.00013806753
   27.32166155400   0.00606024018  -1.56370893938
   27.21222081500   0.02973431379  -0.81034511625
 1095.17502233364   0.00100563371  -0.38996978241
    9.08286783775   0.00586466805   1.53921610611
    6.81670784238  -0.00091742312   0.42431856218
   13.63341568476   0.00473616779  16.34356956482
   13.66083077700  -0.00235656884  26.56525059297
   13.60611040750  -0.00257996836  20.35771984380
   27.55454988600  -0.00445043135   2.85399659163
   13.77727494300  -0.00255830081   5.06051365755
 6793.47648813065   0.00073467734   0.18639259813
 1616.30271425126  -0.00127894426  -1.43002688017
   27.09267692660  -0.00170631878   2.08793250474
    9.09502787633   0.00284746086   0.56666186807
   13.69115772864   0.00134714738  17.28106345580
 1305.66025845931  -0.00068274360   0.32553329790
   27.44323926226  -0.00119616674   0.93245177642
   27.66676714572  -0.00118846298   3.24894540613
 2190.35004466729   0.00190751757   1.68955713900
   26.98505934729   0.00231205502   5.82988785272
 6167.20701373239  -0.00022083286 -12.40035704682
 -3232.60542850251   0.00040222010   1.46709201061
 -2120.90900683440  -0.00122913090  -0.06811294500
   27.33282433123  -0.00046826552  15.55095759662
   13.71880577217   0.00441220495   1.59829954431
    9.13295078376   0.00005014664  -0.44753168389
    9.12068919638   0.00080311040   0.70020845322
    9.10846048884   0.00187906447   0.93901285774
 3396.73824406533   0.00164757412 -26.13412221102
 1656.31999626209   0.00068957639   8.24592484723
   27.10365333842  -0.00167773502   0.54184279928
ltep   23.09803384092
ltep    9.49582857904
ltep   18.68216048000
ltep  100.00000000000
ltep   10.00000000000
ltep  200.00000000000
ltep  600.00000000000
ltep   70.00000000000
ltep  150.00000000000
ltep  400.00000000000
ltep    0.50000000000
harm  8
harm  24
harm  0
