1855.2500333    13.7042
1855.3333333    6.6709
1855.4166333    -0.1443
1855.5000333    2.3932
1855.5833333    7.4601
1855.6666333    4.3404
1855.7500333    0.6158
1855.8333333    4.795
1855.9166333    7.5127
1856.0000333    22.8456
1856.0833333    30.0246
1856.1666333    28.2805
1856.2500333    22.844
1856.3333333    21.4845
1856.4166333    27.4325
1856.5000333    37.3805
1856.5833333    21.8669
1856.6666333    19.5071
1856.7500333    11.1472
1856.8333333    4.3257
1856.9166333    -4.8804
1857.0000333    -1.7021
1857.0833333    -5.4468
1857.1666333    -13.2684
1857.2500333    -19.9364
1857.3333333    -30.7582
1857.4166333    -37.8877
1857.5000333    -40.1712
1857.5833333    -47.9163
1857.6666333    -44.6614
1857.7500333    -43.1758
1857.8333333    -34.1518
1857.9166333    -27.2817
1858.0000333    -17.5655
1858.0833333    -21.157
1858.1666333    -29.1332
1858.2500333    -27.4173
1858.3333333    -26.5474
1858.4166333    -25.7546
1858.5000333    -32.7311
1858.5833333    -35.4768
1858.6666333    -26.4533
1858.7500333    -6.0454
1858.8333333    -12.3297
1858.9166333    -13.4603
1859.0000333    -2.8217
1859.0833333    1.1245
1859.1666333    -0.237
1859.2500333    -0.1371
1859.3333333    -7.4217
1859.4166333    -19.168
1859.5000333    -17.5298
1859.5833333    -7.3531
1859.6666333    -12.2534
1859.7500333    -26.3846
1859.8333333    -42.1312
1859.9166333    -41.1855
1860.0000333    -30.6246
1860.0833333    -38.679
1860.1666333    -38.4258
1860.2500333    -41.4804
1860.3333333    -40.7657
1860.4166333    -38.2819
1860.5000333    -37.3367
1860.5833333    -30.853
1860.6666333    -28.6001
1860.7500333    -24.4243
1860.8333333    -7.71
1860.9166333    -2.3804
1861.0000333    1.3337
1861.0833333    4.4325
1861.1666333    18.5311
1861.2500333    8.5528
1861.3333333    -0.7333
1861.4166333    3.2883
1861.5000333    10.2329
1861.5833333    19.7159
1861.6666333    15.2758
1861.7500333    5.7586
1861.8333333    5.4722
1861.9166333    0.6473
1862.0000333    9.9761
1862.0833333    15.4588
1862.1666333    3.3261
1862.2500333    -20.9607
1862.3333333    -23.632
1862.4166333    -32.8419
1862.5000333    -46.8211
1862.5833333    -42.8772
1862.6666333    -40.0103
1862.7500333    -35.6051
1862.8333333    -28.6614
1862.9166333    -25.6408
1863.0000333    -24.3896
1863.0833333    -24.8307
1863.1666333    -31.1949
1863.2500333    -31.4054
1863.3333333    -25.8466
1863.4166333    -14.9802
1863.5000333    -1.6524
1863.5833333    11.8292
1863.6666333    -6.9968
1863.7500333    -8.2077
1863.8333333    -14.957
1863.9166333    -13.3986
1864.0000333    -6.9173
1864.0833333    7.1025
1864.1666333    5.0453
1864.2500333    14.2187
1864.3333333    12.0076
1864.4166333    -0.7421
1864.5000333    -4.5688
1864.5833333    -7.0878
1864.6666333    -11.53
1864.7500333    -11.5107
1864.8333333    -16.7991
1864.9166333    -3.1645
1865.0000333    -1.0685
1865.0833333    -5.2802
1865.1666333    -22.8765
1865.2500333    -39.0884
1865.3333333    -60.7618
1865.4166333    -62.9737
1865.5000333    -53.5703
1865.5833333    -45.3208
1865.6666333    -40.7636
1865.7500333    -43.745
1865.8333333    -33.111
1865.9166333    -28.7848
1866.0000333    -22.9202
1866.0833333    -19.1326
1866.1666333    -17.345
1866.2500333    -28.4037
1866.3333333    -13.9239
1866.4166333    4.0943
1866.5000333    16.1124
1866.5833333    22.1305
1866.6666333    9.9178
1866.7500333    21.9357
1866.8333333    27.569
1866.9166333    30.3561
1867.0000333    41.7584
1867.0833333    39.7761
1867.1666333    34.4092
1867.2500333    32.4268
1867.3333333    60.6751
1867.4166333    74.2311
1867.5000333    66.71
1867.5833333    70.6505
1867.6666333    83.2833
1867.7500333    93.4543
1867.8333333    92.5485
1867.9166333    102.027
1868.0000333    108.275
1868.0833333    97.2921
1868.1666333    97.0014
1868.2500333    96.5568
1868.3333333    104.574
1868.4166333    82.3597
1868.5000333    55.3765
1868.5833333    56.0086
1868.6666333    49.4099
1868.7500333    28.2725
1868.8333333    16.8276
1868.9166333    14.6902
1869.0000333    12.8604
1869.0833333    12.7999
1869.1666333    18.2009
1869.2500333    14.6786
1869.3333333    30.541
1869.4166333    26.0187
1869.5000333    27.1886
1869.5833333    14.4354
1869.6666333    7.7591
1869.7500333    -6.2251
1869.8333333    4.56
1869.9166333    10.6528
1870.0000333    14.13
1870.0833333    13.3765
1870.1666333    8.7768
1870.2500333    9.4846
1870.3333333    0.7309
1870.4166333    -13.7921
1870.5000333    -30.0075
1870.5833333    -48.5306
1870.6666333    -31.2845
1870.7500333    -20.7308
1870.8333333    -11.7926
1870.9166333    -5.3928
1871.0000333    -8.4547
1871.0833333    -9.4397
1871.1666333    -9.7324
1871.2500333    -18.4098
1871.3333333    -28.3181
1871.4166333    -29.7648
1871.5000333    -37.904
1871.5833333    -46.0431
1871.6666333    -34.49
1871.7500333    -32.6294
1871.8333333    -39.461
1871.9166333    -39.1388
1872.0000333    -43.9706
1872.0833333    -39.0332
1872.1666333    -48.6343
1872.2500333    -52.3894
1872.3333333    -43.6829
1872.4166333    -43.7457
1872.5000333    -39.0394
1872.5833333    -42.7946
1872.6666333    -32.8575
1872.7500333    -36.2283
1872.8333333    -32.5991
1872.9166333    -26.4315
1873.0000333    -18.3409
1873.0833333    -13.6349
1873.1666333    -19.0828
1873.2500333    -14.6847
1873.3333333    -14.1328
1873.4166333    -6.9655
1873.5000333    2.9709
1873.5833333    18.8304
1873.6666333    22.0745
1873.7500333    36.3953
1873.8333333    45.5623
1873.9166333    47.4985
1874.0000333    48.4346
1874.0833333    48.063
1874.1666333    47.1528
1874.2500333    47.0118
1874.3333333    53.3323
1874.4166333    52.2681
1874.5000333    30.6654
1874.5833333    22.2934
1874.6666333    -8.8478
1874.7500333    -6.6046
1874.8333333    -13.0536
1874.9166333    -7.5027
1875.0000333    -10.7212
1875.0833333    -14.0935
1875.1666333    -19.0043
1875.2500333    -17.9922
1875.3333333    -20.9031
1875.4166333    -37.2756
1875.5000333    -45.3406
1875.5833333    -37.7132
1875.6666333    -33.3167
1875.7500333    -21.4587
1875.8333333    -23.1392
1875.9166333    -18.4352
1876.0000333    -15.5005
1876.0833333    -12.4888
1876.1666333    -7.8619
1876.2500333    -8.6197
1876.3333333    -13.6082
1876.4166333    -13.366
1876.5000333    -16.8163
1876.5833333    -9.1896
1876.6666333    -5.4091
1876.7500333    -5.7826
1876.8333333    -5.0022
1876.9166333    0.4704
1877.0000333    4.1736
1877.0833333    8.2615
1877.1666333    16.2724
1877.2500333    12.8216
1877.3333333    18.0632
1877.4166333    13.7662
1877.5000333    24.9307
1877.5833333    39.6336
1877.6666333    52.4134
1877.7500333    52.5008
1877.8333333    46.0497
1877.9166333    60.5985
1878.0000333    76.0703
1878.0833333    73.8499
1878.1666333    69.0909
1878.2500333    62.9471
1878.3333333    61.8803
1878.4166333    57.8134
1878.5000333    65.3618
1878.5833333    64.8333
1878.6666333    62.9201
1878.7500333    47.3145
1878.8333333    42.1704
1878.9166333    48.5647
1879.0000333    47.1897
1879.0833333    37.2762
1879.1666333    39.1319
1879.2500333    39.8336
1879.3333333    53.5354
1879.4166333    46.8525
1879.5000333    51.1694
1879.5833333    37.4863
1879.6666333    31.8802
1879.7500333    23.1969
1879.8333333    20.7445
1879.9166333    27.5228
1880.0000333    28.9163
1880.0833333    25.2329
1880.1666333    17.5495
1880.2500333    20.5582
1880.3333333    21.0285
1880.4166333    19.3449
1880.5000333    35.4304
1880.5833333    33.0543
1880.6666333    36.9859
1880.7500333    35.8405
1880.8333333    41.0797
1880.9166333    50.2419
1881.0000333    52.9424
1881.0833333    65.7199
1881.1666333    70.1896
1881.2500333    71.5823
1881.3333333    50.5135
1881.4166333    36.0599
1881.5000333    17.1447
1881.5833333    5.6911
1881.6666333    7.699
1881.7500333    6.7067
1881.8333333    5.8683
1881.9166333    11.6452
1882.0000333    8.7296
1882.0833333    9.7372
1882.1666333    0.8217
1882.2500333    -27.7864
1882.3333333    -34.6251
1882.4166333    -38.6947
1882.5000333    -46.9952
1882.5833333    -65.1418
1882.6666333    -70.0577
1882.7500333    -83.8968
1882.8333333    -82.2744
1882.9166333    -78.652
1883.0000333    -78.9528
1883.0833333    -76.7921
1883.1666333    -77.3237
1883.2500333    -84.0093
1883.3333333    -64.618
1883.4166333    -41.5344
1883.5000333    -24.9125
1883.5833333    2.5556
1883.6666333    13.4852
1883.7500333    8.3377
1883.8333333    10.1902
1883.9166333    19.6581
1884.0000333    20.2027
1884.0833333    20.9782
1884.1666333    8.292
1884.2500333    0.6057
1884.3333333    8.9964
1884.4166333    10.6178
1884.5000333    -16.9149
1884.5833333    -31.2936
1884.6666333    -45.9032
1884.7500333    -42.9744
1884.8333333    -38.8918
1884.9166333    -30.2707
1885.0000333    -30.496
1885.0833333    -28.4136
1885.1666333    -27.5619
1885.2500333    -16.0181
1885.3333333    -18.782
1885.4166333    -30.6998
1885.5000333    -31.2331
1885.5833333    -36.7663
1885.6666333    -45.8381
1885.7500333    -53.2946
1885.8333333    -55.9819
1885.9166333    -51.2847
1886.0000333    -44.8183
1886.0833333    -42.5057
1886.1666333    -42.7317
1886.2500333    -50.1886
1886.3333333    -67.3378
1886.4166333    -67.487
1886.5000333    -81.2517
1886.5833333    -96.2472
1886.6666333    -78.8581
1886.7500333    -60.7769
1886.8333333    -53.5418
1886.9166333    -41.9221
1887.0000333    -34.4564
1887.0833333    -35.2215
1887.1666333    -35.3712
1887.2500333    -36.8287
1887.3333333    -30.0555
1887.4166333    -9.59
1887.5000333    -6.6631
1887.5833333    13.6484
1887.6666333    20.2676
1887.7500333    10.3481
1887.8333333    11.121
1887.9166333    10.4323
1888.0000333    11.282
1888.0833333    10.1316
1888.1666333    -1.7111
1888.2500333    -6.3232
1888.3333333    -17.7814
1888.4166333    -14.1627
1888.5000333    -28.6212
1888.5833333    -13.5411
1888.6666333    -16.9995
1888.7500333    -11.2273
1888.8333333    -9.3782
1888.9166333    -7.7599
1889.0000333    0.3968
1889.0833333    2.8611
1889.1666333    5.6331
1889.2500333    16.6358
1889.3333333    8.1769
1889.4166333    6.5641
1889.5000333    -2.3566
1889.5833333    0.1844
1889.6666333    -22.2747
1889.7500333    -21.4263
1889.8333333    -25.424
1889.9166333    -11.0371
1890.0000333    -3.5735
1890.0833333    -5.3405
1890.1666333    -9.7231
1890.2500333    -5.2596
1890.3333333    0.2039
1890.4166333    1.8981
1890.5000333    9.2845
1890.5833333    1.3632
1890.6666333    5.9804
1890.7500333    10.0589
1890.8333333    5.6759
1890.9166333    7.6775
1891.0000333    4.1405
1891.0833333    1.1419
1891.1666333    1.7587
1891.2500333    1.9907
1891.3333333    -12.8541
1891.4166333    -30.3144
1891.5000333    -27.621
1891.5833333    -18.466
1891.6666333    -19.1573
1891.7500333    -24.6948
1891.8333333    -18.9246
1891.9166333    -11.9237
1892.0000333    -1.1538
1892.0833333    1.847
1892.1666333    2.1554
1892.2500333    -5.1517
1892.3333333    -20.4587
1892.4166333    -14.5351
1892.5000333    -10.6885
1892.5833333    -14.3804
1892.6666333    -19.9185
1892.7500333    -11.6105
1892.8333333    -7.0718
1892.9166333    -5.4562
1893.0000333    -6.4561
1893.0833333    -8.1483
1893.1666333    -3.7637
1893.2500333    3.467
1893.3333333    18.0823
1893.4166333    28.1591
1893.5000333    15.1589
1893.5833333    20.1586
1893.6666333    27.2353
1893.7500333    19.2348
1893.8333333    16.2344
1893.9166333    17.8494
1894.0000333    15.3872
1894.0833333    17.3097
1894.1666333    19.6937
1894.2500333    11.4622
1894.3333333    -4.0001
1894.4166333    -16.5394
1894.5000333    -4.2326
1894.5833333    4.7664
1894.6666333    -6.1576
1894.7500333    -10.1587
1894.8333333    -10.2367
1894.9166333    -9.084
1895.0000333    -6.9314
1895.0833333    -4.8558
1895.1666333    2.6814
1895.2500333    -1.0893
1895.3333333    1.217
1895.4166333    8.677
1895.5000333    3.06
1895.5833333    -1.9416
1895.6666333    -1.2509
1895.7500333    1.4396
1895.8333333    6.5917
1895.9166333    15.6668
1896.0000333    28.8187
1896.0833333    30.9706
1896.1666333    26.3532
1896.2500333    10.428
1896.3333333    4.6567
1896.4166333    -8.5762
1896.5000333    -16.3478
1896.5833333    -21.6577
1896.6666333    -32.3524
1896.7500333    -33.2779
1896.8333333    -28.3573
1896.9166333    -33.2829
1897.0000333    -26.9778
1897.0833333    -36.2881
1897.1666333    -40.1369
1897.2500333    -35.0628
1897.3333333    -41.9118
1897.4166333    -47.0684
1897.5000333    -37.6868
1897.5833333    -17.459
1897.6666333    4.1534
1897.7500333    10.0733
1897.8333333    8.8394
1897.9166333    6.4517
1898.0000333    21.1406
1898.0833333    17.2912
1898.1666333    26.9032
1898.2500333    26.3613
1898.3333333    18.0501
1898.4166333    29.8928
1898.5000333    46.5814
1898.5833333    53.5009
1898.6666333    42.3433
1898.7500333    37.878
1898.8333333    41.1819
1898.9166333    51.9473
1899.0000333    55.7894
1899.0833333    54.0931
1899.1666333    57.7814
1899.2500333    55.3157
1899.3333333    68.927
1899.4166333    88.9997
1899.5000333    82.6107
1899.5833333    64.8372
1899.6666333    55.679
1899.7500333    41.5206
1899.8333333    39.2085
1899.9166333    35.2809
1900.0000333    31.9685
1900.0833333    33.5023
1900.1666333    25.4976
1900.2500333    24.4928
1900.3333333    17.9495
1900.4166333    0.1754
1900.5000333    -22.8296
1900.5833333    -17.6039
1900.6666333    -19.6089
1900.7500333    -25.3064
1900.8333333    -26.9269
1900.9166333    -32.3937
1901.0000333    -33.7837
1901.0833333    -37.8659
1901.1666333    -42.2559
1901.2500333    -50.5691
1901.3333333    -57.4977
1901.4166333    -50.1186
1901.5000333    -40.8166
1901.5833333    -34.3607
1901.6666333    -37.5203
1901.7500333    -38.0646
1901.8333333    -33.9935
1901.9166333    -22.9225
1902.0000333    -12.6209
1902.0833333    -0.7038
1902.1666333    4.7517
1902.2500333    2.1301
1902.3333333    5.047
1902.4166333    -4.7284
1902.5000333    -16.9656
1902.5833333    -15.5873
1902.6666333    -9.6706
1902.7500333    10.9382
1902.8333333    21.1625
1902.9166333    27.002
1903.0000333    33.3799
1903.0833333    37.9117
1903.1666333    42.3665
1903.2500333    40.975
1903.3333333    53.2759
1903.4166333    53.5767
1903.5000333    46.9542
1903.5833333    48.6395
1903.6666333    29.9401
1903.7500333    12.3944
1903.8333333    -7.2281
1903.9166333    -9.2354
1904.0000333    0.3726
1904.0833333    1.2114
1904.1666333    -9.3345
1904.2500333    -23.1113
1904.3333333    -24.888
1904.4166333    -22.6649
1904.5000333    -16.5957
1904.5833333    5.6274
1904.6666333    -5.8419
1904.7500333    3.6887
1904.8333333    14.6808
1904.9166333    16.8267
1905.0000333    26.511
1905.0833333    26.426
1905.1666333    31.2641
1905.2500333    40.3327
1905.3333333    39.0168
1905.4166333    43.624
1905.5000333    32.2309
1905.5833333    29.5302
1905.6666333    29.9064
1905.7500333    40.8209
1905.8333333    36.5816
1905.9166333    43.8807
1906.0000333    52.8719
1906.0833333    54.5555
1906.1666333    54.3929
1906.2500333    36.3071
1906.3333333    17.6828
1906.4166333    25.9046
1906.5000333    16.6648
1906.5833333    7.1172
1906.6666333    7.3389
1906.7500333    -2.055
1906.8333333    1.6281
1906.9166333    3.6958
1907.0000333    7.7632
1907.0833333    11.8308
1907.1666333    14.9752
1907.2500333    5.8886
1907.3333333    -1.5055
1907.4166333    2.331
1907.5000333    -14.6788
1907.5833333    -3.8424
1907.6666333    -6.6983
1907.7500333    -19.7852
1907.8333333    -22.4105
1907.9166333    -24.7281
1908.0000333    -20.1228
1908.0833333    -23.7483
1908.1666333    -32.2969
1908.2500333    -48.8456
1908.3333333    -63.702
1908.4166333    -48.4815
1908.5000333    -54.7997
1908.5833333    -42.887
1908.6666333    -62.5129
1908.7500333    -57.985
1908.8333333    -53.3802
1908.9166333    -46.1601
1909.0000333    -38.2478
1909.0833333    -26.4893
1909.1666333    -25.8078
1909.2500333    -32.5111
1909.3333333    -17.7528
1909.4166333    -9.3022
1909.5000333    -4.3134
1909.5833333    5.5986
1909.6666333    -1.3356
1909.7500333    4.5762
1909.8333333    14.0264
1909.9166333    20.9382
1910.0000333    26.696
1910.0833333    24.4538
1910.1666333    14.2115
1910.2500333    10.6614
1910.3333333    8.7267
1910.4166333    -13.7465
1910.5000333    -8.8352
1910.5833333    -13.0008
1910.6666333    -5.9357
1910.7500333    -2.64
1910.8333333    4.3481
1910.9166333    -1.2024
1911.0000333    6.3239
1911.0833333    3.7733
1911.1666333    12.1458
1911.2500333    8.7489
1911.3333333    5.1212
1911.4166333    3.955
1911.5000333    7.6348
1911.5833333    5.2378
1911.6666333    -3.6209
1911.7500333    -8.0182
1911.8333333    -5.2615
1911.9166333    -2.1204
1912.0000333    0.0206
1912.0833333    -1.9152
1912.1666333    7.3027
1912.2500333    -6.0949
1912.3333333    -5.3386
1912.4166333    1.1099
1912.5000333    11.9429
1912.5833333    15.0067
1912.6666333    17.9935
1912.7500333    29.7494
1912.8333333    24.2746
1912.9166333    25.4151
1913.0000333    31.3246
1913.0833333    44.9265
1913.1666333    40.9899
1913.2500333    22.207
1913.3333333    26.6549
1913.4166333    54.4874
1913.5000333    58.3197
1913.5833333    61.3828
1913.6666333    67.7536
1913.7500333    63.3549
1913.8333333    64.7256
1913.9166333    72.4039
1914.0000333    74.0051
1914.0833333    68.6063
1914.1666333    61.0536
1914.2500333    70.8085
1914.3333333    60.2557
1914.4166333    54.0106
1914.5000333    26.073
1914.5833333    8.5201
1914.6666333    -1.1868
1914.7500333    -8.1246
1914.8333333    -7.9854
1914.9166333    -10.2308
1915.0000333    -12.5534
1915.0833333    -6.2605
1915.1666333    -2.8139
1915.2500333    -8.0597
1915.3333333    -26.0747
1915.4166333    -9.9359
1915.5000333    -4.4895
1915.5833333    1.803
1915.6666333    3.2493
1915.7500333    1.2339
1915.8333333    2.4494
1915.9166333    5.5109
1916.0000333    6.2646
1916.0833333    16.4799
1916.1666333    12.6181
1916.2500333    3.7563
1916.3333333    -0.3363
1916.4166333    4.4941
1916.5000333    6.6321
1916.5833333    -9.3838
1916.6666333    -23.092
1916.7500333    -20.9542
1916.8333333    -20.2779
1916.9166333    -22.9863
1917.0000333    -20.0794
1917.0833333    -29.4802
1917.1666333    -40.7272
1917.2500333    -46.6667
1917.3333333    -45.9907
1917.4166333    -24.8533
1917.5000333    -20.7929
1917.5833333    -27.7325
1917.6666333    -21.5183
1917.7500333    -19.5351
1917.8333333    -29.3979
1917.9166333    -22.9531
1918.0000333    -10.97
1918.0833333    -6.9869
1918.1666333    -1.773
1918.2500333    5.7484
1918.3333333    0.5006
1918.4166333    -5.5165
1918.5000333    -30.2261
1918.5833333    -39.0894
1918.6666333    -48.9528
1918.7500333    -49.4318
1918.8333333    -52.526
1918.9166333    -34.7742
1919.0000333    -30.8687
1919.0833333    -24.6555
1919.1666333    -28.0577
1919.2500333    -16.537
1919.3333333    -33.1701
1919.4166333    -29.5725
1919.5000333    -29.5135
1919.5833333    -25.2237
1919.6666333    -18.0877
1919.7500333    -10.7982
1919.8333333    -2.7393
1919.9166333    9.7042
1920.0000333    7.9167
1920.0833333    13.1292
1920.1666333    3.5725
1920.2500333    -9.7536
1920.3333333    -41.2336
1920.4166333    -48.0212
1920.5000333    -49.0398
1920.5833333    -41.3661
1920.6666333    -45.1539
1920.7500333    -42.3265
1920.8333333    -44.2683
1920.9166333    -41.364
1921.0000333    -36.6137
1921.0833333    -32.7096
1921.1666333    -37.267
1921.2500333    -32.1322
1921.3333333    -14.0744
1921.4166333    -4.0166
1921.5000333    24.9641
1921.5833333    15.0218
1921.6666333    15.7718
1921.7500333    17.2908
1921.8333333    10.1945
1921.9166333    23.9442
1922.0000333    29.54
1922.0833333    29.5204
1922.1666333    28.8085
1922.2500333    25.3272
1922.3333333    18.3074
1922.4166333    18.1338
1922.5000333    27.1138
1922.5833333    19.6324
1922.6666333    16.997
1922.7500333    -0.177
1922.8333333    -1.197
1922.9166333    10.3982
1923.0000333    10.9164
1923.0833333    12.6654
1923.1666333    12.9527
1923.2500333    17.3938
1923.3333333    22.5272
1923.4166333    30.0452
1923.5000333    17.4092
1923.5833333    20.3886
1923.6666333    8.8295
1923.7500333    23.3471
1923.8333333    31.4033
1923.9166333    38.844
1924.0000333    41.6692
1924.0833333    39.0329
1924.1666333    26.2427
1924.2500333    17.9138
1924.3333333    7.662
1924.4166333    -10.2053
1924.5000333    -15.919
1924.5833333    -5.7095
1924.6666333    -11.5769
1924.7500333    -10.2907
1924.8333333    -17.3122
1924.9166333    -5.7183
1925.0000333    -6.0476
1925.0833333    -6.7615
1925.1666333    -0.6294
1925.2500333    13.195
1925.3333333    21.327
1925.4166333    25.9206
1925.5000333    35.2063
1925.5833333    27.1074
1925.6666333    21.0085
1925.7500333    24.1402
1925.8333333    24.7334
1925.9166333    35.019
1926.0000333    33.6889
1926.0833333    40.0513
1926.1666333    41.952
1926.2500333    37.0833
1926.3333333    25.2916
1926.4166333    21.1922
1926.5000333    17.1695
1926.5833333    13.3008
1926.6666333    13.4319
1926.7500333    12.3321
1926.8333333    21.4632
1926.9166333    33.2865
1927.0000333    38.8789
1927.0833333    42.5482
1927.1666333    40.9098
1927.2500333    34.8097
1927.3333333    42.0943
1927.4166333    41.3018
1927.5000333    24.2785
1927.5833333    19.1013
1927.6666333    4.5395
1927.7500333    4.4391
1927.8333333    1.8771
1927.9166333    -2.6079
1928.0000333    2.2145
1928.0833333    9.4216
1928.1666333    12.8595
1928.2500333    16.451
1928.3333333    15.8887
1928.4166333    12.6341
1928.5000333    12.0716
1928.5833333    11.1245
1928.6666333    7.3313
1928.7500333    24.2301
1928.8333333    27.2829
1928.9166333    34.4126
1929.0000333    38.6959
1929.0833333    30.3639
1929.1666333    25.0318
1929.2500333    24.238
1929.3333333    18.5212
1929.4166333    9.6505
1929.5000333    -0.5281
1929.5833333    -4.0912
1929.6666333    -0.1159
1929.7500333    5.7823
1929.8333333    -0.8579
1929.9166333    -3.7289
1930.0000333    0.1691
1930.0833333    0.3748
1930.1666333    -1.8041
1930.2500333    -11.6754
1930.3333333    -9.3929
1930.4166333    -13.4951
1930.5000333    -7.8282
1930.5833333    -18.1612
1930.6666333    -15.1866
1930.7500333    -9.4429
1930.8333333    -8.0069
1930.9166333    0.4291
1931.0000333    13.0957
1931.0833333    14.3008
1931.1666333    19.5827
1931.2500333    27.8645
1931.3333333    29.531
1931.4166333    15.8897
1931.5000333    20.9405
1931.5833333    34.2222
1931.6666333    41.0423
1931.7500333    42.6314
1931.8333333    46.0668
1931.9166333    51.9636
1932.0000333    58.2449
1932.0833333    60.3724
1932.1666333    57.1921
1932.2500333    56.0117
1932.3333333    42.9082
1932.4166333    39.7278
1932.5000333    36.5472
1932.5833333    36.5974
1932.6666333    9.263
1932.7500333    20.3899
1932.8333333    19.6707
1932.9166333    18.5669
1933.0000333    18.7706
1933.0833333    25.4359
1933.1666333    24.2549
1933.2500333    13.5353
1933.3333333    3.9697
1933.4166333    1.7117
1933.5000333    -10.1619
1933.5833333    -4.6508
1933.6666333    -7.986
1933.7500333    -11.629
1933.8333333    -22.8103
1933.9166333    -19.4533
1934.0000333    -11.8657
1934.0833333    -6.8934
1934.1666333    -20.8443
1934.2500333    -27.103
1934.3333333    -13.977
1934.4166333    -19.8511
1934.5000333    -25.4177
1934.5833333    -11.5227
1934.6666333    -14.4738
1934.7500333    -12.656
1934.8333333    -2.4534
1934.9166333    0.0568
1935.0000333    6.8745
1935.0833333    11.5384
1935.1666333    2.433
1935.2500333    8.4044
1935.3333333    7.3758
1935.4166333    1.7318
1935.5000333    3.0107
1935.5833333    21.0589
1935.6666333    12.2609
1935.7500333    13.7704
1935.8333333    9.3569
1935.9166333    13.5587
1936.0000333    15.2219
1936.0833333    10.1928
1936.1666333    5.0868
1936.2500333    10.1344
1936.3333333    6.8744
1936.4166333    2.5374
1936.5000333    1.431
1936.5833333    -11.4446
1936.6666333    -24.9356
1936.7500333    -21.7345
1936.8333333    -30.3025
1936.9166333    -30.7937
1937.0000333    -21.4389
1937.0833333    -15.1609
1937.1666333    -15.0369
1937.2500333    -19.8361
1937.3333333    -20.866
1937.4166333    -20.6652
1937.5000333    -21.0031
1937.5833333    -16.4947
1937.6666333    2.1675
1937.7500333    26.5987
1937.8333333    33.4146
1937.9166333    42.9997
1938.0000333    53.3538
1938.0833333    47.4003
1938.1666333    45.0621
1938.2500333    38.2622
1938.3333333    37.0778
1938.4166333    30.2779
1938.5000333    20.4009
1938.5833333    21.9086
1938.6666333    21.0316
1938.7500333    9.1545
1938.8333333    -13.4918
1938.9166333    -14.9844
1939.0000333    -14.1694
1939.0833333    -19.8159
1939.1666333    -23.5393
1939.2500333    -28.8784
1939.3333333    -47.9866
1939.4166333    -54.0179
1939.5000333    -51.2033
1939.5833333    -57.0039
1939.6666333    -62.3431
1939.7500333    -75.7594
1939.8333333    -75.0987
1939.9166333    -73.515
1940.0000333    -73.5469
1940.0833333    -67.5017
1940.1666333    -56.6874
1940.2500333    -52.181
1940.3333333    -59.2898
1940.4166333    -35.3988
1940.5000333    -30.1233
1940.5833333    -35.4631
1940.6666333    -26.726
1940.7500333    -28.6815
1940.8333333    -25.1753
1940.9166333    -22.823
1941.0000333    -15.5479
1941.0833333    -16.888
1941.1666333    -15.0744
1941.2500333    -22.2609
1941.3333333    -31.9859
1941.4166333    -20.2493
1941.5000333    -22.6668
1941.5833333    -35.2381
1941.6666333    -43.9632
1941.7500333    -52.0732
1941.8333333    -49.6446
1941.9166333    -42.9853
1942.0000333    -32.7878
1942.0833333    -36.2824
1942.1666333    -34.1618
1942.2500333    -36.7336
1942.3333333    -36.1516
1942.4166333    -26.8772
1942.5000333    -28.0646
1942.5833333    -30.6366
1942.6666333    -8.4393
1942.7500333    7.9116
1942.8333333    22.1856
1942.9166333    31.9211
1943.0000333    39.0411
1943.0833333    41.5457
1943.1666333    45.1273
1943.2500333    47.0163
1943.3333333    31.9823
1943.4166333    19.2559
1943.5000333    16.6832
1943.5833333    24.4183
1943.6666333    35.2303
1943.7500333    25.1959
1943.8333333    26.4692
1943.9166333    28.7425
1944.0000333    27.3233
1944.0833333    20.9812
1944.1666333    9.562
1944.2500333    11.9119
1944.3333333    12.8772
1944.4166333    20.304
1944.5000333    22.423
1944.5833333    10.0035
1944.6666333    -0.6468
1944.7500333    -3.2203
1944.8333333    0.437
1944.9166333    2.7866
1945.0000333    8.5975
1945.0833333    16.1777
1945.1666333    18.6809
1945.2500333    25.4147
1945.3333333    24.3794
1945.4166333    25.8824
1945.5000333    29.9238
1945.5833333    42.8113
1945.6666333    45.3911
1945.7500333    48.9708
1945.8333333    43.6274
1945.9166333    44.3609
1946.0000333    42.325
1946.0833333    39.9814
1946.1666333    32.4071
1946.2500333    34.294
1946.3333333    15.1042
1946.4166333    -8.4704
1946.5000333    -35.5836
1946.5833333    -57.1582
1946.6666333    -80.1175
1946.7500333    -80.0771
1946.8333333    -90.7288
1946.9166333    -95.3806
1947.0000333    -99.3403
1947.0833333    -100.531
1947.1666333    -112.875
1947.2500333    -113.604
1947.3333333    -120.102
1947.4166333    -97.6775
1947.5000333    -76.4067
1947.5833333    -57.2128
1947.6666333    -48.4805
1947.7500333    -39.7484
1947.8333333    -31.7085
1947.9166333    -18.4379
1948.0000333    -5.7829
1948.0833333    4.2568
1948.1666333    11.3734
1948.2500333    28.1821
1948.3333333    31.7601
1948.4166333    30.7996
1948.5000333    22.1466
1948.5833333    25.4936
1948.6666333    34.456
1948.7500333    45.7259
1948.8333333    56.1497
1948.9166333    68.2658
1949.0000333    62.9971
1949.0833333    66.5746
1949.1666333    57.6136
1949.2500333    42.1139
1949.3333333    35.4604
1949.4166333    34.73
1949.5000333    42.4609
1949.5833333    44.1919
1949.6666333    36.9229
1949.7500333    31.1921
1949.8333333    26.3845
1949.9166333    25.423
1950.0000333    23.6151
1950.0833333    28.1919
1950.1666333    18.384
1950.2500333    33.2683
1950.3333333    43.768
1950.4166333    39.7292
1950.5000333    33.5364
1950.5833333    10.8052
1950.6666333    0.8432
1950.7500333    -4.8883
1950.8333333    -7.1581
1950.9166333    -8.5819
1951.0000333    -4.852
1951.0833333    -13.6605
1951.1666333    -15.0075
1951.2500333    -26.047
1951.3333333    -51.3171
1951.4166333    -52.8951
1951.5000333    -43.8578
1951.5833333    -37.8205
1951.6666333    -23.8601
1951.7500333    -21.2076
1951.8333333    -15.1705
1951.9166333    -3.2872
1952.0000333    5.2113
1952.0833333    0.7098
1952.1666333    8.6698
1952.2500333    16.1681
1952.3333333    33.6665
1952.4166333    42.8571
1952.5000333    36.3552
1952.5833333    33.8534
1952.6666333    22.89
1952.7500333    24.388
1952.8333333    31.2706
1952.9166333    31.7686
1953.0000333    19.651
1953.0833333    23.7642
1953.1666333    32.0313
1953.2500333    29.7596
1953.3333333    8.565
1953.4166333    0.3704
1953.5000333    7.7139
1953.5833333    -10.327
1953.6666333    -37.9834
1953.7500333    -40.4092
1953.8333333    -50.8349
1953.9166333    -61.1068
1954.0000333    -56.6097
1954.0833333    -48.9587
1954.1666333    -56.5385
1954.2500333    -69.1954
1954.3333333    -69.3907
1954.4166333    -58.5861
1954.5000333    -62.0124
1954.5833333    -63.4386
1954.6666333    -48.1726
1954.7500333    -27.9837
1954.8333333    -17.487
1954.9166333    -3.2212
1955.0000333    13.7368
1955.0833333    12.0794
1955.1666333    7.422
1955.2500333    12.3029
1955.3333333    19.3377
1955.4166333    29.5263
1955.5000333    38.5608
1955.5833333    44.8262
1955.6666333    35.8608
1955.7500333    39.3567
1955.8333333    37.1604
1955.9166333    37.2717
1956.0000333    38.4597
1956.0833333    40.0325
1956.1666333    38.6052
1956.2500333    49.87
1956.3333333    43.1349
1956.4166333    45.1689
1956.5000333    25.4336
1956.5833333    21.6983
1956.6666333    12.5014
1956.7500333    17.1505
1956.8333333    16.9535
1956.9166333    15.7564
1957.0000333    19.0977
1957.0833333    19.0543
1957.1666333    20.7033
1957.2500333    27.0443
1957.3333333    24.6162
1957.4166333    32.1112
1957.5000333    27.0674
1957.5833333    41.793
1957.6666333    44.057
1957.7500333    41.0131
1957.8333333    44.0462
1957.9166333    48.0023
1958.0000333    54.6505
1958.0833333    57.7604
1958.1666333    53.8702
1958.2500333    49.5182
1958.3333333    38.8587
1958.4166333    32.1991
1958.5000333    27.6931
1958.5833333    19.8795
1958.6666333    6.4505
1958.7500333    -2.4402
1958.8333333    -2.4078
1958.9166333    -3.0677
1959.0000333    1.1183
1959.0833333    1.9967
1959.1666333    1.6443
1959.2500333    -3.7853
1959.3333333    -18.7532
1959.4166333    -34.1827
1959.5000333    -37.3816
1959.5833333    -56.3497
1959.6666333    -64.241
1959.7500333    -74.9016
1959.8333333    -78.5622
1959.9166333    -72.6843
1960.0000333    -69.8836
1960.0833333    -63.5444
1960.1666333    -55.8975
1960.2500333    -59.8661
1960.3333333    -63.1424
1960.4166333    -49.6495
1960.5000333    -46.003
1960.5833333    -51.741
1960.6666333    -30.3252
1960.7500333    -9.4481
1960.8333333    11.583
1960.9166333    24.8448
1961.0000333    41.7986
1961.0833333    51.9065
1961.1666333    52.1681
1961.2500333    35.0449
1961.3333333    33.7679
1961.4166333    44.7216
1961.5000333    44.2906
1961.5833333    69.5519
1961.6666333    71.8132
1961.7500333    61.6896
1961.8333333    50.2585
1961.9166333    44.6734
1962.0000333    45.9343
1962.0833333    34.7337
1962.1666333    34.7639
1962.2500333    25.1015
1962.3333333    29.8239
1962.4166333    29.2385
1962.5000333    28.0375
1962.5833333    23.0674
1962.6666333    1.1741
1962.7500333    -10.7193
1962.8333333    -15.6896
1962.9166333    -19.8907
1963.0000333    -21.0151
1963.0833333    -29.7548
1963.1666333    -36.2638
1963.2500333    -50.3884
1963.3333333    -48.359
1963.4166333    -46.7912
1963.5000333    -49.6852
1963.5833333    -38.8098
1963.6666333    -47.2422
1963.7500333    -50.4441
1963.8333333    -37.8766
1963.9166333    -28.8476
1964.0000333    -16.5111
1964.0833333    -11.5592
1964.1666333    -6.6073
1964.2500333    -0.9633
1964.3333333    -0.0116
1964.4166333    0.094
1964.5000333    -1.7238
1964.5833333    9.9971
1964.6666333    -4.6668
1964.7500333    2.1307
1964.8333333    9.4668
1964.9166333    7.7258
1965.0000333    16.3693
1965.0833333    15.0129
1965.1666333    11.9641
1965.2500333    4.1458
1965.3333333    7.7892
1965.4166333    1.6633
1965.5000333    -3.1551
1965.5833333    -8.2041
1965.6666333    -18.8687
1965.7500333    -11.5334
1965.8333333    -15.275
1965.9166333    -6.555
1966.0000333    5.9339
1966.0833333    4.6537
1966.1666333    8.2966
1966.2500333    12.093
1966.3333333    8.5819
1966.4166333    -2.3908
1966.5000333    4.867
1966.5833333    -1.8751
1966.6666333    10.1521
1966.7500333    15.5636
1966.8333333    12.6675
1966.9166333    20.6944
1967.0000333    24.4904
1967.0833333    21.9018
1967.1666333    21.8517
1967.2500333    13.8013
1967.3333333    11.9049
1967.4166333    30.9315
1967.5000333    46.804
1967.5833333    50.7536
1967.6666333    60.0877
1967.7500333    55.4985
1967.8333333    50.371
1967.9166333    43.1665
1968.0000333    47.731
1968.0833333    40.911
1968.1666333    32.3986
1968.2500333    25.886
1968.3333333    33.6813
1968.4166333    22.3995
1968.5000333    -6.8056
1968.5833333    -20.0105
1968.6666333    -41.8309
1968.7500333    -50.9592
1968.8333333    -56.1644
1968.9166333    -55.908
1969.0000333    -45.6519
1969.0833333    -52.3957
1969.1666333    -50.1395
1969.2500333    -44.8835
1969.3333333    -32.7044
1969.4166333    -38.6791
1969.5000333    -43.9618
1969.5833333    -37.0136
1969.6666333    -48.1423
1969.7500333    -32.5021
1969.8333333    -22.631
1969.9166333    -17.8369
1970.0000333    -13.0429
1970.0833333    -13.0181
1970.1666333    -6.9165
1970.2500333    -6.5843
1970.3333333    2.748
1970.4166333    1.8495
1970.5000333    -3.1261
1970.5833333    16.3599
1970.6666333    25.2304
1970.7500333    35.7161
1970.8333333    31.4327
1970.9166333    28.5339
1971.0000333    33.7117
1971.0833333    28.0435
1971.1666333    28.0676
1971.2500333    23.3991
1971.3333333    29.7308
1971.4166333    30.0623
1971.5000333    11.2398
1971.5833333    -2.8133
1971.6666333    -31.0973
1971.7500333    -33.5353
1971.8333333    -36.5117
1971.9166333    -33.1805
1972.0000333    -33.5418
1972.0833333    -36.6722
1972.1666333    -29.8026
1972.2500333    -32.7026
1972.3333333    -28.1408
1972.4166333    -39.1946
1972.5000333    -61.4793
1972.5833333    -53.1485
1972.6666333    -35.3562
1972.7500333    -11.4103
1972.8333333    -12.0028
1972.9166333    -6.5953
1973.0000333    -0.3419
1973.0833333    3.4501
1973.1666333    4.5498
1973.2500333    -2.5816
1973.3333333    1.0564
1973.4166333    6.2327
1973.5000333    7.0243
1973.5833333    17.5852
1973.6666333    2.5306
1973.7500333    -6.1396
1973.8333333    -17.5019
1973.9166333    -10.0182
1974.0000333    4.8499
1974.0833333    8.1797
1974.1666333    1.6632
1974.2500333    9.9927
1974.3333333    12.5531
1974.4166333    20.8057
1974.5000333    25.212
1974.5833333    29.6952
1974.6666333    31.9477
1974.7500333    39.9692
1974.8333333    44.4523
1974.9166333    54.8584
1975.0000333    52.1874
1975.0833333    39.978
1975.1666333    26.5378
1975.2500333    36.9435
1975.3333333    15.734
1975.4166333    10.2936
1975.5000333    16.4684
1975.5833333    -9.049
1975.6666333    -21.028
1975.7500333    -27.5456
1975.8333333    -26.8324
1975.9166333    -23.8885
1976.0000333    -25.0987
1976.0833333    -24.1549
1976.1666333    -29.5189
1976.2500333    -40.7292
1976.3333333    -60.1702
1976.4166333    -45.842
1976.5000333    -51.6679
1976.5833333    -79.4167
1976.6666333    -75.2425
1976.7500333    -69.7609
1976.8333333    -70.2791
1976.9166333    -66.7205
1977.0000333    -58.7775
1977.0833333    -59.6036
1977.1666333    -62.8144
1977.2500333    -61.0254
1977.3333333    -42.4671
1977.4166333    -32.9088
1977.5000333    -40.2738
1977.5833333    -43.3311
1977.6666333    -42.5422
1977.7500333    -42.3689
1977.8333333    -50.8109
1977.9166333    -53.6376
1978.0000333    -50.2337
1978.0833333    -54.7528
1978.1666333    -37.8104
1978.2500333    -28.9452
1978.3333333    -20.5414
1978.4166333    -12.8299
1978.5000333    -15.5033
1978.5833333    -13.3305
1978.6666333    -8.6192
1978.7500333    -13.3697
1978.8333333    -14.3508
1978.9166333    -6.6397
1979.0000333    11.225
1979.0833333    17.1668
1979.1666333    23.1854
1979.2500333    8.7423
1979.3333333    -12.0854
1979.4166333    -12.8361
1979.5000333    -31.3564
1979.5833333    -38.2611
1979.6666333    -52.3967
1979.7500333    -49.994
1979.8333333    -46.2066
1979.9166333    -39.8038
1980.0000333    -31.6321
1980.0833333    -43.8449
1980.1666333    -47.9808
1980.2500333    -47.1169
1980.3333333    -43.9452
1980.4166333    -27.1582
1980.5000333    -21.6022
1980.5833333    1.1847
1980.6666333    8.9716
1980.7500333    14.6813
1980.8333333    16.3911
1980.9166333    28.4085
1981.0000333    35.6565
1981.0833333    43.5969
1981.1666333    47.5373
1981.2500333    43.0158
1981.3333333    45.1868
1981.4166333    63.2039
1981.5000333    59.9131
1981.5833333    45.4686
1981.6666333    21.947
1981.7500333    27.9638
1981.8333333    35.8267
1981.9166333    38.9973
1982.0000333    34.7062
1982.0833333    26.7998
1982.1666333    21.8163
1982.2500333    13.3712
1982.3333333    4.7723
1982.4166333    -7.3652
1982.5000333    -20.8105
1982.5833333    -6.1788
1982.6666333    -9.7779
1982.7500333    -1.9157
1982.8333333    -6.5919
1982.9166333    -8.7297
1983.0000333    -3.3292
1983.0833333    2.3022
1983.1666333    6.0104
1983.2500333    3.1799
1983.3333333    27.8111
1983.4166333    36.5961
1983.5000333    44.8424
1983.5833333    25.7811
1983.6666333    -6.3572
1983.7500333    -8.8803
1983.8333333    -12.0956
1983.9166333    -11.3879
1984.0000333    -3.9881
1984.0833333    -8.6651
1984.1666333    -7.0345
1984.2500333    -9.7887
1984.3333333    -18.389
1984.4166333    -46.0662
1984.5000333    -47.1283
1984.5833333    -53.8826
1984.6666333    -58.7139
1984.7500333    -47.3146
1984.8333333    -39.4536
1984.9166333    -33.9004
1985.0000333    -27.0398
1985.0833333    -30.7175
1985.1666333    -22.8568
1985.2500333    -24.6886
1985.3333333    -22.7511
1985.4166333    -16.2752
1985.5000333    1.2775
1985.5833333    0.9841
1985.6666333    -21.3863
1985.7500333    -14.1416
1985.8333333    -20.2044
1985.9166333    -21.8057
1986.0000333    -18.5612
1986.0833333    -22.2395
1986.1666333    -16.918
1986.2500333    -18.7505
1986.3333333    -17.8905
1986.4166333    -6.1845
1986.5000333    0.829
1986.5833333    -7.6959
1986.6666333    -20.6054
1986.7500333    -8.2075
1986.8333333    -2.0402
1986.9166333    5.2039
1987.0000333    13.3709
1987.0833333    16.4611
1987.1666333    24.5512
1987.2500333    15.2565
1987.3333333    13.5772
1987.4166333    10.6672
1987.5000333    2.68
1987.5833333    -7.6917
1987.6666333    -4.2942
1987.7500333    7.4876
1987.8333333    10.0389
1987.9166333    10.4362
1988.0000333    9.9102
1988.0833333    13.615
1988.1666333    7.9353
1988.2500333    1.9476
1988.3333333    10.4215
1988.4166333    17.6646
1988.5000333    22.3691
1988.5833333    28.7659
1988.6666333    36.0858
1988.7500333    37.79
1988.8333333    43.4175
1988.9166333    51.1218
1989.0000333    54.749
1989.0833333    73.2224
1989.1666333    71.0804
1989.2500333    74.8613
1989.3333333    80.6422
1989.4166333    81.8847
1989.5000333    66.5884
1989.5833333    63.3692
1989.6666333    71.3807
1989.7500333    73.1612
1989.8333333    63.7111
1989.9166333    63.0301
1990.0000333    68.8104
1990.0833333    69.6678
1990.1666333    61.3713
1990.2500333    58.0745
1990.3333333    57.3933
1990.4166333    40.1735
1990.5000333    25.1843
1990.5833333    21.8874
1990.6666333    0.9752
1990.7500333    -24.9373
1990.8333333    -36.0035
1990.9166333    -31.7621
1991.0000333    -29.6747
1991.0833333    -32.5873
1991.1666333    -32.4999
1991.2500333    -36.6434
1991.3333333    -51.0946
1991.4166333    -60.9304
1991.5000333    -47.8434
1991.5833333    -37.5255
1991.6666333    -30.8231
1991.7500333    -17.5055
1991.8333333    -14.6493
1991.9166333    -16.7162
1992.0000333    -17.6296
1992.0833333    -18.4659
1992.1666333    -17.7637
1992.2500333    -28.908
1992.3333333    -37.0522
1992.4166333    -41.1964
1992.5000333    -47.3408
1992.5833333    -42.639
1992.6666333    -49.7834
1992.7500333    -58.1587
1992.8333333    -66.1494
1992.9166333    -60.4478
1993.0000333    -46.3618
1993.0833333    -37.8141
1993.1666333    -32.4204
1993.2500333    -44.4884
1993.3333333    -48.4025
1993.4166333    -54.8551
1993.5000333    -45.154
1993.5833333    -36.6836
1993.6666333    -54.4441
1993.7500333    -51.974
1993.8333333    -50.1961
1993.9166333    -34.8798
1994.0000333    -36.0252
1994.0833333    -45.5552
1994.1666333    -56.7775
1994.2500333    -64.6154
1994.3333333    -59.6071
1994.4166333    -50.368
1994.5000333    -33.8215
1994.5833333    -25.4288
1994.6666333    -22.9591
1994.7500333    -0.182
1994.8333333    3.5952
1994.9166333    8.3724
1995.0000333    7.534
1995.0833333    8.5418
1995.1666333    6.7803
1995.2500333    9.8648
1995.3333333    22.1032
1995.4166333    19.2647
1995.5000333    6.8105
1995.5833333    -13.182
1995.6666333    -33.5592
1995.7500333    -45.1674
1995.8333333    -61.6985
1995.9166333    -66.3066
1996.0000333    -57.6073
1996.0833333    -61.5232
1996.1666333    -65.8238
1996.2500333    -69.5093
1996.3333333    -69.1946
1996.4166333    -83.4185
1996.5000333    -86.2579
1996.5833333    -79.0203
1996.6666333    -63.1674
1996.7500333    -37.3917
1996.8333333    -26.0004
1996.9166333    -24.6092
1997.0000333    -24.8336
1997.0833333    -35.7502
1997.1666333    -30.2054
1997.2500333    -10.353
1997.3333333    -4.3467
1997.4166333    -10.1097
1997.5000333    -5.4883
1997.5833333    2.4409
1997.6666333    16.37
1997.7500333    12.0682
1997.8333333    1.5357
1997.9166333    -1.3815
1998.0000333    9.855
1998.0833333    25.7838
1998.1666333    37.5588
1998.2500333    21.1028
1998.3333333    16.9545
1998.4166333    16.4216
1998.5000333    26.8885
1998.5833333    32.3555
1998.6666333    33.5147
1998.7500333    23.5968
1998.8333333    24.8329
1998.9166333    23.4535
1999.0000333    26.0739
1999.0833333    18.079
1999.1666333    1.9302
1999.2500333    -5.5265
1999.3333333    4.0938
1999.4166333    -12.1321
1999.5000333    -6.7428
1999.5833333    -2.4303
1999.6666333    0.7282
1999.7500333    -3.6519
1999.8333333    -11.4165
1999.9166333    -4.5658
2000.0000333    9.977
2000.0833333    14.9045
2000.1666333    13.2165
2000.2500333    1.3745
2000.3333333    -11.0827
2000.4166333    -11.0785
2000.5000333    -14.3053
2000.5833333    -22.2243
2000.6666333    -33.9126
2000.7500333    -52.678
2000.8333333    -53.751
2000.9166333    -38.2087
2001.0000333    -41.7435
2001.0833333    -48.2782
2001.1666333    -39.0437
2001.2500333    -41.0403
2001.3333333    -10.4982
2001.4166333    6.0438
2001.5000333    10.0471
2001.5833333    30.5889
2001.6666333    53.2846
2001.7500333    54.8262
2001.8333333    61.4448
2001.9166333    66.448
2002.0000333    68.0664
2002.0833333    71.3002
2002.1666333    71.3802
2002.2500333    56.9983
2002.3333333    60.0012
2002.4166333    29.3887
2002.5000333    22.6221
2002.5833333    10.9325
2002.6666333    -18.3725
2002.7500333    -36.7547
2002.8333333    -41.9059
2002.9166333    -37.288
2003.0000333    -29.9781
2003.0833333    -30.7449
2003.1666333    -28.7426
2003.2500333    -23.5097
2003.3333333    -27.7382
2003.4166333    -27.5053
2003.5000333    -12.2726
2003.5833333    -5.5782
2003.6666333    0.1161
2003.7500333    11.3486
2003.8333333    11.5813
2003.9166333    21.2755
2004.0000333    28.1232
2004.0833333    22.5095
2004.1666333    17.9727
2004.2500333    17.9742
2004.3333333    12.5142
2004.4166333    18.8234
2004.5000333    30.8246
2004.5833333    40.5952
2004.6666333    28.5196
2004.7500333    20.5977
2004.8333333    17.6758
2004.9166333    21.2154
2005.0000333    23.6779
2005.0833333    23.1404
2005.1666333    25.6799
2005.2500333    18.373
2005.3333333    10.2969
2005.4166333    11.1439
2005.5000333    -5.5479
2005.5833333    -25.5472
2005.6666333    -48.3927
2005.7500333    -45.3153
2005.8333333    -41.6994
2005.9166333    -35.1605
2006.0000333    -41.0064
2006.0833333    -41.8522
2006.1666333    -45.5442
2006.2500333    -49.0056
2006.3333333    -28.0054
2006.4166333    -21.9284
2006.5000333    -11.3131
2006.5833333    16.0715
2006.6666333    26.61
2006.7500333    39.0712
2006.8333333    47.8403
2006.9166333    56.994
2007.0000333    68.6858
2007.0833333    80.3778
2007.1666333    92.9159
2007.2500333    92.3768
2007.3333333    103.146
2007.4166333    89.3758
2007.5000333    82.452
2007.5833333    68.3744
2007.6666333    73.2198
2007.7500333    69.065
2007.8333333    63.9104
2007.9166333    54.1403
2008.0000333    58.6007
2008.0833333    49.3689
2008.1666333    38.0602
2008.2500333    19.982
2008.3333333    24.1346
2008.4166333    19.7488
2008.5000333    13.7474
2008.5833333    15.3614
2008.6666333    12.5139
2008.7500333    -13.257
2008.8333333    -18.4123
2008.9166333    -6.5677
2009.0000333    2.3535
2009.0833333    -0.1097
2009.1666333    0.504
2009.2500333    15.5789
2009.3333333    3.8079
2009.4166333    -3.194
2009.5000333    -18.1962
2009.5833333    -24.5059
2009.6666333    -24.7387
2009.7500333    -28.5872
2009.8333333    -14.7432
2009.9166333    -4.6685
2010.0000333    -6.9018
2010.0833333    -3.1349
2010.1666333    -1.3681
2010.2500333    -9.9092
2010.3333333    -4.2963
2010.4166333    15.3165
2010.5000333    9.3906
2010.5833333    17.0802
2010.6666333    16.0006
2010.7500333    21.536
2010.8333333    20.3024
2010.9166333    20.0687
2011.0000333    22.7579
2011.0833333    20.5241
2011.1666333    16.3672
2011.2500333    17.0561
2011.3333333    13.0529
2011.4166333    -3.1042
2011.5000333    8.4308
2011.5833333    1.2736
2011.6666333    1.1163
2011.7500333    17.4973
2011.8333333    11.1091
2011.9166333    17.7978
2012.0000333    13.794
2012.0833333    8.8672
2012.1666333    15.0173
2012.2500333    20.8594
2012.3333333    19.2402
2012.4166333    24.8516
2012.5000333    21.0013
2012.5833333    2.9973
2012.6666333    5.6085
2012.7500333    -6.7804
2012.8333333    -14.2462
2012.9166333    -15.8658
2013.0000333    -12.7165
2013.0833333    -12.567
2013.1666333    -11.4176
2013.2500333    -30.73
2013.3333333    -31.5038
2013.4166333    -31.4315
2013.5000333    -24.8979
2013.5833333    -42.9026
2013.6666333    -48.3689
2013.7500333    -42.297
2013.8333333    -32.6096
2013.9166333    -31.4607
2014.0000333    -24.5428
2014.0833333    -31.3941
2014.1666333    -31.4761
2014.2500333    -41.0199
2014.3333333    -34.7944
2014.4166333    -55.7997
2014.5000333    -55.8052
2014.5833333    -57.426
2014.6666333    -42.7391
2014.7500333    -37.5141
2014.8333333    -34.9043
2014.9166333    -26.5253
2015.0000333    -18.9158
2015.0833333    -16.8446
2015.1666333    -15.9273
2015.2500333    -22.318
2015.3333333    -19.247
2015.4166333    -7.9452
2015.5000333    -1.8745
2015.5833333    -1.5729
2015.6666333    -11.5021
2015.7500333    -12.4316
2015.8333333    -13.0532
2015.9166333    -20.6749
2016.0000333    -22.3738
2016.0833333    -23.2264
2016.1666333    -25.0021
2016.2500333    -21.6242
2016.3333333    -22.7846
2016.4166333    -19.022
2016.5000333    -20.1058
2016.5833333    -24.1895
2016.6666333    -31.504
2016.7500333    -19.1265
2016.8333333    -14.5949
2016.9166333    -7.6019
2017.0000333    8.5447
2017.0833333    9.3837
2017.1666333    9.7612
2017.2500333    14.6769
2017.3333333    23.9773
2017.4166333    38.4315
2017.5000333    39.8855
2017.5833333    33.4934
2017.6666333    38.3321
2017.7500333    33.3243
2017.8333333    24.086
2017.9166333    18.9245
2018.0000333    12.1473
2018.0833333    3.3703
2018.1666333    -2.2529
2018.2500333    5.5082
2018.3333333    -8.6536
2018.4166333    -25.3539
2018.5000333    -25.516
2018.5833333    -35.601
2018.6666333    -34.6861
2018.7500333    -29.4638
2018.8333333    -21.472
2018.9166333    -15.2496
2019.0000333    -1.7197
2019.0833333    -4.0359
2019.1666333    -0.1982
2019.2500333    5.4853
2019.3333333    -11.6002
2019.4166333    -9.3012
2019.5000333    1.9206
2019.5833333    1.2195
2019.6666333    16.3645
2019.7500333    16.9708
2019.8333333    23.808
2019.9166333    25.4143
2020.0000333    30.7128
2020.0833333    28.319
2020.1666333    35.9252
2020.2500333    29.1465
2020.3333333    22.8295
2020.4166333    19.5125
2020.5000333    24.349
2020.5833333    17.1857
2020.6666333    4.2531
2020.7500333    2.0125
2020.8333333    -0.6894
2020.9166333    -7.0068
2021.0000333    -8.7091
2021.0833333    -7.1035
2021.1666333    -13.5749
2021.2500333    -20.3542
2021.3333333    -7.2104
2021.4166333    -0.9127
2021.5000333    13.2308
2021.5833333    25.8361
2021.6666333    23.7489
2021.7500333    24.2769
2021.8333333    16.0359
2021.9166333    24.9486
2022.0000333    33.7072
2022.0833333    39.6967
2022.1666333    28.9169
2022.2500333    30.4445
2022.3333333    33.0493
2022.4166333    13.3462
2022.5000333    7.8737
2022.5833333    5.1706
2022.6666333    -3.9172
2022.7500333    -3.6207
2022.8333333    -4.6317
2022.9166333    -2.1812
2023.0000333    -5.7309
2023.0833333    -3.4344
2023.1666333    -5.9841
2023.2500333    12.0813
2023.3333333    20.3777
2023.4166333    21.8278
2023.5000333    39.2008
2023.5833333    56.1124
2023.6666333    51.4085
2023.7500333    52.621
2023.8333333    62.9025
2023.9166333    77.0733
2024.0000333    87.763
2024.0833333    95.0417
2024.1666333    90.5903
