1897.0000333    -0.5354
1897.0833333    -12.5771
1897.1666333    -18.738
1897.2500333    -31.8824
1897.3333333    -39.5601
1897.4166333    -46.0546
1897.5000333    -49.3313
1897.5833333    -40.0247
1897.6666333    -32.7182
1897.7500333    -12.0272
1897.8333333    -2.4132
1897.9166333    4.2777
1898.0000333    -4.0316
1898.0833333    -9.6487
1898.1666663    0.0
1898.2500333    -1.3446
1898.3333333    -2.4234
1898.4166333    3.3438
1898.5000333    9.8801
1898.5833333    21.1856
1898.6666333    34.7217
1898.7500333    39.8731
1898.8333333    41.1783
1898.9166333    31.7142
1899.0000333    25.0192
1899.0833333    14.4011
1899.1666333    -1.6787
1899.2500333    -5.6048
1899.3333333    -12.6078
1899.4166333    -13.3032
1899.5000333    -2.2296
1899.5833333    14.4594
1899.6666333    19.6099
1899.7499663    0.0
1899.8333003    0.0
1899.9166333    0.0
1900.0000333    8.2106
1900.0833333    -1.1779
1900.1666333    -8.3357
1900.2500333    -25.8783
1900.3333663    0.0
1900.4166333    -39.8097
1900.5000333    -39.2756
1900.5833663    0.0
1900.6666333    -19.2076
1900.7500333    -1.9046
1900.8333333    16.3984
1900.9166663    0.0
1901.0000333    30.6963
1901.0833333    26.9991
1901.1666333    8.071
1901.2500333    -6.3189
1901.3333333    -6.5549
1901.4166333    -7.5602
1901.5000333    -10.0273
1901.5833333    -3.9559
1901.6666333    -8.5769
1901.7500333    -11.7365
1901.8333333    -16.4346
1901.9166333    -22.1328
1901.9999663    0.0
1902.0833003    0.0
1902.1666333    0.0
1902.2499663    0.0
1902.3333003    0.0
1902.4166333    0.0
1902.4999663    0.0
1902.5833003    0.0
1902.6666333    0.0
1902.7499663    0.0
1902.8333003    0.0
1902.9166333    0.0
1903.0000333    -34.4489
1903.0833333    -38.4561
1903.1666333    -34.0788
1903.2500333    -27.8555
1903.3333333    -21.3245
1903.4166333    -11.2551
1903.5000333    -6.9551
1903.5833333    5.4218
1903.6666333    -1.5091
1903.7500333    19.0982
1903.8333333    33.2441
1903.9166333    47.3129
1904.0000333    52.1508
1904.0833333    57.1425
1904.1666333    49.3649
1904.2500333    40.1255
1904.3333333    29.2708
1904.4166333    30.5699
1904.5000333    18.7149
1904.5833333    10.6291
1904.6666333    4.9279
1904.7500333    19.3034
1904.8333333    25.9096
1904.9166333    22.5927
1905.0000333    14.7372
1905.0833333    2.8047
1905.1666333    -3.6663
1905.2500333    -9.8299
1905.3333333    -12.9164
1905.4166333    -8.9262
1905.5000333    -12.1669
1905.5833333    -9.1769
1905.6666333    -4.9561
1905.7500333    3.0336
1905.8333333    13.408
1905.9166333    10.8592
1906.0000333    11.8487
1906.0833333    8.3767
1906.1666333    15.9046
1906.2500333    16.5092
1906.3333333    18.5753
1906.4166333    18.949
1906.5000333    14.0918
1906.5833333    9.4654
1906.6666333    2.8389
1906.7500333    -1.3263
1906.8333333    -1.8761
1906.9166333    -9.5799
1906.9999663    0.0
1907.0833003    0.0
1907.1666333    0.0
1907.2499663    0.0
1907.3333003    0.0
1907.4166333    0.0
1907.4999663    0.0
1907.5833003    0.0
1907.6666333    0.0
1907.7499663    0.0
1907.8333003    0.0
1907.9166333    0.0
1908.0000333    -24.9681
1908.0833333    -43.2116
1908.1666333    -57.3782
1908.2500333    -70.9297
1908.3333333    -78.2504
1908.4166333    -75.1096
1908.5000333    -71.969
1908.5833333    -62.4439
1908.6666333    -54.2264
1908.7500333    -37.7785
1908.8333333    -20.8689
1908.9166333    -14.2672
1909.0000333    -18.2041
1909.0833333    -14.4487
1909.1666333    -2.8472
1909.2500333    5.5233
1909.3333333    0.4322
1909.4166333    4.2642
1909.5000333    19.7113
1909.5833333    25.7739
1909.6666333    27.6056
1909.7500333    22.437
1909.8333333    14.1147
1909.9166333    3.1
1909.9999663    0.0
1910.0833003    0.0
1910.1666333    0.0
1910.2499663    0.0
1910.3333003    0.0
1910.4166333    0.0
1910.4999663    0.0
1910.5833003    0.0
1910.6666333    0.0
1910.7499663    0.0
1910.8333003    0.0
1910.9166333    0.0
1910.9999663    0.0
1911.0833003    0.0
1911.1666333    0.0
1911.2499663    0.0
1911.3333003    0.0
1911.4166333    0.0
1911.4999663    0.0
1911.5833003    0.0
1911.6666333    0.0
1911.7499663    0.0
1911.8333003    0.0
1911.9166333    0.0
1911.9999663    0.0
1912.0833003    0.0
1912.1666333    0.0
1912.2499663    0.0
1912.3333003    0.0
1912.4166333    0.0
1912.5000333    -3.4812
1912.5833333    8.1165
1912.6666333    24.8679
1912.7500333    12.3884
1912.8333333    15.0627
1912.9166333    36.3523
1912.9999663    0.0
1913.0833003    0.0
1913.1666333    0.0
1913.2500333    26.8943
1913.3333333    -0.2012
1913.4166333    -26.6044
1913.4999663    0.0
1913.5833003    0.0
1913.6666333    0.0
1913.7499663    0.0
1913.8333003    0.0
1913.9166333    0.0
1913.9999663    0.0
1914.0833003    0.0
1914.1666333    0.0
1914.2500333    -42.6424
1914.3333333    -50.662
1914.4166333    -60.1433
1914.5000333    -70.3171
1914.5833333    -81.7216
1914.6666333    -102.665
1914.7500333    -126.377
1914.8333333    -116.32
1914.9166333    -106.956
1915.0000333    -113.284
1915.0833333    -102.612
1915.1666333    -93.5562
1915.2500333    -75.8847
1915.3333333    -66.6746
1915.4166333    -62.6186
1915.5000333    -59.8704
1915.5833333    -57.3529
1915.6666333    -61.451
1915.7500333    -59.5492
1915.8333333    -47.7244
1915.9166333    -39.6689
1916.0000333    -45.6905
1916.0833333    -45.6351
1916.1666333    -47.2722
1916.2500333    -42.6018
1916.3333333    -31.3929
1916.4166333    -30.261
1916.5000333    -27.8985
1916.5833333    -16.2283
1916.6666333    -1.8659
1916.7500333    10.5731
1916.8333333    22.7046
1916.9166333    36.9128
1917.0000333    36.9671
1917.0833333    48.8674
1917.1666333    50.2293
1917.2500333    47.8217
1917.3333333    52.8756
1917.4166663    0.0
1917.5000333    53.5216
1917.5833333    61.9599
1917.6666333    71.9366
1917.7500333    78.0668
1917.8333333    83.5818
1917.9166333    92.5582
1918.0000333    84.2267
1918.0833333    60.6644
1918.1666333    49.6405
1918.2500333    23.1549
1918.3333333    8.8231
1918.4166333    -2.1241
1918.5000333    -22.3024
1918.5833333    -43.019
1918.6666333    -55.8127
1918.7500333    -64.1451
1918.8333333    -76.0158
1918.9166333    -89.0406
1919.0000333    -104.296
1919.0833333    -107.244
1919.1666333    -116.423
1919.2500333    -123.679
1919.3333333    -123.935
1919.4166333    -124.653
1919.5000333    -110.909
1919.5833333    -104.242
1919.6666333    -90.7291
1919.7500333    -84.2934
1919.8333333    -71.5499
1919.9166333    -61.4988
1920.0000333    -60.6787
1920.0833333    -59.0124
1920.1666333    -61.1154
1920.2500333    -55.9879
1920.3333333    -52.168
1920.4166333    -55.3482
1920.5000333    -52.0672
1920.5833333    -42.4014
1920.6666333    -21.9665
1920.7500333    -16.0703
1920.8333333    1.2874
1920.9166333    1.722
1921.0000333    5.4641
1921.0833333    8.0524
1921.1666333    6.3328
1921.2500333    9.3054
1921.3333333    11.5088
1921.4166333    16.0198
1921.5000333    24.9151
1921.5833333    28.349
1921.6666333    23.4751
1921.7500333    17.9086
1921.8333333    18.2653
1921.9166333    6.468
1922.0000333    1.2859
1922.0833333    -13.127
1922.1666333    -22.5399
1922.2500333    -28.03
1922.3333333    -26.1354
1922.4166333    -26.3948
1922.5000333    -23.7313
1922.5833333    -12.9139
1922.6666333    0.6726
1922.7500333    5.4896
1922.8333333    11.3837
1922.9166333    17.9699
1923.0000333    17.9405
1923.0833333    10.7573
1923.1666333    10.8048
1923.2500333    6.0829
1923.3333333    2.1302
1923.4166333    -7.2072
1923.5000333    -12.7756
1923.5833333    -14.1132
1923.6666333    -21.297
1923.7500333    -22.558
1923.8333333    -16.742
1923.9166333    -15.9262
1924.0000333    -20.1105
1924.0833333    -19.8332
1924.1666333    -16.0176
1924.2500333    -8.1253
1924.3333333    6.844
1924.4166333    15.5055
1924.5000333    28.936
1924.5833333    41.5973
1924.6666333    49.8739
1924.7500333    56.8425
1924.8333333    60.042
1924.9166333    53.6261
1925.0000333    43.5945
1925.0833333    25.7937
1925.1666333    12.9928
1925.2500333    5.2686
1925.3333333    -3.4555
1925.4166333    -8.5644
1925.5000333    -11.6734
1925.5833333    -4.3979
1925.6666663    0.0
1925.7500333    6.8452
1925.8333333    11.4282
1925.9166333    19.088
1925.9999663    0.0
1926.0833003    0.0
1926.1666333    0.0
1926.2499663    0.0
1926.3333003    0.0
1926.4166333    0.0
1926.4999663    0.0
1926.5833003    0.0
1926.6666333    0.0
1926.7499663    0.0
1926.8333003    0.0
1926.9166333    0.0
1927.0000333    21.0413
1927.0833333    18.8537
1927.1666333    17.5891
1927.2500333    25.8627
1927.3333333    31.444
1927.4166333    40.0253
1927.5000333    43.2986
1927.5833333    36.7258
1927.6666333    39.3068
1927.7500333    38.3491
1927.8333333    37.3145
1927.9166333    38.6644
1928.0000333    35.2448
1928.0833333    31.5176
1928.1666333    31.0211
1928.2500333    29.3706
1928.3333333    27.1815
1928.4166333    30.7617
1928.5000333    21.5724
1928.5833333    28.3831
1928.6666333    41.9629
1928.7500333    53.4656
1928.8333333    58.5838
1928.9166333    56.0864
1929.0000333    51.3581
1929.0833333    46.9375
1929.1666333    32.3629
1929.2500333    18.7882
1929.3333333    13.3673
1929.4166333    10.1002
1929.5000333    -5.2441
1929.5833333    -12.1268
1929.6666333    -16.3942
1929.7500333    -20.8926
1929.8333333    -24.314
1929.9166333    -26.4279
1930.0000333    -31.9266
1930.0833333    -39.7329
1930.1666333    -46.3855
1930.2500333    -44.9613
1930.3333333    -42.3833
1930.4166333    -33.4977
1930.5000333    -43.1508
1930.5833333    -49.4192
1930.6666333    -43.6108
1930.7500333    -39.418
1930.8333333    -36.4559
1930.9166333    -37.2632
1931.0000333    -39.3014
1931.0833333    -36.8781
1931.1666333    -34.5318
1931.2500333    -35.4934
1931.3333333    -31.6088
1931.4166333    -16.9551
1931.5000333    -15.3785
1931.5833333    2.9674
1931.6666333    18.0824
1931.7500333    32.7356
1931.8333333    40.8504
1931.9166333    51.5805
1932.0000333    53.4642
1932.0833333    48.348
1932.1666333    34.2316
1932.2500333    18.5766
1932.3333333    12.4601
1932.4166333    7.882
1932.5000333    -0.5426
1932.5833333    1.8791
1932.6666333    5.0699
1932.7500333    23.4143
1932.8333333    26.528
1932.9166333    26.7186
1933.0000333    15.2166
1933.0833333    13.6377
1933.1666333    12.0587
1933.2500333    22.0949
1933.3333333    32.5926
1933.4166333    41.8595
1933.5000333    53.4339
1933.5833333    70.3929
1933.6666333    84.3519
1933.7500333    91.0029
1933.8333333    100.731
1933.9166333    104.305
1934.0000333    98.6479
1934.0833333    100.068
1934.1666333    97.8725
1934.2500333    86.5998
1934.3333333    80.3273
1934.4166333    81.8238
1934.5000333    76.9355
1934.5833333    74.2781
1934.6666333    57.082
1934.7500333    48.5781
1934.8333333    47.7665
1934.9166333    31.801
1935.0000333    26.7583
1935.0833333    24.1772
1935.1666333    17.9037
1935.2500333    7.7838
1935.3333333    10.664
1935.4166333    8.0056
1935.5000333    11.0392
1935.5833333    12.9191
1935.6666333    10.722
1935.7500333    15.5246
1935.8333333    15.4812
1935.9166333    19.8222
1936.0000333    21.6246
1936.0833333    16.427
1936.1666333    8.9985
1936.2500333    0.9544
1936.3333333    2.8335
1936.4166333    3.174
1936.5000333    -1.178
1936.5833333    -3.2993
1936.6666333    -2.036
1936.7500333    5.1502
1936.8333333    14.1825
1936.9166333    18.5994
1937.0000333    4.9391
1937.0833333    -3.9519
1937.1666333    -16.6892
1937.2500333    -22.6574
1937.3333333    -20.318
1937.4166333    -21.9016
1937.5000333    -22.7933
1937.5833333    -19.9156
1937.6666333    -19.4226
1937.7500333    -18.3914
1937.8333333    -17.3602
1937.9166333    -24.5598
1938.0000333    -30.0674
1938.0833333    -25.3441
1938.1666333    -16.2363
1938.2500333    -8.898
1938.3333333    -8.175
1938.4166333    -2.529
1938.5000333    6.1167
1938.5833333    15.224
1938.6666333    30.9466
1938.7500333    41.8998
1938.8333333    57.3915
1938.9166333    69.1907
1939.0000333    76.6051
1939.0833333    82.8658
1939.1666333    74.3571
1939.2500333    64.6943
1939.3333333    63.8777
1939.4166333    61.9841
1939.5000333    63.4749
1939.5833333    53.658
1939.6666333    47.0718
1939.7500333    31.0239
1939.8333333    24.1298
1939.9166333    12.0049
1940.0000333    -9.8895
1940.0833333    -26.0915
1940.1666333    -51.9859
1940.2500333    -54.9575
1940.3333333    -71.0829
1940.4166333    -75.4391
1940.5000333    -76.4879
1940.5833333    -87.9982
1940.6666333    -81.4316
1940.7500333    -71.6346
1940.8333333    -50.1451
1940.9166333    -42.6557
1941.0000333    -37.3205
1941.0833333    -36.2159
1941.1666333    -35.8807
1941.2500333    -37.6995
1941.3333333    -48.4414
1941.4166333    -44.2603
1941.5000333    -54.6179
1941.5833333    -45.9754
1941.6666333    -38.333
1941.7500333    -34.9986
1941.8333333    -32.5872
1941.9166333    -35.6374
1942.0000333    -37.7648
1942.0833663    0.0
1942.1667003    0.0
1942.2500333    0.0
1942.3333663    0.0
1942.4167003    0.0
1942.5000333    0.0
1942.5833663    0.0
1942.6667003    0.0
1942.7500333    0.0
1942.8333333    -34.8887
1942.9166333    -37.017
1942.9999663    0.0
1943.0833333    -35.7354
1943.1666333    -29.6332
1943.2500333    -27.4543
1943.3333333    -20.9676
1943.4166333    -6.7118
1943.5000333    -11.9177
1943.5833333    -15.3544
1943.6666333    -19.7142
1943.7500333    -24.7666
1943.8333333    -29.819
1943.9166333    -29.3329
1944.0000333    -35.7702
1944.0833333    -36.1305
1944.1666333    -39.0294
1944.2500333    -35.39
1944.3333333    -18.5198
1944.4166333    -9.0344
1944.5000333    -6.7799
1944.5833333    8.6285
1944.6666333    22.0368
1944.7500333    35.9063
1944.8333333    42.3144
1944.9166333    60.7224
1945.0000333    57.9763
1945.0833333    65.1534
1945.1666333    65.4842
1945.2500333    68.4301
1945.3333333    70.1454
1945.4166333    66.7836
1945.5000333    66.1138
1945.5833333    65.1365
1945.6666333    61.6975
1945.7500333    60.489
1945.8333333    56.5883
1945.9166333    52.9183
1946.0000333    49.4019
1946.0833333    44.5778
1946.1666333    21.2921
1946.2500333    12.9293
1946.3333333    13.4895
1946.4166333    13.0497
1946.5000333    7.5327
1946.5833333    4.3235
1946.6666333    12.8065
1946.7500333    12.9815
1946.8333333    19.4644
1946.9166333    26.3317
1947.0000333    25.8141
1947.0833333    7.8351
1947.1666333    2.2406
1947.2500333    8.7228
1947.3333333    8.4358
1947.4166333    1.9949
1947.5000333    -0.754
1947.5833333    5.6511
1947.6666333    11.6714
1947.7500333    15.9992
1947.8333333    18.4809
1947.9166333    19.5779
1948.0000333    16.6746
1948.0833333    20.0022
1948.1666333    21.4835
1948.2500333    20.0415
1948.3333333    16.3688
1948.4166333    18.6191
1948.5000333    22.4845
1948.5833333    29.6577
1948.6666333    31.6
1948.7500333    40.8497
1948.8333333    45.5611
1948.9166333    55.8877
1949.0000333    58.2141
1949.0833333    59.079
1949.1666333    48.1746
1949.2500333    43.0392
1949.3333333    49.1346
1949.4166333    57.4607
1949.5000333    63.1712
1949.5833333    70.1125
1949.6666333    76.4383
1949.7500333    90.7638
1949.8333333    92.4741
1949.9166333    90.1842
1949.9999663    0.0
1950.0833333    75.6041
1950.1666333    66.0832
1950.2500333    55.1005
1950.3333333    63.2718
1950.4166333    61.2891
1950.5000333    56.9215
1950.5833333    62.477
1950.6666333    68.7248
1950.7500333    65.1262
1950.8333333    66.9123
1950.9166333    55.1598
1951.0000333    37.1763
1951.0833333    22.1159
1951.1666663    0.0
1951.2500333    15.6101
1951.3333333    4.9341
1951.4166333    -4.7421
1951.5000333    -18.3415
1951.5833333    -19.3255
1951.6666333    -15.3096
1951.7500333    -17.3709
1951.8333333    -7.2013
1951.9166333    8.8912
1952.0000333    5.9066
1952.0833333    0.6144
1952.1666333    -1.2934
1952.2500333    -5.7398
1952.3333333    -8.8016
1952.4166333    -13.325
1952.5000333    -13.6178
1952.5833333    -13.4491
1952.6666333    -10.4343
1952.7500333    -8.1121
1952.8333333    4.8256
1952.9166333    5.5325
1953.0000333    3.9313
1953.0833333    -6.4389
1953.1666333    -13.2708
1953.2500333    -18.3338
1953.3333333    -20.089
1953.4166333    -21.075
1953.5000333    -15.5997
1953.5833333    -8.509
1953.6666663    0.0
1953.7500333    1.1335
1953.8333333    12.2239
1953.9166333    16.0065
1954.0000333    8.5582
1954.0833333    -6.5055
1954.1666333    -25.4924
1954.2500333    -27.5564
1954.3333333    -21.6973
1954.4166333    -14.146
1954.5000333    -3.7488
1954.5833333    10.3408
1954.6666333    17.1995
1954.7500333    30.9811
1954.8333333    45.8396
1954.9166333    46.2366
1955.0000333    50.3255
1955.0833333    62.5684
1955.1666333    69.5035
1955.2500333    79.3614
1955.3333333    88.3733
1955.4166333    95.3081
1955.5000333    101.704
1955.5833333    101.177
1955.6666333    96.7272
1955.7500333    100.585
1955.8333333    100.134
1955.9166333    99.2994
1956.0000333    103.772
1956.0833333    94.3983
1956.1666333    69.9477
1956.2500333    61.6506
1956.3333333    58.6614
1956.4166333    51.9028
1956.5000333    45.6824
1956.5833333    40.539
1956.6666333    40.8571
1956.7500333    38.2518
1956.8333333    42.2619
1956.9166333    48.5028
1957.0000333    39.2819
1957.0833333    31.8302
1957.1666333    22.1477
1957.2500333    15.6188
1957.3333333    4.9361
1957.4166333    -2.0543
1957.5000333    -8.8143
1957.5833333    -11.4972
1957.6666333    -16.2572
1957.7499663    0.0
1957.8333333    -12.4699
1957.9166333    -7.8456
1958.0000333    -4.1445
1958.0833333    -20.828
1958.1666333    -35.5886
1958.2500333    -47.5801
1958.3333333    -36.7255
1958.4166333    -23.3324
1958.5000333    -11.4781
1958.5833333    -11.2391
1958.6666333    7.9998
1958.7500333    21.0846
1958.8333333    35.3234
1958.9166333    38.1774
1958.9999663    0.0
1959.0833333    35.0388
1959.1666333    13.2003
1959.2500333    8.4384
1959.3333333    11.8304
1959.4166333    7.0685
1959.5000333    -6.9245
1959.5833333    -12.3789
1959.6666333    -13.9103
1959.7500333    -3.1343
1959.8333333    -2.512
1959.9166333    -7.3514
1960.0000333    -7.6526
1960.0833333    -17.7999
1960.1666333    -24.4088
1960.2500333    -23.5564
1960.3333333    -31.4732
1960.4166333    -35.6978
1960.5000333    -29.3841
1960.5833333    -15.455
1960.6666333    -12.2952
1960.7500333    -11.2127
1960.8333333    -9.13
1960.9166333    -11.9705
1961.0000333    -17.2728
1961.0833333    -27.0365
1961.1666333    -30.8773
1961.2500333    -37.8722
1961.3333333    -42.0209
1961.4166333    -38.7081
1961.5000333    -25.7032
1961.5833333    -21.1599
1961.6666333    -25.155
1961.7500333    -21.3813
1961.8333333    -4.5305
1961.9166333    5.3972
1962.0000333    10.0168
1962.0833333    16.6366
1962.1666333    16.4101
1962.2500333    20.5679
1962.3333333    30.9566
1962.4166333    44.2683
1962.5000333    55.1951
1962.5833333    59.122
1962.6666333    67.7411
1962.7500333    76.9753
1962.8333333    93.2096
1962.9166333    97.5207
1963.0000333    97.8316
1963.0833333    95.7579
1963.1666333    85.6842
1963.2500333    82.1486
1963.3333333    79.767
1963.4166333    80.3083
1963.5000333    69.1571
1963.5833333    62.5444
1963.6666333    53.0855
1963.7500333    49.3955
1963.8333333    50.0902
1963.9166333    55.5541
1964.0000333    54.4792
1964.0833333    48.0968
1964.1666333    39.6373
1964.2500333    42.8698
1964.3333333    45.0255
1964.4166333    46.0273
1964.5000333    44.1057
1964.5833333    48.7227
1964.6666333    52.1088
1964.7500333    66.4947
1964.8333333    51.8806
1964.9166333    42.2664
1965.0000333    12.7289
1965.0833333    -3.0393
1965.1666333    -22.0383
1965.2499663    0.0
1965.3333003    0.0
1965.4166333    -24.8824
1965.4999663    0.0
1965.5833003    0.0
1965.6666333    -19.958
1965.7500333    -12.6502
1965.8333333    -1.0346
1965.9166333    7.2732
1966.0000333    16.0423
1966.0833333    15.5037
1966.1666333    -2.8041
1966.2500333    -0.1123
1966.3333333    -4.5742
1966.4166333    -2.8823
1966.5000333    -1.2676
1966.5833333    16.0395
1966.6666333    29.808
1966.7500333    30.1147
1966.8333333    25.1907
1966.9166333    10.1897
1966.9999663    0.0
1967.0833003    0.0
1967.1666333    0.0
1967.2500333    -1.354
1967.3333333    -13.6632
1967.4166333    -14.434
1967.5000333    -11.7435
1967.5833333    -11.3606
1967.6666333    -6.9778
1967.7500333    -0.9799
1967.8333333    -1.2896
1967.9166333    6.2468
1968.0000333    6.2444
1968.0833333    2.4729
1968.1666333    0.0859
1968.2500333    2.8524
1968.3333333    -1.3809
1968.4166333    1.0011
1968.5000333    -4.5403
1968.5833333    -11.4663
1968.6666333    -9.0076
1968.7500333    -5.7801
1968.8333333    -7.7832
1968.9166333    -1.248
1969.0000333    -16.4053
1969.0833333    -34.0241
1969.1666333    -50.1045
1969.2500333    -58.1083
1969.3333333    -64.1119
1969.4166333    -66.808
1969.5000333    -68.3505
1969.5833333    -57.0468
1969.6666333    -48.7431
1969.7500333    -44.3628
1969.8333333    -34.9824
1969.9166333    -24.4483
1970.0000333    -30.9144
1970.0833333    -35.9958
1970.1666333    -31.3081
1970.2500333    -18.6207
1970.3333333    -12.7793
1970.4166333    -4.5534
1970.5000333    11.5953
1970.5833333    23.1287
1970.6666333    20.8158
1970.7500333    26.9642
1970.8333333    36.3435
1970.9166333    33.7227
1971.0000333    26.9478
1971.0833333    18.9422
1971.1666333    24.9365
1971.2500333    24.6997
1971.3333333    23.0784
1971.4166333    20.6109
1971.5000333    19.6816
1971.5833333    17.5985
1971.6666333    9.5922
1971.7500333    11.5857
1971.8333333    14.1177
1971.9166333    6.1112
1972.0000333    -2.511
1972.0833333    -11.1331
1972.1666333    -17.2169
1972.2500333    -32.7624
1972.3333333    -44.6156
1972.4166333    -48.6996
1972.5000333    -47.0916
1972.5833333    -57.6373
1972.6666333    -64.4908
1972.7500333    -54.1908
1972.8333333    -41.9676
1972.9166333    -40.9752
1973.0000333    -31.2139
1973.0833333    -27.2217
1973.1666333    -23.3835
1973.2500333    -19.2379
1973.3333333    -10.5537
1973.4166333    0.1304
1973.5000333    10.8912
1973.5833333    18.3443
1973.6666333    34.0282
1973.7500333    47.6348
1973.8333333    61.0877
1973.9166333    59.002
1974.0000333    62.3007
1974.0833333    57.9071
1974.1666333    56.0519
1974.2500333    55.1965
1974.3333333    57.6488
1974.4166333    61.3318
1974.5000333    55.553
1974.5833333    50.8512
1974.6666333    55.3801
1974.7500333    64.2163
1974.8333333    72.745
1974.9166333    71.0429
1975.0000333    68.8019
1975.0833333    65.3304
1975.1666333    61.7048
1975.2500333    64.5406
1975.3333333    64.3764
1975.4166333    70.9814
1975.5000333    74.5861
1975.5833333    87.3447
1975.6666333    93.334
1975.7500333    95.8615
1975.8333333    94.3121
1975.9166333    81.0704
1976.0000333    65.1361
1976.0833333    55.048
1976.1666333    40.6521
1976.2500333    28.7945
1976.3333333    15.3984
1976.4166333    8.6946
1976.5000333    -2.0865
1976.5833333    -9.252
1976.6666333    -19.4177
1976.7500333    -23.7374
1976.8333333    -27.9033
1976.9166333    -29.6077
1977.0000333    -33.0816
1977.0833333    -38.1707
1977.1666333    -50.26
1977.2500333    -52.3496
1977.3333333    -55.8237
1977.4166333    -52.4517
1977.5000333    -49.8492
1977.5833333    -50.4774
1977.6666333    -44.4134
1977.7500333    -32.8112
1977.8333333    -19.9012
1977.9166333    -14.9144
1978.0000333    -14.2356
1978.0833333    -12.9413
1978.1666333    -10.8778
1978.2500333    -8.7377
1978.3333333    -4.059
1978.4166333    5.3888
1978.5000333    -0.856
1978.5833333    -6.4084
1978.6666333    2.3468
1978.7500333    3.2556
1978.8333333    1.8568
1978.9166333    -4.5422
1979.0000333    -14.4029
1979.0833333    -27.2635
1979.1666333    -37.5858
1979.2500333    -46.293
1979.3333333    -39.3077
1979.4166333    -43.0149
1979.5000333    -43.4146
1979.5833333    -42.3527
1979.6666333    -35.9832
1979.7500333    -30.7679
1979.8333333    -27.5524
1979.9166333    -29.1832
1980.0000333    -34.8143
1980.0833333    -37.2145
1980.1666333    -41.0763
1980.2500333    -46.2461
1980.3333333    -45.3389
1980.4166333    -50.278
1980.5000333    -51.9865
1980.5833333    -64.1565
1980.6666333    -57.6343
1980.7500333    -51.8046
1980.8333333    -52.4364
1980.9166333    -51.6068
1981.0000333    -45.239
1981.0833333    -43.3326
1981.1666333    -41.1186
1981.2500333    -37.3665
1981.3333333    -25.7681
1981.4166333    -23.1697
1981.5000333    -24.6486
1981.5833333    -23.3582
1981.6666333    -13.3755
1981.7500333    -12.547
1981.8333333    -14.6415
1981.9166333    -14.1206
1982.0000333    -21.2154
1982.0833333    -37.0025
1982.1666333    -48.6358
1982.2500333    -60.0386
1982.3333333    -64.749
1982.4166333    -71.0748
1982.5000333    -77.401
1982.5833333    -74.4963
1982.6666333    -75.207
1982.7500333    -64.6873
1982.8333333    -56.7829
1982.9166333    -42.34
1983.0000333    -43.436
1983.0833333    -35.9934
1983.1666333    -30.2431
1983.2500333    -29.5701
1983.3333333    -26.5893
1983.4166333    -21.9932
1983.5000333    -18.6282
1983.5833333    -9.4938
1983.6666333    -5.7441
1983.7500333    13.3899
1983.8333333    27.1394
1983.9166333    35.658
1984.0000333    24.7148
1984.0833333    20.0794
1984.1666333    9.8285
1984.2500333    9.0389
1984.3333333    12.2493
1984.4166333    13.3828
1984.5000333    5.6698
1984.5833333    18.88
1984.6666333    21.4747
1984.7500333    32.3768
1984.8333333    27.6637
1984.9166333    18.9504
1985.0000333    9.0061
1985.0833333    4.2927
1985.1666333    -2.3439
1985.2500333    -10.5193
1985.3333333    -15.8484
1985.4166333    -18.9468
1985.5000333    -15.4301
1985.5833333    -5.4518
1985.6666333    -12.1659
1985.7500333    -14.188
1985.8333333    -18.3638
1985.9166333    -18.6935
1986.0000333    -29.0236
1986.0833333    -37.4304
1986.1666333    -46.2989
1986.2500333    -51.7061
1986.3333333    -51.421
1986.4166333    -61.2897
1986.5000333    -65.5434
1986.5833333    -78.2585
1986.6666333    -79.9737
1986.7500333    -81.9969
1986.8333333    -84.8661
1986.9166333    -83.5046
1987.0000333    -87.1435
1987.0833333    -93.7822
1987.1666333    -100.113
1987.2500333    -105.368
1987.3333333    -106.853
1987.4166333    -106.261
1987.5000333    -102.978
1987.5833333    -93.6169
1987.6666333    -77.2563
1987.7500333    -69.5883
1987.8333333    -57.2278
1987.9166333    -38.4829
1988.0000333    -39.8151
1988.0833333    -37.2242
1988.1666333    -24.2488
1988.2500333    -10.889
1988.3333333    -0.8368
1988.4166333    9.5999
1988.5000333    20.8056
1988.5833333    39.3959
1988.6666333    46.9093
1988.7500333    59.807
1988.8333333    68.7817
1988.9166333    64.6025
1989.0000333    56.9614
1989.0833333    51.5512
1989.1666333    43.6794
1989.2500333    31.2689
1989.3333333    23.7046
1989.4166333    18.5248
1989.5000333    13.6524
1989.5833333    13.4724
1989.6666333    6.2155
1989.7500333    2.2659
1989.8333333    -7.9913
1989.9166333    -19.7101
1990.0000333    -27.1215
1990.0833333    -40.2251
1990.1666333    -47.5595
1990.2500333    -55.4327
1990.3333333    -61.4597
1990.4166333    -65.4867
1990.5000333    -67.6679
1990.5833333    -74.5413
1990.6666333    -78.4148
1990.7500333    -70.9039
1990.8333333    -65.7006
1990.9166333    -56.8052
1991.0000333    -49.6023
1991.0833333    -54.0916
1991.1666333    -55.7349
1991.2500333    -59.6092
1991.3333333    -61.0219
1991.4166333    -60.8962
1991.5000333    -63.4631
1991.5833333    -59.876
1991.6666333    -52.1352
1991.7500333    -48.3178
1991.8333333    -51.8849
1991.9166333    -46.1443
1992.0000333    -55.7118
1992.0833333    -64.1253
1992.1666333    -71.385
1992.2500333    -74.722
1992.3333333    -71.4435
1992.4166333    -70.9343
1992.5000333    -71.2715
1992.5833333    -77.1471
1992.6666333    -79.6382
1992.7500333    -80.0527
1992.8333333    -82.8516
1992.9166333    -84.4199
1993.0000333    -96.9884
1993.0833333    -106.095
1993.1666333    -113.279
1993.2500333    -117.079
1993.3333333    -116.955
1993.4166333    -122.139
1993.5000333    -120.709
1993.5833333    -118.816
1993.6666333    -102.078
1993.7500333    -90.5701
1993.8333333    -80.3701
1993.9166333    -75.401
1994.0000333    -77.7399
1994.0833333    -81.6172
1994.1666333    -87.9561
1994.2500333    -95.603
1994.3333333    -92.019
1994.4166333    -89.5889
1994.5000333    -88.7745
1994.5833333    -87.2677
1994.6666333    -82.2995
1994.7500333    -79.7931
1994.8333333    -77.0558
1994.9166333    -75.2416
1995.0000333    -71.3509
1995.0833333    -70.46
1995.1666333    -69.4923
1995.2500333    -58.8326
1995.3333333    -44.7113
1995.4166333    -33.4362
1995.5000333    -27.0075
1995.5833333    -8.9634
1995.6666333    -2.3808
1995.7500333    6.7399
1995.8333333    12.9376
1995.9166333    27.1352
1996.0000333    38.0249
1996.0833333    34.9146
1996.1666333    41.112
1996.2500333    43.4629
1996.3333333    47.66
1996.4166333    44.934
1996.5000333    48.2847
1996.5833333    52.3277
1996.6666333    36.9861
1996.7500333    41.6441
1996.8333333    41.2253
1996.9166333    38.4988
1997.0000333    18.1565
1997.0833333    -5.9548
1997.1666333    -19.7586
1997.2500333    -42.4857
1997.3333333    -54.905
1997.4166333    -69.786
1997.5000333    -86.2057
1997.5833333    -106.472
1997.6666333    -111.891
1997.7500333    -100.85
1997.8333333    -92.0387
1997.9166333    -84.4587
1998.0000333    -85.6482
1998.0833333    -80.6837
1998.1666333    -73.3347
1998.2500333    -68.3707
1998.3333333    -55.6373
1998.4166333    -46.5962
1998.5000333    -35.3248
1998.5833333    -13.6685
1998.6666333    12.8337
1998.7500333    37.028
1998.8333333    57.9147
1998.9166333    63.3398
1999.0000333    63.8415
1999.0833333    65.1895
1999.1666333    63.6143
1999.2500333    64.2695
1999.3333333    71.2326
1999.4166333    82.7341
1999.5000333    97.6198
1999.5833333    107.044
1999.6666333    113.314
1999.7500333    122.815
1999.8333333    118.009
1999.9166333    109.817
2000.0000333    105.549
2000.0833333    97.0493
2000.1666333    90.7038
2000.2500333    85.4349
2000.3333333    84.8584
2000.4166333    72.2049
2000.5000333    65.2434
2000.5833333    56.1281
2000.6666333    50.3205
2000.7500333    49.2818
2000.8333333    44.0894
2000.9166333    39.0507
2001.0000333    29.3963
2001.0833333    12.5113
2001.1666333    5.3954
2001.2500333    -4.49
2001.3333333    -8.1445
2001.4166333    -15.5684
2001.5000333    -12.531
2001.5833333    -22.6473
2001.6666333    -24.7637
2001.7500333    -26.419
2001.8333333    -26.2279
2001.9166333    -33.883
2002.0000333    -38.7693
2002.0833333    -48.6554
2002.1666333    -56.8493
2002.2500333    -65.3512
2002.3333333    -71.7761
2002.4166333    -74.5087
2002.5000333    -76.5494
2002.5833333    -72.0515
2002.6666333    -63.6305
2002.7500333    -59.3638
2002.8333333    -47.3277
2002.9166333    -46.7532
2003.0000333    -53.6405
2003.0833333    -62.0662
2003.1666333    -61.1074
2003.2500333    -62.3796
2003.3333333    -61.1902
2003.4166333    -54.4624
2003.5000333    -52.3504
2003.5833333    -45.9305
2003.6666333    -50.4337
2003.7500333    -46.5527
2003.8333333    -41.6715
2003.9166333    -44.0212
2004.0000333    -48.7558
2004.0833333    -54.7211
2004.1666333    -61.9941
2004.2500333    -68.3444
2004.3333333    -59.0792
2004.4166333    -55.2756
2004.5000333    -60.2416
2004.5833333    -60.1304
2004.6666333    -55.404
2004.7500333    -48.5241
2004.8333333    -40.1056
2004.9166333    -36.3025
2005.0000333    -43.0383
2005.0833333    -47.0816
2005.1666333    -41.048
2005.2500333    -37.0917
2005.3333333    -37.0584
2005.4166333    -37.8713
2005.5000333    -41.6845
2005.5833333    -31.2668
2005.6666333    -20.1569
2005.7500333    -18.4319
2005.8333333    -12.3222
2005.9166333    -16.751
2006.0000333    -29.8725
2006.0833333    -29.5323
2006.1666333    -36.1922
2006.2500333    -46.6216
2006.3333333    -46.1278
2006.4166333    -45.9418
2006.5000333    -50.6023
2006.5833333    -47.3396
2006.6666333    -44.6154
2006.7500333    -43.1992
2006.8333333    -45.9367
2006.9166333    -42.5205
2007.0000333    -40.6431
2007.0833333    -36.1502
2007.1666333    -41.3496
2007.2500333    -41.5494
2007.3333333    -34.0567
2007.4166333    -29.718
2007.5000333    -22.1488
2007.5833333    -5.9641
2007.6666333    12.5282
2007.7500333    29.7894
2007.8333333    37.5893
2007.9166333    49.6198
2008.0000333    51.8038
2008.0833333    44.0648
2008.1666333    42.2489
2008.2500333    42.2019
2008.3333333    48.078
2008.4166333    50.4157
2008.5000333    53.0607
2008.5833333    58.7058
2008.6666333    56.8893
2008.7500333    48.3033
2008.8333333    46.3327
2008.9166333    47.516
2009.0000333    34.3142
2009.0833333    26.3434
2009.1666333    23.2956
2009.2500333    13.0167
2009.3333333    9.5841
2009.4166333    1.4591
2009.5000333    -6.0509
2009.5833333    -15.7915
2009.6666333    -24.2245
2009.7500333    -26.8885
2009.8333333    -23.2448
2009.9166333    -31.9857
2010.0000333    -40.8809
2010.0833333    -37.622
2010.1666333    -44.2863
2010.2500333    -45.1817
2010.3333333    -31.3078
2010.4166333    -18.5108
2010.5000333    5.4396
2010.5833333    33.8518
2010.6666333    52.7254
2010.7500333    76.9063
2010.8333333    92.4721
2010.9166333    98.8069
2011.0000333    102.526
2011.0833333    103.015
2011.1666333    101.349
2011.2500333    105.683
2011.3333333    113.249
2011.4166333    114.968
2011.5000333    121.532
2011.5833333    119.943
2011.6666333    115.2
2011.7500333    121.073
2011.8333333    117.406
2011.9166333    117.202
2012.0000333    107.535
2012.0833333    99.2533
2012.1666333    93.5868
2012.2500333    88.7661
2012.3333333    87.0224
2012.4166333    83.971
2012.5000333    81.2269
2012.5833333    74.8676
2012.6666333    66.2006
2012.7500333    64.4562
2012.8333333    66.6351
2012.9166333    66.1216
2013.0000333    60.7616
2013.0833333    63.2479
2013.1666333    70.3495
2013.2500333    70.6046
2013.3333333    77.3983
2013.4166333    77.115
2013.5000333    73.216
2013.5833333    67.1633
2013.6666333    60.572
2013.7500333    62.3651
2013.8333333    60.5428
2013.9166333    52.1051
2014.0000333    43.4363
2014.0833333    36.46
2014.1666333    31.1759
2014.2500333    20.276
2014.3333333    16.0686
2014.4166333    5.3996
2014.5000333    2.961
2014.5833333    5.9072
2014.6666333    10.8533
2014.7500333    20.4144
2014.8333333    20.4373
2014.9166333    13.2292
2015.0000333    5.0208
2015.0833333    -6.2643
2015.1666333    -21.8572
2015.2500333    -29.2197
2015.3333333    -31.659
2015.4166333    -40.6368
2015.5000333    -36.7688
2015.5833333    -39.0545
2015.6666333    -44.3403
2015.7500333    -46.3187
2015.8333333    -52.0662
2015.9166333    -52.1985
2016.0000333    -52.2541
2016.0833333    -53.6173
2016.1666333    -54.519
2016.2500333    -45.498
2016.3333333    -46.5538
2016.4166333    -44.9942
2016.5000333    -39.7427
2016.5833333    -35.1834
2016.6666333    -26.4703
2016.7500333    -20.6037
2016.8333333    -13.1215
2016.9166333    -6.8702
2017.0000333    -2.7731
2017.0833333    -4.3682
2017.1666333    -5.271
2017.2500333    -5.2511
2017.3333333    -2.2311
2017.4166333    5.1735
2017.5000333    9.8085
2017.5833333    15.4437
2017.6666333    16.0788
2017.7500333    16.5596
2017.8333333    23.5791
2017.9166333    27.4447
2018.0000333    27.0022
2018.0833333    19.1753
2018.1666333    5.8098
2018.2500333    1.3671
2018.3333333    -4.0755
2018.4166333    -17.3643
2018.5000333    -24.8843
2018.5833333    -31.9426
2018.6666333    -28.847
2018.7500333    -29.3673
2018.8333333    -33.0412
2018.9166333    -30.0998
2019.0000333    -43.2357
2019.0833333    -55.6022
2019.1666333    -64.0457
2019.2500333    -62.105
2019.3333333    -67.0102
2019.4166333    -59.0694
2019.5000333    -56.5904
2019.5833333    -50.1113
2019.6666333    -41.1708
2019.7500333    -37.5383
2019.8333333    -27.9056
2019.9166333    -16.4269
2020.0000333    -21.41
2020.0833333    -18.4699
2020.1666333    -14.6838
2020.2500333    -13.5134
2020.3333333    -4.112
2020.4166333    13.6738
2020.5000333    18.844
2020.5833333    41.8604
2020.6666333    54.7999
2020.7500333    65.5082
2020.8333333    70.6013
2020.9166663    0.0
2021.0000333    80.8639
2021.0833333    73.1106
2021.1666333    68.6648
2021.2500333    67.8341
2021.3333333    69.3882
2021.4166333    79.7114
2021.5000333    81.2651
2021.5833333    80.8958
2021.6666333    88.7572
2021.7500333    86.6183
2021.8333333    90.8641
2021.9166333    93.8022
2022.0000333    99.8937
2022.0833333    89.2931
2022.1666333    89.154
2022.2500333    87.9376
2022.3333333    89.6444
2022.4166333    89.5819
2022.5000333    92.8652
2022.5833333    99.9669
2022.6666333    101.532
2022.7500333    99.8262
2022.8333333    95.4983
2022.9166333    81.5671
