1897.000033	9.323907
1897.083333	-26.835607
1897.166633	-29.044105
1897.250033	-24.366471
1897.333333	-26.574469
1897.416633	-27.423134
1897.500033	-33.987088
1897.583333	-38.758474
1897.666633	-33.529282
1897.750033	-31.530625
1897.833333	-23.108627
1897.916633	-7.897781
1898.000033	19.910783
1898.083333	38.615752
1898.166633	0.000000
1898.250033	42.066937
1898.333333	54.184103
1898.416633	56.668515
1898.500033	52.882338
1898.583333	43.999841
1898.666633	45.784588
1898.750033	50.005468
1898.833333	41.427466
1898.916633	41.416090
1899.000033	53.167797
1899.083333	74.459437
1899.166633	68.824539
1899.250033	39.039048
1899.333333	0.608827
1899.416633	-11.684281
1899.500033	-22.803791
1899.583333	-37.342010
1899.666633	-54.712226
1899.750033	0.000000
1899.833333	0.000000
1899.916633	0.000000
1900.000033	-27.761280
1900.083333	-26.024870
1900.166633	-28.028200
1900.250033	-23.619018
1900.333333	0.000000
1900.416633	56.329182
1900.500033	56.329182
1900.583333	0.000000
1900.666633	47.573764
1900.750033	50.981319
1900.833333	50.375927
1900.916633	0.000000
1901.000033	-42.308520
1901.083333	-30.766555
1901.166633	-8.214387
1901.250033	12.889012
1901.333333	27.792124
1901.416633	35.054571
1901.500033	32.712839
1901.583333	25.385897
1901.666633	18.503978
1901.750033	22.502635
1901.833333	34.253663
1901.916633	42.968069
1902.000033	0.000000
1902.083333	0.000000
1902.166633	0.000000
1902.250033	0.000000
1902.333333	0.000000
1902.416633	0.000000
1902.500033	0.000000
1902.583333	0.000000
1902.666633	0.000000
1902.750033	0.000000
1902.833333	0.000000
1902.916633	0.000000
1903.000033	-37.986335
1903.083333	-53.305480
1903.166633	-87.031090
1903.250033	-96.149914
1903.333333	-92.135690
1903.416633	-59.984354
1903.500033	-15.326087
1903.583333	43.013639
1903.666633	88.465053
1903.750033	112.352599
1903.833333	116.996819
1903.916633	120.429887
1904.000033	90.626039
1904.083333	55.251012
1904.166633	7.616114
1904.250033	15.275068
1904.333333	28.067069
1904.416633	55.996183
1904.500033	54.210006
1904.583333	53.549731
1904.666633	34.778923
1904.750033	32.110914
1904.833333	22.421801
1904.916633	26.743758
1905.000033	10.828799
1905.083333	1.231550
1905.166633	1.263318
1905.250033	10.033383
1905.333333	22.047607
1905.416633	8.976720
1905.500033	7.079432
1905.583333	-3.803065
1905.666633	3.870572
1905.750033	-2.575215
1905.833333	6.846782
1905.916633	11.613184
1906.000033	19.809336
1906.083333	17.656531
1906.166633	21.688300
1906.250033	32.680587
1906.333333	44.028144
1906.416633	45.735035
1906.500033	50.726636
1906.583333	62.621917
1906.666633	71.406664
1906.750033	58.183100
1906.833333	27.156349
1906.916633	8.148533
1907.000033	0.000000
1907.083333	0.000000
1907.166633	0.000000
1907.250033	0.000000
1907.333333	0.000000
1907.416633	0.000000
1907.500033	0.000000
1907.583333	0.000000
1907.666633	0.000000
1907.750033	0.000000
1907.833333	0.000000
1907.916633	0.000000
1908.000033	-61.972537
1908.083333	-72.625016
1908.166633	-85.906181
1908.250033	-82.691671
1908.333333	-70.233004
1908.416633	-71.081668
1908.500033	-85.312289
1908.583333	-94.305897
1908.666633	-77.187817
1908.750033	-44.522492
1908.833333	-12.878272
1908.916633	10.221463
1909.000033	24.417614
1909.083333	31.375921
1909.166633	32.852134
1909.250033	35.288866
1909.333333	29.191978
1909.416633	20.454425
1909.500033	12.001582
1909.583333	23.563529
1909.666633	24.459387
1909.750033	17.346934
1909.833333	-9.568705
1909.916633	-18.909855
1910.000033	0.000000
1910.083333	0.000000
1910.166633	0.000000
1910.250033	0.000000
1910.333333	0.000000
1910.416633	0.000000
1910.500033	0.000000
1910.583333	0.000000
1910.666633	0.000000
1910.750033	0.000000
1910.833333	0.000000
1910.916633	0.000000
1911.000033	0.000000
1911.083333	0.000000
1911.166633	0.000000
1911.250033	0.000000
1911.333333	0.000000
1911.416633	0.000000
1911.500033	0.000000
1911.583333	0.000000
1911.666633	0.000000
1911.750033	0.000000
1911.833333	0.000000
1911.916633	0.000000
1912.000033	0.000000
1912.083333	0.000000
1912.166633	0.000000
1912.250033	0.000000
1912.333333	0.000000
1912.416633	0.000000
1912.500033	50.412803
1912.583333	49.478394
1912.666633	52.178777
1912.750033	52.844101
1912.833333	59.984018
1912.916633	62.948424
1913.000033	0.000000
1913.083333	0.000000
1913.166633	0.000000
1913.250033	67.024997
1913.333333	73.824483
1913.416633	82.261479
1913.500033	0.000000
1913.583333	0.000000
1913.666633	0.000000
1913.750033	0.000000
1913.833333	0.000000
1913.916633	0.000000
1914.000033	0.000000
1914.083333	0.000000
1914.166633	0.000000
1914.250033	-142.438910
1914.333333	-138.849522
1914.416633	-139.642888
1914.500033	-179.429065
1914.583333	-199.422673
1914.666633	-190.637926
1914.750033	-139.083713
1914.833333	-99.217271
1914.916633	-66.561980
1915.000033	-55.143606
1915.083333	-55.629744
1915.166633	-81.709087
1915.250033	-95.050133
1915.333333	-93.813687
1915.416633	-65.773462
1915.500033	-52.448528
1915.583333	-37.331025
1915.666633	-27.546278
1915.750033	-11.436509
1915.833333	-10.792289
1915.916633	-23.025887
1916.000033	-42.829735
1916.083333	-65.649207
1916.166633	-79.284105
1916.250033	-81.736262
1916.333333	-63.722038
1916.416633	-43.792925
1916.500033	-24.579102
1916.583333	-7.017154
1916.666633	23.323149
1916.750033	50.655139
1916.833333	63.521582
1916.916633	51.843539
1917.000033	46.595246
1917.083333	49.553553
1917.166633	47.474210
1917.250033	25.416826
1917.333333	6.511141
1917.416633	0.000000
1917.500033	152.676600
1917.583333	149.881081
1917.666633	144.192575
1917.750033	109.413454
1917.833333	87.391008
1917.916633	85.935187
1918.000033	97.575784
1918.083333	95.422979
1918.166633	75.676970
1918.250033	61.002590
1918.333333	38.016814
1918.416633	10.279261
1918.500033	-26.395805
1918.583333	-40.944968
1918.666633	-48.493555
1918.750033	-65.050453
1918.833333	-97.295122
1918.916633	-132.973164
1919.000033	-146.665901
1919.083333	-141.374261
1919.166633	-129.898049
1919.250033	-126.239094
1919.333333	-126.669315
1919.416633	-117.517980
1919.500033	-103.193045
1919.583333	-90.075542
1919.666633	-85.957462
1919.750033	-83.847693
1919.833333	-73.981251
1919.916633	-67.325960
1920.000033	-51.574253
1920.083333	-56.838169
1920.166633	-46.361956
1920.250033	-47.814113
1920.333333	-36.688778
1920.416633	-36.648553
1920.500033	-35.545841
1920.583333	-28.761672
1920.666633	-26.199147
1920.750033	-32.311600
1920.833333	-51.334047
1920.916633	-50.900979
1921.000033	-13.815938
1921.083333	36.697924
1921.166633	66.840804
1921.250033	57.166425
1921.333333	46.625093
1921.416633	33.998651
1921.500033	40.101363
1921.583333	35.441088
1921.666633	35.114724
1921.750033	27.002270
1921.833333	17.868713
1921.916633	4.524003
1922.000033	-7.724289
1922.083333	-14.877094
1922.166633	-16.845325
1922.250033	-28.186371
1922.333333	-39.949926
1922.416633	-51.687479
1922.500033	-48.029211
1922.583333	-40.467264
1922.666633	-20.904739
1922.750033	-2.906081
1922.833333	17.515917
1922.916633	32.615652
1923.000033	54.478470
1923.083333	66.658999
1923.166633	61.912990
1923.250033	39.683055
1923.333333	15.919500
1923.416633	-2.262497
1923.500033	-15.715341
1923.583333	-27.375615
1923.666633	-33.701979
1923.750033	-47.814433
1923.833333	-59.947991
1923.916633	-64.181589
1924.000033	-52.874326
1924.083333	-29.471575
1924.166633	-11.217584
1924.250033	5.996925
1924.333333	13.233371
1924.416633	18.384707
1924.500033	25.931863
1924.583333	46.049366
1924.666633	75.056336
1924.750033	96.388327
1924.833333	98.476991
1924.916633	84.354504
1925.000033	74.772878
1925.083333	61.286740
1925.166633	47.540731
1925.250033	15.421907
1925.333333	-15.008314
1925.416633	-54.301422
1925.500033	-85.448985
1925.583333	-104.786616
1925.666633	0.000000
1925.750033	-20.565594
1925.833333	-14.988662
1925.916633	-9.165702
1926.000033	0.000000
1926.083333	0.000000
1926.166633	0.000000
1926.250033	0.000000
1926.333333	0.000000
1926.416633	0.000000
1926.500033	0.000000
1926.583333	0.000000
1926.666633	0.000000
1926.750033	0.000000
1926.833333	0.000000
1926.916633	0.000000
1927.000033	26.546561
1927.083333	39.338526
1927.166633	62.390694
1927.250033	64.605204
1927.333333	56.508316
1927.416633	44.881874
1927.500033	43.317920
1927.583333	41.990978
1927.666633	39.664615
1927.750033	43.107716
1927.833333	48.307492
1927.916633	42.629449
1928.000033	18.270046
1928.083333	-5.771648
1928.166633	-7.739879
1928.250033	9.474630
1928.333333	26.155520
1928.416633	38.417967
1928.500033	50.298457
1928.583333	64.527071
1928.666633	62.978485
1928.750033	53.310476
1928.833333	33.954696
1928.916633	33.498875
1929.000033	34.917249
1929.083333	56.320001
1929.166633	60.573991
1929.250033	56.677390
1929.333333	36.580502
1929.416633	22.398505
1929.500033	13.612328
1929.583333	1.285386
1929.666633	-18.485422
1929.750033	-35.931209
1929.833333	-53.286989
1929.916633	-74.631698
1930.000033	-90.657769
1930.083333	-88.699462
1930.166633	-61.667694
1930.250033	-39.786517
1930.333333	-25.216738
1930.416633	-20.398736
1930.500033	-15.296024
1930.583333	-7.178521
1930.666633	-3.393774
1930.750033	6.271551
1930.833333	-9.750896
1930.916633	-47.095605
1931.000033	-111.121676
1931.083333	-135.941147
1931.166633	-118.687156
1931.250033	-74.028202
1931.333333	-45.569534
1931.416633	-20.751532
1931.500033	12.462291
1931.583333	42.690905
1931.666633	56.697875
1931.750033	63.918755
1931.833333	77.118530
1931.916633	89.773821
1932.000033	68.192195
1932.083333	33.039390
1932.166633	-0.595508
1932.250033	8.285668
1932.333333	25.188781
1932.416633	39.340116
1932.500033	24.331717
1932.583333	-2.995224
1932.666633	-37.766032
1932.750033	-54.767375
1932.833333	-44.789821
1932.916633	-8.690086
1933.000033	28.506065
1933.083333	57.575483
1933.166633	59.718363
1933.250033	55.266206
1933.333333	29.502651
1933.416633	21.765098
1933.500033	17.090032
1933.583333	43.651980
1933.666633	59.992283
1933.750033	71.435385
1933.833333	69.746271
1933.916633	93.290451
1934.000033	138.264380
1934.083333	172.889354
1934.166633	177.587789
1934.250033	141.024521
1934.333333	105.149855
1934.416633	64.190080
1934.500033	51.959459
1934.583333	38.632517
1934.666633	35.306153
1934.750033	19.749255
1934.833333	14.615698
1934.916633	19.048766
1935.000033	20.578251
1935.083333	26.981002
1935.166633	18.457215
1935.250033	16.227280
1935.333333	0.908170
1935.416633	-1.162716
1935.500033	7.939996
1935.583333	19.613055
1935.666633	18.508913
1935.750033	2.952015
1935.833333	-0.514876
1935.916633	3.473748
1936.000033	16.669900
1936.083333	8.405984
1936.166633	1.659975
1936.250033	-3.792182
1936.333333	8.110930
1936.416633	20.040043
1936.500033	22.809422
1936.583333	13.038036
1936.666633	1.378339
1936.750033	-10.511892
1936.833333	-19.312117
1936.916633	-25.656826
1937.000033	-30.238452
1937.083333	-16.391257
1937.166633	-4.137266
1937.250033	20.299466
1937.333333	17.202578
1937.416633	7.242803
1937.500033	-27.987818
1937.583333	-44.981426
1937.666633	-54.530012
1937.750033	-40.753577
1937.833333	-32.998246
1937.916633	-31.231844
1938.000033	-35.924581
1938.083333	-45.521830
1938.166633	-42.156729
1938.250033	-47.053330
1938.333333	-34.039107
1938.416633	-22.776660
1938.500033	20.326052
1938.583333	52.332444
1938.666633	69.339414
1938.750033	49.560293
1938.833333	34.426736
1938.916633	37.526471
1939.000033	58.389289
1939.083333	72.125374
1939.166633	76.046031
1939.250033	80.149429
1939.333333	85.496986
1939.416633	103.981655
1939.500033	101.084367
1939.583333	96.646315
1939.666633	62.097729
1939.750033	35.763053
1939.833333	11.407273
1939.916633	-4.715214
1940.000033	-14.741285
1940.083333	-50.560756
1940.166633	-78.306765
1940.250033	-109.647811
1940.333333	-105.966921
1940.416633	-100.926696
1940.500033	-90.601762
1940.583333	-79.706481
1940.666633	-78.921734
1940.750033	-72.923076
1940.833333	-85.278856
1940.916633	-82.734677
1941.000033	-83.094081
1941.083333	-66.580218
1941.166633	-36.881783
1941.250033	-6.111718
1941.333333	16.902505
1941.416633	15.609397
1941.500033	8.045442
1941.583333	-11.948166
1941.666633	-41.163419
1941.750033	-80.275872
1941.833333	-118.187208
1941.916633	-141.975910
1942.000033	-153.004305
1942.083333	0.000000
1942.166633	0.000000
1942.250033	0.000000
1942.333333	0.000000
1942.416633	0.000000
1942.500033	0.000000
1942.583333	0.000000
1942.666633	0.000000
1942.750033	0.000000
1942.833333	29.612113
1942.916633	29.612113
1943.000033	0.000000
1943.083333	73.657998
1943.166633	65.060611
1943.250033	46.738245
1943.333333	11.641358
1943.416633	-20.762862
1943.500033	-51.104594
1943.583333	-63.653758
1943.666633	-68.202344
1943.750033	-60.759242
1943.833333	-43.448356
1943.916633	-33.459732
1944.000033	-32.930246
1944.083333	-41.638607
1944.166633	-45.606838
1944.250033	-42.281217
1944.333333	-37.600327
1944.416633	-31.337880
1944.500033	-30.235168
1944.583333	-24.339887
1944.666633	-4.666251
1944.750033	30.110184
1944.833333	58.309960
1944.916633	75.743028
1945.000033	77.828069
1945.083333	87.119709
1945.166633	74.262588
1945.250033	75.143764
1945.333333	60.491321
1945.416633	79.087101
1945.500033	69.967591
1945.583333	74.085094
1945.666633	51.869842
1945.750033	48.535166
1945.833333	44.846052
1945.916633	44.945787
1946.000033	43.697495
1946.083333	29.433579
1946.166633	20.020903
1946.250033	-4.320143
1946.333333	0.471858
1946.416633	10.400972
1946.500033	29.614795
1946.583333	3.621187
1946.666633	-22.149621
1946.750033	-28.595408
1946.833333	-7.062299
1946.916633	7.259658
1947.000033	9.455810
1947.083333	12.303005
1947.166633	19.556996
1947.250033	23.882617
1947.333333	22.007951
1947.416633	17.714843
1947.500033	6.928666
1947.583333	2.712836
1947.666633	-7.946862
1947.750033	-17.281537
1947.833333	-32.748429
1947.916633	-29.759805
1948.000033	-10.563653
1948.083333	17.950209
1948.166633	29.759756
1948.250033	28.307599
1948.333333	21.210711
1948.416633	32.584269
1948.500033	53.242536
1948.583333	66.137817
1948.666633	52.144787
1948.750033	16.587889
1948.833333	-14.101225
1948.916633	-18.779267
1949.000033	-2.360893
1949.083333	28.264080
1949.166633	46.962515
1949.250033	68.954803
1949.333333	77.857915
1949.416633	96.898140
1949.500033	95.667518
1949.583333	89.118355
1949.666633	65.791991
1949.750033	58.346204
1949.833333	58.986120
1949.916633	65.533860
1950.000033	0.000000
1950.083333	15.827315
1950.166633	26.313261
1950.250033	43.268673
1950.333333	60.060674
1950.416633	61.878677
1950.500033	63.759167
1950.583333	65.876670
1950.666633	85.994750
1950.750033	90.104519
1950.833333	81.859850
1950.916633	57.404030
1951.000033	48.712593
1951.083333	46.945340
1951.166633	0.000000
1951.250033	-68.770141
1951.333333	-65.569642
1951.416633	-47.807453
1951.500033	-38.926963
1951.583333	-21.031682
1951.666633	-7.691379
1951.750033	0.196167
1951.833333	-9.826279
1951.916633	-28.059878
1952.000033	-36.085948
1952.083333	-31.127641
1952.166633	-13.762540
1952.250033	5.229748
1952.333333	25.355082
1952.416633	26.061974
1952.500033	12.053575
1952.583333	-9.717811
1952.666633	-19.044175
1952.750033	-26.378851
1952.833333	-33.067964
1952.916633	-49.857118
1953.000033	-55.994300
1953.083333	-56.258215
1953.166633	-31.782002
1953.250033	-1.678604
1953.333333	38.557842
1953.416633	45.598067
1953.500033	37.228282
1953.583333	18.723985
1953.666633	0.000000
1953.750033	-47.388327
1953.833333	-49.195981
1953.916633	-48.876581
1954.000033	-42.235985
1954.083333	-36.499900
1954.166633	-31.357021
1954.250033	-32.475844
1954.333333	-23.906065
1954.416633	-19.865841
1954.500033	-11.985351
1954.583333	-14.423403
1954.666633	-7.749767
1954.750033	4.471113
1954.833333	25.448666
1954.916633	48.548401
1955.000033	63.077886
1955.083333	73.925082
1955.166633	71.067961
1955.250033	66.726915
1955.333333	55.185583
1955.416633	66.225808
1955.500033	95.550742
1955.583333	137.223801
1955.666633	145.564104
1955.750033	137.896094
1955.833333	120.429203
1955.916633	108.973383
1956.000033	87.391757
1956.083333	56.461174
1956.166633	33.715165
1956.250033	26.374119
1956.333333	40.055009
1956.416633	51.317456
1956.500033	49.864613
1956.583333	33.537671
1956.666633	29.544641
1956.750033	36.209965
1956.833333	46.298629
1956.916633	40.620587
1957.000033	29.816738
1957.083333	8.997267
1957.166633	-6.859853
1957.250033	-8.756455
1957.333333	7.924436
1957.416633	33.631327
1957.500033	29.400706
1957.583333	19.029154
1957.666633	0.964493
1957.750033	0.000000
1957.833333	-72.506705
1957.916633	-73.067163
1958.000033	-66.202724
1958.083333	-78.466640
1958.166633	-84.212649
1958.250033	-95.553695
1958.333333	-67.539472
1958.416633	-35.054802
1958.500033	-0.729868
1958.583333	-2.056810
1958.666633	0.283493
1958.750033	20.393262
1958.833333	61.144289
1958.916633	85.192029
1959.000033	0.000000
1959.083333	-16.347849
1959.166633	-15.528570
1959.250033	-3.350936
1959.333333	-5.114490
1959.416633	-1.740932
1959.500033	-9.527109
1959.583333	-9.965161
1959.666633	-12.069303
1959.750033	-10.848423
1959.833333	-25.981981
1959.916633	-40.993357
1960.000033	-51.130538
1960.083333	-37.283343
1960.166633	-23.251575
1960.250033	-17.814843
1960.333333	-19.578397
1960.416633	-28.093728
1960.500033	-25.213238
1960.583333	-29.651291
1960.666633	-30.088766
1960.750033	-41.867886
1960.833333	-46.112555
1960.916633	-32.012820
1961.000033	-6.372223
1961.083333	6.586083
1961.166633	-7.159926
1961.250033	-32.612083
1961.333333	-50.375637
1961.416633	-57.557635
1961.500033	-60.232701
1961.583333	-58.559642
1961.666633	-61.108228
1961.750033	-63.554015
1961.833333	-48.020906
1961.916633	-14.143393
1962.000033	21.386092
1962.083333	24.122176
1962.166633	17.376167
1962.250033	22.035121
1962.333333	47.493789
1962.416633	65.867347
1962.500033	64.081170
1962.583333	51.087562
1962.666633	40.538976
1962.750033	44.315411
1962.833333	56.626298
1962.916633	78.503811
1963.000033	96.588851
1963.083333	101.991602
1963.166633	99.690037
1963.250033	95.904547
1963.333333	111.029882
1963.416633	120.514551
1963.500033	112.395041
1963.583333	77.623655
1963.666633	35.519513
1963.750033	16.295948
1963.833333	3.940168
1963.916633	0.817681
1964.000033	-18.319500
1964.083333	-21.583416
1964.166633	-22.884981
1964.250033	11.551751
1964.333333	55.454863
1964.416633	115.272866
1964.500033	131.820022
1964.583333	119.381970
1964.666633	80.722273
1964.750033	52.832041
1964.833333	32.142928
1964.916633	15.909330
1965.000033	2.883259
1965.083333	-9.886398
1965.166633	-14.445216
1965.250033	0.000000
1965.333333	0.000000
1965.416633	30.941031
1965.500033	0.000000
1965.583333	0.000000
1965.666633	-3.246867
1965.750033	18.373347
1965.833333	30.012354
1965.916633	36.112089
1966.000033	15.974908
1966.083333	11.933214
1966.166633	4.520538
1966.250033	-7.709397
1966.333333	-25.917395
1966.416633	-39.877171
1966.500033	-38.663348
1966.583333	-32.434733
1966.666633	-23.316653
1966.750033	-9.984662
1966.833333	3.433032
1966.916633	12.814105
1967.000033	0.000000
1967.083333	0.000000
1967.166633	0.000000
1967.250033	-2.025989
1967.333333	-2.881045
1967.416633	-4.118856
1967.500033	-18.238366
1967.583333	-25.787529
1967.666633	-32.002782
1967.750033	-19.448569
1967.833333	-9.026571
1967.916633	1.962053
1968.000033	-4.397351
1968.083333	-15.216822
1968.166633	-27.962832
1968.250033	-21.081655
1968.333333	-1.734099
1968.416633	26.083904
1968.500033	32.742171
1968.583333	23.081897
1968.666633	2.199977
1968.750033	-11.801365
1968.833333	-25.046034
1968.916633	-37.279632
1969.000033	-51.527925
1969.083333	-60.569618
1969.166633	-65.093405
1969.250033	-58.323340
1969.333333	-53.198006
1969.416633	-47.491114
1969.500033	-67.832847
1969.583333	-86.270899
1969.666633	-103.819485
1969.750033	-96.265272
1969.833333	-84.843275
1969.916633	-58.076873
1970.000033	-29.547388
1970.083333	-5.922414
1970.166633	-6.890646
1970.250033	-8.565025
1970.333333	-5.217468
1970.416633	-3.843910
1970.500033	-9.518976
1970.583333	-11.734806
1970.666633	2.494385
1970.750033	15.493043
1970.833333	28.915041
1970.916633	45.014776
1971.000033	60.322039
1971.083333	55.835901
1971.166633	33.089891
1971.250033	7.971068
1971.333333	-4.125820
1971.416633	-15.418929
1971.500033	-11.760661
1971.583333	-0.865380
1971.666633	25.697145
1971.750033	28.362469
1971.833333	17.340022
1971.916633	3.217535
1972.000033	0.191465
1972.083333	-0.516895
1972.166633	-15.707349
1972.250033	-33.715062
1972.333333	-55.700838
1972.416633	-69.660614
1972.500033	-76.002346
1972.583333	-75.884843
1972.666633	-79.211207
1972.750033	-82.434772
1972.833333	-76.790551
1972.916633	-71.913039
1973.000033	-72.827998
1973.083333	-76.980802
1973.166633	-49.837923
1973.250033	-14.401191
1973.333333	22.835255
1973.416633	29.097702
1973.500033	40.200414
1973.583333	37.762361
1973.666633	38.324886
1973.750033	25.545766
1973.833333	28.523319
1973.916633	38.178610
1974.000033	48.596984
1974.083333	45.666401
1974.166633	47.920392
1974.250033	56.023791
1974.333333	71.371347
1974.416633	71.856017
1974.500033	71.403173
1974.583333	70.854010
1974.666633	70.305423
1974.750033	64.748525
1974.833333	42.726079
1974.916633	22.603591
1975.000033	6.577521
1975.083333	17.424717
1975.166633	42.345374
1975.250033	69.670995
1975.333333	83.685218
1975.416633	86.280998
1975.500033	84.272599
1975.583333	90.834547
1975.666633	97.285961
1975.750033	105.617952
1975.833333	100.706616
1975.916633	99.584129
1976.000033	88.891392
1976.083333	77.516365
1976.166633	51.659245
1976.250033	20.429310
1976.333333	-15.556467
1976.416633	-38.738464
1976.500033	-43.191308
1976.583333	-33.518249
1976.666633	-29.844613
1976.750033	-29.179289
1976.833333	-32.979513
1976.916633	-29.879778
1977.000033	-34.905849
1977.083333	-43.836431
1977.166633	-60.137996
1977.250033	-66.256820
1977.333333	-67.909263
1977.416633	-62.202371
1977.500033	-66.877437
1977.583333	-65.871045
1977.666633	-69.197409
1977.750033	-56.865418
1977.833333	-44.776754
1977.916633	-29.010352
1978.000033	-20.591978
1978.083333	-16.189227
1978.166633	-2.268570
1978.250033	6.279273
1978.333333	14.182386
1978.416633	8.000388
1978.500033	10.547545
1978.583333	6.776159
1978.666633	8.227573
1978.750033	4.559563
1978.833333	0.314895
1978.916633	-17.474259
1979.000033	-39.055885
1979.083333	-47.653134
1979.166633	-41.510255
1979.250033	-39.295745
1979.333333	-50.392633
1979.416633	-66.907964
1979.500033	-77.249696
1979.583333	-75.465526
1979.666633	-56.903001
1979.750033	-33.571010
1979.833333	-7.037901
1979.916633	-11.938166
1980.000033	-21.186459
1980.083333	-40.228152
1980.166633	-36.640828
1980.250033	-36.981874
1980.333333	-47.078762
1980.416633	-63.927426
1980.500033	-73.824714
1980.583333	-75.040544
1980.666633	-73.366908
1980.750033	-68.923806
1980.833333	-57.390697
1980.916633	-59.957629
1981.000033	-71.650366
1981.083333	-83.914282
1981.166633	-72.438069
1981.250033	-55.668004
1981.333333	-34.987114
1981.416633	-19.280222
1981.500033	3.933601
1981.583333	15.717771
1981.666633	24.391407
1981.750033	18.834509
1981.833333	10.256506
1981.916633	-13.754870
1982.000033	-37.558718
1982.083333	-61.711522
1982.166633	-78.457532
1982.250033	-88.354133
1982.333333	-89.784354
1982.416633	-84.410796
1982.500033	-83.863640
1982.583333	-84.412803
1982.666633	-82.739167
1982.750033	-74.629398
1982.833333	-69.207401
1982.916633	-65.440999
1983.000033	-72.467069
1983.083333	-64.397652
1983.166633	-62.476994
1983.250033	-31.929151
1983.333333	-17.692706
1983.416633	14.903075
1983.500033	23.894676
1983.583333	33.567734
1983.666633	14.241370
1983.750033	-7.648861
1983.833333	-23.782419
1983.916633	-20.904906
1984.000033	-15.042088
1984.083333	-3.194892
1984.166633	19.503543
1984.250033	51.606942
1984.333333	64.065609
1984.416633	44.772501
1984.500033	13.875213
1984.583333	3.659383
1984.666633	9.888574
1984.750033	14.998343
1984.833333	-9.135215
1984.916633	-18.035480
1985.000033	-18.061550
1985.083333	19.674534
1985.166633	21.039636
1985.250033	22.254146
1985.333333	-6.176075
1985.416633	-10.580295
1985.500033	-23.366472
1985.583333	-28.915636
1985.666633	-36.797555
1985.750033	-41.798898
1985.833333	-35.599122
1985.916633	-29.277165
1986.000033	-13.858791
1986.083333	-16.567151
1986.166633	-26.090938
1986.250033	-50.098651
1986.333333	-60.306649
1986.416633	-68.044202
1986.500033	-69.274824
1986.583333	-73.601765
1986.666633	-74.150351
1986.750033	-81.818360
1986.833333	-94.063029
1986.916633	-120.074405
1987.000033	-128.544920
1987.083333	-128.475502
1987.166633	-115.554845
1987.250033	-109.340335
1987.333333	-105.215001
1987.416633	-89.174776
1987.500033	-82.183175
1987.583333	-82.510117
1987.666633	-95.169814
1987.750033	-98.615601
1987.833333	-96.526936
1987.916633	-84.427201
1988.000033	-69.119938
1988.083333	-44.383854
1988.166633	-24.463197
1988.250033	-3.582020
1988.333333	9.209981
1988.416633	19.250206
1988.500033	33.464029
1988.583333	59.025976
1988.666633	80.032946
1988.750033	77.698270
1988.833333	58.231379
1988.916633	52.220003
1989.000033	59.860599
1989.083333	74.152239
1989.166633	69.628452
1989.250033	55.065184
1989.333333	27.301629
1989.416633	2.341854
1989.500033	-9.777656
1989.583333	-8.771264
1989.666633	-0.875406
1989.750033	-3.987860
1989.833333	-14.676973
1989.916633	-22.355016
1990.000033	-19.269975
1990.083333	-14.200557
1990.166633	-29.724344
1990.250033	-60.065390
1990.333333	-88.828945
1990.416633	-102.566498
1990.500033	-96.686008
1990.583333	-87.457394
1990.666633	-72.894869
1990.750033	-68.673989
1990.833333	-68.585324
1990.916633	-81.152256
1991.000033	-91.067215
1991.083333	-86.553353
1991.166633	-63.410474
1991.250033	-35.195964
1991.333333	-18.292852
1991.416633	-13.474849
1991.500033	-23.261026
1991.583333	-42.810190
1991.666633	-62.692109
1991.750033	-75.137896
1991.833333	-82.049232
1991.916633	-83.949497
1992.000033	-85.864456
1992.083333	-79.906149
1992.166633	-79.096603
1992.250033	-66.104316
1992.333333	-58.645648
1992.416633	-41.383201
1992.500033	-48.058267
1992.583333	-54.829652
1992.666633	-69.600461
1992.750033	-70.379581
1992.833333	-70.402028
1992.916633	-88.635626
1993.000033	-113.217252
1993.083333	-144.370056
1993.166633	-152.004955
1993.250033	-151.679334
1993.333333	-138.665110
1993.416633	-126.958219
1993.500033	-110.855507
1993.583333	-102.293559
1993.666633	-93.508812
1993.750033	-97.399044
1993.833333	-94.421490
1993.916633	-95.099533
1994.000033	-81.014492
1994.083333	-68.389519
1994.166633	-54.913306
1994.250033	-59.143241
1994.333333	-72.017906
1994.416633	-86.755459
1994.500033	-98.097192
1994.583333	-106.535244
1994.666633	-113.528275
1994.750033	-106.974062
1994.833333	-95.218731
1994.916633	-84.007885
1995.000033	-81.256177
1995.083333	-75.631204
1995.166633	-68.710547
1995.250033	-61.718259
1995.333333	-54.926258
1995.416633	-43.441589
1995.500033	-26.449988
1995.583333	-12.110263
1995.666633	4.785596
1995.750033	23.562031
1995.833333	37.984029
1995.916633	50.528208
1996.000033	45.057693
1996.083333	39.016000
1996.166633	11.047768
1996.250033	9.595611
1996.333333	24.832057
1996.416633	61.316726
1996.500033	83.974994
1996.583333	83.425830
1996.666633	82.099466
1996.750033	66.320346
1996.833333	64.186788
1996.916633	53.286523
1997.000033	39.371564
1997.083333	5.774315
1997.166633	-36.638361
1997.250033	-57.090518
1997.333333	-71.076294
1997.416633	-78.369403
1997.500033	-94.600024
1997.583333	-105.815855
1997.666633	-111.253330
1997.750033	-118.699117
1997.833333	-130.054897
1997.916633	-149.621828
1998.000033	-158.536788
1998.083333	-142.022925
1998.166633	-93.880046
1998.250033	-41.998870
1998.333333	-7.540202
1998.416633	3.611134
1998.500033	6.380513
1998.583333	12.942460
1998.666633	19.171652
1998.750033	18.281421
1998.833333	13.592307
1998.916633	13.025376
1999.000033	31.221528
1999.083333	67.513167
1999.166633	113.211603
1999.250033	142.315001
1999.333333	140.218113
1999.416633	111.369449
1999.500033	83.583272
1999.583333	68.034109
1999.666633	70.485523
1999.750033	85.928625
1999.833333	112.572845
1999.916633	137.228135
2000.000033	143.757620
2000.083333	138.604816
2000.166633	125.414362
2000.250033	115.739983
2000.333333	95.309762
2000.416633	76.683320
2000.500033	58.897143
2000.583333	46.792424
2000.666633	41.577171
2000.750033	26.909162
2000.833333	22.220049
2000.916633	11.319784
2001.000033	21.627047
2001.083333	22.696464
2001.166633	28.061566
2001.250033	24.053854
2001.333333	20.512521
2001.416633	1.441635
2001.500033	-15.900097
2001.583333	-34.115928
2001.666633	-32.775625
2001.750033	-37.665856
2001.833333	-35.021636
2001.916633	-44.477457
2002.000033	-47.836861
2002.083333	-57.545221
2002.166633	-54.291230
2002.250033	-54.965609
2002.333333	-44.951386
2002.416633	-46.133383
2002.500033	-51.586227
2002.583333	-69.690946
2002.666633	-91.239532
2002.750033	-100.240875
2002.833333	-102.929988
2002.916633	-80.941364
2003.000033	-58.634101
2003.083333	-32.564683
2003.166633	-19.755137
2003.250033	-13.985072
2003.333333	-19.415293
2003.416633	-36.819513
2003.500033	-49.494578
2003.583333	-56.043742
2003.666633	-53.925661
2003.750033	-63.149226
2003.833333	-65.060562
2003.916633	-60.627493
2004.000033	-51.875786
2004.083333	-47.250813
2004.166633	-50.663489
2004.250033	-40.560090
2004.333333	-34.545867
2004.416633	-35.394531
2004.500033	-54.402930
2004.583333	-72.396538
2004.666633	-68.722902
2004.750033	-48.946467
2004.833333	-38.191135
2004.916633	-48.980289
2005.000033	-63.895249
2005.083333	-61.492498
2005.166633	-40.016285
2005.250033	-21.801775
2005.333333	-8.898663
2005.416633	-12.302882
2005.500033	-13.977948
2005.583333	-12.527112
2005.666633	-8.297920
2005.750033	-11.188152
2005.833333	-26.655043
2005.916633	-35.666419
2006.000033	-34.914711
2006.083333	-21.178627
2006.166633	-13.369081
2006.250033	-18.710127
2006.333333	-38.807014
2006.416633	-48.544567
2006.500033	-51.330744
2006.583333	-40.879908
2006.666633	-40.872938
2006.750033	-40.652059
2006.833333	-45.118950
2006.916633	-52.019215
2007.000033	-54.489730
2007.083333	-48.864756
2007.166633	-44.944099
2007.250033	-42.174034
2007.333333	-42.715366
2007.416633	-21.119586
2007.500033	1.427571
2007.583333	13.433963
2007.666633	10.440932
2007.750033	7.550701
2007.833333	17.083810
2007.916633	36.516878
2008.000033	64.379697
2008.083333	97.338003
2008.166633	111.703105
2008.250033	102.028726
2008.333333	73.376283
2008.416633	48.860952
2008.500033	39.852553
2008.583333	36.525611
2008.666633	42.643692
2008.750033	44.086794
2008.833333	50.731014
2008.916633	56.164082
2009.000033	63.693567
2009.083333	57.429652
2009.166633	43.572531
2009.250033	28.898152
2009.333333	17.690153
2009.416633	7.619267
2009.500033	-4.722466
2009.583333	-4.493851
2009.666633	-5.486882
2009.750033	-13.932669
2009.833333	-29.288449
2009.916633	-48.744269
2010.000033	-58.325895
2010.083333	-64.923144
2010.166633	-58.891376
2010.250033	-53.010200
2010.333333	-45.995976
2010.416633	-37.622418
2010.500033	-20.630817
2010.583333	0.820019
2010.666633	28.604766
2010.750033	64.603424
2010.833333	115.469866
2010.916633	171.458490
2011.000033	208.210197
2011.083333	217.168504
2011.166633	187.533606
2011.250033	151.081449
2011.333333	102.540117
2011.416633	69.691452
2011.500033	48.794165
2011.583333	53.133890
2011.666633	71.807526
2011.750033	97.583961
2011.833333	131.894848
2011.916633	163.994583
2012.000033	191.190735
2012.083333	192.815708
2012.166633	174.847476
2012.250033	141.617542
2012.333333	98.076210
2012.416633	56.560879
2012.500033	20.330257
2012.583333	11.669983
2012.666633	22.232508
2012.750033	43.120054
2012.833333	65.097607
2012.916633	85.864009
2013.000033	96.726828
2013.083333	99.018468
2013.166633	92.716903
2013.250033	94.153635
2013.333333	91.612302
2013.416633	84.652527
2013.500033	82.977461
2013.583333	86.094964
2013.666633	100.435267
2013.750033	96.656147
2013.833333	87.078145
2013.916633	60.177880
2014.000033	37.818476
2014.083333	17.665671
2014.166633	11.586329
2014.250033	10.800838
2014.333333	12.370617
2014.416633	14.188620
2014.500033	22.846888
2014.583333	34.853280
2014.666633	40.971360
2014.750033	30.303351
2014.833333	14.947571
2014.916633	6.491750
2015.000033	15.243458
2015.083333	31.535098
2015.166633	33.455755
2015.250033	16.781376
2015.333333	-19.648845
2015.416633	-48.053065
2015.500033	-66.728131
2015.583333	-65.499517
2015.666633	-53.936992
2015.750033	-42.271667
2015.833333	-34.405225
2015.916633	-37.416601
2016.000033	-33.553783
2016.083333	-39.262143
2016.166633	-44.674819
2016.250033	-54.904754
2016.333333	-54.557197
2016.416633	-44.850305
2016.500033	-31.636482
2016.583333	-12.185646
2016.666633	-0.845343
2016.750033	9.819981
2016.833333	0.019757
2016.916633	0.452825
2017.000033	0.982310
2017.083333	12.607283
2017.166633	8.750163
2017.250033	-1.257550
2017.333333	-1.576659
2017.416633	9.130232
2017.500033	26.455166
2017.583333	30.128225
2017.666633	37.690750
2017.750033	43.800518
2017.833333	59.778072
2017.916633	58.766696
2018.000033	50.407292
2018.083333	27.365598
2018.166633	11.619589
2018.250033	2.278543
2018.333333	9.403878
2018.416633	20.555214
2018.500033	17.213481
2018.583333	2.219873
2018.666633	-23.662046
2018.750033	-36.330055
2018.833333	-51.130280
2018.916633	-55.474989
2019.000033	-49.056615
2019.083333	-37.542753
2019.166633	-35.510985
2019.250033	-42.629808
2019.333333	-53.726696
2019.416633	-48.019805
2019.500033	-50.472648
2019.583333	-41.244034
2019.666633	-42.459287
2019.750033	-30.127296
2019.833333	-27.594187
2019.916633	-15.161119
2020.000033	-10.298300
2020.083333	4.104451
2020.166633	9.691775
2020.250033	15.461840
2020.333333	15.920508
2020.416633	15.960733
2020.500033	22.063445
2020.583333	27.514281
2020.666633	41.521251
2020.750033	46.973916
2020.833333	53.373737
2020.916633	0.000000
2021.000033	128.189290
2021.083333	123.231255
2021.166633	119.116757
2021.250033	88.886822
2021.333333	78.678823
2021.416633	69.719048
2021.500033	89.377315
2021.583333	86.050374
2021.666633	92.946232
2021.750033	96.500445
2021.833333	110.700221
2021.916633	118.244400
2022.000033	119.884997
2022.083333	121.732192
2022.166633	115.763961
2022.250033	104.200692
2022.333333	97.214916
2022.416633	99.921807
2022.500033	110.580075
2022.583333	113.586467
2022.666633	110.704547
2022.750033	106.323879
2022.833333	105.029256
2022.916633	111.447022
