1879.0000333    -114.487
1879.0833333    -95.2122
1879.1666333    -74.5878
1879.2500333    -48.0188
1879.3333333    -33.4908
1879.4166333    -26.3266
1879.5000333    -11.7496
1879.5833333    -11.404
1879.6666333    5.0952
1879.7500333    -8.4053
1879.8333333    8.8628
1879.9166333    15.3615
1880.0000333    16.4758
1880.0833333    2.974
1880.1666333    -8.9894
1880.2500333    -9.4142
1880.3333333    0.1604
1880.4166333    25.1195
1880.5000333    33.9249
1880.5833333    4.2681
1880.6666333    -7.6965
1880.7500333    -15.0455
1880.8333333    -1.6259
1880.9166333    6.4089
1881.0000333    21.3669
1881.0833333    46.3244
1881.1666333    50.5125
1881.2500333    48.5469
1881.3333333    49.6576
1881.4166333    29.9989
1881.5000333    22.6481
1881.5833333    29.9121
1881.6666333    71.7913
1881.7500333    84.4399
1881.8333333    87.8572
1881.9166333    95.8896
1882.0000333    93.9223
1882.0833333    95.8005
1882.1666333    70.7554
1882.2500333    39.5567
1882.3333333    33.742
1882.4166333    -4.3806
1882.5000333    -25.5799
1882.5833333    -72.9336
1882.6666333    -103.364
1882.7500333    -147.641
1882.8333333    -153.457
1882.9166333    -150.042
1883.0000333    -148.935
1883.0833333    -133.982
1883.1666333    -141.338
1883.2500333    -128.692
1883.3333333    -87.5864
1883.4166333    -48.7882
1883.5000333    3.8563
1883.5833333    36.5002
1883.6666333    36.067
1883.7500333    15.634
1883.8333333    30.585
1883.9166333    39.382
1884.0000333    42.7946
1884.0833333    35.4373
1884.1666333    12.6953
1884.2500333    22.2611
1884.3333333    24.134
1884.4166333    21.3914
1884.5000333    -9.0434
1884.5833333    -41.7864
1884.6666333    -57.6066
1884.7500333    -52.6573
1884.8333333    -34.6317
1884.9166333    -25.0679
1885.0000333    -27.0423
1885.0833333    -26.7096
1885.1666333    -14.0694
1885.2500333    5.4941
1885.3333333    -10.3276
1885.4166333    3.0812
1885.5000333    7.2595
1885.5833333    -11.6397
1885.6666333    -33.6161
1885.7500333    -51.7461
1885.8333333    -49.1075
1885.9166333    -44.1613
1886.0000333    -35.3688
1886.0833333    -21.1923
1886.1666333    -16.2468
1886.2500333    -32.8395
1886.3333333    -53.279
1886.4166333    -29.8725
1886.5000333    -62.6196
1886.5833333    -74.5981
1886.6666333    -47.3461
1886.7500333    -22.4015
1886.8333333    -12.8421
1886.9166333    3.6401
1887.0000333    18.5841
1887.0833333    19.6814
1887.1666333    13.0861
1887.2500333    19.568
1887.3333333    29.8954
1887.4166333    60.9918
1887.5000333    42.8577
1887.5833333    39.3384
1887.6666333    7.3574
1887.7500333    -15.3927
1887.8333333    -10.4511
1887.9166333    -10.8943
1888.0000333    -13.6449
1888.0833333    -14.8577
1888.1666333    -29.9169
1888.2500333    -18.0528
1888.3333333    -21.5738
1888.4166333    -7.4028
1888.5000333    -25.5393
1888.5833333    -17.5225
1888.6666333    -18.7366
1888.7500333    -2.2583
1888.8333333    -4.2421
1888.9166333    -13.1491
1889.0000333    -3.5945
1889.0833333    14.4212
1889.1666333    14.7443
1889.2500333    9.683
1889.3333333    -8.4558
1889.4166333    -15.8256
1889.5000333    -21.6567
1889.5833333    -24.4115
1889.6666333    -39.4742
1889.7500333    -39.9212
1889.8333333    -41.9074
1889.9166333    -12.3552
1890.0000333    9.5048
1890.0833333    15.9796
1890.1666333    3.9927
1890.2500333    22.0059
1890.3333333    28.4802
1890.4166333    13.4158
1890.5000333    -4.7254
1890.5833333    -18.2518
1890.6666333    -18.7014
1890.7500333    -39.9201
1890.8333333    -40.3701
1890.9166333    -40.0511
1891.0000333    -51.2703
1891.0833333    -55.5671
1891.1666333    -51.4025
1891.2500333    -57.2377
1891.3333333    -91.5351
1891.4166333    -86.6018
1891.5000333    -67.053
1891.5833333    -52.8894
1891.6666333    -77.1876
1891.7500333    -86.8701
1891.8333333    -65.784
1891.9166333    -51.6212
1892.0000333    -23.612
1892.0833333    -9.4496
1892.1666333    -4.5181
1892.2500333    -18.048
1892.3333333    -26.1939
1892.4166333    -14.3399
1892.5000333    -37.8704
1892.5833333    -56.0168
1892.6666333    -47.2404
1892.7500333    -20.0022
1892.8333333    -26.6108
1892.9166333    -25.5272
1893.0000333    -31.3665
1893.0833333    -37.9757
1893.1666333    -20.7389
1893.2500333    -8.8865
1893.3333333    16.0422
1893.4166333    39.4323
1893.5000333    38.9764
1893.5833333    91.5969
1893.6666333    110.371
1893.7500333    77.6068
1893.8333333    60.2267
1893.9166333    71.3079
1894.0000333    75.4662
1894.0833333    89.6239
1894.1666333    89.1661
1894.2500333    55.6315
1894.3333333    39.0194
1894.4166333    26.2533
1894.5000333    3.4874
1894.5833333    -27.7407
1894.6666333    -74.3535
1894.7500333    -80.197
1894.8333333    -72.9641
1894.9166333    -66.5006
1895.0000333    -52.3447
1895.0833333    -45.8816
1895.1666333    -38.6494
1895.2500333    -28.3402
1895.3333333    -2.647
1895.4166333    -7.7231
1895.5000333    -16.6452
1895.5833333    -0.1833
1895.6666333    20.1245
1895.7500333    21.971
1895.8333333    19.9708
1895.9166333    36.432
1896.0000333    54.4317
1896.0833333    49.354
1896.1666333    38.1223
1896.2500333    22.2753
1896.3333333    8.7354
1896.4166333    -23.2661
1896.5000333    -49.1137
1896.5833333    -52.6541
1896.6666333    -75.4255
1896.7500333    -76.6583
1896.8333333    -74.8147
1896.9166333    -76.8175
1897.0000333    -68.0508
1897.0833333    -74.6693
1897.1666333    -59.7496
1897.2500333    -47.9066
1897.3333333    -42.9873
1897.4166333    -35.7604
1897.5000333    -3.1488
1897.5833333    40.2315
1897.6666333    36.6885
1897.7500333    35.4534
1897.8333333    32.6793
1897.9166333    36.828
1898.0000333    60.9769
1898.0833333    65.8945
1898.1666333    79.2734
1898.2500333    52.6525
1898.3333333    49.108
1898.4166333    75.5633
1898.5000333    88.9418
1898.5833333    79.2428
1898.6666333    66.4667
1898.7500333    79.8446
1898.8333333    87.8374
1898.9166333    102.753
1899.0000333    103.823
1899.0833333    94.8918
1899.1666333    100.576
1899.2500333    109.337
1899.3333333    154.252
1899.4166333    162.243
1899.5000333    111.773
1899.5833333    67.4567
1899.6666333    44.6783
1899.7500333    25.7462
1899.8333333    17.5827
1899.9166333    19.4191
1900.0000333    22.7941
1900.0833333    27.707
1900.1666333    26.4658
1900.2500333    30.6095
1900.3333333    3.9833
1900.4166333    -17.2584
1900.5000333    -24.6539
1900.5833333    -2.0498
1900.6666333    2.8617
1900.7500333    9.3118
1900.8333333    2.6845
1900.9166333    0.6724
1901.0000333    -1.3396
1901.0833333    -9.506
1901.1666333    -23.0572
1901.2500333    -35.0697
1901.3333333    -42.4675
1901.4166333    -31.4038
1901.5000333    -22.6478
1901.5833333    -23.123
1901.6666333    -37.4446
1901.7500333    -41.766
1901.8333333    -44.5495
1901.9166333    -31.1794
1902.0000333    -14.7322
1902.0833333    9.4068
1902.1666333    27.3917
1902.2500333    39.2229
1902.3333333    46.4382
1902.4166333    24.4226
1902.5000333    27.7917
1902.5833333    44.2372
1902.6666333    56.8363
1902.7500333    81.7433
1902.8333333    104.342
1902.9166333    111.556
1903.0000333    128.77
1903.0833333    142.907
1903.1666333    146.274
1903.2500333    136.564
1903.3333333    154.547
1903.4166333    150.221
1903.5000333    150.357
1903.5833333    127.185
1903.6666333    57.0122
1903.7500333    22.8399
1903.8333333    4.8209
1903.9166333    3.4171
1904.0000333    20.8596
1904.0833333    23.0708
1904.1666333    -12.0259
1904.2500333    -35.507
1904.3333333    -26.681
1904.4166333    -25.5475
1904.5000333    -5.4139
1904.5833333    26.7961
1904.6666333    22.1598
1904.7500333    39.5236
1904.8333333    48.7331
1904.9166333    39.1731
1905.0000333    45.844
1905.0833333    40.4375
1905.1666333    36.8769
1905.2500333    52.5473
1905.3333333    46.294
1905.4166333    51.2713
1905.5000333    44.1718
1905.5833333    32.3795
1905.6666333    26.1255
1905.7500333    38.0254
1905.8333333    33.3864
1905.9166333    41.3625
1906.0000333    60.0311
1906.0833333    63.2376
1906.1666333    52.4439
1906.2500333    31.8042
1906.3333333    12.4717
1906.4166333    38.8312
1906.5000333    25.2679
1906.5833333    9.4732
1906.6666333    8.2168
1906.7500333    -21.7318
1906.8333333    -18.8347
1906.9166333    -9.9378
1907.0000333    -5.3485
1907.0833333    11.7018
1907.1666333    19.5981
1907.2500333    12.8791
1907.3333333    5.3134
1907.4166333    -4.5601
1907.5000333    -18.7412
1907.5833333    -4.769
1907.6666333    -29.0277
1907.7500333    -61.8248
1907.8333333    -61.0839
1907.9166333    -69.9586
1908.0000333    -71.6794
1908.0833333    -72.3237
1908.1666333    -85.9682
1908.2500333    -113.382
1908.3333333    -112.411
1908.4166333    -90.595
1908.5000333    -67.163
1908.5833333    -71.5778
1908.6666333    -116.147
1908.7500333    -105.715
1908.8333333    -88.1305
1908.9166333    -80.0076
1909.0000333    -61.9614
1909.0833333    -34.4543
1909.1666333    -35.7165
1909.2500333    -44.0556
1909.3333333    -26.4721
1909.4166333    -14.5042
1909.5000333    5.6177
1909.5833333    7.8929
1909.6666333    7.6295
1909.7500333    22.7508
1909.8333333    31.5639
1909.9166333    29.223
1910.0000333    36.9591
1910.0833333    24.8485
1910.1666333    -0.7238
1910.2500333    -5.6806
1910.3333333    -14.2533
1910.4166333    -30.2108
1910.5000333    -19.5528
1910.5833333    -33.3568
1910.6666333    -37.0072
1910.7500333    -41.8113
1910.8333333    -41.1544
1910.9166333    -43.7285
1911.0000333    -27.2255
1911.0833333    -33.0307
1911.1666333    -12.9131
1911.2500333    -1.3337
1911.3333333    19.5528
1911.4166333    18.5929
1911.5000333    22.3255
1911.5833333    -2.5578
1911.6666333    -21.1336
1911.7500333    -20.7093
1911.8333333    -15.1317
1911.9166333    -1.3235
1912.0000333    -1.1305
1912.0833333    -3.1689
1912.1666333    11.0234
1912.2500333    -8.015
1912.3333333    -1.2847
1912.4166333    8.1377
1912.5000333    22.4833
1912.5833333    30.7515
1912.6666333    66.8656
1912.7500333    72.5184
1912.8333333    56.0936
1912.9166333    61.8226
1913.0000333    64.9363
1913.0833333    81.8186
1913.1666333    63.8547
1913.2500333    40.0447
1913.3333333    63.0804
1913.4166333    97.4235
1913.5000333    88.536
1913.5833333    101.494
1913.6666333    95.0675
1913.7500333    64.1794
1913.8333333    69.8293
1913.9166333    77.1712
1914.0000333    66.898
1914.0833333    61.4703
1914.1666333    56.1963
1914.2500333    67.5378
1914.3333333    60.4942
1914.4166333    49.9119
1914.5000333    -4.0548
1914.5833333    -36.4837
1914.6666333    -65.3742
1914.7500333    -63.3416
1914.8333333    -62.771
1914.9166333    -65.1236
1915.0000333    -56.3993
1915.0833333    -43.2139
1915.1666333    -37.7979
1915.2500333    -60.9203
1915.3333333    -68.274
1915.4166333    -51.0124
1915.5000333    -39.7508
1915.5833333    -22.9512
1915.6666333    -37.7671
1915.7500333    -41.7368
1915.8333333    -51.7071
1915.9166333    -52.3698
1916.0000333    -50.1862
1916.0833333    -45.7724
1916.1666333    -49.8203
1916.2500333    -49.0989
1916.3333333    -31.301
1916.4166333    -29.9649
1916.5000333    -41.6287
1916.5833333    -73.3699
1916.6666333    -86.3421
1916.7500333    -66.1603
1916.8333333    -64.5944
1916.9166333    -60.8748
1917.0000333    -66.4629
1917.0833333    -54.5129
1917.1666663    0.0
1917.2500333    -42.2287
1917.3333333    -26.8178
1917.4166333    -2.6379
1917.5000333    15.0806
1917.5833333    28.7986
1917.6666333    27.5933
1917.7500333    13.3112
1917.8333333    -11.1253
1917.9166333    1.5919
1918.0000333    20.4631
1918.0833333    34.3338
1918.1666333    66.2042
1918.2500333    62.3056
1918.3333333    44.9449
1918.4166333    24.8917
1918.5000333    -16.6999
1918.5833333    -47.5996
1918.6666333    -70.7303
1918.7500333    -62.3994
1918.8333333    -56.5305
1918.9166333    -26.0464
1919.0000333    -26.9468
1919.0833333    -10.1554
1919.1666333    -2.5181
1919.2500333    -11.1883
1919.3333333    -41.6283
1919.4166333    -42.453
1919.5000333    -32.1238
1919.5833333    -11.7182
1919.6666333    12.3795
1919.7500333    18.0158
1919.8333333    22.4977
1919.9166333    42.1333
1920.0000333    44.3844
1920.0833333    47.7119
1920.1666333    24.4238
1920.2500333    -10.3257
1920.3333333    -30.1526
1920.4166333    -33.4413
1920.5000333    -15.1914
1920.5833333    -21.2497
1920.6666333    -23.2312
1920.7500333    -29.1357
1920.8333333    -28.6561
1920.9166333    -24.7921
1921.0000333    -8.3126
1921.0833333    1.3971
1921.1666333    11.1836
1921.2500333    29.2779
1921.3333333    54.9871
1921.4166333    73.9269
1921.5000333    109.867
1921.5833333    73.96
1921.6666333    75.1299
1921.7500333    50.6077
1921.8333333    48.7772
1921.9166333    69.3312
1922.0000333    72.7314
1922.0833333    67.5927
1922.1666333    57.4538
1922.2500333    34.7765
1922.3333333    27.2526
1922.4166333    37.8054
1922.5000333    41.2044
1922.5833333    25.3722
1922.6666333    10.9245
1922.7500333    -23.4463
1922.8333333    -13.7406
1922.9166333    1.1187
1923.0000333    2.9781
1923.0833333    16.9909
1923.1666333    23.7727
1923.2500333    46.4777
1923.3333333    82.7206
1923.4166333    82.0403
1923.5000333    52.7447
1923.5833333    36.9871
1923.6666333    31.537
1923.7500333    58.9331
1923.8333333    79.1749
1923.9166333    81.878
1924.0000333    79.1197
1924.0833333    68.0532
1924.1666333    54.9865
1924.2500333    40.843
1924.3333333    22.8528
1924.4166333    -1.1375
1924.5000333    21.9491
1924.5833333    54.1122
1924.6666333    48.9675
1924.7500333    49.1305
1924.8333333    37.4468
1924.9166333    51.763
1925.0000333    51.8485
1925.0833333    45.9335
1925.1666333    62.9414
1925.2500333    72.8724
1925.3333333    76.4184
1925.4166333    77.3488
1925.5000333    64.9715
1925.5833333    9.8246
1925.6666333    -2.0918
1925.7500333    -7.008
1925.8333333    -14.4632
1925.9166333    -6.534
1926.0000333    -16.6817
1926.0833333    -4.1375
1926.1666333    4.2527
1926.2500333    -5.2801
1926.3333333    -23.5827
1926.4166333    -24.347
1926.5000333    -23.1881
1926.5833333    -20.1066
1926.6666333    -10.1791
1926.7500333    -12.4054
1926.8333333    5.5216
1926.9166333    31.8331
1927.0000333    43.2216
1927.0833333    53.4557
1927.1666333    51.3051
1927.2500333    56.693
1927.3333333    59.6958
1927.4166333    44.4676
1927.5000333    36.6242
1927.5833333    32.011
1927.6666333    6.2438
1927.7500333    -2.4464
1927.8333333    -23.0602
1927.9166333    -21.9049
1928.0000333    -9.288
1928.0833333    7.0977
1928.1666333    12.3293
1928.2500333    11.4072
1928.3333333    -0.4385
1928.4166333    0.8694
1928.5000333    7.0236
1928.5833333    -24.515
1928.6666333    -39.5153
1928.7500333    -15.3617
1928.8333333    -0.9778
1928.9166333    18.8674
1929.0000333    22.4051
1929.0833333    7.0192
1929.1666333    -1.2131
1929.2500333    8.4778
1929.3333333    12.2451
1929.4166333    16.8584
1929.5000333    21.1641
1929.5833333    20.3155
1929.6666333    46.7744
1929.7500333    33.7718
1929.8333333    22.5379
1929.9166333    19.6885
1930.0000333    19.4546
1930.0833333    20.2971
1930.1666333    1.2932
1930.2500333    -8.4028
1930.3333333    5.3622
1930.4166333    -6.95
1930.5000333    -17.9543
1930.5833333    -50.6514
1930.6666333    -50.9641
1930.7500333    -57.1999
1930.8333333    -49.9745
1930.9166333    -33.1339
1931.0000333    -16.1395
1931.0833333    -15.2993
1931.1666333    -20.767
1931.2500333    8.8422
1931.3333333    6.7587
1931.4166333    -16.4788
1931.5000333    15.976
1931.5833333    22.7381
1931.6666333    29.0384
1931.7500333    35.7234
1931.8333333    38.7926
1931.9166333    52.2462
1932.0000333    51.7768
1932.0833333    50.6146
1932.1666333    61.4522
1932.2500333    69.3668
1932.3333333    55.7425
1932.4166333    66.7334
1932.5000333    48.7243
1932.5833333    19.8687
1932.6666333    -2.7564
1932.7500333    13.7724
1932.8333333    7.3777
1932.9166333    2.5212
1933.0000333    9.5879
1933.0833333    24.9619
1933.1666333    12.6433
1933.2500333    -11.0598
1933.3333333    -35.6865
1933.4166333    -53.0056
1933.5000333    -62.5555
1933.5833333    -37.3366
1933.6666333    -44.041
1933.7500333    -59.1299
1933.8333333    -70.45
1933.9166333    -59.078
1934.0000333    -42.1675
1934.0833333    -40.7959
1934.1666333    -60.1169
1934.2500333    -32.8993
1934.3333333    -10.2975
1934.4166333    -7.2344
1934.5000333    -3.4789
1934.5833333    9.43
1934.6666333    -11.969
1934.7500333    -9.2142
1934.8333333    6.3095
1934.9166333    6.9099
1935.0000333    19.0488
1935.0833333    25.3412
1935.1666333    26.6333
1935.2500333    54.0024
1935.3333333    33.7556
1935.4166333    23.201
1935.5000333    33.5695
1935.5833333    31.2453
1935.6666333    -5.0022
1935.7500333    -10.6343
1935.8333333    -28.3437
1935.9166333    -22.9765
1936.0000333    -19.5322
1936.0833333    -27.2422
1936.1666333    -34.6448
1936.2500333    -38.278
1936.3333333    -53.7579
1936.4166333    -33.3148
1936.5000333    -40.0256
1936.5833333    -65.6599
1936.6666333    -73.3713
1936.7500333    -73.4672
1936.8333333    -78.2559
1936.9166333    -65.7372
1937.0000333    -52.3722
1937.0833333    -54.3153
1937.1666333    -50.1048
1937.2500333    -55.9712
1937.3333333    -59.6841
1937.4166333    -84.705
1937.5000333    -107.418
1937.5833333    -88.4393
1937.6666333    -44.1531
1937.7500333    -1.8668
1937.8333333    18.6499
1937.9166333    40.7817
1938.0000333    53.8366
1938.0833333    41.7373
1938.1666333    46.2531
1938.2500333    47.2306
1938.3333333    73.6691
1938.4166333    60.9536
1938.5000333    65.6228
1938.5833333    79.2915
1938.6666333    51.6523
1938.7500333    21.6286
1938.8333333    -19.3187
1938.9166333    -21.1892
1939.0000333    -26.6751
1939.0833333    -40.3152
1939.1666333    -50.1863
1939.2500333    -76.442
1939.3333333    -99.3135
1939.4166333    -117.185
1939.5000333    -110.134
1939.5833333    -125.621
1939.6666333    -148.878
1939.7500333    -151.443
1939.8333333    -167.238
1939.9166333    -160.188
1940.0000333    -158.984
1940.0833333    -147.396
1940.1666333    -115.654
1940.2500333    -99.6043
1940.3333333    -71.2474
1940.4166333    -48.506
1940.5000333    -71.9954
1940.5833333    -92.9468
1940.6666333    -80.8214
1940.7500333    -92.619
1940.8333333    -98.1864
1940.9166333    -86.9078
1941.0000333    -80.8598
1941.0833333    -72.7355
1941.1666333    -76.919
1941.2500333    -106.333
1941.3333333    -124.055
1941.4166333    -123.086
1941.5000333    -146.039
1941.5833333    -154.07
1941.6666333    -150.639
1941.7500333    -154.208
1941.8333333    -145.855
1941.9166333    -126.809
1942.0000333    -108.61
1942.0833333    -107.103
1942.1666333    -109.212
1942.2500333    -97.6287
1942.3333333    -77.5842
1942.4166333    -39.4629
1942.5000333    -47.5724
1942.5833333    -9.5284
1942.6666333    30.2076
1942.7500333    72.4053
1942.8333333    95.8332
1942.9166333    110.569
1943.0000333    120.458
1943.0833333    128.578
1943.1666333    137.236
1943.2500333    145.509
1943.3333333    125.628
1943.4166333    119.67
1943.5000333    131.866
1943.5833333    152.6
1943.6666333    129.795
1943.7500333    111.683
1943.8333333    97.1854
1943.9166333    92.6109
1944.0000333    90.8056
1944.0833333    76.6152
1944.1666333    68.117
1944.2500333    60.465
1944.3333333    44.351
1944.4166333    44.3137
1944.5000333    38.0457
1944.5833333    2.0849
1944.6666333    -4.0299
1944.7500333    3.7015
1944.8333333    9.2787
1944.9166333    13.3941
1945.0000333    20.048
1945.0833333    26.6245
1945.1666333    28.5855
1945.2500333    29.6234
1945.3333333    25.7378
1945.4166333    31.6213
1945.5000333    34.274
1945.5833333    41.9263
1945.6666333    35.5015
1945.7500333    36.0767
1945.8333333    16.1899
1945.9166333    18.6106
1946.0000333    12.3391
1946.0833333    14.0672
1946.1666333    19.4873
1946.2500333    18.5229
1946.3333333    2.8657
1946.4166333    -6.6378
1946.5000333    -37.6028
1946.5833333    -81.4913
1946.6666333    -112.457
1946.7500333    -96.4225
1946.8333333    -121.312
1946.9166333    -119.816
1947.0000333    -122.09
1947.0833333    -132.057
1947.1666333    -144.254
1947.2500333    -143.144
1947.3333333    -135.573
1947.4166333    -121.31
1947.5000333    -102.277
1947.5833333    -78.014
1947.6666333    -40.3666
1947.7500333    -25.6422
1947.8333333    -43.5337
1947.9166333    -31.1945
1948.0000333    -18.5477
1948.0833333    -11.7474
1948.1666333    11.668
1948.2500333    45.3912
1948.3333333    54.114
1948.4166333    68.2212
1948.5000333    88.7899
1948.5833333    110.974
1948.6666333    120.003
1948.7500333    126.572
1948.8333333    132.678
1948.9166333    152.553
1949.0000333    155.428
1949.0833333    166.611
1949.1666333    152.024
1949.2500333    143.822
1949.3333333    111.542
1949.4166333    112.108
1949.5000333    94.9056
1949.5833333    64.6254
1949.6666333    43.8066
1949.7500333    41.8339
1949.8333333    27.3224
1949.9166333    31.1184
1950.0000333    30.8374
1950.0833333    24.0946
1950.1666333    24.5823
1950.2500333    53.7623
1950.3333333    45.3265
1950.4166333    54.5828
1950.5000333    25.9161
1950.5833333    -6.0587
1950.6666333    -24.1106
1950.7500333    -31.9318
1950.8333333    -50.2149
1950.9166333    -53.9597
1951.0000333    -51.0122
1951.0833333    -61.9882
1951.1666333    -57.349
1951.2500333    -88.0175
1951.3333333    -125.686
1951.4166333    -87.5863
1951.5000333    -70.0246
1951.5833333    -53.5402
1951.6666333    -34.8252
1951.7500333    -26.0334
1951.8333333    -38.6265
1951.9166333    -11.9121
1952.0000333    10.4176
1952.0833333    6.5162
1952.1666333    25.6915
1952.2500333    31.7899
1952.3333333    46.6571
1952.4166333    66.5242
1952.5000333    27.2374
1952.5833333    4.4117
1952.6666333    -2.3373
1952.7500333    8.8369
1952.8333333    11.5491
1952.9166333    18.2611
1953.0000333    10.9731
1953.0833333    20.7617
1953.1666333    35.4731
1953.2500333    26.5692
1953.3333333    26.2802
1953.4166333    32.6064
1953.5000333    37.4711
1953.5833333    8.1816
1953.6666333    -20.4159
1953.7500333    -35.1672
1953.8333333    -54.2265
1953.9166333    -56.8246
1954.0000333    -39.7303
1954.0833333    -33.0979
1954.1666333    -31.6965
1954.2500333    -23.7567
1954.3333333    -13.8941
1954.4166333    -6.2626
1954.5000333    1.9844
1954.5833333    -5.6921
1954.6666333    17.1696
1954.7500333    36.1852
1954.8333333    55.8158
1954.9166333    73.7539
1955.0000333    83.5382
1955.0833333    67.2451
1955.1666333    62.4903
1955.2500333    61.1201
1955.3333333    49.8264
1955.4166333    58.9941
1955.5000333    71.0849
1955.5833333    38.9445
1955.6666333    23.4962
1955.7500333    18.0479
1955.8333333    25.5223
1955.9166333    14.9965
1956.0000333    22.24
1956.0833333    40.5599
1956.1666333    51.8797
1956.2500333    64.9687
1956.3333333    48.2112
1956.4166333    50.6842
1956.5000333    34.5418
1956.5833333    19.9375
1956.6666333    23.4869
1956.7500333    25.8055
1956.8333333    31.3545
1956.9166333    29.9033
1957.0000333    34.452
1957.0833333    37.3851
1957.1666333    38.2409
1957.2500333    62.4045
1957.3333333    56.6446
1957.4166333    75.8845
1957.5000333    68.6629
1957.5833333    67.6717
1957.6666333    46.7572
1957.7500333    37.3042
1957.8333333    53.4662
1957.9166333    54.9357
1958.0000333    60.1744
1958.0833333    65.1051
1958.1666333    48.8817
1958.2500333    36.8122
1958.3333333    9.8961
1958.4166333    0.4413
1958.5000333    -3.2442
1958.5833333    -7.4685
1958.6666333    -20.77
1958.7500333    -18.3792
1958.8333333    -12.1426
1958.9166333    -15.9062
1959.0000333    -10.516
1959.0833333    -17.8184
1959.1666333    -18.9672
1959.2500333    -13.8853
1959.3333333    -30.496
1959.4166333    -66.4146
1959.5000333    -78.4871
1959.5833333    -113.483
1959.6666333    -153.941
1959.7500333    -174.629
1959.8333333    -179.164
1959.9166333    -164.007
1960.0000333    -159.388
1960.0833333    -152.77
1960.1666333    -138.767
1960.2500333    -164.919
1960.3333333    -176.07
1960.4166333    -155.607
1960.5000333    -129.066
1960.5833333    -116.757
1960.6666333    -76.9088
1960.7500333    -34.4458
1960.8333333    -11.5985
1960.9166333    9.2486
1961.0000333    28.0957
1961.0833333    47.5578
1961.1666333    52.635
1961.2500333    34.7123
1961.3333333    63.0199
1961.4166333    91.2505
1961.5000333    108.096
1961.5833333    137.096
1961.6666333    121.095
1961.7500333    88.0171
1961.8333333    73.6313
1961.9166333    80.0914
1962.0000333    82.2439
1962.0833333    78.2421
1962.1666333    77.7785
1962.2500333    75.315
1962.3333333    75.7741
1962.4166333    76.8485
1962.5000333    52.1535
1962.5833333    10.3044
1962.6666333    -29.6988
1962.7500333    -43.0866
1962.8333333    -49.7824
1962.9166333    -55.0939
1963.0000333    -57.5592
1963.0833333    -69.7941
1963.1666333    -84.26
1963.2500333    -83.8797
1963.3333333    -81.6537
1963.4166333    -66.6586
1963.5000333    -61.5097
1963.5833333    -43.4381
1963.6666333    -55.4437
1963.7500333    -59.0646
1963.8333333    -34.9936
1963.9166333    -21.1535
1964.0000333    0.148
1964.0833333    7.68
1964.1666333    24.9041
1964.2500333    30.5128
1964.3333333    19.1211
1964.4166333    29.4984
1964.5000333    29.1834
1964.5833333    18.4834
1964.6666333    2.3217
1964.7500333    15.5446
1964.8333333    22.3056
1964.9166333    15.8356
1965.0000333    32.0579
1965.0833333    30.5106
1965.1666333    26.6554
1965.2500333    14.8002
1965.3333333    14.2523
1965.4166333    7.3196
1965.5000333    -32.0747
1965.5833333    -59.6232
1965.6666333    -55.9411
1965.7500333    -59.5667
1965.8333333    -56.0388
1965.9166333    -45.8958
1966.0000333    -29.6758
1966.0833333    -38.1486
1966.1666333    -26.3138
1966.2500333    -29.8637
1966.3333333    -42.8754
1966.4166333    -47.5797
1966.5000333    -49.2071
1966.5833333    -34.4502
1966.6666333    10.9988
1966.7500333    12.5246
1966.8333333    19.8963
1966.9166333    32.3447
1967.0000333    42.4854
1967.0833333    45.2411
1967.1666333    43.612
1967.2500333    51.0597
1967.3333333    67.8148
1967.4166333    101.262
1967.5000333    108.171
1967.5833333    113.31
1967.6666333    128.603
1967.7500333    107.511
1967.8333333    92.7263
1967.9166333    86.7878
1968.0000333    88.3107
1968.0833333    76.0641
1968.1666333    51.048
1968.2500333    53.8011
1968.3333333    17.7846
1968.4166333    -6.4628
1968.5000333    -52.7872
1968.5833333    -77.9581
1968.6666333    -117.975
1968.7500333    -139.762
1968.8333333    -158.856
1968.9166333    -162.797
1969.0000333    -146.277
1969.0833333    -161.372
1969.1666333    -148.698
1969.2500333    -118.409
1969.3333333    -85.7353
1969.4166333    -79.2158
1969.5000333    -94.8502
1969.5833333    -86.3312
1969.6666333    -82.5815
1969.7500333    -51.9858
1969.8333333    -50.8519
1969.9166333    -43.1798
1970.0000333    -23.5846
1970.0833333    -29.2206
1970.1666333    -8.5491
1970.2500333    -7.1853
1970.3333333    -5.668
1970.4166333    -30.8432
1970.5000333    -23.6338
1970.5833333    -1.194
1970.6666333    2.0148
1970.7500333    1.5313
1970.8333333    -14.0295
1970.9166333    -15.8982
1971.0000333    -2.5361
1971.0833333    -11.4821
1971.1666333    -9.6591
1971.2500333    -0.3745
1971.3333333    19.525
1971.4166333    24.886
1971.5000333    -9.2147
1971.5833333    -44.5465
1971.6666333    -74.7246
1971.7500333    -66.1336
1971.8333333    -69.6198
1971.9166333    -58.1062
1972.0000333    -51.0542
1972.0833333    -62.0795
1972.1666333    -66.6434
1972.2500333    -68.1304
1972.3333333    -58.3101
1972.4166333    -60.2593
1972.5000333    -87.1315
1972.5833333    -54.6195
1972.6666333    -19.1846
1972.7500333    18.6349
1972.8333333    14.2233
1972.9166333    30.273
1973.0000333    34.8611
1973.0833333    43.2181
1973.1666333    50.7287
1973.2500333    55.3932
1973.3333333    80.365
1973.4166333    82.5674
1973.5000333    62.9235
1973.5833333    69.0486
1973.6666333    27.5581
1973.7500333    0.3752
1973.8333333    -33.9619
1973.9166333    -28.5299
1974.0000333    -6.021
1974.0833333    5.2567
1974.1666333    3.6112
1974.2500333    3.9656
1974.3333333    10.3196
1974.4166333    19.9812
1974.5000333    32.412
1974.5833333    36.6116
1974.6666333    23.888
1974.7500333    45.2412
1974.8333333    57.1326
1974.9166333    80.3314
1975.0000333    77.3764
1975.0833333    57.1902
1975.1666333    51.6193
1975.2500333    53.5867
1975.3333333    45.7846
1975.4166333    64.9053
1975.5000333    67.4876
1975.5833333    19.3772
1975.6666333    -5.8103
1975.7500333    2.4636
1975.8333333    -1.1089
1975.9166333    8.703
1976.0000333    7.7456
1976.0833333    8.7879
1976.1666333    0.2146
1976.2500333    -40.6665
1976.3333333    -59.7017
1976.4166333    -50.8141
1976.5000333    -87.7726
1976.5833333    -140.424
1976.6666333    -141.691
1976.7500333    -127.342
1976.8333333    -133.84
1976.9166333    -130.954
1977.0000333    -123.76
1977.0833333    -129.566
1977.1666333    -120.295
1977.2500333    -106.871
1977.3333333    -44.1393
1977.4166333    -30.7924
1977.5000333    -26.2918
1977.5833333    -41.8684
1977.6666333    -36.2145
1977.7500333    -44.8683
1977.8333333    -73.3686
1977.9166333    -73.2537
1978.0000333    -60.9081
1978.0833333    -68.0244
1978.1666333    -30.9101
1978.2500333    -21.642
1978.3333333    6.7796
1978.4166333    -30.3374
1978.5000333    -48.0699
1978.5833333    -68.1873
1978.6666333    -53.1511
1978.7500333    -65.8073
1978.8333333    -58.0022
1978.9166333    -37.6589
1979.0000333    -11.7003
1979.0833333    -8.8958
1979.1666333    11.8315
1979.2500333    -12.5181
1979.3333333    -27.0219
1979.4166333    -45.5259
1979.5000333    -45.4146
1979.5833333    -46.0729
1979.6666333    -67.5005
1979.7500333    -68.6975
1979.8333333    -62.2025
1979.9166333    -62.7846
1980.0000333    -55.3668
1980.0833333    -73.0262
1980.1666333    -74.1473
1980.2500333    -80.7301
1980.3333333    -71.3132
1980.4166333    -40.6657
1980.5000333    -23.7106
1980.5833333    2.3211
1980.6666333    9.5065
1980.7500333    30.5379
1980.8333333    26.8768
1980.9166333    43.8308
1981.0000333    59.0155
1981.0833333    72.3537
1981.1666333    69.7687
1981.2500333    78.799
1981.3333333    96.9058
1981.4166333    107.32
1981.5000333    73.273
1981.5833333    36.0716
1981.6666333    15.0238
1981.7500333    32.5145
1981.8333333    45.8509
1981.9166333    52.0334
1982.0000333    45.2927
1982.0833333    41.0132
1982.1666333    45.8104
1982.2500333    36.4537
1982.3333333    40.0967
1982.4166333    33.8164
1982.5000333    60.2284
1982.5833333    78.8708
1982.6666333    86.0514
1982.7500333    83.232
1982.8333333    63.2585
1982.9166333    57.2078
1983.0000333    70.3109
1983.0833333    77.6444
1983.1666333    85.9778
1983.2500333    107.926
1983.3333333    152.798
1983.4166333    156.669
1983.5000333    165.232
1983.5833333    104.95
1983.6666333    64.7432
1983.7500333    46.6138
1983.8333333    37.2532
1983.9166333    45.9694
1984.0000333    60.7625
1984.0833333    56.0937
1984.1666333    59.9631
1984.2500333    69.2171
1984.3333333    26.3939
1984.4166333    -7.4295
1984.5000333    -45.0992
1984.5833333    -91.6153
1984.6666333    -103.055
1984.7500333    -90.1096
1984.8333333    -89.0879
1984.9166333    -76.7586
1985.0000333    -67.5064
1985.0833333    -72.2545
1985.1666333    -50.772
1985.2500333    -41.9818
1985.3333333    -50.1151
1985.4166333    -35.0178
1985.5000333    -27.3052
1985.5833333    -37.2083
1985.6666333    -46.4193
1985.7500333    -43.3227
1985.8333333    -45.534
1985.9166333    -38.8995
1986.0000333    -28.7265
1986.0833333    -31.4
1986.1666333    -15.6121
1986.2500333    -18.5936
1986.3333333    -8.1139
1986.4166333    1.3657
1986.5000333    -19.6163
1986.5833333    -22.5218
1986.6666333    -22.1966
1986.7500333    -17.7947
1986.8333333    -5.4699
1986.9166333    1.7777
1987.0000333    12.0252
1987.0833333    13.2725
1987.1666333    29.5195
1987.2500333    5.6895
1987.3333333    -12.6023
1987.4166333    -27.1251
1987.5000333    -33.2633
1987.5833333    -25.325
1987.6666333    -32.0791
1987.7500333    -12.5256
1987.8333333    -12.0494
1987.9166333    -12.881
1988.0000333    -14.0974
1988.0833333    -1.4679
1988.1666333    6.5461
1988.2500333    0.8676
1988.3333333    14.1888
1988.4166333    39.0483
1988.5000333    69.9077
1988.5833333    96.0745
1988.6666333    117.856
1988.7500333    113.254
1988.8333333    120.958
1988.9166333    133.432
1989.0000333    142.829
1989.0833333    163.917
1989.1666333    152.621
1989.2500333    150.633
1989.3333333    147.413
1989.4166333    151.27
1989.5000333    152.512
1989.5833333    144.292
1989.6666333    152.687
1989.7500333    142.236
1989.8333333    144.707
1989.9166333    139.025
1990.0000333    152.958
1990.0833333    157.198
1990.1666333    147.207
1990.2500333    153.755
1990.3333333    143.302
1990.4166333    138.849
1990.5000333    141.165
1990.5833333    97.4812
1990.6666333    42.7969
1990.7500333    -19.5028
1990.8333333    -37.0336
1990.9166333    -30.9492
1991.0000333    -22.7111
1991.0833333    -25.704
1991.1666333    -22.4664
1991.2500333    -20.5365
1991.3333333    -21.4531
1991.4166333    -8.8314
1991.5000333    22.4825
1991.5833333    20.4884
1991.6666333    49.571
1991.7500333    67.8074
1991.8333333    79.2743
1991.9166333    71.2025
1992.0000333    67.3613
1992.0833333    74.1353
1992.1666333    74.986
1992.2500333    56.6058
1992.3333333    60.9177
1992.4166333    68.537
1992.5000333    83.4639
1992.5833333    72.7752
1992.6666333    60.4708
1992.7500333    34.628
1992.8333333    17.0925
1992.9166333    20.326
1993.0000333    50.5595
1993.0833333    65.408
1993.1666333    44.9486
1993.2500333    19.8738
1993.3333333    0.5679
1993.4166333    -12.892
1993.5000333    -20.5059
1993.5833333    -63.6585
1993.6666333    -87.5037
1993.7500333    -96.3489
1993.8333333    -98.1944
1993.9166333    -66.5786
1994.0000333    -72.4245
1994.0833333    -93.4244
1994.1666333    -106.732
1994.2500333    -87.3479
1994.3333333    -64.8869
1994.4166333    -15.3492
1994.5000333    4.4192
1994.5833333    29.0334
1994.6666333    56.4936
1994.7500333    69.723
1994.8333333    69.952
1994.9166333    84.104
1995.0000333    72.8712
1995.0833333    71.4073
1995.1666333    90.7894
1995.2500333    101.633
1995.3333333    77.8609
1995.4166333    45.627
1995.5000333    -9.1454
1995.5833333    -60.8412
1995.6666663    0.0
1995.7500333    -117.002
1995.8333333    -145.622
1995.9166333    -162.165
1996.0000333    -148.169
1996.0833333    -159.174
1996.1666333    -182.486
1996.2500333    -183.03
1996.3333333    -176.727
1996.4166333    -184.887
1996.5000333    -171.507
1996.5833333    -128.282
1996.6666333    -81.6731
1996.7500333    -35.1408
1996.8333333    -17.2241
1996.9166333    -12.9231
1997.0000333    -23.699
1997.0833333    -48.1675
1997.1666333    -19.2517
1997.2500333    24.1256
1997.3333333    23.2719
1997.4166333    -7.9666
1997.5000333    -4.513
1997.5833333    15.4019
1997.6666333    12.1628
1997.7500333    -26.9226
1997.8333333    -50.0083
1997.9166333    -47.325
1998.0000333    -23.411
1998.0833333    7.5797
1998.1666333    24.3394
1998.2500333    10.1759
1998.3333333    1.166
1998.4166333    16.3097
1998.5000333    41.1456
1998.5833333    51.1351
1998.6666333    24.8936
1998.7500333    8.7289
1998.8333333    21.8716
1998.9166333    22.9373
1999.0000333    22.6951
1999.0833333    4.068
1999.1666333    -25.79
1999.2500333    -19.1097
1999.3333333    -15.6605
1999.4166333    5.5578
1999.5000333    21.776
1999.5833333    41.5324
1999.6666333    47.9808
1999.7500333    43.1215
1999.8333333    32.3388
1999.9166333    50.479
2000.0000333    71.9268
2000.0833333    81.4512
2000.1666333    73.8216
2000.2500333    70.5765
2000.3333333    54.9465
2000.4166333    57.7778
2000.5000333    22.3013
2000.5833333    -8.7139
2000.6666333    -50.3447
2000.7500333    -86.1294
2000.8333333    -82.6068
2000.9166333    -64.5459
2001.0000333    -73.9466
2001.0833333    -81.5014
2001.1666333    -80.9026
2001.2500333    -65.9193
2001.3333333    -22.0901
2001.4166333    -13.7996
2001.5000333    -1.74
2001.5833333    39.9348
2001.6666333    75.5324
2001.7500333    73.4376
2001.8333333    73.5733
2001.9166333    77.1703
2002.0000333    78.8442
2002.0833333    70.9793
2002.1666333    57.1911
2002.2500333    33.249
2002.3333333    18.7682
2002.4166333    -42.9437
2002.5000333    -42.4248
2002.5833333    -71.9832
2002.6666333    -131.773
2002.7500333    -177.485
2002.8333333    -173.583
2002.9166333    -157.449
2003.0000333    -152.009
2003.0833333    -154.414
2003.1666333    -140.743
2003.2500333    -123.149
2003.3333333    -112.556
2003.4166333    -88.039
2003.5000333    -56.4456
2003.5833333    -50.0832
2003.6666333    -47.2595
2003.7500333    -42.4359
2003.8333333    -33.5357
2003.9166333    -20.0202
2004.0000333    -9.6588
2004.0833333    -14.3745
2004.1666333    -2.7058
2004.2500333    2.1166
2004.3333333    5.708
2004.4166333    38.453
2004.5000333    67.8133
2004.5833333    72.0964
2004.6666333    47.3023
2004.7500333    36.5851
2004.8333333    42.6368
2004.9166333    52.9192
2005.0000333    50.5859
2005.0833333    51.8679
2005.1666333    60.765
2005.2500333    41.9697
2005.3333333    46.1741
2005.4166333    35.1475
2005.5000333    -4.9561
2005.5833333    -63.06
2005.6666333    -90.3948
2005.7500333    -79.1144
2005.8333333    -73.6804
2005.9166333    -65.4773
2006.0000333    -76.1206
2006.0833333    -84.3795
2006.1666333    -91.7924
2006.2500333    -88.9747
2006.3333333    -60.6188
2006.4166333    -37.263
2006.5000333    8.9387
2006.5833333    29.8325
2006.6666333    47.4184
2006.7500333    74.8503
2006.8333333    81.1281
2006.9166333    87.9442
2007.0000333    102.76
2007.0833333    119.345
2007.1666333    146.084
2007.2500333    143.053
2007.3333333    149.483
2007.4166333    141.298
2007.5000333    117.113
2007.5833333    95.3891
2007.6666333    111.896
2007.7500333    100.556
2007.8333333    81.8315
2007.9166333    75.1068
2008.0000333    86.2281
2008.0833333    78.5029
2008.1666333    57.5469
2008.2500333    58.6676
2008.3333333    79.1726
2008.4166333    75.2929
2008.5000333    60.4899
2008.5833333    35.9175
2008.6666333    1.3448
2008.7500333    -40.3049
2008.8333333    -42.1087
2008.9166333    -26.9896
2009.0000333    -19.3322
2009.0833333    -21.4443
2009.1666333    -15.5565
2009.2500333    9.7157
2009.3333333    -24.8585
2009.4166333    -54.9714
2009.5000333    -93.7767
2009.5833333    -122.813
2009.6666333    -111.542
2009.7500333    -110.425
2009.8333333    -97.3847
2009.9166333    -87.9603
2010.0000333    -91.3821
2010.0833333    -91.1889
2010.1666333    -95.4573
2010.2500333    -113.88
2010.3333333    -121.072
2010.4166333    -120.341
2010.5000333    -113.379
2010.5833333    -89.1871
2010.6666333    -72.3029
2010.7500333    -68.9573
2010.8333333    -72.7658
2010.9166333    -66.4206
2011.0000333    -67.2295
2011.0833333    -63.2693
2011.1666333    -49.7709
2011.2500333    -28.9649
2011.3333333    -21.7746
2011.4166333    13.1848
2011.5000333    54.6824
2011.5833333    46.1799
2011.6666333    54.6771
2011.7500333    65.0973
2011.8333333    56.0557
2011.9166333    68.1677
2012.0000333    69.1258
2012.0833333    71.699
2012.1666333    91.7335
2012.2500333    95.4602
2012.3333333    87.802
2012.4166333    79.2975
2012.5000333    33.7159
2012.5833333    -5.3274
2012.6666333    -30.0633
2012.7500333    -53.7224
2012.8333333    -67.6894
2012.9166333    -68.349
2013.0000333    -70.0856
2013.0833333    -73.207
2013.1666333    -75.9441
2013.2500333    -104.527
2013.3333333    -101.188
2013.4166333    -82.2333
2013.5000333    -77.5864
2013.5833333    -91.5552
2013.6666333    -84.2935
2013.7500333    -60.6472
2013.8333333    -54.0012
2013.9166333    -48.3554
2014.0000333    -49.5559
2014.0833333    -47.372
2014.1666333    -55.1114
2014.2500333    -62.3894
2014.3333333    -68.0523
2014.4166333    -83.1769
2014.5000333    -81.0708
2014.5833333    -65.5804
2014.6666333    -51.321
2014.7500333    -43.1386
2014.8333333    -29.2642
2014.9166333    -7.0823
2015.0000333    12.0995
2015.0833333    16.0503
2015.1666333    8.6931
2015.2500333    2.4897
2015.3333333    29.5937
2015.4166333    86.236
2015.5000333    76.1089
2015.5833333    63.5201
2015.6666333    41.7002
2015.7500333    41.7264
2015.8333333    25.9831
2015.9166333    6.5473
2016.0000333    2.1113
2016.0833333    3.9828
2016.1666333    12.931
2016.2500333    -5.1978
2016.3333333    0.5192
2016.4166333    2.9284
2016.5000333    -21.5087
2016.5833333    -30.6384
2016.6666333    -50.6913
2016.7500333    -33.8214
2016.8333333    -39.7209
2016.9166333    -23.6206
2017.0000333    -2.2127
2017.0833333    -1.882
2017.1666333    -14.7054
2017.2500333    -7.3751
2017.3333333    44.1089
2017.4166333    84.7465
2017.5000333    73.9993
2017.5833333    47.2519
2017.6666333    31.6582
2017.7500333    11.295
2017.8333333    -12.2222
2017.9166333    -11.9704
2018.0000333    -23.7957
2018.0833333    -30.6212
2018.1666333    -25.5238
2018.2500333    -7.3497
2018.3333333    -24.8681
2018.4166333    -58.4636
2018.5000333    -80.29
2018.5833333    -86.886
2018.6666333    -64.3282
2018.7500333    -53.0783
2018.8333333    -39.4441
2018.9166333    -30.6561
2019.0000333    -13.8684
2019.0833333    -12.927
2019.1666333    -1.0627
2019.2500333    -0.2756
2019.3333333    -30.5655
2019.4166333    -8.7018
2019.5000333    32.854
2019.5833333    63.2557
2019.6666333    79.0419
2019.7500333    73.3663
2019.8333333    95.7675
2019.9166333    94.0915
2020.0000333    114.108
2020.0833333    109.047
2020.1666333    122.293
2020.2500333    105.386
2020.3333333    112.94
2020.4166333    123.724
2020.5000333    104.739
2020.5833333    55.6769
2020.6666333    15.4607
2020.7500333    4.7059
2020.8333333    -7.5107
2020.9166333    -20.5736
2021.0000333    -20.7905
2021.0833333    -26.5461
2021.1666333    -36.5327
2021.2500333    -36.1349
2021.3333333    -12.8141
2021.4166333    -30.4936
2021.5000333    -10.5579
2021.5833333    31.993
2021.6666333    44.3899
2021.7500333    39.1712
2021.8333333    26.9522
2021.9166333    36.5024
2022.0000333    54.4369
2022.0833333    61.0636
2022.1666333    41.767
2022.2500333    58.624
2022.3333333    48.7116
2022.4166333    22.799
2022.5000333    32.5785
2022.5833333    30.1271
2022.6666333    1.2139
2022.7500333    -15.0841
2022.8333333    -24.4592
2022.9166333    -31.9114
2023.0000333    -26.4407
2023.0833333    -23.8164
2023.1666333    -17.8846
2023.2500333    13.4316
2023.3333333    10.0553
2023.4166333    16.3712
2023.5000333    33.0714
2023.5833333    38.9253
2023.6666333    7.0098
2023.7500333    -3.3674
2023.8333333    -7.2834
2023.9166333    3.8774
2024.0000333    21.115
2024.0833333    19.1216
2024.1666333    2.4356
2024.2500333    -1.4043
2024.3333333    -0.3983
2024.4166333    9.6844
2024.5000333    6.3567
2024.5833333    -1.5773
2024.6666333    -21.3994
2024.7500333    1.7056
2024.8333333    7.7104
2024.9166333    54.0008
