1862.0000333    21.8416
1862.0833333    29.4197
1862.1666333    21.9975
1862.2500333    28.0753
1862.3333333    19.4254
1862.4166333    28.8966
1862.5000333    29.2301
1862.5833333    25.4608
1862.6666333    30.1528
1862.7500333    27.1523
1862.8333333    22.6131
1862.9166333    22.6891
1863.0000333    16.6111
1863.0833333    12.8405
1863.1666333    12.9158
1863.2500333    15.2987
1863.3333333    5.3736
1863.4166333    20.8329
1863.5000333    -3.7079
1863.5833333    -9.0182
1863.6666333    -5.098
1863.7500333    -9.6394
1863.8333333    -9.5658
1863.9166333    -1.8
1864.0000333    0.581
1864.0833333    3.7309
1864.1666333    4.573
1864.2500333    -0.739
1864.3333333    -1.4358
1864.4166333    -9.8252
1864.5000333    -15.1378
1864.5833333    -4.2968
1864.6666333    -9.6098
1864.7500333    -15.6923
1864.8333333    -3.3135
1864.9166333    -0.1656
1865.0000333    2.9821
1865.0833333    5.3603
1865.1666333    -0.7233
1865.2500333    1.6546
1865.3333333    1.7244
1865.4166333    -5.129
1865.5000333    11.0944
1865.5833333    17.3174
1865.6666333    17.3864
1865.7500333    22.8399
1865.8333333    30.6008
1865.9166333    32.2077
1866.0000333    41.5067
1866.0833333    47.7285
1866.1666333    54.7194
1866.2500333    50.1716
1866.3333333    59.4697
1866.4166333    67.2291
1866.5000333    79.6038
1866.5833333    81.209
1866.6666333    67.4293
1866.7500333    79.8034
1866.8333333    85.254
1866.9166333    88.3968
1867.0000333    96.1549
1867.0833333    90.0665
1867.1666333    85.5163
1867.2500333    81.7352
1867.3333333    92.5693
1867.4166333    83.4031
1867.5000333    74.2368
1867.5833333    78.9163
1867.6666333    77.4418
1867.7500333    82.1211
1867.8333333    72.9538
1867.9166333    73.7864
1868.0000333    76.9265
1868.0833333    72.374
1868.1666333    73.9752
1868.2500333    77.8839
1868.3333333    71.0231
1868.4166333    76.4698
1868.5000333    58.0702
1868.5833333    70.4395
1868.6666333    58.1933
1868.7500333    52.1007
1868.8333333    54.4694
1868.9166333    61.4533
1869.0000333    60.7448
1869.0833333    60.0359
1869.1666333    69.3268
1869.2500333    80.1561
1869.3333333    82.5236
1869.4166333    82.5831
1869.5000333    67.2579
1869.5833333    58.8555
1869.6666333    48.1451
1869.7500333    49.7424
1869.8333333    51.3393
1869.9166333    49.8591
1870.0000333    47.6096
1870.0833333    58.4367
1870.1666333    54.6482
1870.2500333    47.7826
1870.3333333    33.2244
1870.4166333    10.2045
1870.5000333    -6.6617
1870.5833333    -12.7589
1870.6666333    0.3744
1870.7500333    3.5075
1870.8333333    6.6404
1870.9166333    16.6962
1871.0000333    23.6749
1871.0833333    22.1917
1871.1666333    16.093
1871.2500333    15.3787
1871.3333333    3.895
1871.4166333    -1.4352
1871.5000333    -1.3808
1871.5833333    5.5963
1871.6666333    15.6502
1871.7500333    24.9347
1871.8333333    24.9881
1871.9166333    26.5798
1872.0000333    25.0944
1872.0833333    22.8395
1872.1666333    35.969
1872.2500333    34.483
1872.3333333    37.6121
1872.4166333    40.741
1872.5000333    48.4851
1872.5833333    47.7674
1872.6666333    50.8957
1872.7500333    52.4853
1872.8333333    54.0747
1872.9166333    58.7408
1873.0000333    64.9452
1873.0833333    65.7647
1873.1666333    70.4301
1873.2500333    61.2493
1873.3333333    59.7604
1873.4166333    51.3483
1873.5000333    49.8592
1873.5833333    39.1389
1873.6666333    47.6493
1873.7500333    52.3133
1873.8333333    50.054
1873.9166333    47.0253
1874.0000333    43.2271
1874.0833333    43.2749
1874.1666333    44.0916
1874.2500333    39.5236
1874.3333333    36.4938
1874.4166333    30.3869
1874.5000333    31.9721
1874.5833333    18.1724
1874.6666333    16.6803
1874.7500333    12.111
1874.8333333    13.6953
1874.9166333    19.1256
1875.0000333    22.248
1875.0833333    22.2932
1875.1666333    18.4921
1875.2500333    6.2292
1875.3333333    9.3507
1875.4166333    7.0874
1875.5000333    -3.6376
1875.5833333    2.5602
1875.6666333    30.2963
1875.7500333    38.0322
1875.8333333    40.3832
1875.9166333    45.8109
1876.0000333    52.0077
1876.0833333    56.6658
1876.1666333    65.1698
1876.2500333    65.9814
1876.3333333    72.9465
1876.4166333    62.2192
1876.5000333    73.0301
1876.5833333    101.533
1876.6666333    101.574
1876.7500333    87.7692
1876.8333333    92.4254
1876.9166333    102.466
1877.0000333    109.43
1877.0833333    112.546
1877.1666333    107.971
1877.2500333    104.934
1877.3333333    104.974
1877.4166333    101.936
1877.5000333    101.975
1877.5833333    85.0909
1877.6666333    82.8219
1877.7500333    79.7835
1877.8333333    88.2833
1877.9166333    92.9368
1878.0000333    96.0516
1878.0833333    94.5508
1878.1666333    91.5113
1878.2500333    88.4716
1878.3333333    80.8164
1878.4166333    74.6993
1878.5000333    61.659
1878.5833333    64.7723
1878.6666333    66.3469
1878.7500333    58.6906
1878.8333333    58.7264
1878.9166333    58.7619
1879.0000333    62.6434
1879.0833333    59.6016
1879.1666333    52.7135
1879.2500333    44.2867
1879.3333333    47.3981
1879.4166333    37.4323
1879.5000333    30.5434
1879.5833333    42.8849
1879.6666333    33.6878
1879.7500333    39.8751
1879.8333333    35.2929
1879.9166333    42.249
1880.0000333    38.4357
1880.0833333    30.0068
1880.1666333    27.7314
1880.2500333    34.6867
1880.3333333    43.1802
1880.4166333    53.212
1880.5000333    57.7051
1880.5833333    61.0441
1880.6666333    59.3829
1880.7500333    63.1062
1880.8333333    56.4445
1880.9166333    57.0904
1881.0000333    53.89
1881.0833333    62.2277
1881.1666333    62.8729
1881.2500333    63.1334
1881.3333333    56.0859
1881.4166333    49.4228
1881.5000333    28.9134
1881.5833333    29.7114
1881.6666333    34.3554
1881.7500333    30.5376
1881.8333333    26.335
1881.9166333    32.1322
1882.0000333    28.6985
1882.0833333    36.8029
1882.1666333    22.9841
1882.2500333    19.9343
1882.3333333    27.6535
1882.4166333    23.0648
1882.5000333    17.3221
1882.5833333    13.8869
1882.6666333    14.2975
1882.7500333    3.9388
1882.8333333    6.2721
1882.9166333    7.836
1883.0000333    8.6305
1883.0833333    9.8094
1883.1666333    -0.9351
1883.2500333    5.628
1883.3333333    12.9601
1883.4166333    12.5996
1883.5000333    22.0082
1883.5833333    15.2627
1883.6666333    13.9017
1883.7500333    9.8481
1883.8333333    15.4097
1883.9166333    14.0479
1884.0000333    17.6861
1884.0833333    14.7855
1884.1666333    16.5
1884.2500333    25.5221
1884.3333333    16.8517
1884.4166333    12.0272
1884.5000333    -6.2591
1884.5833333    -17.7763
1884.6666333    -17.7553
1884.7500333    -15.4268
1884.8333333    -7.7139
1884.9166333    -9.232
1885.0000333    -14.5964
1885.0833333    -14.5765
1885.1666333    -10.7106
1885.2500333    -2.2295
1885.3333333    -18.364
1885.4166333    -14.4987
1885.5000333    -16.0183
1885.5833333    -24.4611
1885.6666333    -34.4426
1885.7500333    -37.5013
1885.8333333    -39.0217
1885.9166333    -42.85
1886.0000333    -37.4477
1886.0833333    -27.4303
1886.1666333    -26.6438
1886.2500333    -31.2422
1886.3333333    -37.3792
1886.4166333    -21.2088
1886.5000333    -38.1155
1886.5833333    -58.8685
1886.6666333    -58.8526
1886.7500333    -60.3753
1886.8333333    -58.8213
1886.9166333    -61.8829
1887.0000333    -69.5601
1887.0833333    -73.3913
1887.1666333    -77.992
1887.2500333    -72.5929
1887.3333333    -78.7325
1887.4166333    -84.103
1887.5000333    -107.935
1887.5833333    -111.768
1887.6666333    -102.524
1887.7500333    -103.28
1887.8333333    -104.805
1887.9166333    -105.561
1888.0000333    -97.8566
1888.0833333    -96.3058
1888.1666333    -107.063
1888.2500333    -110.128
1888.3333333    -123.193
1888.4166333    -127.797
1888.5000333    -149.324
1888.5833333    -139.313
1888.6666333    -135.456
1888.7500333    -140.06
1888.8333333    -138.512
1888.9166333    -135.424
1889.0000333    -125.414
1889.0833333    -122.328
1889.1666333    -110.01
1889.2500333    -97.6931
1889.3333333    -91.53
1889.4166333    -92.2902
1889.5000333    -79.2045
1889.5833333    -78.4267
1889.6666333    -79.9568
1889.7500333    -68.4101
1889.8333333    -59.1714
1889.9166333    -52.2406
1890.0000333    -41.4638
1890.0833333    -42.2257
1890.1666333    -52.2186
1890.2500333    -49.904
1890.3333333    -51.4358
1890.4166333    -71.4293
1890.5000333    -74.6538
1890.5833333    -97.417
1890.6666333    -76.8727
1890.7500333    -88.4055
1890.8333333    -93.1693
1890.9166333    -99.7795
1891.0000333    -99.3129
1891.0833333    -102.539
1891.1666333    -106.15
1891.2500333    -99.0684
1891.3333333    -113.295
1891.4166333    -108.291
1891.5000333    -89.3642
1891.5833333    -83.4376
1891.6666333    -79.4343
1891.7500333    -89.2773
1891.8333333    -85.4283
1891.9166333    -85.8871
1892.0000333    -85.2693
1892.0833333    -86.4978
1892.1666333    -87.7265
1892.2500333    -81.8016
1892.3333333    -87.1076
1892.4166333    -83.6447
1892.5000333    -97.0281
1892.5833333    -96.104
1892.6666333    -96.9493
1892.7500333    -97.0257
1892.8333333    -95.7176
1892.9166333    -93.6405
1893.0000333    -90.256
1893.0833333    -85.5639
1893.1666333    -76.2567
1893.2500333    -68.1035
1893.3333333    -70.4121
1893.4166333    -64.7978
1893.5000333    -71.4914
1893.5833333    -62.1084
1893.6666333    -69.0332
1893.7500333    -68.7274
1893.8333333    -58.268
1893.9166333    -54.7319
1894.0000333    -47.0422
1894.0833333    -40.8912
1894.1666333    -35.2018
1894.2500333    -32.8204
1894.3333333    -33.8239
1894.4166333    -19.6736
1894.5000333    -20.4467
1894.5833333    -23.7585
1894.6666333    -25.3781
1894.7500333    -25.8441
1894.8333333    -26.8488
1894.9166333    -28.6229
1895.0000333    -20.7819
1895.0833333    -21.7103
1895.1666333    -27.2542
1895.2500333    -18.1831
1895.3333333    -26.9582
1895.4166333    -19.5029
1895.5000333    -39.2015
1895.5833333    -50.285
1895.6666333    -34.9072
1895.7500333    -37.4527
1895.8333333    -39.9983
1895.9166333    -34.9288
1896.0000333    -29.1673
1896.0833333    -32.3289
1896.1666333    -22.4908
1896.2500333    -19.1914
1896.3333333    -36.3537
1896.4166333    -40.5163
1896.5000333    -60.8329
1896.5833333    -62.6112
1896.6666333    -52.6974
1896.7500333    -66.0147
1896.8333333    -63.1782
1896.9166333    -58.1113
1897.0000333    -58.583
1897.0833333    -56.901
1897.1666333    -53.7578
1897.2500333    -68.6916
1897.3333333    -72.6257
1897.4166333    -76.8677
1897.5000333    -73.8022
1897.5833333    -56.0446
1897.6666333    -56.9795
1897.7500333    -63.53
1897.8333333    -55.1577
1897.9166333    -58.4009
1898.0000333    -57.8752
1898.0833333    -58.1188
1898.1666333    -62.5935
1898.2500333    -66.6837
1898.3333333    -63.0049
1898.4166333    -50.5571
1898.5000333    -32.3403
1898.5833333    -31.3545
1898.6666333    -43.4458
1898.7500333    -32.6142
1898.8333333    -27.1675
1898.9166333    -31.1825
1899.0000333    -26.6592
1899.0833333    -27.9054
1899.1666333    -15.7672
1899.2500333    -15.7061
1899.3333333    -14.5684
1899.4166333    -23.8154
1899.5000333    -38.1396
1899.5833333    -52.6947
1899.6666333    -61.4039
1899.7500333    -69.421
1899.8333333    -80.2076
1899.9166333    -80.9174
1900.0000333    -80.3198
1900.0833333    -83.4916
1900.1666333    -85.2021
1900.2500333    -90.0666
1900.3333333    -95.239
1900.4166333    -95.4886
1900.5000333    -90.8153
1900.5833333    -99.296
1900.6666333    -108.777
1900.7500333    -106.412
1900.8333333    -113.124
1900.9166333    -116.067
1901.0000333    -122.472
1901.0833333    -122.877
1901.1666333    -122.975
1901.2500333    -116.688
1901.3333333    -122.402
1901.4166333    -115.192
1901.5000333    -115.675
1901.5833333    -129.082
1901.6666333    -121.95
1901.7500333    -121.587
1901.8333333    -117.61
1901.9166333    -109.325
1902.0000333    -104.578
1902.0833333    -99.6011
1902.1666333    -105.394
1902.2500333    -106.879
1902.3333333    -123.671
1902.4166333    -131.849
1902.5000333    -134.719
1902.5833333    -136.128
1902.6666333    -118.845
1902.7500333    -109.177
1902.8333333    -95.8946
1902.9166333    -101.073
1903.0000333    -83.6373
1903.0833333    -68.8167
1903.1666333    -59.3809
1903.2500333    -35.4069
1903.3333333    -16.5869
1903.4166333    -4.3056
1903.5000333    1.7448
1903.5833333    12.2564
1903.6666333    6.614
1903.7500333    9.2791
1903.8333333    3.7132
1903.9166333    5.0702
1904.0000333    13.35
1904.0833333    7.4758
1904.1666333    -6.5525
1904.2500333    -5.7348
1904.3333333    -6.0712
1904.4166333    -11.7924
1904.5000333    -8.1292
1904.5833333    -7.7739
1904.6666333    -21.3419
1904.7500333    -16.064
1904.8333333    -24.8632
1904.9166333    -24.5857
1905.0000333    -26.5391
1905.0833333    -20.3389
1905.1666333    -21.139
1905.2500333    -1.7085
1905.3333333    -9.7397
1905.4166333    -27.4634
1905.5000333    -31.4951
1905.5833333    -31.9885
1905.6666333    -29.559
1905.7500333    -33.2836
1905.8333333    -34.0853
1905.9166333    -29.2718
1906.0000333    -29.7663
1906.0833333    -27.9533
1906.1666333    -37.9097
1906.2500333    -36.7125
1906.3333333    -45.977
1906.4166333    -33.0878
1906.5000333    -31.6605
1906.5833333    -40.3872
1906.6666333    -44.5756
1906.7500333    -48.5335
1906.8333333    -38.2608
1906.9166333    -31.9114
1907.0000333    -28.0238
1907.0833333    -20.3672
1907.1666333    -20.4799
1907.2500333    -10.8237
1907.3333333    -9.2446
1907.4166333    -11.2041
1907.5000333    -18.3947
1907.5833333    -7.2009
1907.6666333    -10.161
1907.7500333    -7.6599
1907.8333333    -6.0052
1907.9166333    -6.5044
1908.0000333    -8.3886
1908.0833333    -1.2729
1908.1666333    -3.542
1908.2500333    -8.8884
1908.3333333    -9.2349
1908.4166333    -17.2739
1908.5000333    -17.9285
1908.5833333    -22.9679
1908.6666333    -30.0076
1908.7500333    -25.0475
1908.8333333    -31.7029
1908.9166333    -32.897
1909.0000333    -25.2452
1909.0833333    -24.0551
1909.1666333    -30.9422
1909.2500333    -23.368
1909.3333333    -9.2554
1909.4166333    -2.2201
1909.5000333    15.6612
1909.5833333    16.5424
1909.6666333    10.1925
1909.7500333    9.0732
1909.8333333    12.0306
1909.9166333    23.2955
1910.0000333    30.637
1910.0833333    22.2092
1910.1666333    19.0889
1910.2500333    15.4298
1910.3333333    20.4629
1910.4166333    19.8034
1910.5000333    1.7591
1910.5833333    -7.8238
1910.6666333    -16.0993
1910.7500333    -7.8366
1910.8333333    -10.1124
1910.9166333    -13.2347
1911.0000333    -20.511
1911.0833333    -24.326
1911.1666333    -18.0643
1911.2500333    -13.0336
1911.3333333    -5.3107
1911.4166333    -19.0496
1911.5000333    -34.7118
1911.5833333    -22.5281
1911.6666333    -22.883
1911.7500333    -21.6997
1911.8333333    -23.7473
1911.9166333    -22.026
1912.0000333    -22.6895
1912.0833333    -5.507
1912.1666333    -1.5554
1912.2500333    3.3189
1912.3333333    13.8854
1912.4166333    24.9901
1912.5000333    19.4023
1912.5833333    24.4297
1912.6666333    24.0722
1912.7500333    20.3299
1912.8333333    21.049
1912.9166333    26.9217
1913.0000333    29.3326
1913.0833333    34.2049
1913.1666333    20.8462
1913.2500333    22.9487
1913.3333333    34.6665
1913.4166333    31.6149
1913.5000333    11.1784
1913.5833333    16.6648
1913.6666333    26.3048
1913.7500333    14.4061
1913.8333333    9.9688
1913.9166333    10.4544
1914.0000333    11.7858
1914.0833333    6.6556
1914.1666333    15.5251
1914.2500333    16.6251
1914.3333333    16.725
1914.4166333    6.1324
1914.5000333    5.2318
1914.5833333    5.7926
1914.6666333    2.8147
1914.7500333    -10.9326
1914.8333333    -9.2955
1914.9166333    -10.9664
1915.0000333    -7.3298
1915.0833333    -10.7702
1915.1666333    -10.5186
1915.2500333    -30.5749
1915.3333333    -23.7853
1915.4166333    -23.765
1915.5000333    -22.2066
1915.5833333    -32.3406
1915.6666333    -30.0903
1915.7500333    -32.4556
1915.8333333    -30.0518
1915.9166333    -24.1097
1916.0000333    -22.3218
1916.0833333    -17.7648
1916.1666333    -11.7465
1916.2500333    -1.2669
1916.3333333    9.5203
1916.4166333    14.3072
1916.5000333    3.3246
1916.5833333    -17.4273
1916.6666333    -21.2564
1916.7500333    -19.6242
1916.8333333    -21.9922
1916.9166333    -19.8988
1917.0000333    -20.498
1917.0833333    -10.4051
1917.1666333    -11.3124
1917.2500333    -0.9122
1917.3333333    3.4878
1917.4166333    4.0414
1917.5000333    1.5179
1917.5833333    3.9942
1917.6666333    1.2395
1917.7500333    0.4845
1917.8333333    -6.3475
1917.9166333    -4.4875
1918.0000333    -4.0123
1918.0833333    -6.4603
1918.1666333    -2.2163
1918.2500333    -11.6648
1918.3333333    -37.0366
1918.4166333    -41.8701
1918.5000333    -55.2423
1918.5833333    -70.6916
1918.6666333    -73.4489
1918.7500333    -67.6679
1918.8333333    -77.6563
1918.9166333    -70.4141
1919.0000333    -68.9415
1919.0833333    -67.1613
1919.1666333    -66.3044
1919.2500333    -77.4478
1919.3333333    -74.9759
1919.4166333    -61.735
1919.5000333    -65.1098
1919.5833333    -57.177
1919.6666333    -58.8598
1919.7500333    -56.3122
1919.8333333    -62.0723
1919.9166333    -55.7558
1920.0000333    -58.5164
1920.0833333    -57.508
1920.1666333    -61.1921
1920.2500333    -71.338
1920.3333333    -80.7917
1920.4166333    -85.861
1920.5000333    -77.7768
1920.5833333    -92.4619
1920.6666333    -91.9934
1920.7500333    -92.1406
1920.8333333    -97.5187
1920.9166333    -87.9739
1921.0000333    -83.5063
1921.0833333    -79.5004
1921.1666333    -80.8793
1921.2500333    -68.797
1921.3333333    -57.1763
1921.4166333    -37.0943
1921.5000333    -31.0126
1921.5833333    -50.3156
1921.6666333    -41.0804
1921.7500333    -39.0763
1921.8333333    -36.6107
1921.9166333    -28.6839
1922.0000333    -23.6803
1922.0833333    -19.2154
1922.1666333    -15.8276
1922.2500333    -19.4401
1922.3333333    -17.822
1922.4166333    -9.8964
1922.5000333    -17.6634
1922.5833333    -20.5074
1922.6666333    -23.1978
1922.7500333    -25.4269
1922.8333333    -23.5024
1922.9166333    -16.1934
1923.0000333    -14.3463
1923.0833333    -11.4993
1923.1666333    -11.0371
1923.2500333    -1.0367
1923.3333333    12.1174
1923.4166333    6.6558
1923.5000333    -6.2675
1923.5833333    -8.8064
1923.6666333    -6.5762
1923.7500333    1.5767
1923.8333333    4.9603
1923.9166333    2.7283
1924.0000333    4.8805
1924.0833333    7.5712
1924.1666333    7.8001
1924.2500333    10.1825
1924.3333333    -7.4352
1924.4166333    -14.2069
1924.5000333    -14.5943
1924.5833333    -7.2896
1924.6666333    -12.5235
1924.7500333    -14.9885
1924.8333333    -15.4536
1924.9166333    -13.842
1925.0000333    -11.3845
1925.0833333    -13.0041
1925.1666333    -7.6239
1925.2500333    -8.7824
1925.3333333    -5.7873
1925.4166333    14.9769
1925.5000333    14.0485
1925.5833333    11.9661
1925.6666333    10.2682
1925.7500333    14.8776
1925.8333333    17.6407
1925.9166333    19.1729
1926.0000333    20.6278
1926.0833333    22.3903
1926.1666333    26.768
1926.2500333    25.2992
1926.3333333    24.2919
1926.4166333    18.3612
1926.5000333    4.1995
1926.5833333    0.6531
1926.6666333    -0.3551
1926.7500333    4.7902
1926.8333333    3.1662
1926.9166333    10.6189
1927.0000333    14.3021
1927.0833333    20.5236
1927.1666333    29.2834
1927.2500333    28.5813
1927.3333333    23.3407
1927.4166333    11.7152
1927.5000333    15.0894
1927.5833333    14.925
1927.6666333    10.222
1927.7500333    9.3648
1927.8333333    1.5844
1927.9166333    7.9577
1928.0000333    3.0999
1928.0833333    3.7804
1928.1666333    -4.2316
1928.2500333    -7.7823
1928.3333333    8.3591
1928.4166333    4.5773
1928.5000333    3.9489
1928.5833333    -20.4487
1928.6666333    -32.8466
1928.7500333    -26.5525
1928.8333333    -33.0277
1928.9166333    -31.0415
1929.0000333    -34.748
1929.0833333    -35.2239
1929.1666333    -35.6999
1929.2500333    -25.8686
1929.3333333    -27.5759
1929.4166333    -37.4372
1929.5000333    -32.9911
1929.5833333    -37.3913
1929.6666333    -20.7916
1929.7500333    -13.0385
1929.8333333    -10.0547
1929.9166333    -5.0711
1930.0000333    6.6814
1930.0833333    16.5876
1930.1666333    24.4167
1930.2500333    34.784
1930.3333333    44.0742
1930.4166333    37.672
1930.5000333    39.3463
1930.5833333    34.7897
1930.6666333    41.4637
1930.7500333    45.5989
1930.8333333    48.0418
1930.9166333    49.0228
1931.0000333    61.0805
1931.0833333    55.4457
1931.1666333    48.8877
1931.2500333    51.2524
1931.3333333    38.3863
1931.4166333    25.0584
1931.5000333    29.8071
1931.5833333    3.9403
1931.6666333    -3.2343
1931.7500333    7.5907
1931.8333333    9.2617
1931.9166333    7.3941
1932.0000333    12.6031
1932.0833333    3.5812
1932.1666333    6.636
1932.2500333    23.1521
1932.3333333    17.2065
1932.4166333    13.7222
1932.5000333    2.2376
1932.5833333    -2.8624
1932.6666333    8.1911
1932.7500333    10.5521
1932.8333333    6.6052
1932.9166333    10.5812
1933.0000333    15.2492
1933.0833333    15.071
1933.1666333    17.2771
1933.2500333    22.1752
1933.3333333    7.6887
1933.4166333    -8.4135
1933.5000333    -3.7468
1933.5833333    -2.3109
1933.6666333    -3.183
1933.7500333    -3.8246
1933.8333333    -1.9278
1933.9166333    -3.7235
1934.0000333    -9.8273
1934.0833333    -8.2388
1934.1666333    -10.4968
1934.2500333    0.0911
1934.3333333    -14.0903
1934.4166333    -15.0411
1934.5000333    -2.5308
1934.5833333    5.518
1934.6666333    -0.8951
1934.7500333    6.307
1934.8333333    1.2781
1934.9166333    4.2491
1935.0000333    8.8351
1935.0833333    9.421
1935.1666333    15.6221
1935.2500333    25.7459
1935.3333333    17.562
1935.4166333    26.3779
1935.5000333    37.1934
1935.5833333    39.3165
1935.6666333    26.2086
1935.7500333    41.3312
1935.8333333    32.146
1935.9166333    41.1144
1936.0000333    48.6979
1936.0833333    47.7428
1936.1666333    52.4029
1936.2500333    56.8319
1936.3333333    48.4147
1936.4166333    50.228
1936.5000333    37.1179
1936.5833333    40.5462
1936.6666333    38.8205
1936.7500333    47.0943
1936.8333333    41.1374
1936.9166333    48.2571
1937.0000333    53.6073
1937.0833333    50.1882
1937.1666333    58.9227
1937.2500333    56.8107
1937.3333333    51.7755
1937.4166333    49.1248
1937.5000333    55.5506
1937.5833333    59.7456
1937.6666333    43.7866
1937.7500333    40.9041
1937.8333333    34.2523
1937.9166333    37.1387
1938.0000333    34.1787
1938.0833333    30.757
1938.1666333    28.1813
1938.2500333    27.4514
1938.3333333    33.6445
1938.4166333    18.6066
1938.5000333    22.7222
1938.5833333    9.3762
1938.6666333    11.4146
1938.7500333    12.2989
1938.8333333    10.0292
1938.9166333    11.7592
1939.0000333    14.1813
1939.0833333    15.2186
1939.1666333    16.2558
1939.2500333    17.3695
1939.3333333    20.0985
1939.4166333    12.212
1939.5000333    7.7866
1939.5833333    -4.0235
1939.6666333    1.8585
1939.7500333    0.8172
1939.8333333    2.1603
1939.9166333    7.5032
1940.0000333    9.6151
1940.0833333    12.7268
1940.1666333    21.0691
1940.2500333    14.1034
1940.3333333    28.2145
1940.4166333    16.4793
1940.5000333    2.6667
1940.5833333    10.7772
1940.6666333    10.1183
1940.7500333    -5.0026
1940.8333333    -8.1235
1940.9166333    -11.4754
1941.0000333    -7.9815
1941.0833333    2.1277
1941.1666333    -6.3786
1941.2500333    -1.4238
1941.3333333    -2.6229
1941.4166333    -10.3607
1941.5000333    -26.2527
1941.5833333    -28.1447
1941.6666333    -35.4985
1941.7500333    -34.6988
1941.8333333    -23.2838
1941.9166333    -22.2536
1942.0000333    -17.0699
1942.0833333    -19.3478
1942.1666333    -22.7798
1942.2500333    -5.0583
1942.3333333    -9.8753
1942.4166333    6.4613
1942.5000333    2.5668
1942.5833333    24.8261
1942.6666333    35.1621
1942.7500333    50.6516
1942.8333333    52.5256
1942.9166333    49.861
1943.0000333    53.6575
1943.0833333    56.6848
1943.1666333    58.1733
1943.2500333    54.5846
1943.3333333    53.5343
1943.4166333    40.8684
1943.5000333    38.5098
1943.5833333    32.9204
1943.6666333    27.9462
1943.7500333    26.5101
1943.8333333    13.3047
1943.9166333    20.099
1944.0000333    20.5084
1944.0833333    18.8408
1944.1666333    16.25
1944.2500333    11.8126
1944.3333333    23.9136
1944.4166333    12.3221
1944.5000333    19.8071
1944.5833333    8.2921
1944.6666333    5.4692
1944.7500333    5.7998
1944.8333333    12.2842
1944.9166333    18.6914
1945.0000333    18.5598
1945.0833333    26.1204
1945.1666333    29.6809
1945.2500333    29.6256
1945.3333333    38.801
1945.4166333    32.8993
1945.5000333    29.6895
1945.5833333    44.4796
1945.6666333    44.4234
1945.7500333    49.5976
1945.8333333    49.4641
1945.9166333    57.0226
1946.0000333    57.427
1946.0833333    59.3697
1946.1666333    61.0045
1946.2500333    59.3313
1946.3333333    59.9657
1946.4166333    47.523
1946.5000333    24.1569
1946.5833333    14.2522
1946.6666333    5.0396
1946.7500333    10.0574
1946.8333333    0.4598
1946.9166333    -0.0611
1947.0000333    -7.2747
1947.0833333    -10.8729
1947.1666333    -9.5483
1947.2500333    -22.6856
1947.3333333    -2.6691
1947.4166333    -0.1912
1947.5000333    13.4401
1947.5833333    17.6098
1947.6666333    21.087
1947.7500333    10.7946
1947.8333333    3.8868
1947.9166333    17.5172
1948.0000333    22.6088
1948.0833333    27.6234
1948.1666333    38.9455
1948.2500333    39.8826
1948.3333333    46.1273
1948.4166333    26.4488
1948.5000333    22.7699
1948.5833333    16.014
1948.6666333    18.9502
1948.7500333    30.5014
1948.8333333    25.4372
1948.9166333    23.5267
1949.0000333    17.0772
1949.0833333    13.8586
1949.1666333    12.2551
1949.2500333    14.8819
1949.3333333    17.0472
1949.4166333    30.7508
1949.5000333    24.2232
1949.5833333    29.3109
1949.6666333    21.3215
1949.7500333    37.3318
1949.8333333    28.342
1949.9166333    35.8904
1950.0000333    44.1308
1950.0833333    48.9096
1950.1666333    59.9958
1950.2500333    61.0817
1950.3333333    65.4753
1950.4166333    64.6378
1950.5000333    59.2616
1950.5833333    66.116
1950.6666333    60.5856
1950.7500333    66.3626
1950.8333333    53.9087
1950.9166333    60.1469
1951.0000333    59.4617
1951.0833333    61.7764
1951.1666333    63.6294
1951.2500333    46.5589
1951.3333333    56.873
1951.4166333    56.3407
1951.5000333    64.7311
1951.5833333    64.0446
1951.6666333    58.6655
1951.7500333    52.0553
1951.8333333    52.4451
1951.9166333    58.5269
1952.0000333    59.2238
1952.0833333    65.6129
1952.1666333    71.8479
1952.2500333    78.2365
1952.3333333    94.0865
1952.4166333    86.5517
1952.5000333    74.7857
1952.5833333    64.9428
1952.6666333    46.4074
1952.7500333    45.8716
1952.8333333    46.7973
1952.9166333    50.0304
1953.0000333    51.8017
1953.0833333    57.9575
1953.1666333    59.5747
1953.2500333    52.576
1953.3333333    42.5774
1953.4166333    32.6554
1953.5000333    17.0408
1953.5833333    2.8107
1953.6666333    -5.4195
1953.7500333    -5.4963
1953.8333333    -4.4193
1953.9166333    -1.881
1954.0000333    3.0416
1954.0833333    8.8872
1954.1666333    13.8095
1954.2500333    18.8083
1954.3333333    23.3456
1954.4166333    41.4981
1954.5000333    42.7271
1954.5833333    55.1099
1954.6666333    62.1078
1954.7500333    58.3362
1954.8333333    72.1799
1954.9166333    72.7157
1955.0000333    70.4819
1955.0833333    62.9404
1955.1666333    59.3986
1955.2500333    58.8565
1955.3333333    50.622
1955.4166333    56.7719
1955.5000333    40.9214
1955.5833333    19.5325
1955.6666333    5.1433
1955.7500333    0.5999
1955.8333333    -3.0974
1955.9166333    -11.9487
1956.0000333    -7.5697
1956.0833333    0.4247
1956.1666333    0.4959
1956.2500333    3.0281
1956.3333333    -3.3627
1956.4166333    -8.6769
1956.5000333    -22.1453
1956.5833333    -17.4598
1956.6666333    0.3023
1956.7500333    -1.1667
1956.8333333    0.1335
1956.9166333    3.6643
1957.0000333    9.0408
1957.0833333    12.4173
1957.1666333    16.1012
1957.2500333    21.9386
1957.3333333    12.853
1957.4166333    10.3824
1957.5000333    16.8346
1957.5833333    25.8252
1957.6666333    11.2772
1957.7500333    5.8825
1957.8333333    12.7956
1957.9166333    19.17
1958.0000333    29.1593
1958.0833333    32.9948
1958.1666333    33.7532
1958.2500333    33.1265
1958.3333333    25.1922
1958.4166333    36.873
1958.5000333    52.938
1958.5833333    35.0799
1958.6666333    23.837
1958.7500333    33.9783
1958.8333333    33.2735
1958.9166333    38.5684
1959.0000333    43.0937
1959.0833333    40.1574
1959.1666333    35.2979
1959.2500333    40.0533
1959.3333333    27.8857
1959.4166333    30.6409
1959.5000333    19.5495
1959.5833333    -3.388
1959.6666333    -1.6334
1959.7500333    -4.3408
1959.8333333    -13.0482
1959.9166333    -7.2173
1960.0000333    -3.6176
1960.0833333    1.2128
1960.1666333    4.6584
1960.2500333    18.3344
1960.3333333    24.3181
1960.4166333    33.4554
1960.5000333    30.0538
1960.5833333    33.806
1960.6666333    42.635
1960.7500333    53.7713
1960.8333333    62.5998
1960.9166333    72.3512
1961.0000333    79.2561
1961.0833333    83.1609
1961.1666333    81.4502
1961.2500333    87.739
1961.3333333    81.0278
1961.4166333    75.4703
1961.5000333    76.7585
1961.5833333    79.2774
1961.6666333    72.6423
1961.7500333    66.1607
1961.8333333    68.2944
1961.9166333    62.5817
1962.0000333    61.4071
1962.0833333    62.771
1962.1666333    60.6731
1962.2500333    62.1132
1962.3333333    54.4765
1962.4166333    50.9164
1962.5000333    22.4328
1962.5833333    4.4108
1962.6666333    -3.3807
1962.7500333    -9.8649
1962.8333333    -16.1183
1962.9166333    -19.9873
1963.0000333    -24.3183
1963.0833333    -23.957
1963.1666333    -29.9805
1963.2500333    -32.8505
1963.3333333    -21.2591
1963.4166333    -26.2063
1963.5000333    -33.9231
1963.5833333    -17.3323
1963.6666333    -22.434
1963.7500333    -20.6899
1963.8333333    -15.4844
1963.9166333    -5.6636
1964.0000333    -5.3048
1964.0833333    0.9771
1964.1666333    2.2587
1964.2500333    4.3092
1964.3333333    7.8212
1964.4166333    -6.8208
1964.5000333    0.6136
1964.5833333    5.2789
1964.6666333    -1.5946
1964.7500333    10.7623
1964.8333333    13.35
1964.9166333    14.8605
1965.0000333    17.2937
1965.0833333    17.8038
1965.1666333    21.6214
1965.2500333    16.5925
1965.3333333    23.6404
1965.4166333    33.0728
1965.5000333    23.5816
1965.5833333    25.3982
1965.6666333    33.0607
1965.7500333    37.5689
1965.8333333    37.3079
1965.9166333    43.5851
1966.0000333    50.4773
1966.0833333    50.2157
1966.1666333    57.1077
1966.2500333    60.0761
1966.3333333    69.8908
1966.4166333    74.7052
1966.5000333    61.8269
1966.5833333    72.3333
1966.6666333    75.3009
1966.7500333    65.8066
1966.8333333    68.9277
1966.9166333    68.1255
1967.0000333    62.3998
1967.0833333    59.9048
1967.1666333    59.102
1967.2500333    68.1449
1967.3333333    64.4955
1967.4166333    66.9997
1967.5000333    58.4266
1967.5833333    48.6227
1967.6666333    46.5878
1967.7500333    30.7833
1967.8333333    27.9018
1967.9166333    25.7125
1968.0000333    26.5996
1968.0833333    32.256
1968.1666333    36.1429
1968.2500333    39.7987
1968.3333333    30.5314
1968.4166333    32.4177
1968.5000333    20.9189
1968.5833333    17.4202
1968.6666333    10.0751
1968.7500333    6.345
1968.8333333    9.9995
1968.9166333    15.1922
1969.0000333    17.4614
1969.0833333    29.5768
1969.1666333    28.3074
1969.2500333    28.4991
1969.3333333    45.3831
1969.4166333    29.4207
1969.5000333    21.6886
1969.5833333    28.3412
1969.6666333    25.8398
1969.7500333    44.1071
1969.8333333    40.9898
1969.9166333    40.0262
1970.0000333    45.5237
1970.0833333    45.0212
1970.1666333    38.5954
1970.2500333    49.246
1970.3333333    52.589
1970.4166333    25.8549
1970.5000333    40.5819
1970.5833333    39.3089
1970.6666333    25.1895
1970.7500333    16.3004
1970.8333333    6.2576
1970.9166333    11.2145
1971.0000333    9.8633
1971.0833333    5.8967
1971.1666333    2.0068
1971.2500333    -4.0373
1971.3333333    -6.543
1971.4166333    -22.3566
1971.5000333    -33.8629
1971.5833333    -49.8308
1971.6666333    -56.1834
1971.7500333    -51.3827
1971.8333333    -45.1204
1971.9166333    -41.7814
1972.0000333    -44.5967
1972.0833333    -42.6427
1972.1666333    -46.9197
1972.2500333    -43.5818
1972.3333333    -27.8592
1972.4166333    -42.1369
1972.5000333    -44.9534
1972.5833333    -26.1546
1972.6666333    -25.4328
1972.7500333    -16.4808
1972.8333333    -21.1441
1972.9166333    -26.8846
1973.0000333    -22.0101
1973.0833333    -23.5202
1973.1666333    -16.7997
1973.2500333    -11.772
1973.3333333    8.3327
1973.4166333    5.6679
1973.5000333    8.9257
1973.5833333    13.9528
1973.6666333    -2.1741
1973.7500333    -4.2246
1973.8333333    -9.6597
1973.9166333    -4.018
1974.0000333    6.9308
1974.0833333    3.3413
1974.1666333    14.9054
1974.2500333    22.9306
1974.3333333    29.8019
1974.4166333    31.2885
1974.5000333    31.6976
1974.5833333    19.876
1974.6666333    22.9773
1974.7500333    28.3089
1974.8333333    33.0252
1974.9166333    34.8182
1975.0000333    34.226
1975.0833333    29.0955
1975.1666333    33.8109
1975.2500333    22.9105
1975.3333333    14.0101
1975.4166333    4.9556
1975.5000333    -5.7916
1975.5833333    -25.4618
1975.6666333    -27.2092
1975.7500333    -39.9571
1975.8333333    -40.628
1975.9166333    -39.1452
1976.0000333    -36.586
1976.0833333    -39.7191
1976.1666333    -36.6985
1976.2500333    -35.6784
1976.3333333    -28.889
1976.4166333    -31.946
1976.5000333    -33.6957
1976.5833333    -44.2916
1976.6666333    -40.6569
1976.7500333    -26.3304
1976.8333333    -25.0038
1976.9166333    -20.6005
1977.0000333    -15.4284
1977.0833333    -15.9486
1977.1666333    -12.1613
1977.2500333    -10.8361
1977.3333333    6.4123
1977.4166333    1.5836
1977.5000333    0.6005
1977.5833333    -10.7671
1977.6666333    -8.1349
1977.7500333    -13.5801
1977.8333333    -19.5638
1977.9166333    -9.0091
1978.0000333    -7.9165
1978.0833333    -7.5162
1978.1666333    5.1916
1978.2500333    6.2067
1978.3333333    5.5295
1978.4166333    -19.071
1978.5000333    -22.0566
1978.5833333    -26.7344
1978.6666333    -12.7202
1978.7500333    -17.4756
1978.8333333    -12.4618
1978.9166333    -10.1404
1979.0000333    -10.2811
1979.0833333    -6.3449
1979.1666333    -3.7165
1979.2500333    -17.1655
1979.3333333    -10.1529
1979.4166333    0.3979
1979.5000333    -4.5133
1979.5833333    -7.9629
1979.6666333    -9.0281
1979.7500333    -9.7091
1979.8333333    -14.0824
1979.9166333    -4.6098
1980.0000333    5.4008
1980.0833333    12.7961
1980.1666333    14.8835
1980.2500333    23.3551
1980.3333333    28.5959
1980.4166333    28.9903
1980.5000333    22.3843
1980.5833333    24.7783
1980.6666333    35.5568
1980.7500333    31.4117
1980.8333333    31.1897
1980.9166333    39.8906
1981.0000333    37.9756
1981.0833333    33.753
1981.1666333    28.2224
1981.2500333    38.6145
1981.3333333    42.622
1981.4166333    52.2447
1981.5000333    46.4054
1981.5833333    31.9508
1981.6666333    35.2651
1981.7500333    29.7329
1981.8333333    34.5084
1981.9166333    33.2836
1982.0000333    27.5969
1982.0833333    31.9871
1982.1666333    31.8387
1982.2500333    36.8436
1982.3333333    30.2332
1982.4166333    25.4688
1982.5000333    30.7039
1982.5833333    19.939
1982.6666333    29.7893
1982.7500333    33.9468
1982.8333333    39.4121
1982.9166333    39.1848
1983.0000333    36.034
1983.0833333    37.3448
1983.1666333    41.2708
1983.2500333    49.6578
1983.3333333    51.1218
1983.4166333    46.1241
1983.5000333    50.2797
1983.5833333    23.4354
1983.6666333    23.7447
1983.7500333    12.2843
1983.8333333    8.6701
1983.9166333    3.4403
1984.0000333    5.5178
1984.0833333    6.5953
1984.1666333    17.9802
1984.2500333    16.057
1984.3333333    10.9031
1984.4166333    1.8259
1984.5000333    -2.8671
1984.5833333    -31.0217
1984.6666333    -25.0226
1984.7500333    -11.2547
1984.8333333    -4.0253
1984.9166333    -1.873
1985.0000333    -1.1058
1985.0833333    4.8923
1985.1666333    8.7363
1985.2500333    -2.1125
1985.3333333    -1.4228
1985.4166333    0.0359
1985.5000333    10.9557
1985.5833333    -11.586
1985.6666333    -2.5894
1985.7500333    -5.2856
1985.8333333    -17.1356
1985.9166333    -18.7551
1986.0000333    -20.2981
1986.0833333    -19.5333
1986.1666333    -24.9226
1986.2500333    -18.1586
1986.3333333    -12.9329
1986.4166333    -11.6306
1986.5000333    -30.2518
1986.5833333    -46.1806
1986.6666333    -31.5712
1986.7500333    -34.0392
1986.8333333    -30.9686
1986.9166333    -27.206
1987.0000333    -23.4438
1987.0833333    -18.4508
1987.1666333    -11.7657
1987.2500333    -6.6965
1987.3333333    -6.6272
1987.4166333    -9.5582
1987.5000333    -10.9511
1987.5833333    12.3483
1987.6666333    25.3398
1987.7500333    21.9462
1987.8333333    24.7835
1987.9166333    25.9282
1988.0000333    31.3801
1988.0833333    34.3706
1988.1666333    36.4378
1988.2500333    30.6583
1988.3333333    32.3404
1988.4166333    34.7147
1988.5000333    32.7807
1988.5833333    30.0007
1988.6666333    21.7589
1988.7500333    5.8243
1988.8333333    10.736
1988.9166333    10.8012
1989.0000333    8.866
1989.0833333    11.0847
1989.1666333    8.7648
1989.2500333    8.2135
1989.3333333    8.2008
1989.4166333    12.7264
1989.5000333    4.713
1989.5833333    24.315
1989.6666333    21.6092
1989.7500333    12.5952
1989.8333333    10.812
1989.9166333    15.1824
1990.0000333    15.5524
1990.0833333    19.5378
1990.1666333    20.9845
1990.2500333    24.5077
1990.3333333    24.2617
1990.4166333    23.8616
1990.5000333    8.9995
1990.5833333    -9.8625
1990.6666333    -39.8785
1990.7500333    -50.972
1990.8333333    -56.6039
1990.9166333    -46.6975
1991.0000333    -49.0224
1991.0833333    -49.4241
1991.1666333    -47.3645
1991.2500333    -51.6131
1991.3333333    -51.7847
1991.4166333    -58.0335
1991.5000333    -69.5135
1991.5833333    -67.378
1991.6666333    -53.4735
1991.7500333    -44.8003
1991.8333333    -46.3578
1991.9166333    -39.7616
1992.0000333    -39.166
1992.0833333    -30.5702
1992.1666333    -27.2054
1992.2500333    -26.6873
1992.3333333    -18.4769
1992.4166333    -24.9589
1992.5000333    -16.5953
1992.5833333    -10.4623
1992.6666333    -20.5604
1992.7500333    -25.9666
1992.8333333    -28.9112
1992.9166333    -23.5483
1993.0000333    -18.7245
1993.0833333    -19.9005
1993.1666333    -20.6152
1993.2500333    -20.9457
1993.3333333    -29.7378
1993.4166333    -25.53
1993.5000333    -13.4766
1993.5833333    -38.5001
1993.6666333    -30.9852
1993.7500333    -21.3171
1993.8333333    -16.2642
1993.9166333    -11.827
1994.0000333    -13.4671
1994.0833333    -11.7226
1994.1666333    -2.7475
1994.2500333    -3.8499
1994.3333333    1.6633
1994.4166333    16.7147
1994.5000333    10.0732
1994.5833333    12.8934
1994.6666333    36.8672
1994.7500333    28.9175
1994.8333333    28.2755
1994.9166333    28.4025
1995.0000333    28.2983
1995.0833333    33.5788
1995.1666333    38.1667
1995.2500333    31.2926
1995.3333333    33.6494
1995.4166333    19.8521
1995.5000333    -4.4073
1995.5833333    -22.8204
1995.6666333    -52.7721
1995.7500333    -71.4937
1995.8333333    -71.5228
1995.9166333    -72.2444
1996.0000333    -72.9666
1996.0833333    -70.7656
1996.1666333    -74.2571
1996.2500333    -79.4414
1996.3333333    -68.6256
1996.4166333    -81.1177
1996.5000333    -83.8412
1996.5833333    -67.1799
1996.6666333    -62.6726
1996.7500333    -54.1659
1996.8333333    -50.0437
1996.9166333    -45.691
1997.0000333    -46.1849
1997.0833333    -45.2941
1997.1666333    -46.4035
1997.2500333    -36.2827
1997.3333333    -39.854
1997.4166333    -51.1948
1997.5000333    -38.69
1997.5833333    -26.3389
1997.6666333    -33.4496
1997.7500333    -25.7147
1997.8333333    -23.3642
1997.9166333    -18.3217
1998.0000333    -13.5104
1998.0833333    -6.8529
1998.1666333    1.7274
1998.2500333    18.1534
1998.3333333    13.118
1998.4166333    16.8516
1998.5000333    19.5846
1998.5833333    26.7024
1998.6666333    23.5892
1998.7500333    23.5524
1998.8333333    15.3619
1998.9166333    16.9403
1999.0000333    16.0567
1999.0833333    14.3271
1999.1666333    18.905
1999.2500333    13.2515
1999.3333333    -0.1711
1999.4166333    11.9446
1999.5000333    9.829
1999.5833333    11.0211
1999.6666333    -4.0177
1999.7500333    -4.057
1999.8333333    -0.7885
1999.9166333    -1.0587
2000.0000333    4.9013
2000.0833333    4.2461
2000.1666333    3.1291
2000.2500333    1.4731
2000.3333333    6.5095
2000.4166333    13.7765
2000.5000333    0.4276
2000.5833333    -4.6135
2000.6666333    -8.8087
2000.7500333    -5.3891
2000.8333333    -9.1231
2000.9166333    -9.242
2001.0000333    -3.5922
2001.0833333    -4.5576
2001.1666333    13.6305
2001.2500333    21.8951
2001.3333333    26.3905
2001.4166333    24.4242
2001.5000333    18.4574
2001.5833333    33.7214
2001.6666333    34.216
2001.7500333    28.1716
2001.8333333    23.9735
2001.9166333    28.1598
2002.0000333    29.7302
2002.0833333    30.916
2002.1666333    29.794
2002.2500333    23.4406
2002.3333333    17.5489
2002.4166333    1.5801
2002.5000333    5.7646
2002.5833333    -6.897
2002.6666333    -31.4818
2002.7500333    -32.0672
2002.8333333    -29.2679
2002.9166333    -25.7764
2003.0000333    -22.7471
2003.0833333    -20.7176
2003.1666333    -19.996
2003.2500333    -16.1211
2003.3333333    -25.1692
2003.4166333    -24.9867
2003.5000333    -11.2663
2003.5833333    -14.1611
2003.6666333    -11.9024
2003.7500333    -8.4903
2003.8333333    -7.9242
2003.9166333    -3.6661
2004.0000333    -3.0239
2004.0833333    3.1569
2004.1666333    8.876
2004.2500333    9.6714
2004.3333333    10.7747
2004.4166333    14.647
2004.5000333    18.5956
2004.5833333    8.3136
2004.6666333    -0.0455
2004.7500333    4.5179
2004.8333333    7.1583
2004.9166333    9.4139
2005.0000333    13.8229
2005.0833333    19.2319
2005.1666333    18.0254
2005.2500333    14.4337
2005.3333333    23.6882
2005.4166333    21.9426
2005.5000333    5.8887
2005.5833333    -6.4727
2005.6666333    -9.7575
2005.7500333    -9.2735
2005.8333333    -7.9433
2005.9166333    -12.8441
2006.0000333    -15.13
2006.0833333    -12.8773
2006.1666333    -12.9325
2006.2500333    -8.1422
2006.3333333    4.3407
2006.4166333    -5.7152
2006.5000333    5.7668
2006.5833333    21.9413
2006.6666333    28.1925
2006.7500333    24.3663
2006.8333333    27.617
2006.9166333    31.2522
2007.0000333    44.8099
2007.0833333    50.5216
2007.1666333    49.8485
2007.2500333    43.4825
2007.3333333    43.2704
2007.4166333    31.0582
2007.5000333    32.23
2007.5833333    15.6328
2007.6666333    24.343
2007.7500333    18.1296
2007.8333333    22.3778
2007.9166333    21.1643
2008.0000333    19.8733
2008.0833333    17.5056
2008.1666333    14.2145
2008.2500333    16.3075
2008.3333333    23.6314
2008.4166333    5.4936
2008.5000333    -4.7217
2008.5833333    -12.0138
2008.6666333    -11.8446
2008.7500333    -32.6759
2008.8333333    -34.8148
2008.9166333    -30.3385
2009.0000333    -25.4013
2009.0833333    -27.2331
2009.1666333    -31.2959
2009.2500333    -27.2054
2009.3333333    -24.8071
2009.4166333    -26.1013
2009.5000333    -25.7807
2009.5833333    -19.0753
2009.6666333    -18.9856
2009.7500333    -25.9733
2009.8333333    -23.1916
2009.9166333    -20.564
2010.0000333    -20.5524
2010.0833333    -17.6175
2010.1666333    -14.3751
2010.2500333    -6.7487
2010.3333333    -3.3529
2010.4166333    -14.5728
2010.5000333    -22.1777
2010.5833333    -20.2441
2010.6666333    -34.3107
2010.7500333    -37.1471
2010.8333333    -33.0603
2010.9166333    -28.5891
2011.0000333    -24.5799
2011.0833333    -18.8014
2011.1666333    -22.1001
2011.2500333    -22.8608
2011.3333333    -30.9291
2011.4166333    -18.613
2011.5000333    -13.4513
2011.5833333    -28.8279
2011.6666333    -36.3585
2011.7500333    -26.8898
2011.8333333    -24.7286
2011.9166333    -23.1829
2012.0000333    -22.0994
2012.0833333    -21.3234
2012.1666333    -20.3169
2012.2500333    -19.9263
2012.3333333    -16.0741
2012.4166333    -11.6835
2012.5000333    -33.0628
2012.5833333    -49.1343
2012.6666333    -45.7444
2012.7500333    -40.7397
2012.8333333    -39.5041
2012.9166333    -41.4225
2013.0000333    -43.3415
2013.0833333    -44.0296
2013.1666333    -43.2564
2013.2500333    -41.7914
2013.3333333    -39.2493
2013.4166333    -41.8613
2013.5000333    -48.9355
2013.5833333    -47.8556
2013.6666333    -45.3913
2013.7500333    -34.0814
2013.8333333    -30.3868
2013.9166333    -31.6155
2014.0000333    -23.3832
2014.0833333    -13.843
2014.1666333    -11.6108
2014.2500333    -5.9176
2014.3333333    -11.6088
2014.4166333    -10.3003
2014.5000333    -5.1461
2014.5833333    -9.1457
2014.6666333    -12.607
2014.7500333    -13.7612
2014.8333333    -13.9153
2014.9166333    -17.608
2015.0000333    -11.4552
2015.0833333    -13.3791
2015.1666333    -15.7647
2015.2500333    -17.2279
2015.3333333    -7.6909
2015.4166333    -6.3849
2015.5000333    -11.1564
2015.5833333    -14.6969
2015.6666333    -16.3916
2015.7500333    -10.5483
2015.8333333    -3.7818
2015.9166333    -0.6309
2016.0000333    6.981
2016.0833333    5.593
2016.1666333    9.3586
2016.2500333    3.2006
2016.3333333    5.812
2016.4166333    -12.5768
2016.5000333    -16.4277
2016.5833333    -26.74
2016.6666333    -36.9756
2016.7500333    -34.2888
2016.8333333    -38.9094
2016.9166333    -35.9918
2017.0000333    -36.0748
2017.0833333    -35.696
2017.1666333    -32.2406
2017.2500333    -26.3242
2017.3333333    -10.8692
2017.4166333    -5.2605
2017.5000333    0.8091
2017.5833333    -11.3519
2017.6666333    -13.8978
2017.7500333    -13.4442
2017.8333333    -12.6827
2017.9166333    -13.6907
2018.0000333    -19.3147
2018.0833333    -18.477
2018.1666333    -16.8702
2018.2500333    -16.4948
2018.3333333    -33.1962
2018.4166333    -41.6669
2018.5000333    -45.5229
2018.5833333    -56.5326
2018.6666333    -36.081
2018.7500333    -36.3992
2018.8333333    -37.1018
2018.9166333    -38.0354
2019.0000333    -32.9696
2019.0833333    -28.7497
2019.1666333    -26.3763
2019.2500333    -20.2342
2019.3333333    -19.7842
2019.4166333    -4.4114
2019.5000333    -4.4238
2019.5833333    5.7179
2019.6666333    4.5516
2019.7500333    -9.6922
2019.8333333    -8.0127
2019.9166333    -2.718
2020.0000333    3.7299
2020.0833333    8.101
2020.1666333    13.1642
2020.2500333    14.2269
2020.3333333    7.8282
2020.4166333    5.5062
2020.5000333    -0.8934
2020.5833333    -15.2927
2020.6666333    -34.6153
2020.7500333    -32.7078
2020.8333333    -24.3386
2020.9166333    -21.0464
2021.0000333    -21.8318
2021.0833333    -20.5401
2021.1666333    -24.4025
2021.2500333    -21.727
2021.3333333    -17.6667
2021.4166333    -16.6066
2021.5000333    -12.6241
2021.5833333    -2.7182
2021.6666333    -6.428
2021.7500333    -7.1384
2021.8333333    -7.3101
2021.9166333    -9.559
2022.0000333    -9.1931
2022.0833333    -11.6732
2022.1666333    -6.2303
2022.2500333    -0.7881
2022.3333333    0.2696
2022.4166333    -4.3651
2022.5000333    1.0764
2022.5833333    -9.251
2022.6666333    -16.7326
2022.7500333    -7.1378
2022.8333333    -12.389
2022.9166333    -9.2558
2023.0000333    -0.8154
2023.0833333    8.5481
2023.1666333    16.2192
2023.2500333    21.5819
2023.3333333    37.6372
2023.4166333    42.7691
2023.5000333    43.2402
2023.5833333    38.4935
2023.6666333    48.5633
2023.7500333    50.0547
2023.8333333    67.2519
2023.9166333    98.7424
