1916.0000333    -68.8528
1916.0833333    -68.7533
1916.1666333    -62.6979
1916.2500333    -50.8723
1916.3333333    -40.3068
1916.4166333    -42.9356
1916.5000333    -56.2514
1916.5833333    -84.5046
1916.6666333    -120.374
1916.7500333    -96.2418
1916.8333333    -88.2654
1916.9166333    -89.2894
1917.0000333    -93.9281
1917.0833333    -100.876
1917.1666333    -87.8242
1917.2500333    -58.6179
1917.3333333    -45.1054
1917.4166333    -20.3625
1917.5000333    -7.619
1917.5833333    10.9693
1917.6666333    15.1725
1917.7500333    21.3764
1917.8333333    -3.4981
1917.9166333    -4.9114
1918.0000333    1.2913
1918.0833333    8.5694
1918.1666333    38.7703
1918.2500333    41.9718
1918.3333333    18.1719
1918.4166333    -0.4746
1918.5000333    -38.0435
1918.5833333    -67.0754
1918.6666333    -89.3385
1918.7500333    -83.0624
1918.8333333    -79.7109
1918.9166333    -50.7444
1919.0000333    -47.1618
1919.0833333    -29.8884
1919.1666333    -6.7692
1919.2500333    -20.034
1919.3333333    -47.8387
1919.4166333    -52.413
1919.5000333    -32.1405
1919.5833333    -8.7156
1919.6666333    33.0166
1919.7500333    47.2879
1919.8333333    55.7885
1919.9166333    66.5964
1920.0000333    70.3281
1920.0833333    73.9044
1920.1666333    55.9419
1920.2500333    13.5185
1920.3333333    5.6322
1920.4166333    5.2069
1920.5000333    18.7054
1920.5833333    4.8179
1920.6666333    2.3145
1920.7500333    -12.6497
1920.8333333    -12.2307
1920.9166333    -15.4276
1921.0000333    -3.0853
1921.0833333    9.4863
1921.1666333    11.1345
1921.2500333    19.7832
1921.3333333    45.1229
1921.4166333    52.0775
1921.5000333    82.802
1921.5833333    47.9867
1921.6666333    42.3247
1921.7500333    13.3557
1921.8333333    8.3084
1921.9166333    18.4914
1922.0000333    22.752
1922.0833333    24.165
1922.1666333    8.8853
1922.2500333    -17.7783
1922.3333333    -21.2127
1922.4166333    -6.9551
1922.5000333    9.1493
1922.5833333    3.7138
1922.6666333    3.0471
1922.7500333    -18.6959
1922.8333333    -1.5941
1922.9166333    8.5072
1923.0000333    13.84
1923.0833333    24.5559
1923.1666333    33.6561
1923.2500333    55.8338
1923.3333333    97.164
1923.4166333    98.0322
1923.5000333    72.7472
1923.5833333    43.6146
1923.6666333    21.097
1923.7500333    35.5801
1923.8333333    52.3694
1923.9166333    45.5429
1924.0000333    44.1786
1924.0833333    33.8129
1924.1666333    25.6006
1924.2500333    11.8505
1924.3333333    -7.1318
1924.4166333    -15.4222
1924.5000333    16.8265
1924.5833333    48.4584
1924.6666333    39.3207
1924.7500333    48.722
1924.8333333    40.045
1924.9166333    42.06
1925.0000333    42.2294
1925.0833333    32.4743
1925.1666333    46.1803
1925.2500333    46.3485
1925.3333333    43.3615
1925.4166333    43.374
1925.5000333    35.0795
1925.5833333    -20.3702
1925.6666333    -37.1281
1925.7500333    -26.193
1925.8333333    -35.5671
1925.9166333    -30.3261
1926.0000333    -35.2384
1926.0833333    -27.9983
1926.1666333    -12.297
1926.2500333    -25.1335
1926.3333333    -17.6638
1926.4166333    -14.0406
1926.5000333    -0.186
1926.5833333    -2.0252
1926.6666333    7.3661
1926.7500333    1.9887
1926.8333333    15.533
1926.9166333    40.3076
1927.0000333    49.0829
1927.0833333    54.626
1927.1666333    57.4764
1927.2500333    55.2505
1927.3333333    62.9462
1927.4166333    30.8723
1927.5000333    27.4145
1927.5833333    21.109
1927.6666333    -3.1968
1927.7500333    -14.5789
1927.8333333    -32.9625
1927.9166333    -41.0388
1928.0000333    -28.6528
1928.0833333    -14.9607
1928.1666333    -6.5766
1928.2500333    -7.8072
1928.3333333    -13.5778
1928.4166333    -9.1949
1928.5000333    -7.7344
1928.5833333    -34.1985
1928.6666333    -59.0475
1928.7500333    -47.8959
1928.8333333    -31.9765
1928.9166333    -14.5191
1929.0000333    -6.9072
1929.0833333    -20.3736
1929.1666333    -23.0712
1929.2500333    -7.4604
1929.3333333    10.6874
1929.4166333    24.9886
1929.5000333    42.5212
1929.5833333    47.6678
1929.6666333    64.2755
1929.7500333    58.5762
1929.8333333    49.2601
1929.9166333    43.482
1930.0000333    37.8584
1930.0833333    32.1565
1930.1666333    6.6849
1930.2500333    -2.4014
1930.3333333    8.28
1930.4166333    2.9611
1930.5000333    -16.8187
1930.5833333    -50.2153
1930.6666333    -56.3816
1930.7500333    -62.3933
1930.8333333    -52.7912
1930.9166333    -38.0355
1931.0000333    -13.51
1931.0833333    -1.5244
1931.1666333    -6.9238
1931.2500333    23.4466
1931.3333333    38.2772
1931.4166333    10.2613
1931.5000333    27.3228
1931.5833333    30.5368
1931.6666333    17.1351
1931.7500333    33.7339
1931.8333333    35.7929
1931.9166333    37.6976
1932.0000333    42.2184
1932.0833333    32.9685
1932.1666333    43.1797
1932.2500333    65.3146
1932.3333333    57.9097
1932.4166333    61.812
1932.5000333    70.8688
1932.5833333    42.8473
1932.6666333    20.3639
1932.7500333    35.5734
1932.8333333    23.0891
1932.9166333    17.5276
1933.0000333    23.5051
1933.0833333    38.5581
1933.1666333    24.6108
1933.2500333    5.664
1933.3333333    -17.9765
1933.4166333    -42.5404
1933.5000333    -45.1037
1933.5833333    -44.13
1933.6666333    -41.0797
1933.7500333    -49.3366
1933.8333333    -53.0563
1933.9166333    -38.6995
1934.0000333    -26.0345
1934.0833333    -16.6785
1934.1666333    -27.4768
1934.2500333    1.1871
1934.3333333    25.465
1934.4166333    41.5117
1934.5000333    60.4051
1934.5833333    60.7587
1934.6666333    46.6504
1934.7500333    40.8503
1934.8333333    55.3566
1934.9166333    55.4779
1935.0000333    57.9843
1935.0833333    72.2586
1935.1666333    63.7633
1935.2500333    84.6532
1935.3333333    92.0032
1935.4166333    85.0452
1935.5000333    80.7031
1935.5833333    75.2827
1935.6666333    37.2465
1935.7500333    22.4417
1935.8333333    6.3278
1935.9166333    5.752
1936.0000333    8.7153
1936.0833333    16.5233
1936.1666333    7.1001
1936.2500333    -1.8609
1936.3333333    -2.5925
1936.4166333    8.137
1936.5000333    23.7132
1936.5833333    -11.4812
1936.6666333    -30.3682
1936.7500333    -32.1778
1936.8333333    -34.2964
1936.9166333    -25.1077
1937.0000333    -15.3031
1937.0833333    -21.0383
1937.1666333    -22.8508
1937.2500333    -22.0474
1937.3333333    -13.7838
1937.4166333    -55.7513
1937.5000333    -88.9491
1937.5833333    -102.917
1937.6666333    -56.8862
1937.7500333    -17.9313
1937.8333333    1.7146
1937.9166333    23.8985
1938.0000333    36.5445
1938.0833333    33.8815
1938.1666333    42.9104
1938.2500333    48.9398
1938.3333333    77.5064
1938.4166333    84.611
1938.5000333    92.0239
1938.5833333    101.666
1938.6666333    72.1542
1938.7500333    46.3351
1938.8333333    7.4378
1938.9166333    8.1554
1939.0000333    6.0274
1939.0833333    -7.2557
1939.1666333    -24.3855
1939.2500333    -52.8223
1939.3333333    -71.1067
1939.4166333    -98.1606
1939.5000333    -110.906
1939.5833333    -128.269
1939.6666333    -155.478
1939.7500333    -153.994
1939.8333333    -169.05
1939.9166333    -159.029
1940.0000333    -157.393
1940.0833333    -144.373
1940.1666333    -113.969
1940.2500333    -90.103
1940.3333333    -61.0844
1940.4166333    -49.2201
1940.5000333    -70.8167
1940.5833333    -88.5685
1940.6666333    -79.4746
1940.7500333    -89.9186
1940.8333333    -100.902
1940.9166333    -90.7327
1941.0000333    -81.7933
1941.0833333    -77.3167
1941.1666333    -87.5329
1941.2500333    -121.979
1941.3333333    -133.658
1941.4166333    -132.721
1941.5000333    -153.63
1941.5833333    -157.079
1941.6666333    -155.452
1941.7500333    -155.054
1941.8333333    -148.658
1941.9166333    -129.108
1942.0000333    -111.02
1942.0833333    -106.856
1942.1666333    -100.154
1942.2500333    -86.6817
1942.3333333    -69.288
1942.4166333    -36.5101
1942.5000333    -41.424
1942.5833333    -2.0314
1942.6666333    41.6684
1942.7500333    85.5226
1942.8333333    108.76
1942.9166333    123.459
1943.0000333    129.927
1943.0833333    137.163
1943.1666333    144.168
1943.2500333    150.636
1943.3333333    134.717
1943.4166333    135.029
1943.5000333    140.725
1943.5833333    162.882
1943.6666333    136.962
1943.7500333    107.658
1943.8333333    84.3518
1943.9166333    75.9688
1944.0000333    72.9709
1944.0833333    66.1255
1944.1666333    63.8182
1944.2500333    61.1267
1944.3333333    48.0494
1944.4166333    60.2794
1944.5000333    54.356
1944.5833333    25.739
1944.6666333    9.2755
1944.7500333    13.7355
1944.8333333    19.425
1944.9166333    31.268
1945.0000333    35.8038
1945.0833333    39.7998
1945.1666333    33.18
1945.2500333    26.0223
1945.3333333    17.8633
1945.4166333    20.1655
1945.5000333    11.1604
1945.5833333    11.6156
1945.6666333    1.3781
1945.7500333    9.1411
1945.8333333    -10.0203
1945.9166333    -3.2591
1946.0000333    -9.8819
1946.0833333    -4.1214
1946.1666333    10.1003
1946.2500333    15.0917
1946.3333333    10.6971
1946.4166333    10.0714
1946.5000333    -21.5538
1946.5833333    -68.7957
1946.6666333    -94.7302
1946.7500333    -80.2797
1946.8333333    -106.061
1946.9166333    -99.8431
1947.0000333    -102.855
1947.0833333    -118.869
1947.1666333    -125.729
1947.2500333    -128.819
1947.3333333    -126.834
1947.4166333    -124.157
1947.5000333    -116.864
1947.5833333    -93.0332
1947.6666333    -51.8956
1947.7500333    -29.9883
1947.8333333    -44.8515
1947.9166333    -34.3304
1948.0000333    -25.1935
1948.0833333    -23.6733
1948.1666333    4.8465
1948.2500333    33.1361
1948.3333333    42.9628
1948.4166333    70.2507
1948.5000333    97.4621
1948.5833333    118.903
1948.6666333    127.344
1948.7500333    131.015
1948.8333333    133.763
1948.9166333    142.971
1949.0000333    144.565
1949.0833333    159.081
1949.1666333    155.903
1949.2500333    148.188
1949.3333333    125.779
1949.4166333    134.293
1949.5000333    112.577
1949.5833333    84.4745
1949.6666333    68.9103
1949.7500333    70.5004
1949.8333333    54.3969
1949.9166333    54.7546
1950.0000333    57.4204
1950.0833333    54.7773
1950.1666333    48.6723
1950.2500333    79.1061
1950.3333333    73.8464
1950.4166333    79.0479
1950.5000333    46.6344
1950.5833333    21.912
1950.6666333    1.6507
1950.7500333    -4.6101
1950.8333333    -33.026
1950.9166333    -33.4423
1951.0000333    -28.3197
1951.0833333    -25.9676
1951.1666333    -19.3081
1951.2500333    -35.6482
1951.3333333    -76.605
1951.4166333    -38.6391
1951.5000333    -22.5188
1951.5833333    -2.7845
1951.6666333    4.7187
1951.7500333    15.0686
1951.8333333    -5.5829
1951.9166333    31.8422
1952.0000333    55.4216
1952.0833333    49.6151
1952.1666333    60.6544
1952.2500333    58.4634
1952.3333333    63.8096
1952.4166333    77.9246
1952.5000333    37.4247
1952.5833333    10.9236
1952.6666333    -2.7318
1952.7500333    21.9209
1952.8333333    21.2647
1952.9166333    28.3774
1953.0000333    13.2597
1953.0833333    16.7562
1953.1666333    29.6369
1953.2500333    23.8257
1953.3333333    37.3979
1953.4166333    54.4313
1953.5000333    60.7728
1953.5833333    37.9592
1953.6666333    13.4528
1953.7500333    -1.7453
1953.8333333    -35.0216
1953.9166333    -31.9137
1954.0000333    -13.3438
1954.0833333    -5.5444
1954.1666333    -0.207
1954.2500333    6.8233
1954.3333333    18.16
1954.4166333    25.8039
1954.5000333    19.5253
1954.5833333    7.4762
1954.6666333    18.3497
1954.7500333    30.6853
1954.8333333    50.7119
1954.9166333    72.7381
1955.0000333    74.6109
1955.0833333    58.4056
1955.1666333    50.7383
1955.2500333    43.1484
1955.3333333    27.4034
1955.4166333    32.658
1955.5000333    32.2208
1955.5833333    0.6284
1955.6666333    -9.8874
1955.7500333    -15.3258
1955.8333333    -1.6886
1955.9166333    -6.3594
1956.0000333    -8.1067
1956.0833333    6.2986
1956.1666333    17.0881
1956.2500333    29.878
1956.3333333    8.5898
1956.4166333    20.0704
1956.5000333    2.7054
1956.5833333    -8.661
1956.6666333    1.8954
1956.7500333    -0.4709
1956.8333333    6.4693
1956.9166333    1.0245
1957.0000333    -1.343
1957.0833333    7.9037
1957.1666333    11.9962
1957.2500333    35.3967
1957.3333333    38.1807
1957.4166333    59.9643
1957.5000333    54.3637
1957.5833333    46.0695
1957.6666333    23.4673
1957.7500333    10.4809
1957.8333333    27.0317
1957.9166333    29.8898
1958.0000333    32.9022
1958.0833333    40.8364
1958.1666333    23.5395
1958.2500333    9.9353
1958.3333333    -11.2085
1958.4166333    -30.8912
1958.5000333    -36.7274
1958.5833333    -45.6417
1958.6666333    -46.1717
1958.7500333    -41.2398
1958.8333333    -36.6168
1958.9166333    -36.7635
1959.0000333    -29.9097
1959.0833333    -41.9033
1959.1666333    -53.128
1959.2500333    -47.5062
1959.3333333    -49.1933
1959.4166333    -72.1884
1959.5000333    -82.7216
1959.5833333    -103.948
1959.6666333    -138.483
1959.7500333    -159.479
1959.8333333    -164.092
1959.9166333    -146.705
1960.0000333    -143.394
1960.0833333    -136.623
1960.1666333    -124.776
1960.2500333    -144.159
1960.3333333    -153.389
1960.4166333    -142.773
1960.5000333    -134.465
1960.5833333    -113.697
1960.6666333    -83.8517
1960.7500333    -44.6985
1960.8333333    -30.4696
1960.9166333    -7.7027
1961.0000333    11.757
1961.0833333    27.2154
1961.1666333    35.9812
1961.2500333    39.7473
1961.3333333    73.5123
1961.4166333    96.5076
1961.5000333    111.196
1961.5833333    139.806
1961.6666333    118.492
1961.7500333    89.6404
1961.8333333    70.403
1961.9166333    80.9344
1962.0000333    76.6201
1962.0833333    66.9969
1962.1666333    66.0656
1962.2500333    59.3654
1962.3333333    54.1256
1962.4166333    50.1931
1962.5000333    23.7995
1962.5833333    -15.2876
1962.6666333    -54.9905
1962.7500333    -67.9238
1962.8333333    -71.3968
1962.9166333    -77.7163
1963.0000333    -78.9584
1963.0833333    -86.8172
1963.1666333    -93.3686
1963.2500333    -89.7658
1963.3333333    -89.0104
1963.4166333    -81.2553
1963.5000333    -79.6537
1963.5833333    -55.5917
1963.6666333    -68.6071
1963.7500333    -72.4682
1963.8333333    -48.2536
1963.9166333    -33.5009
1964.0000333    -2.3632
1964.0833333    1.2348
1964.1666333    13.9094
1964.2500333    16.969
1964.3333333    4.9505
1964.4166333    23.9315
1964.5000333    25.9899
1964.5833333    4.0471
1964.6666333    -10.2038
1964.7500333    6.9304
1964.8333333    13.8325
1964.9166333    8.5805
1965.0000333    20.9442
1965.0833333    12.5375
1965.1666333    11.5919
1965.2500333    -1.0456
1965.3333333    -3.5304
1965.4166333    -18.4772
1965.5000333    -61.3466
1965.5833333    -93.2942
1965.6666333    -76.3959
1965.7500333    -83.3435
1965.8333333    -81.2153
1965.9166333    -67.7029
1966.0000333    -52.4978
1966.0833333    -57.217
1966.1666333    -48.475
1966.2500333    -48.8095
1966.3333333    -45.2991
1966.4166333    -34.6352
1966.5000333    -26.8171
1966.5833333    -11.5386
1966.6666333    45.7394
1966.7500333    50.7102
1966.8333333    61.2183
1966.9166333    70.8798
1967.0000333    84.157
1967.0833333    79.4331
1967.1666333    76.7088
1967.2500333    92.5234
1967.3333333    113.875
1967.4166333    131.688
1967.5000333    127.425
1967.5833333    136.314
1967.6666333    148.048
1967.7500333    121.476
1967.8333333    104.749
1967.9166333    100.79
1968.0000333    97.7548
1968.0833333    78.4108
1968.1666333    52.1433
1968.2500333    48.4146
1968.3333333    10.9924
1968.4166333    -16.584
1968.5000333    -45.9292
1968.5833333    -69.1218
1968.6666333    -109.93
1968.7500333    -136.661
1968.8333333    -163.855
1968.9166333    -167.895
1969.0000333    -153.551
1969.0833333    -163.592
1969.1666333    -152.018
1969.2500333    -113.29
1969.3333333    -75.4859
1969.4166333    -59.2209
1969.5000333    -77.7247
1969.5833333    -82.1528
1969.6666333    -82.1967
1969.7500333    -56.394
1969.8333333    -51.3618
1969.9166333    -38.7145
1970.0000333    -14.6823
1970.0833333    -22.5743
1970.1666333    -6.6206
1970.2500333    1.4874
1970.3333333    -0.0981
1970.4166333    -28.2994
1970.5000333    -28.9618
1970.5833333    -15.5485
1970.6666333    -13.6741
1970.7500333    -16.4916
1970.8333333    -29.1564
1970.9166333    -31.3601
1971.0000333    -19.5633
1971.0833333    -31.8447
1971.1666333    -26.8188
1971.2500333    -13.6387
1971.3333333    2.6172
1971.4166333    13.4112
1971.5000333    -1.7176
1971.5833333    -35.5398
1971.6666333    -54.9778
1971.7500333    -48.9539
1971.8333333    -53.4696
1971.9166333    -36.6011
1972.0000333    -27.5784
1972.0833333    -37.9414
1972.1666333    -43.151
1972.2500333    -46.8987
1972.3333333    -35.186
1972.4166333    -21.243
1972.5000333    -41.915
1972.5833333    -16.9727
1972.6666333    17.5076
1972.7500333    52.6806
1972.8333333    55.4679
1972.9166333    76.1008
1973.0000333    75.5803
1973.0833333    85.751
1973.1666333    90.3828
1973.2500333    90.4765
1973.3333333    105.646
1973.4166333    108.2
1973.5000333    86.0614
1973.5833333    88.5373
1973.6666333    40.6283
1973.7500333    6.2581
1973.8333333    -33.5748
1973.9166333    -31.0235
1974.0000333    -9.7795
1974.0833333    1.771
1974.1666333    8.4749
1974.2500333    5.8716
1974.3333333    15.8055
1974.4166333    38.816
1974.5000333    56.3653
1974.5833333    44.375
1974.6666333    28.4612
1974.7500333    43.4708
1974.8333333    59.5562
1974.9166333    87.4105
1975.0000333    85.8805
1975.0833333    63.1955
1975.1666333    67.8177
1975.2500333    61.2865
1975.3333333    67.2927
1975.4166333    85.8368
1975.5000333    86.4583
1975.5833333    41.8478
1975.6666333    18.6985
1975.7500333    23.1649
1975.8333333    23.3994
1975.9166333    27.8643
1976.0000333    22.5603
1976.0833333    19.9475
1976.1666333    12.1804
1976.2500333    -27.6632
1976.3333333    -44.8157
1976.4166333    -43.5071
1976.5000333    -70.0442
1976.5833333    -127.121
1976.6666333    -134.66
1976.7500333    -119.967
1976.8333333    -127.045
1976.9166333    -122.662
1977.0000333    -116.048
1977.0833333    -120.665
1977.1666333    -111.975
1977.2500333    -98.3624
1977.3333333    -47.2119
1977.4166333    -31.2926
1977.5000333    -18.373
1977.5833333    -38.3006
1977.6666333    -29.8441
1977.7500333    -45.7718
1977.8333333    -77.3929
1977.9166333    -79.1683
1978.0000333    -70.7895
1978.0833333    -80.1042
1978.1666333    -47.4961
1978.2500333    -35.5801
1978.3333333    -5.2805
1978.4166333    -43.7506
1978.5000333    -70.4511
1978.5833333    -96.7681
1978.6666333    -78.1625
1978.7500333    -90.7103
1978.8333333    -69.7978
1978.9166333    -42.4241
1979.0000333    -16.6654
1979.0833333    -10.0617
1979.1666333    16.4646
1979.2500333    -5.0087
1979.3333333    -14.8677
1979.4166333    -29.3426
1979.5000333    -31.0478
1979.5833333    -27.5234
1979.6666333    -48.9225
1979.7500333    -60.5521
1979.8333333    -55.7981
1979.9166333    -63.8138
1980.0000333    -64.906
1980.0833333    -87.0763
1980.1666333    -85.7086
1980.2500333    -93.4174
1980.3333333    -87.3581
1980.4166333    -66.9146
1980.5000333    -57.0862
1980.5833333    -27.182
1980.6666333    -22.9704
1980.7500333    -7.9893
1980.8333333    -5.7017
1980.9166333    13.5856
1981.0000333    30.104
1981.0833333    39.0059
1981.1666333    45.1381
1981.2500333    51.0399
1981.3333333    66.479
1981.4166333    68.7639
1981.5000333    35.6645
1981.5833333    6.564
1981.6666333    -11.8446
1981.7500333    4.901
1981.8333333    25.0301
1981.9166333    25.7741
1982.0000333    20.4416
1982.0833333    14.8002
1982.1666333    36.2354
1982.2500333    29.9786
1982.3333333    36.5668
1982.4166333    39.6931
1982.5000333    79.8198
1982.5833333    106.945
1982.6666333    106.378
1982.7500333    99.7343
1982.8333333    81.2432
1982.9166333    72.3671
1983.0000333    87.5683
1983.0833333    91.9991
1983.1666333    98.5834
1983.2500333    110.706
1983.3333333    144.444
1983.4166333    139.719
1983.5000333    144.995
1983.5833333    99.5771
1983.6666333    51.0821
1983.7500333    34.3566
1983.8333333    25.0147
1983.9166333    31.9031
1984.0000333    42.0995
1984.0833333    35.064
1984.1666333    32.182
1984.2500333    37.9926
1984.3333333    6.1867
1984.4166333    -10.8503
1984.5000333    -47.8102
1984.5833333    -99.848
1984.6666333    -122.732
1984.7500333    -106.232
1984.8333333    -107.579
1984.9166333    -97.9257
1985.0000333    -89.7341
1985.0833333    -83.0051
1985.1666333    -58.8918
1985.2500333    -45.086
1985.3333333    -48.8966
1985.4166333    -44.323
1985.5000333    -49.8261
1985.5833333    -53.0225
1985.6666333    -45.1424
1985.7500333    -46.6467
1985.8333333    -41.2289
1985.9166333    -32.1962
1986.0000333    -21.5477
1986.0833333    -30.2081
1986.1666333    -28.0227
1986.2500333    -25.3755
1986.3333333    -3.4985
1986.4166333    0.5318
1986.5000333    -21.5914
1986.5833333    -21.9464
1986.6666333    -23.6095
1986.7500333    -31.7339
1986.8333333    -18.167
1986.9166333    -14.6775
1987.0000333    -4.9569
1987.0833333    -1.5451
1987.1666333    18.5586
1987.2500333    21.1242
1987.3333333    -0.9267
1987.4166333    -32.055
1987.5000333    -19.106
1987.5833333    -4.6196
1987.6666333    -10.826
1987.7500333    4.5834
1987.8333333    3.9916
1987.9166333    0.7072
1988.0000333    -1.6539
1988.0833333    6.907
1988.1666333    14.4675
1988.2500333    13.8745
1988.3333333    -4.8735
1988.4166333    13.532
1988.5000333    53.3223
1988.5833333    72.8809
1988.6666333    95.9775
1988.7500333    93.9205
1988.8333333    111.709
1988.9166333    126.65
1989.0000333    139.977
1989.0833333    157.917
1989.1666333    153.473
1989.2500333    151.106
1989.3333333    148.353
1989.4166333    160.6
1989.5000333    165.463
1989.5833333    165.709
1989.6666333    166.724
1989.7500333    153.124
1989.8333333    152.292
1989.9166333    135.075
1990.0000333    144.473
1990.0833333    148.64
1990.1666333    137.114
1990.2500333    145.896
1990.3333333    131.677
1990.4166333    137.304
1990.5000333    142.931
1990.5833333    100.249
1990.6666333    34.8748
1990.7500333    -28.4225
1990.8333333    -52.7977
1990.9166333    -41.4811
1991.0000333    -27.8564
1991.0833333    -31.2328
1991.1666333    -32.3789
1991.2500333    -27.4478
1991.3333333    -24.7484
1991.4166333    -10.8187
1991.5000333    5.1112
1991.5833333    1.5016
1991.6666333    27.5071
1991.7500333    37.3589
1991.8333333    51.8251
1991.9166333    45.9062
1992.0000333    37.6799
1992.0833333    47.6834
1992.1666333    48.6864
1992.2500333    25.3051
1992.3333333    27.8458
1992.4166333    32.0785
1992.5000333    54.8498
1992.5833333    48.3893
1992.6666333    37.39
1992.7500333    15.5448
1992.8333333    5.9293
1992.9166333    0.698
1993.0000333    35.2362
1993.0833333    44.3118
1993.1666333    19.0024
1993.2500333    -4.2298
1993.3333333    1.9215
1993.4166333    -1.5429
1993.5000333    -39.4686
1993.5833333    -64.3954
1993.6666333    -91.9379
1993.7500333    -113.711
1993.8333333    -88.8697
1993.9166333    -73.3365
1993.9999663    0.0
1994.0833333    -84.7322
1994.1666333    -102.2
1994.2500333    -98.2834
1994.3333333    -81.7522
1994.4166333    -31.8367
1994.5000333    10.6943
1994.5833333    38.0705
1994.6666333    76.0617
1994.7500333    78.8223
1994.8333333    75.1973
1994.9166333    88.418
1995.0000333    81.4083
1995.0833333    78.4744
1995.1666333    80.6939
1995.2500333    92.2983
1995.3333333    56.2094
1995.4166333    14.8893
1995.5000333    -49.8151
1995.5833333    -102.29
1995.6666333    -154.765
1995.7500333    -177.086
1995.8333663    0.0
1995.9167003    0.0
1996.0000333    -180.514
1996.0833333    -184.145
1996.1666333    -204.007
1996.2500333    -205.869
1996.3333333    -178.655
1996.4166333    -163.98
1996.5000333    -178.151
1996.5833333    -136.476
1996.6666333    -87.341
1996.7500333    -47.0514
1996.8333333    -30.7628
1996.9166333    -23.6285
1997.0000333    -40.1863
1997.0833333    -63.3604
1997.1666333    -40.4581
1997.2500333    -3.6324
1997.3333333    -8.3462
1997.4166333    -37.5989
1997.5000333    -38.159
1997.5833333    -13.7202
1997.6666333    -9.3587
1997.7500333    -48.3815
1997.8333333    -68.3285
1997.9166333    -68.3528
1998.0000333    -43.2999
1998.0833333    -11.4788
1998.1666333    5.3419
1998.2500333    -6.2988
1998.3333333    0.675
1998.4166333    11.8022
1998.5000333    35.9296
1998.5833333    49.2868
1998.6666333    30.6435
1998.7500333    8.3082
1998.8333333    19.895
1998.9166333    25.5582
1999.0000333    31.4525
1999.0833333    10.8073
1999.1666333    -13.3768
1999.2500333    -12.0991
1999.3333333    0.0238
1999.4166333    7.7616
1999.5000333    22.0381
1999.5833333    46.3136
1999.6666333    48.4348
1999.7500333    36.0948
1999.8333333    26.3691
1999.9166333    46.2584
2000.0000333    59.071
2000.0833333    67.1902
2000.1666333    69.2322
2000.2500333    71.9667
2000.3333333    70.4694
2000.4166333    65.3563
2000.5000333    39.0896
2000.5833333    0.4372
2000.6666333    -51.2155
2000.7500333    -83.0219
2000.8333333    -82.3677
2000.9166333    -64.1755
2001.0000333    -70.7523
2001.0833333    -68.5608
2001.1666333    -67.5236
2001.2500333    -56.717
2001.3333333    -25.1421
2001.4166333    -24.4907
2001.5000333    -17.6083
2001.5833333    26.0423
2001.6666333    72.154
2001.7500333    76.6506
2001.8333333    79.6077
2001.9166333    85.8721
2002.0000333    93.2136
2002.0833333    84.2465
2002.1666333    64.4328
2002.2500333    40.0039
2002.3333333    18.1125
2002.4166333    -40.4717
2002.5000333    -41.4402
2002.5833333    -56.7174
2002.6666333    -113.995
2002.7500333    -162.042
2002.8333333    -157.166
2002.9166333    -146.06
2003.0000333    -139.724
2003.0833333    -154.926
2003.1666333    -138.437
2003.2500333    -122.64
2003.3333333    -105.767
2003.4166333    -78.5097
2003.5000333    -36.7906
2003.5833333    -26.7649
2003.6666333    -37.1242
2003.7500333    -34.2526
2003.8333333    -27.228
2003.9166333    -16.9731
2004.0000333    -2.0257
2004.0833333    -7.4639
2004.1666333    10.0206
2004.2500333    14.8129
2004.3333333    24.2966
2004.4166333    57.3953
2004.5000333    92.4172
2004.5833333    94.2074
2004.6666333    63.0742
2004.7500333    57.018
2004.8333333    61.1147
2004.9166333    73.211
2005.0000333    69.0767
2005.0833333    69.8645
2005.1666333    87.8827
2005.2500333    78.4396
2005.3333333    83.6877
2005.4166333    69.5509
2005.5000333    32.1065
2005.5833333    -23.5695
2005.6666333    -61.9383
2005.7500333    -45.9223
2005.8333333    -41.7535
2005.9166333    -32.0465
2006.0000333    -37.4933
2006.0833333    -45.7102
2006.1666333    -54.466
2006.2500333    -67.0678
2006.3333333    -43.2859
2006.4166333    -19.4275
2006.5000333    25.508
2006.5833333    39.6733
2006.6666333    54.9921
2006.7500333    83.8495
2006.8333333    90.7059
2006.9166333    94.562
2007.0000333    100.341
2007.0833333    115.658
2007.1666333    145.898
2007.2500333    146.906
2007.3333333    158.991
2007.4166333    151.768
2007.5000333    129.16
2007.5833333    107.398
2007.6666333    117.558
2007.7500333    98.7181
2007.8333333    78.8006
2007.9166333    67.6519
2008.0000333    79.1187
2008.0833333    71.5846
2008.1666333    50.4347
2008.2500333    51.208
2008.3333333    63.5188
2008.4166333    64.3677
2008.5000333    44.6014
2008.5833333    12.988
2008.6666333    -18.7028
2008.7500333    -56.1626
2008.8333333    -52.3157
2008.9166333    -39.4691
2009.0000333    -30.7763
2009.0833333    -28.3921
2009.1666333    -13.4698
2009.2500333    4.068
2009.3333333    -23.0105
2009.4166333    -46.4741
2009.5000333    -85.399
2009.5833333    -112.402
2009.6666333    -107.328
2009.7500333    -107.254
2009.8333333    -95.3351
2009.9166333    -87.6472
2010.0000333    -81.7283
2010.0833333    -84.5796
2010.1666333    -91.6621
2010.2500333    -108.36
2010.3333333    -113.982
2010.4166333    -122.911
2010.5000333    -117.764
2010.5833333    -93.6179
2010.6666333    -75.9335
2010.7500333    -64.7105
2010.8333333    -64.027
2010.9166333    -56.4207
2011.0000333    -58.6604
2011.0833333    -56.2088
2011.1666333    -37.6038
2011.2500333    -10.4601
2011.3333333    -4.4712
2011.4166333    42.9019
2011.5000333    84.5059
2011.5833333    80.9552
2011.6666333    86.1733
2011.7500333    93.1607
2011.8333333    83.7626
2011.9166333    91.1333
2012.0000333    92.3504
2012.0833333    96.9511
2012.1666333    117.705
2012.2500333    117.998
2012.3333333    112.213
2012.4166333    100.043
2012.5000333    46.4882
2012.5833333    6.5481
2012.6666333    -25.7001
2012.7500333    -44.2559
2012.8333333    -56.8895
2012.9166333    -60.7543
2013.0000333    -64.619
2013.0833333    -67.7153
2013.1666333    -72.5813
2013.2500333    -100.601
2013.3333333    -94.3908
2013.4166333    -76.8734
2013.5000333    -66.3558
2013.5833333    -68.1468
2013.6666333    -55.2459
2013.7500333    -25.8065
2013.8333333    -28.5217
2013.9166333    -31.7759
2014.0000333    -31.5684
2014.0833333    -26.3618
2014.1666333    -36.5402
2014.2500333    -30.8724
2014.3333333    -31.667
2014.4166333    -41.5389
2014.5000333    -43.6414
2014.5833333    -29.8987
2014.6666333    -20.0026
2014.7500333    -19.9525
2014.8333333    -6.5956
2014.9166333    23.6839
2015.0000333    49.6559
2015.0833333    56.4731
2015.1666333    49.9053
2015.2500333    49.1838
2015.3333333    67.7691
2015.4166333    119.123
2015.5000333    99.7082
2015.5833333    88.7538
2015.6666333    66.3375
2015.7500333    56.9213
2015.8333333    44.2734
2015.9166333    18.4713
2016.0000333    10.2847
2016.0833333    12.7125
2016.1666333    17.9092
2016.2500333    0.3368
2016.3333333    1.6096
2016.4166333    -0.8872
2016.5000333    -17.6916
2016.5833333    -24.6507
2016.6666333    -44.1487
2016.7500333    -35.9543
2016.8333333    -43.6838
2016.9166333    -28.7215
2017.0000333    -5.6051
2017.0833333    -3.6436
2017.1666333    -15.067
2017.2500333    -13.4134
2017.3333333    40.2393
2017.4166333    81.9685
2017.5000333    77.8516
2017.5833333    39.0416
2017.6666333    21.1542
2017.7500333    -3.6561
2017.8333333    -22.4673
2017.9166333    -21.4328
2018.0000333    -36.6289
2018.0833333    -37.2875
2018.1666333    -34.0234
2018.2500333    -12.6053
2018.3333333    -17.7266
2018.4166333    -49.0021
2018.5000333    -81.2007
2018.5833333    -95.0924
2018.6666333    -73.5229
2018.7500333    -64.5688
2018.8333333    -50.9232
2018.9166333    -39.1242
2019.0000333    -28.8636
2019.0833333    -19.8346
2019.1666333    -14.4983
2019.2500333    -21.6235
2019.3333333    -59.288
2019.4166333    -43.876
2019.5000333    -4.7715
2019.5833333    40.4089
2019.6666333    62.7428
2019.7500333    52.4614
2019.8333333    77.8715
2019.9166333    76.2811
2020.0000333    92.6909
2020.0833333    98.0228
2020.1666333    105.201
2020.2500333    88.1475
2020.3333333    110.171
2020.4166333    133.655
2020.5000333    109.139
2020.5833333    50.6224
2020.6666333    3.6438
2020.7500333    -15.4115
2020.8333333    -25.3139
2020.9166333    -36.1398
2021.0000333    -37.3502
2021.0833333    -48.1769
2021.1666333    -61.2347
2021.2500333    -52.5232
2021.3333333    -27.8896
2021.4166333    -56.2563
2021.5000333    -55.4691
2021.5833333    -9.1443
2021.6666333    11.1801
2021.7500333    2.0431
2021.8333333    -4.7872
2021.9166333    10.5361
2022.0000333    26.8594
2022.0833333    37.5664
2022.1666333    17.8884
2022.2500333    40.3644
2022.3333333    28.5318
2022.4166333    2.3141
2022.5000333    25.3274
2022.5833333    31.4936
2022.6666333    -1.7252
2022.7500333    -24.1747
2022.8333333    -24.5482
2022.9166333    -33.6144
2023.0000333    -31.9112
2023.0833333    -25.132
2023.1666333    -16.4301
2023.2500333    10.7334
2023.3333333    -11.104
2023.4166333    -15.9417
2023.5000333    4.836
2023.5833333    8.0744
2023.6666333    -20.3031
2023.7500333    -33.065
2023.8333333    -32.0586
2023.9166333    -22.591
2024.0000333    -3.3542
2024.0833333    -0.272
2024.1666333    -17.0364
2024.2500333    -19.8777
2024.3333333    -18.489
2024.4166333    5.13
2024.5000333    10.7747
2024.5833333    0.2834
2024.6666333    -27.0841
2024.7500333    -7.8414
2024.8333333    11.2394
2024.9166333    57.5181
