1927.7500333    -7.0656
1927.8333333    -19.0468
1927.9166333    -20.4609
1928.0000333    -16.7777
1928.0833333    -11.4787
1928.1666333    -2.2178
1928.2500333    8.3216
1928.3333333    1.3927
1928.4166333    -12.3056
1928.5000333    -24.8501
1928.5833333    -37.7795
1928.6666663    0.0
1928.7500333    -46.0235
1928.8333333    -43.1073
1928.9166333    -43.6529
1929.0000333    -37.9678
1929.0833333    -34.7445
1929.1666333    -34.3675
1929.2500333    -27.6061
1929.3333333    -25.8449
1929.4166333    -25.4686
1929.5000333    -16.5538
1929.5833333    -18.7163
1929.6666333    -9.3405
1929.7500333    -5.2725
1929.8333333    -2.8971
1929.9166333    -4.2142
1930.0000333    0.3917
1930.0833333    4.5358
1930.1666333    5.5258
1930.2500333    12.8234
1930.3333333    14.3516
1930.4166333    4.5718
1930.5000333    -1.0542
1930.5833333    -15.9882
1930.6666333    -10.9993
1930.7500333    -12.9336
1930.8333333    -7.7143
1930.9166333    -6.9568
1931.0000333    6.8007
1931.0833333    11.6348
1931.1666333    7.3148
1931.2500333    11.9948
1931.3333333    8.9821
1931.4166333    5.0462
1931.5000333    13.341
1931.5833333    -2.1337
1931.6666333    -3.4548
1931.7500333    0.6086
1931.8333333    5.2871
1931.9166333    3.504
1932.0000333    9.9514
1932.0833333    4.4755
1932.1666333    5.9995
1932.2500333    20.0617
1932.3333333    12.7391
1932.4166333    11.4163
1932.5000333    4.8627
1932.5833333    -5.2297
1932.6666333    -2.0916
1932.7500333    -3.9535
1932.8333333    -5.4311
1932.9166333    -3.1397
1933.0000333    -3.0791
1933.0833333    -2.6342
1933.1666333    -3.1895
1933.2500333    -8.7449
1933.3333333    -21.1467
1933.4166333    -26.8564
1933.5000333    -29.0277
1933.5833333    -35.0455
1933.6666333    -37.4481
1933.7500333    -38.8508
1933.8333333    -35.5614
1933.9166333    -33.2722
1934.0000333    -35.5986
1934.0833333    -28.4637
1934.1666333    -26.8674
1934.2500333    -5.8866
1934.3333333    3.1709
1934.4166333    18.9973
1934.5000333    24.2852
1934.5833333    28.9575
1934.6666333    23.0142
1934.7500333    24.1476
1934.8333333    21.127
1934.9166333    22.4139
1935.0000333    25.7007
1935.0833333    28.2179
1935.1666333    34.9658
1935.2500333    45.4058
1935.3333333    34.3071
1935.4166333    31.2082
1935.5000333    26.4169
1935.5833333    26.4715
1935.6666333    8.7567
1935.7500333    16.3494
1935.8333333    11.0957
1935.9166333    17.3034
1936.0000333    24.5878
1936.0833333    24.949
1936.1666333    23.7715
1936.2500333    20.1323
1936.3333333    10.4159
1936.4166333    12.4686
1936.5000333    -0.0942
1936.5833333    -1.2727
1936.6666333    -6.4514
1936.7500333    0.9083
1936.8333333    -1.4246
1936.9166333    5.0116
1937.0000333    10.2938
1937.0833333    6.1141
1937.1666333    9.7036
1937.2500333    9.5236
1937.3333333    8.1127
1937.4166333    -2.0677
1937.5000333    -5.8636
1937.5833333    -7.1982
1937.6666333    -13.2253
1937.7500333    -14.4833
1937.8333333    -16.5877
1937.9166333    -10.0769
1938.0000333    -6.9508
1938.0833333    -3.902
1938.1666333    -8.0071
1938.2500333    -2.1124
1938.3333333    11.4743
1938.4166333    10.2917
1938.5000333    22.1089
1938.5833333    15.8489
1938.6666333    14.5888
1938.7500333    6.1746
1938.8333333    5.2987
1938.9166333    3.5765
1939.0000333    4.3925
1939.0833333    3.593
1939.1666333    1.6394
1939.2500333    3.0702
1939.3333333    -4.4222
1939.4166333    -19.6841
1939.5000333    -33.4076
1939.5833333    -52.3622
1939.6666333    -60.0862
1939.7500333    -63.7333
1939.8333333    -67.0731
1939.9166333    -65.413
1940.0000333    -61.6762
1940.0833333    -62.8626
1940.1666333    -56.6647
1940.2500333    -59.0822
1940.3333333    -44.2693
1940.4166333    -40.8411
1940.5000333    -48.2593
1940.5833333    -54.3699
1940.6666333    -53.8654
1940.7500333    -41.3611
1940.8333333    -33.2415
1940.9166333    -20.0453
1940.9999663    0.0
1941.0833003    0.0
1941.1666333    -23.15
1941.2500333    -12.7237
1941.3333333    -22.7591
1941.4166663    0.0
1941.5000003    0.0
1941.5833333    -35.0974
1941.6666333    -38.0568
1941.7500333    -51.0931
1941.8333333    -57.3605
1941.9166333    -41.3973
1941.9999663    0.0
1942.0833003    0.0
1942.1666333    0.0
1942.2500333    -16.6233
1942.3333333    0.1851
1942.4166333    4.1471
1942.5000333    9.7244
1942.5833333    9.763
1942.6666333    13.7245
1942.7500333    8.532
1942.8333333    11.7238
1942.9166333    16.2232
1943.0000333    22.7994
1943.0833333    29.8368
1943.1666333    35.4125
1943.2500333    38.6035
1943.3333333    36.5634
1943.4166333    32.0617
1943.5000333    29.4059
1943.5833333    18.8268
1943.6666333    10.2475
1943.7500333    16.2835
1943.8333333    18.0885
1943.9166333    32.8932
1944.0000333    38.8517
1944.0833333    34.9638
1944.1666333    30.1526
1944.2499663    0.0
1944.3333003    0.0
1944.4166333    19.3334
1944.5000333    8.1368
1944.5833663    0.0
1944.6667003    0.0
1944.7500333    0.0
1944.8333333    1.2718
1944.9166333    1.7666
1945.0000333    -3.0464
1945.0833333    8.3711
1945.1666333    15.0961
1945.2500333    20.4363
1945.3333333    18.6224
1945.4166333    18.1161
1945.5000333    16.8404
1945.5833333    23.1798
1945.6666333    15.1344
1945.7500333    16.2427
1945.8333333    16.9662
1945.9166333    20.9203
1946.0000333    22.2588
1946.0833333    26.0586
1946.1666333    32.4736
1946.2500333    30.5039
1946.3333333    31.6877
1946.4166333    29.1022
1946.5000333    15.5934
1946.5833333    -4.1464
1946.6666333    -8.4248
1946.7500333    -4.7803
1946.8333333    -13.2899
1946.9166333    -16.6459
1947.0000333    -21.6173
1947.0833333    -29.2813
1947.1666333    -34.1763
1947.2500333    -47.7637
1947.3333333    -39.8129
1947.4166333    -46.17
1947.5000333    -42.8349
1947.5833333    -43.3462
1947.6666333    -33.1654
1947.7500333    -37.6001
1947.8333333    -39.8812
1947.9166333    -24.4702
1948.0000333    -16.2901
1948.0833333    -8.4948
1948.1666333    6.9156
1948.2500333    14.0182
1948.3333333    22.5821
1948.4166333    20.6074
1948.5000333    27.7864
1948.5833333    27.8112
1948.6666333    21.4513
1948.7500333    27.322
1948.8333333    26.1925
1948.9166333    30.755
1949.0000333    24.8559
1949.0833333    24.8027
1949.1666333    22.2109
1949.2500333    22.3881
1949.3333333    23.4113
1949.4166333    31.4343
1949.5000333    22.534
1949.5833333    22.7874
1949.6666333    15.0405
1949.7500333    34.3705
1949.8333333    28.854
1949.9166333    32.1066
1950.0000333    36.3591
1950.0833333    44.7651
1950.1666333    53.3249
1950.2500333    58.5767
1950.3333333    57.9822
1950.4166333    52.1568
1950.5000333    45.1004
1950.5833333    46.5822
1950.6666333    37.91
1950.7500333    37.6223
1950.8333333    23.1036
1950.9166333    24.8924
1951.0000333    24.5271
1951.0833333    25.0847
1951.1666333    25.6422
1951.2500333    12.1225
1951.3333333    13.4488
1951.4166333    21.7749
1951.5000333    23.7162
1951.5833333    18.1189
1951.6666333    13.0598
1951.7500333    7.6928
1951.8333333    8.8641
1951.9166333    16.1891
1952.0000333    18.0523
1952.0833333    23.7615
1952.1666333    24.0859
1952.2500333    24.9486
1952.3333333    32.4264
1952.4166333    24.3656
1952.5000333    4.3816
1952.5833333    -8.9104
1952.6666333    -21.9717
1952.7500333    -21.8794
1952.8333333    -19.0181
1952.9166333    -16.9262
1953.0000333    -16.296
1953.0833333    -8.5891
1953.1666333    -5.0362
1953.2500333    -5.022
1953.3333333    -3.8541
1953.4166333    -3.8403
1953.5000333    -11.8266
1953.5833333    -24.8901
1953.6666333    -20.9538
1953.7500333    -20.0945
1953.8333333    -23.9278
1953.9166333    -24.9151
1954.0000333    -19.7487
1954.0833333    -17.2749
1954.1666333    -14.4935
1954.2500333    -12.4816
1954.3333333    -10.316
1954.4166333    -7.9198
1954.5000333    -15.1392
1954.5833333    -13.8973
1954.6666333    -9.5786
1954.7500333    -17.9524
1954.8333333    -10.1726
1954.9166333    -6.7776
1955.0000333    -6.1519
1955.0833333    -13.3727
1955.1666333    -13.7475
1955.2500333    -16.584
1955.3333333    -22.2668
1955.4166333    -18.1037
1955.5000333    -30.1715
1955.5833333    -44.3934
1955.6666333    -48.154
1955.7500333    -44.8377
1955.8333333    -38.7525
1955.9166333    -28.2059
1956.0000333    -19.0441
1956.0833333    -7.8056
1956.1666333    -8.6442
1956.2500333    -24.0215
1956.3333333    -40.4758
1956.4166663    0.0
1956.5000003    0.0
1956.5833333    0.0
1956.6666663    0.0
1956.7500003    0.0
1956.8333333    0.0
1956.9166333    -50.9694
1957.0000333    -56.0407
1957.0833333    -45.266
1957.1666333    -15.03
1957.2500333    0.8213
1957.3333333    20.6723
1957.4166333    32.1386
1957.4999663    0.0
1957.5833333    29.4551
1957.6666333    17.8438
1957.7500333    -0.4599
1957.8333333    -1.8408
1957.9166333    6.0858
1958.0000333    19.0892
1958.0833333    33.4001
1958.1666333    35.0184
1958.2500333    33.4828
1958.3333333    16.4854
1958.4166333    14.5647
1958.5000333    9.2592
1958.5833333    -5.9695
1958.6666333    -16.0446
1958.7500333    -8.6583
1958.8333333    -8.8876
1958.9166333    -8.1171
1959.0000333    -4.5776
1959.0833333    -8.1921
1959.1666333    -10.4222
1959.2500333    -13.8832
1959.3333333    -16.5752
1959.4166333    -13.4981
1959.4999663    0.0
1959.5833333    -21.96
1959.6666333    -41.1912
1959.7500333    -41.6534
1959.8333333    -45.4234
1959.9166333    -50.5783
1960.0000333    -38.6564
1960.0833333    -31.7347
1960.1666333    -29.2748
1960.2500333    -23.0458
1960.3333333    -18.5862
1960.4166333    -18.973
1960.5000333    -24.8215
1960.5833333    -20.4394
1960.6666333    -16.6729
1960.7500333    -6.2912
1960.8333333    7.0133
1960.9166333    17.7023
1961.0000333    29.545
1961.0833333    35.0798
1961.1666333    39.9221
1961.2500333    50.6872
1961.3333333    55.4522
1961.4166333    49.4478
1961.5000333    63.4431
1961.5833333    65.8229
1961.6666333    60.0487
1961.7500333    55.8127
1961.8333333    57.9611
1961.9166333    55.2632
1962.0000333    60.0267
1962.0833333    64.4823
1962.1666333    66.8607
1962.2500333    67.3928
1962.3333333    61.0786
1962.4166333    57.918
1962.5000333    47.2188
1962.5833333    25.7501
1962.6666333    19.2813
1962.7500333    14.6584
1962.8333333    12.42
1962.9166333    11.1044
1963.0000333    9.0194
1963.0833333    9.5496
1963.1666333    -0.6127
1963.2500333    1.6864
1963.3333333    12.6776
1963.4166333    12.5916
1963.5000333    6.5055
1963.5833333    9.1884
1963.6666333    6.6403
1963.7500333    7.3229
1963.8333333    10.6975
1963.9166333    17.8412
1964.0000333    19.2924
1964.0833333    24.7434
1964.1666333    23.5788
1964.2500333    26.1063
1964.3333333    22.0183
1964.4166333    8.8532
1964.5000333    11.6878
1964.5833333    3.9838
1964.6666333    2.3566
1964.7500333    11.4984
1964.8333333    13.3323
1964.9166333    16.0121
1965.0000333    19.7687
1965.0833333    23.3713
1965.1666333    28.7429
1965.2500333    31.2681
1965.3333333    36.024
1965.4166333    44.3181
1965.5000333    34.2274
1965.5833333    33.2903
1965.6666333    37.8915
1965.7500333    37.1849
1965.8333333    30.1703
1965.9166333    30.6171
1966.0000333    27.2945
1966.0833333    20.0486
1966.1666333    18.1103
1966.2500333    9.9409
1966.3333333    0.156
1966.4166333    -9.9368
1966.5000333    -38.2605
1966.5833333    -32.9691
1966.6666333    -33.8317
1966.7500333    -38.3868
1966.8333333    -31.019
1966.9166333    -27.036
1967.0000333    -23.6686
1967.0833333    -17.686
1967.1666333    -7.9344
1967.2500333    13.7401
1967.3333333    24.4914
1967.4166333    38.5502
1967.5000333    49.1472
1967.5833333    57.5902
1967.6666333    62.1099
1967.7500333    49.2448
1967.8333333    51.1488
1967.9166333    49.1295
1968.0000333    49.8792
1968.0833333    49.1673
1968.1666333    52.6089
1968.2500333    55.1273
1968.3333333    36.1071
1968.4166333    28.6251
1968.5000333    18.989
1968.5833333    7.1221
1968.6666333    0.6395
1968.7500333    -7.5355
1968.8333333    -5.4031
1968.9166333    -1.117
1969.0000333    -4.5234
1969.0833333    -4.853
1969.1666333    -5.1829
1969.2500333    -4.2822
1969.3333333    0.5414
1969.4166333    -10.6351
1969.5000333    -10.4273
1969.5833333    -16.9119
1969.6666333    -16.3199
1969.7500333    -12.8049
1969.8333333    -13.444
1969.9166333    -3.0063
1970.0000333    -1.8765
1970.0833663    0.0
1970.1666333    5.9209
1970.2500333    13.204
1970.3333333    22.6407
1970.4166333    12.4618
1970.5000333    1.7443
1970.5833333    6.0266
1970.6666333    -10.999
1970.7500333    -14.2555
1970.8333333    -17.2815
1970.9166333    -13.923
1971.0000333    -14.7186
1971.0833333    -20.5144
1971.1666333    -22.9257
1971.2500333    -22.4142
1971.3333333    -21.749
1971.4166333    -27.9302
1971.5000333    -35.1884
1971.5833333    -45.6007
1971.6666333    -51.4748
1971.7500333    -40.1182
1971.8333333    -36.6849
1971.9166333    -29.8672
1972.0000333    -27.3574
1972.0833333    -25.0785
1972.1666333    -29.0306
1972.2500333    -28.2906
1972.3333333    -21.4739
1972.4166333    -20.1188
1972.5000333    -21.6871
1972.5833333    -19.2555
1972.6666333    -19.978
1972.7500333    -17.7006
1972.8333333    -20.8081
1972.9166333    -14.3004
1972.9999663    0.0
1973.0833333    -18.5932
1973.1666333    -15.086
1973.2500333    -12.656
1973.3333333    2.1585
1973.4166333    9.8189
1973.5000333    6.0945
1973.5833333    -2.7839
1973.6666333    -15.2009
1973.7500333    -19.3874
1973.8333333    -20.5741
1973.9166333    -15.2994
1974.0000333    -6.7942
1974.0833333    -7.5968
1974.1666333    7.2158
1974.2500333    9.7974
1974.3333333    16.6865
1974.4166333    22.2677
1974.5000333    32.9257
1974.5833333    23.2757
1974.6666333    22.0103
1974.7500333    25.283
1974.8333333    29.8633
1974.9166333    31.9049
1975.0000333    31.6386
1975.0833333    27.2953
1975.1666333    34.9517
1975.2500333    27.3771
1975.3333333    27.0332
1975.4166333    27.9968
1975.5000333    16.7293
1975.5833333    -5.6921
1975.6666333    -8.4983
1975.7500333    -16.074
1975.8333333    -12.8037
1975.9166333    -12.3028
1976.0000333    -9.033
1976.0833333    -13.6094
1976.1666333    -16.2629
1976.2500333    -17.6859
1976.3333333    -11.4167
1976.4166333    -11.0708
1976.5000333    -19.1098
1976.5833333    -22.6874
1976.6666333    -17.2651
1976.7500333    -13.9969
1976.8333333    -13.8058
1976.9166333    -12.1534
1977.0000333    -5.3473
1977.0833333    -4.8491
1977.1666333    2.2643
1977.2500333    14.0698
1977.3333333    24.2597
1977.4166333    18.5264
1977.5000333    16.7929
1977.5833333    12.5976
1977.6666333    14.9407
1977.7500333    6.745
1977.8333333    2.8569
1977.9166333    8.8148
1978.0000333    11.157
1978.0833333    12.4222
1978.1666333    21.2256
1978.2500333    22.1057
1978.3333333    23.1395
1978.4166333    7.0193
1978.5000333    3.2066
1978.5833333    1.8552
1978.6666333    4.9652
1978.7500333    -8.2327
1978.8333333    -8.277
1978.9166333    -6.6291
1979.0000333    -3.6738
1979.0833333    -0.4109
1979.1666333    2.1595
1979.2500333    -5.4242
1979.3333333    1.5304
1979.4166333    -1.2844
1979.5000333    -7.8687
1979.5833333    -13.7608
1979.6666333    -26.0377
1979.7500333    -32.5456
1979.8333333    -33.5922
1979.9166333    -24.9466
1980.0000333    -20.4551
1980.0833333    -17.7329
1980.1666333    -19.2418
1980.2500333    -14.4431
1980.3333333    -11.7985
1980.4166333    -14.9233
1980.5000333    -24.0483
1980.5833333    -23.4042
1980.6666333    -15.5296
1980.7500333    -15.886
1980.8333333    -12.4732
1980.9166333    -4.2145
1981.0000333    -4.6484
1981.0833333    -5.1593
1981.1666333    -2.7474
1981.2500333    7.5874
1981.3333333    13.3067
1981.4166333    20.1027
1981.5000333    14.2062
1981.5833333    16.0018
1981.6666333    19.4126
1981.7500333    12.1309
1981.8333333    18.5413
1981.9166333    23.7208
1982.0000333    22.5924
1982.0833333    26.233
1982.1666333    34.6427
1982.2500333    37.6675
1982.3333333    39.923
1982.4166333    37.8705
1982.5000333    46.8948
1982.5833333    36.0727
1982.6666333    39.4043
1982.7500333    41.1203
1982.8333333    50.6823
1982.9166333    51.398
1983.0000333    48.5749
1983.0833333    54.9825
1983.1666333    65.2361
1983.2500333    76.9509
1983.3333333    78.5887
1983.4166333    70.0724
1983.5000333    63.0944
1983.5833333    37.2701
1983.6666333    37.4456
1983.7500333    26.2362
1983.8333333    21.1036
1983.9166333    11.6631
1984.0000333    8.9916
1984.0833333    5.3969
1984.1666333    4.7251
1984.2500333    -0.1008
1984.3333333    -15.6192
1984.4166333    -16.2146
1984.5000333    -21.8103
1984.5833333    -34.56
1984.6666333    -36.0791
1984.7500333    -33.9062
1984.8333333    -39.4257
1984.9166333    -38.6377
1985.0000333    -37.3884
1985.0833333    -29.5238
1985.1666333    -20.4287
1985.2500333    -23.9492
1985.3333333    -29.7775
1985.4166333    -26.2214
1985.5000333    -32.8963
1985.5833333    -52.4945
1985.6666333    -49.862
1985.7500333    -50.1529
1985.8333333    -48.1362
1985.9166333    -40.5043
1986.0000333    -39.7189
1986.0833333    -35.2412
1986.1666333    -36.7637
1986.2500333    -32.2096
1986.3333333    -23.3479
1986.4166333    -17.6403
1986.5000333    -37.3175
1986.5833333    -47.3794
1986.6666333    -39.8262
1986.7500333    -45.9655
1986.8333333    -45.4896
1986.9166333    -45.9369
1987.0000333    -41.9999
1987.0833333    -37.8322
1987.1666333    -33.357
1987.2500333    -27.7282
1987.3333333    -29.2534
1987.4166333    -32.5481
1987.5000333    -30.766
1987.5833333    -11.5995
1987.6666333    -3.8178
1987.7500333    0.0406
1987.8333333    4.2066
1987.9166333    13.4493
1988.0000333    20.4609
1988.0833333    29.7033
1988.1666333    34.0223
1988.2500333    26.7257
1988.3333333    28.1213
1988.4166333    28.5167
1988.5000333    29.6041
1988.5833333    28.2299
1988.6666333    24.0863
1988.7500333    18.7116
1988.8333333    16.9522
1988.9166333    17.4234
1989.0000333    12.5097
1989.0833333    16.442
1989.1666333    9.6819
1989.2500333    9.383
1989.3333333    19.5455
1989.4166333    24.3233
1989.5000333    29.793
1989.5833333    42.6473
1989.6666333    37.8091
1989.7500333    30.2013
1989.8333333    25.7473
1989.9166333    33.9086
1990.0000333    40.1464
1990.0833333    45.3072
1990.1666333    44.6986
1990.2500333    50.9359
1990.3333333    52.1731
1990.4166333    46.5639
1990.5000333    37.1083
1990.5833333    14.4218
1990.6666333    -13.034
1990.7500333    -24.4133
1990.8333333    -32.5619
1990.9166333    -23.326
1991.0000333    -26.7059
1991.0833333    -28.3935
1991.1666333    -26.1582
1991.2500333    -22.4617
1991.3333333    -24.0729
1991.4166333    -39.8382
1991.5000333    -43.9115
1991.5833333    -49.6003
1991.6666663    0.0
1991.7500333    -44.9015
1991.8333333    -44.9755
1991.9166333    -44.0496
1992.0000333    -36.5086
1992.0833333    -30.8908
1992.1666333    -25.3501
1992.2500333    -21.9636
1992.3333333    -13.731
1992.4166333    -17.4217
1992.5000333    -12.0357
1992.5833333    -10.5729
1992.6666333    -17.5718
1992.7500333    -22.0325
1992.8333333    -22.9549
1992.9166333    -20.416
1993.0000333    -15.9542
1993.0833333    -9.6464
1993.1666333    -14.4157
1993.2500333    -17.3391
1993.3333333    -20.0319
1993.4166333    -20.3402
1993.5000333    -17.8796
1993.5833333    -42.3421
1993.6666333    -32.4972
1993.7500333    -31.2679
1993.8333333    -23.6541
1993.9166333    -22.0405
1994.0000333    -12.1195
1994.0833333    -7.4294
1994.1666333    -0.3548
1994.2500333    12.2579
1994.3333333    20.8706
1994.4166333    32.2523
1994.4999663    0.0
1994.5833003    0.0
1994.6666333    21.6269
1994.7500333    8.0077
1994.8333333    16.0038
1994.9166333    11.1536
1995.0000333    14.38
1995.0833333    12.1448
1995.1666333    19.6786
1995.2500333    23.5968
1995.3333333    22.2072
1995.4166333    9.0481
1995.5000333    -9.5728
1995.5833333    -26.1938
1995.6666333    -52.1995
1995.7500333    -64.5902
1995.8333333    -63.4425
1995.9166333    -64.372
1996.0000333    -65.994
1996.0833333    -66.3084
1996.1666333    -66.8538
1996.2500333    -66.1687
1996.3333333    -66.5606
1996.4166333    -70.1835
1996.5000333    -70.4221
1996.5833333    -57.8915
1996.6666333    -53.6688
1996.7500333    -47.2156
1996.8333333    -41.0702
1996.9166333    -35.7711
1997.0000333    -35.3185
1997.0833333    -34.1737
1997.1666333    -26.9521
1997.2500333    -17.8078
1997.3333333    -20.6635
1997.4166333    -22.7502
1997.5000333    -15.7603
1997.5833333    -5.4628
1997.6666333    -20.3193
1997.7500333    -15.0222
1997.8333333    -13.8022
1997.9166333    -10.5054
1998.0000333    -4.132
1998.0833333    5.8567
1998.1666333    12.7683
1998.2500333    18.3718
1998.3333333    16.2061
1998.4166333    21.3479
1998.5000333    22.5663
1998.5833333    21.0923
1998.6666333    11.4643
1998.7500333    14.4514
1998.8333333    10.0538
1998.9166333    14.4252
1999.0000333    13.5655
1999.0833333    11.3211
1999.1666333    15.0766
1999.2500333    15.7548
1999.3333333    11.8176
1999.4166333    19.2648
1999.5000333    15.8655
1999.5833333    14.6969
1999.6666333    5.6051
1999.7500333    6.0514
1999.8333333    5.8053
1999.9166333    8.4052
2000.0000333    14.1587
2000.0833333    15.989
2000.1666333    13.9729
2000.2500333    18.1873
2000.3333333    23.7093
2000.4166333    33.0004
2000.5000333    26.6757
2000.5833333    19.351
2000.6666333    10.9492
2000.7500333    11.7779
2000.8333333    4.8372
2000.9166333    4.0502
2001.0000333    3.6475
2001.0833333    2.4755
2001.1666333    8.2264
2001.2500333    19.4385
2001.3333333    13.5736
2001.4166333    4.0162
2001.5000333    -2.0799
2001.5833333    6.9008
2001.6666333    10.4198
2001.7500333    11.323
2001.8333333    17.0724
2001.9166333    27.0523
2002.0000333    32.2627
2002.0833333    36.3961
2002.1666333    36.0678
2002.2500333    33.0469
2002.3333333    22.1028
2002.4166333    8.4662
2002.5000333    14.9062
2002.5833333    0.1923
2002.6666333    -19.9064
2002.7500333    -25.2362
2002.8333333    -26.7198
2002.9166333    -26.5114
2003.0000333    -24.6879
2003.0833333    -23.1722
2003.1666333    -23.1182
2003.2500333    -20.4491
2003.3333333    -15.4724
2003.4166333    -13.6497
2003.5000333    -2.2889
2003.5833333    -10.5436
2003.6666333    -9.4138
2003.7500333    -8.592
2003.8333333    -5.0011
2003.9166333    -3.0257
2004.0000333    -3.3583
2004.0833333    0.2321
2004.1666333    7.8222
2004.2500333    12.9506
2004.3333333    14.1558
2004.4166333    16.6684
2004.5000333    21.95
2004.5833333    7.3085
2004.6666333    -1.3332
2004.7500333    -1.5137
2004.8333333    -1.5405
2004.9166333    -1.0289
2005.0000333    0.8669
2005.0833333    4.6089
2005.1666333    3.6583
2005.2500333    -0.6772
2005.3333333    1.1411
2005.4166333    -2.0408
2005.5000333    -18.3
2005.5833333    -30.4822
2005.6666333    -27.434
2005.7500333    -20.8475
2005.8333333    -19.3381
2005.9166333    -19.9827
2006.0000333    -21.8583
2006.0833333    -19.5033
2006.1666333    -19.2254
2006.2500333    -12.0247
2006.3333333    2.099
2006.4166333    4.4533
2006.5000333    16.4995
2006.5833333    24.3919
2006.6666333    28.284
2006.7500333    26.022
2006.8333333    29.2984
2006.9166333    34.3439
2007.0000333    45.6198
2007.0833333    52.511
2007.1666333    54.0174
2007.2500333    51.1388
2007.3333333    46.1064
2007.4166333    34.843
2007.5000333    34.8101
2007.5833333    25.4694
2007.6666333    31.3592
2007.7500333    27.5565
2007.8333333    31.5998
2007.9166333    27.0276
2008.0000333    27.8396
2008.0833333    26.5747
2008.1666333    23.2327
2008.2500333    30.6596
2008.3333333    35.6248
2008.4166333    28.8976
2008.5000333    23.6316
2008.5833333    11.5963
2008.6666333    4.0993
2008.7500333    -11.2442
2008.8333333    -16.357
2008.9166333    -14.6238
2009.0000333    -7.891
2009.0833333    -7.6966
2009.1666333    -8.5025
2009.2500333    -7.0779
2009.3333333    -7.4995
2009.4166333    -7.9214
2009.5000333    -14.2666
2009.5833333    -20.2272
2009.6666333    -25.6496
2009.7500333    -32.9185
2009.8333333    -32.572
2009.9166333    -29.1488
2010.0000333    -26.8029
2010.0833333    -24.6108
2010.1666333    -22.9574
2010.2500333    -18.9198
2010.3333333    -15.5744
2010.4166333    -30.9216
2010.5000333    -40.0383
2010.5833333    -37.4628
2010.6666333    -44.9644
2010.7500333    -45.3125
2010.8333333    -41.0452
2010.9166333    -34.7013
2011.0000333    -28.5114
2011.0833333    -25.7832
2011.1666333    -22.1321
2011.2500333    -20.6352
2011.3333333    -22.5998
2011.4166333    -10.7954
2011.5000333    -8.376
2011.5833333    -17.6489
2011.6666333    -22.5374
2011.7500333    -15.2724
2011.8333333    -14.0074
2011.9166333    -10.0503
2012.0000333    -8.9397
2012.0833333    -8.983
2012.1666333    -3.4881
2012.2500333    -5.0703
2012.3333333    -0.4219
2012.4166333    -4.8506
2012.5000333    -19.5103
2012.5833333    -26.6317
2012.6666333    -29.7532
2012.7500333    -28.5674
2012.8333333    -30.8432
2012.9166333    -34.1192
2013.0000333    -39.0109
2013.0833333    -40.518
2013.1666333    -41.4099
2013.2500333    -44.9945
2013.3333333    -45.5791
2013.4166333    -42.5485
2013.5000333    -46.0567
2013.5833333    -40.7188
2013.6666333    -36.2273
2013.7500333    -27.0437
2013.8333333    -25.2449
2013.9166333    -24.9077
2014.0000333    -20.2633
2014.0833333    -11.5419
2014.1666333    -9.9746
2014.2500333    -2.2537
2014.3333333    -1.5329
2014.4166333    0.2646
2014.5000333    -3.7074
2014.5833333    -8.4487
2014.6666333    -21.9595
2014.7500333    -27.6244
2014.8333333    -25.0586
2014.9166333    -23.8007
2015.0000333    -18.0815
2015.0833333    -13.2855
2015.1666333    -11.6436
2015.2500333    -12.2327
2015.3333333    -7.9757
2015.4166333    -0.9497
2015.5000333    -7.7702
2015.5833333    -13.2061
2015.6666333    -14.873
2015.7500333    -10.6171
2015.8333333    -6.4382
2015.9166333    -7.6441
2016.0000333    -2.8503
2016.0833333    -1.3643
2016.1666333    1.5831
2016.2500333    -7.5468
2016.3333333    -6.2921
2016.4166333    -13.4222
2016.5000333    -28.0912
2016.5833333    -33.6832
2016.6666333    -42.1985
2016.7500333    -39.5603
2016.8333333    -41.6914
2016.9166333    -36.5149
2017.0000333    -32.7235
2017.0833333    -29.7013
2017.1666333    -24.3716
2017.2500333    -17.273
2017.3333333    -2.7129
2017.4166333    5.3086
2017.5000333    6.1758
2017.5833333    5.1969
2017.6666333    3.0639
2017.7500333    0.7767
2017.8333333    0.1049
2017.9166333    -0.9517
2018.0000333    -8.2394
2018.0833333    -8.758
2018.1666333    -6.4306
2018.2500333    -7.3342
2018.3333333    -19.5457
2018.4166333    -24.6804
2018.5000333    -33.8154
2018.5833333    -44.412
2018.6666333    -36.0088
2018.7500333    -39.6829
2018.8333333    -36.8185
2018.9166333    -33.4159
2019.0000333    -26.2444
2019.0833333    -16.996
2019.1666333    -9.8247
2019.2500333    -5.2691
2019.3333333    -4.8674
2019.4166333    9.1494
2019.5000333    19.3198
2019.5833333    34.0286
2019.6666333    35.1218
2019.7500333    24.6762
2019.8333333    28.0768
2019.9166333    32.631
2020.0000333    38.1848
2020.0833333    41.8925
2020.1666333    42.4461
2020.2500333    42.7686
2020.3333333    44.2449
2020.4166333    47.2595
2020.5000333    37.1199
2020.5833333    18.9802
2020.6666333    -0.9288
2020.7500333    -5.7613
2020.8333333    -1.2092
2020.9166333    0.5735
2021.0000333    -1.2596
2021.0833333    -2.3234
2021.1666333    -7.926
2021.2500333    -0.9904
2021.3333333    0.3298
2021.4166333    -8.1963
2021.5000333    -11.6459
2021.5833333    -4.5571
2021.6666333    -11.3915
2021.7500333    -9.9186
2021.8333333    -5.9842
2021.9166333    -4.1268
2022.0000333    -0.193
2022.0833333    0.2024
2022.1666333    2.8284
2022.2500333    12.5309
2022.3333333    16.0027
2022.4166333    15.6281
2022.5000333    22.0224
2022.5833333    15.2628
2022.6666333    8.0415
2022.7500333    13.5121
2022.8333333    10.1365
2022.9166333    10.2223
2023.0000333    16.077
2023.0833333    23.9316
2023.1666333    32.6323
2023.2500333    40.794
2023.3333333    46.5712
2023.4166333    44.6559
2023.5000333    44.1248
2023.5833333    44.9014
2023.6666333    49.6008
2023.7500333    54.1461
2023.8333333    59.8452
2023.9166333    70.5441
2024.0000333    79.0888
2024.0833333    81.2488
2024.1666333    78.5625
2024.2500333    79.1836
2024.3333333    72.7277
2024.4166333    61.6562
2024.5000333    55.7831
2024.5833333    53.5964
2024.6666333    47.802
2024.7500333    49.086
2024.8333333    45.6033
2024.9166333    53.3109
