1915.0000333    -105.943
1915.0833663    0.0
1915.1667003    0.0
1915.2500333    0.0
1915.3333333    -105.921
1915.4166333    -99.4566
1915.5000333    -70.6646
1915.5833333    -64.8164
1915.6666333    -71.6759
1915.7500333    -77.6951
1915.8333333    -82.439
1915.9166333    -74.6446
1916.0000333    -72.3117
1916.0833333    -76.8254
1916.1666333    -81.7238
1916.2500333    -70.3915
1916.3333333    -44.6749
1916.4166333    -25.0354
1916.5000333    -25.1652
1916.5833333    -41.7568
1916.6666333    -49.6563
1916.7500333    -48.5559
1916.8333333    -52.3019
1916.9166333    -50.7403
1917.0000333    -56.7943
1917.0833333    -51.0023
1917.1666333    -30.9029
1917.2500333    -11.4958
1917.3333333    -1.3198
1917.4166333    -15.5285
1917.5000333    -26.122
1917.5833333    -20.7927
1917.6666333    -28.3097
1917.7500333    -33.8267
1917.8333333    -36.0364
1917.9166333    -31.9385
1918.0000333    -37.8407
1918.0833333    -38.0509
1918.1666333    -36.5689
1918.2500333    -46.7794
1918.3333333    -53.2978
1918.4166333    -59.3548
1918.5000333    -67.5658
1918.5833333    -81.8539
1918.6666333    -94.2961
1918.7500333    -91.9692
1918.8333333    -93.7963
1918.9166333    -93.3929
1919.0000333    -97.3741
1919.0833333    -88.9711
1919.1666333    -80.0297
1919.2500333    -82.9345
1919.3333333    -79.0705
1919.4166333    -87.5142
1919.5000333    -78.2658
1919.5833333    -58.0176
1919.6666333    -36.3081
1919.7500333    -19.8294
1919.8333333    -5.8894
1919.9166333    4.5119
1920.0000333    15.4516
1920.0833333    27.0833
1920.1666333    26.8687
1920.2500333    30.8848
1920.3333333    37.9776
1920.4166333    48.8393
1920.5000333    40.1626
1920.5833333    30.101
1920.6666663    0.0
1920.7500333    0.1311
1920.8333333    -15.1618
1920.9166333    -31.6088
1921.0000333    -54.0558
1921.0833333    -49.657
1921.1666333    -52.7199
1921.2500333    -46.4751
1921.3333333    -38.2307
1921.4166333    -29.1402
1921.5000333    -30.0498
1921.5833333    -43.4213
1921.6666333    -31.4852
1921.7500333    -43.4723
1921.8333333    -28.152
1921.9166333    -28.8318
1922.0000333    -24.9733
1922.0833333    -5.4997
1922.1666333    -3.9493
1922.2500333    -3.8605
1922.3333333    -0.6951
1922.4166333    4.0086
1922.5000333    -3.5185
1922.5833333    -1.3536
1922.6666333    -16.1889
1922.7500333    -14.5627
1922.8333333    -11.783
1922.9166333    -15.0034
1923.0000333    -9.6086
1923.0833333    -0.5986
1923.1666333    7.3343
1923.2500333    25.5748
1923.3333333    40.6612
1923.4166333    41.4397
1923.5000333    35.9104
1923.5833333    27.3809
1923.6666333    13.5435
1923.7500333    20.0137
1923.8333333    14.2529
1923.9166333    14.4149
1924.0000333    24.3461
1924.0833333    33.4309
1924.1666333    44.5924
1924.2500333    42.9077
1924.3333333    28.7612
1924.4166333    33.0761
1924.5000333    42.6216
1924.5833333    50.3207
1924.6666333    45.0966
1924.7500333    47.1801
1924.8333333    48.8786
1924.9166333    53.0386
1925.0000333    50.66
1925.0833333    42.9734
1925.1666333    41.3636
1925.2500333    34.446
1925.3333333    26.2974
1925.4166333    34.1486
1925.5000333    20.0766
1925.5833333    3.0043
1925.6666333    -5.7604
1925.7500333    0.6287
1925.8333333    2.3251
1925.9166333    9.406
1926.0000333    3.4868
1926.0833333    11.6443
1926.1666333    19.8016
1926.2500333    20.805
1926.3333333    28.6542
1926.4166333    29.734
1926.5000333    30.6599
1926.5833333    26.5087
1926.6666333    26.2803
1926.7500333    27.2057
1926.8333333    22.8231
1926.9166333    26.5172
1927.0000333    25.1344
1927.0833333    39.2128
1927.1666333    49.9064
1927.2500333    57.7538
1927.3333333    60.4471
1927.4166333    41.7556
1927.5000333    46.8332
1927.5833333    33.0644
1927.6666333    28.5262
1927.7500333    25.6803
1927.8333333    15.2186
1927.9166333    23.1415
1928.0000333    29.218
1928.0833333    34.5251
1928.1666333    29.3705
1928.2500333    28.1388
1928.3333333    28.83
1928.4166333    26.1363
1928.5000333    18.9041
1928.5833333    0.8255
1928.6666333    -8.5609
1928.7500333    -10.409
1928.8333333    -15.5651
1928.9166333    -9.4905
1929.0000333    -13.2622
1929.0833333    -13.6496
1929.1666333    -10.4218
1929.2500333    3.5752
1929.3333333    5.9566
1929.4166333    12.9531
1929.5000333    21.4881
1929.5833333    20.8689
1929.6666333    27.788
1929.7500333    29.0916
1929.8333333    34.9334
1929.9166333    42.2366
1930.0000333    45.6936
1930.0833333    53.5349
1930.1666333    53.6067
1930.2500333    61.7555
1930.3333333    59.2885
1930.4166333    49.8214
1930.5000333    34.3542
1930.5833333    19.8868
1930.6666333    26.6499
1930.7500333    23.5668
1930.8333333    27.3296
1930.9166333    30.3999
1931.0000333    43.7778
1931.0833333    47.4631
1931.1666333    39.379
1931.2500333    39.0641
1931.3333333    34.1335
1931.4166333    29.9719
1931.5000333    43.5026
1931.5833333    30.2638
1931.6666333    26.7941
1931.7500333    32.1704
1931.8333333    38.7772
1931.9166333    36.7684
1932.0000333    39.6827
1932.0833333    27.6736
1932.1666333    32.6643
1932.2500333    51.4241
1932.3333333    57.7222
1932.4166333    59.5586
1932.5000333    55.5486
1932.5833333    37.5385
1932.6666333    42.9897
1932.7500333    40.7485
1932.8333333    34.1993
1932.9166333    31.2654
1933.0000333    35.1006
1933.0833333    31.474
1933.1666333    30.8472
1933.2500333    24.528
1933.3333333    7.8239
1933.4166333    -6.3418
1933.5000333    -13.3539
1933.5833333    -21.4431
1933.6666333    -28.7632
1933.7500333    -41.9296
1933.8333333    -39.5578
1933.9166333    -38.8016
1934.0000333    -37.43
1934.0833333    -30.2126
1934.1666333    -15.9184
1934.2500333    4.8372
1934.3333333    9.5925
1934.4166333    20.6554
1934.5000333    19.872
1934.5833333    23.0115
1934.6666333    13.92
1934.7500333    14.3668
1934.8333333    14.0442
1934.9166333    16.6445
1935.0000333    20.0908
1935.0833333    13.5369
1935.1666333    19.0597
1935.2500333    24.8132
1935.3333333    17.2587
1935.4166333    14.3195
1935.5000333    13.1494
1935.5833333    27.0559
1935.6666333    12.1931
1935.7500333    17.9455
1935.8333333    11.8515
1935.9166333    20.8343
1936.0000333    23.6631
1936.0833333    23.184
1936.1666333    26.9355
1936.2500333    22.0715
1936.3333333    10.6687
1936.4166333    13.8812
1936.5000333    14.2474
1936.5833333    12.8442
1936.6666333    -4.9439
1936.7500333    -8.0397
1936.8333333    -7.3666
1936.9166333    3.691
1937.0000333    11.5177
1937.0833333    5.1903
1937.1666333    12.9396
1937.2500333    18.0735
1937.3333333    19.284
1937.4166333    12.1867
1937.5000333    11.32
1937.5833333    4.7608
1937.6666333    -1.8755
1937.7500333    -2.435
1937.8333333    -2.1486
1937.9166333    0.2914
1938.0000333    0.4237
1938.0833333    -2.675
1938.1666333    -0.697
1938.2500333    12.4347
1938.3333333    32.4123
1938.4166333    32.3898
1938.5000333    36.6749
1938.5833333    32.8827
1938.6666333    28.7828
1938.7500333    25.1442
1938.8333333    18.9669
1938.9166333    25.0203
1939.0000333    28.612
1939.0833333    29.6649
1939.1666333    32.3331
1939.2500333    29.0781
1939.3333333    18.8229
1939.4166333    -4.0479
1939.5000333    -18.8419
1939.5833333    -31.5592
1939.6666333    -47.7382
1939.7500333    -54.3789
1939.8333333    -60.1737
1939.9166333    -52.2763
1940.0000333    -56.3791
1940.0833333    -60.4821
1940.1666333    -54.0468
1940.2500333    -48.227
1940.3333333    -29.3305
1940.4166333    -36.2034
1940.5000333    -30.1534
1940.5833333    -36.642
1940.6666333    -42.3616
1940.7500333    -41.7737
1940.8333333    -32.9552
1940.9166333    -20.5984
1940.9999663    0.0
1941.0833003    0.0
1941.1666333    -19.2983
1941.2500333    -9.9421
1941.3333333    3.5676
1941.4166333    -10.9997
1941.5000333    -25.3364
1941.5833333    -46.7503
1941.6666333    -55.9336
1941.7500333    -59.8092
1941.8333663    0.0
1941.9167003    0.0
1942.0000333    0.0
1942.0833663    0.0
1942.1667003    0.0
1942.2500333    0.0
1942.3333663    0.0
1942.4167003    0.0
1942.5000333    0.0
1942.5833663    0.0
1942.6667003    0.0
1942.7500333    0.0
1942.8333663    0.0
1942.9167003    0.0
1943.0000333    0.0
1943.0833663    0.0
1943.1667003    0.0
1943.2500333    0.0
1943.3333663    0.0
1943.4167003    0.0
1943.5000333    0.0
1943.5833663    0.0
1943.6667003    0.0
1943.7500333    0.0
1943.8333663    0.0
1943.9167003    0.0
1944.0000333    -44.2131
1944.0833333    -31.8631
1944.1666333    -21.5132
1944.2500333    -9.1634
1944.3333333    0.4169
1944.4166333    11.5355
1944.5000333    4.5001
1944.5833333    -1.4586
1944.6666333    12.8903
1944.7500333    31.239
1944.8333333    47.9721
1944.9166333    64.3204
1945.0000333    62.6686
1945.0833663    0.0
1945.1667003    0.0
1945.2500333    0.0
1945.3333663    0.0
1945.4167003    0.0
1945.5000333    0.0
1945.5833663    0.0
1945.6667003    0.0
1945.7500333    65.4093
1945.8333333    59.5249
1945.9166333    61.5634
1946.0000333    57.371
1946.0833333    54.9476
1946.1666333    65.2163
1946.2500333    70.7926
1946.3333333    76.6763
1946.4166333    78.4061
1946.5000333    68.9049
1946.5833333    48.0189
1946.6666333    36.8251
1946.7500333    35.5541
1946.8333333    16.283
1946.9166333    14.4732
1947.0000333    7.8171
1947.0833333    -5.993
1947.1666333    -10.6495
1947.2500333    -24.7676
1947.3333333    -14.5013
1947.4166333    -22.0814
1947.5000333    -21.2001
1947.5833333    -27.5497
1947.6666333    -17.438
1947.7500333    -15.2496
1947.8333333    -17.8305
1947.9166333    1.6653
1948.0000333    11.084
1948.0833333    13.2718
1948.1666333    32.6901
1948.2500333    45.416
1948.3333333    55.9109
1948.4166333    53.7133
1948.5000333    55.9002
1948.5833333    34.01
1948.6666333    39.2734
1948.7500333    32.6136
1948.8333333    28.9536
1948.9166663    0.0
1949.0000333    25.1716
1949.0833333    19.4341
1949.1666333    21.3888
1949.2500333    28.1126
1949.3333333    32.1438
1949.4166333    29.1749
1949.5000333    21.2827
1949.5833333    18.0058
1949.6666333    8.6517
1949.7500333    20.8359
1949.8333333    10.7123
1949.9166333    17.5885
1950.0000333    23.3876
1950.0833333    38.2634
1950.1666333    56.9852
1950.2500333    63.3991
1950.3333333    48.8128
1950.4166333    28.9187
1950.5000333    7.7168
1950.5833333    6.9761
1950.6666333    -3.6878
1950.7500333    -8.1979
1950.8333333    -10.8622
1950.9166333    2.858
1951.0000333    13.655
1951.0833333    17.221
1951.1666663    0.0
1951.2500333    25.6602
1951.3333663    0.0
1951.4166333    33.4832
1951.5000333    34.9715
1951.5833333    39.8441
1951.6666333    41.7935
1951.7500333    44.0504
1951.8333333    40.8456
1951.9166333    47.256
1952.0000333    54.5893
1952.0833333    61.5378
1952.1666333    61.1784
1952.2500333    59.2804
1952.3333333    55.9207
1952.4166333    44.6377
1952.5000333    18.5084
1952.5833333    1.9943
1952.6666333    -9.52
1952.7500333    -11.2652
1952.8333333    -13.7029
1952.9166333    -16.91
1953.0000333    -17.8096
1953.0833333    -8.9401
1953.1666333    -2.4555
1953.2500333    3.4906
1953.3333333    12.2057
1953.4166333    23.1513
1953.5000333    17.7891
1953.5833333    11.0421
1953.6666333    13.0642
1953.7500333    14.3169
1953.8333333    10.4924
1953.9166333    15.8217
1954.0000333    23.2277
1954.0833333    27.095
1954.1666333    31.3467
1954.2500333    37.2907
1954.3333333    40.7729
1954.4166333    38.101
1954.5000333    31.1213
1954.5833333    33.5261
1954.6666333    34.3152
1954.7500333    29.6427
1954.8333333    36.97
1954.9166333    41.374
1955.0000333    38.1625
1955.0833333    28.2585
1955.1666333    31.2774
1955.2500333    31.9115
1955.3333333    26.2377
1955.4166333    29.1022
1955.5000333    13.7358
1955.5833333    12.1384
1955.6666333    14.9254
1955.7500333    33.4816
1955.8333333    47.1913
1955.9166333    59.2855
1955.9999663    0.0
1956.0833003    0.0
1956.1666333    0.0
1956.2499663    0.0
1956.3333003    0.0
1956.4166333    0.0
1956.5000333    67.3247
1956.5833333    79.4175
1956.6666333    86.2025
1956.7500333    65.8334
1956.8333333    42.2334
1956.9166333    24.8639
1957.0000333    5.802
1957.0833333    6.2784
1957.1666333    9.5238
1957.2500333    16.9229
1957.3333333    12.4756
1957.4166333    18.4128
1957.5000333    12.5806
1957.5833333    11.6713
1957.6666333    -7.9305
1957.7500333    -19.9941
1957.8333333    -14.5962
1957.9166333    -9.1216
1958.0000333    -3.1087
1958.0833333    6.7501
1958.1666333    15.2242
1958.2500333    21.4673
1958.3333333    13.8641
1958.4166333    18.6453
1958.5000333    10.3494
1958.5833333    0.7457
1958.6666333    -3.7813
1958.7500333    8.3069
1958.8333333    12.3949
1958.9166333    14.4828
1959.0000333    18.1858
1959.0833333    16.2733
1959.1666333    4.053
1959.2500333    0.0632
1959.3333333    -8.3114
1959.4166333    -4.6861
1959.5000333    -16.8303
1959.5833333    -20.2054
1959.6666333    -25.9653
1959.7500333    -34.8792
1959.8333333    -48.1779
1959.9166333    -48.3229
1960.0000333    -48.8527
1960.0833333    -43.6904
1960.1666333    -39.9129
1960.2500333    -31.0587
1960.3333333    -22.743
1960.4166333    -18.5045
1960.5000333    -27.1123
1960.5833333    -23.028
1960.6666333    -20.0977
1960.7500333    -13.5522
1960.8333333    -5.1607
1960.9166333    6.3844
1961.0000333    12.3909
1961.0833333    20.4742
1961.1666333    24.7111
1961.2500333    37.9479
1961.3333333    48.4921
1961.4166333    44.1901
1961.5000333    47.1955
1961.5833333    44.7393
1961.6666333    33.4367
1961.7500333    19.2878
1961.8333333    17.754
1961.9166333    15.7586
1962.0000333    12.1476
1962.0833333    20.8441
1962.1666333    23.1559
1962.2500333    21.4674
1962.3333333    10.548
1962.4166333    -0.0638
1962.5000333    -18.9067
1962.5833333    -38.8266
1962.6666333    -40.6698
1962.7500333    -40.667
1962.8333333    -35.2797
1962.9166333    -34.4311
1963.0000333    -36.8135
1963.0833333    -33.9652
1963.1666333    -35.6556
1963.2500333    -33.6539
1963.3333333    -27.4985
1963.4166333    -30.1125
1963.5000333    -34.2651
1963.5833333    -25.0333
1963.6666333    -26.1863
1963.7500333    -20.3394
1963.8333333    -10.262
1963.9166333    -3.954
1964.0000333    0.9692
1964.0833333    14.3538
1964.1666663    0.0
1964.2500333    18.584
1964.3333333    21.1219
1964.4166333    20.0442
1964.5000333    13.6587
1964.5833333    1.5038
1964.6666333    -6.6513
1964.7500333    -13.8835
1964.8333333    -11.3467
1964.9166333    -10.5793
1965.0000333    -14.9658
1965.0833333    -17.1218
1965.1666333    -8.278
1965.2500333    -5.2805
1965.3333333    -3.437
1965.4166333    -3.8245
1965.5000333    -14.9045
1965.5833333    -19.2923
1965.6666333    -10.7572
1965.7500333    -10.1454
1965.8333333    -3.4568
1965.9166333    -0.8453
1966.0000333    -4.2341
1966.0833333    5.454
1966.1666333    13.3726
1966.2499663    0.0
1966.3333333    10.9786
1966.4166333    13.4351
1966.5000333    5.8915
1966.5833333    2.117
1966.6666333    19.7268
1966.7500333    7.9519
1966.8333333    6.6384
1966.9166333    12.6323
1967.0000333    17.3953
1967.0833333    26.0043
1967.1666333    36.4593
1967.2500333    55.7603
1967.3333333    62.3687
1967.4166333    65.6693
1967.5000333    58.5082
1967.5833333    57.5777
1967.6666333    54.57
1967.7500333    32.9469
1967.8333333    33.785
1967.9166333    36.5461
1968.0000333    31.4608
1968.0833333    18.8369
1968.1666333    15.059
1968.2500333    20.0502
1968.3333333    1.3488
1968.4166333    -10.3527
1968.5000333    -17.9006
1968.5833333    -28.7563
1968.6666333    -36.0737
1968.7500333    -48.0067
1968.8333333    -47.863
1968.9166333    -45.3348
1969.0000333    -48.1145
1969.0833333    -41.8944
1969.1666333    -33.4436
1969.2500333    -25.8392
1969.3333333    -22.6196
1969.4166333    -33.554
1969.5000333    -37.7194
1969.5833333    -41.5003
1969.6666333    -40.8199
1969.7500333    -38.6781
1969.8333333    -37.6134
1969.9166333    -28.1643
1970.0000333    -20.023
1970.0833333    -9.0357
1970.1666333    0.3359
1970.2500333    12.3228
1970.3333333    2.0788
1970.4166663    0.0
1970.5000333    -5.8714
1970.5833333    -2.8083
1970.6666333    -7.8992
1970.7500333    -14.1441
1970.8333333    -14.9277
1970.9166333    -9.8653
1971.0000333    -7.3416
1971.0833333    -9.6641
1971.1666333    -15.5253
1971.2500333    -17.7713
1971.3333333    -32.8636
1971.4166333    -51.2638
1971.5000333    -59.7411
1971.5833333    -73.4494
1971.6666333    -70.8501
1971.7499663    0.0
1971.8333003    0.0
1971.9166333    -68.0533
1972.0000333    -68.3779
1972.0833333    -73.5487
1972.1666333    -72.7197
1972.2499663    0.0
1972.3333333    -54.4469
1972.4166333    -43.3877
1972.5000333    -32.944
1972.5833333    -44.1159
1972.6666333    -44.9803
1972.7500333    -48.3834
1972.8333333    -47.325
1972.9166333    -48.0361
1972.9999663    0.0
1973.0833003    0.0
1973.1666333    0.0
1973.2499663    0.0
1973.3333003    0.0
1973.4166333    0.0
1973.4999663    0.0
1973.5833003    0.0
1973.6666333    0.0
1973.7499663    0.0
1973.8333003    0.0
1973.9166333    0.0
1973.9999663    0.0
1974.0833003    0.0
1974.1666333    0.0
1974.2499663    0.0
1974.3333003    0.0
1974.4166333    0.0
1974.4999663    0.0
1974.5833003    0.0
1974.6666333    0.0
1974.7499663    0.0
1974.8333003    0.0
1974.9166333    0.0
1974.9999663    0.0
1975.0833003    0.0
1975.1666333    0.0
1975.2499663    0.0
1975.3333003    0.0
1975.4166333    0.0
1975.4999663    0.0
1975.5833003    0.0
1975.6666333    0.0
1975.7499663    0.0
1975.8333003    0.0
1975.9166333    0.0
1976.0000333    -56.7008
1976.0833333    -66.0339
1976.1666333    -68.3673
1976.2500333    -52.7777
1976.3333333    -43.8037
1976.4166333    -51.753
1976.5000333    -62.4717
1976.5833333    -71.8828
1976.6666333    -71.0634
1976.7500333    -68.8595
1976.8333333    -70.4251
1976.9166333    -72.9138
1977.0000333    -77.6336
1977.0833333    -80.2766
1977.1666333    -68.7659
1977.2500333    -48.8708
1977.3333333    -36.5912
1977.4166333    -38.6964
1977.5000333    -39.8019
1977.5833333    -45.369
1977.6666333    -40.8593
1977.7500333    -48.7345
1977.8333333    -56.6868
1977.9166333    -46.7161
1978.0000333    -39.438
1978.0833333    -31.8523
1978.1666333    -21.9592
1978.2500333    -15.5277
1978.3333333    -11.4041
1978.4166333    -26.7422
1978.5000333    -34.0805
1978.5833333    -41.0344
1978.6666333    -33.6807
1978.7500333    -44.4811
1978.8333333    -37.897
1978.9166333    -27.9285
1979.0000333    -28.7294
1979.0833333    -24.1459
1979.1666333    -17.3317
1979.2500333    -18.1332
1979.3333333    -14.4732
1979.4166333    -16.5058
1979.5000333    -24.2308
1979.5833333    -28.4176
1979.6666333    -35.066
1979.7500333    -48.7147
1979.8333333    -52.9789
1979.9166333    -50.7817
1980.0000333    -53.2771
1980.0833333    -48.388
1980.1666333    -42.1913
1980.2500333    -32.3026
1980.3333333    -26.2601
1980.4166333    -19.2948
1980.5000333    -27.2528
1980.5833333    -19.4416
1980.6666333    -13.8614
1980.7500333    -16.3584
1980.8333333    -10.7785
1980.9166333    0.955
1981.0000333    3.3806
1981.0833333    5.0368
1981.1666333    7.616
1981.2500333    16.2718
1981.3333333    18.0814
1981.4166333    20.7369
1981.5000333    7.6999
1981.5833333    7.2781
1981.6666333    4.5485
1981.7500333    -1.1813
1981.8333333    5.2426
1981.9166333    6.897
1982.0000333    3.3205
1982.0833333    7.5131
1982.1666333    24.5516
1982.2500333    31.2053
1982.3333333    33.6282
1982.4166333    33.5123
1982.5000333    45.704
1982.5833333    34.7417
1982.6666333    31.3176
1982.7500333    27.201
1982.8333333    35.392
1982.9166333    36.3521
1983.0000333    34.6196
1983.0833333    29.5023
1983.1666333    31.5388
1983.2500333    38.4981
1983.3333333    41.8418
1983.4166333    35.1854
1983.5000333    28.9903
1983.5833333    -1.8972
1983.6666333    -5.3234
1983.7500333    -16.2113
1983.8333333    -21.484
1983.9166333    -29.6799
1984.0000333    -34.3376
1984.0833333    -40.2262
1984.1666333    -30.8072
1984.2500333    -20.6193
1984.3333333    -26.2776
1984.4166333    -32.8593
1984.5000333    -41.7488
1984.5833333    -52.5615
1984.6666333    -51.6821
1984.7500333    -46.4952
1984.8333333    -48.3854
1984.9166333    -46.5065
1985.0000333    -44.6279
1985.0833333    -29.9032
1985.1666333    -16.7172
1985.2500333    -16.0698
1985.3333333    -31.8072
1985.4166333    -39.5448
1985.5000333    -44.4364
1985.5833333    -67.2513
1985.6666333    -67.9894
1985.7500333    -74.2661
1985.8333333    -67.3892
1985.9166333    -60.4355
1986.0000333    -54.1744
1986.0833333    -51.7595
1986.1666333    -55.7295
1986.2500333    -44.7765
1986.3333333    -27.7468
1986.4166333    -9.7173
1986.5000333    -21.8418
1986.5833333    -23.8895
1986.6666333    -13.0144
1986.7500333    -15.2933
1986.8333333    -5.5723
1986.9166333    -5.5438
1987.0000333    -5.5156
1987.0833333    -5.3336
1987.1666333    7.1559
1987.2500333    21.0297
1987.3333333    17.9035
1987.4166333    11.0848
1987.5000333    8.7273
1987.5833333    21.9083
1987.6666333    22.7044
1987.7500333    25.1926
1987.8333333    24.6037
1987.9166333    27.0916
1988.0000333    34.7331
1988.0833333    49.3745
1988.1666333    60.0927
1988.2500333    60.0413
1988.3333333    60.7591
1988.4166333    69.5537
1988.4999663    0.0
1988.5833003    0.0
1988.6666333    66.7823
1988.7500333    46.8837
1988.8333333    33.8312
1988.9166333    31.9324
1989.0000333    31.341
1989.0833333    40.2111
1989.1666333    48.0809
1989.2500333    48.6429
1989.3333333    51.1278
1989.4166333    55.074
1989.5000333    62.7123
1989.5833333    73.5044
1989.6666333    65.7578
1989.7500333    55.9341
1989.8333333    51.4948
1989.9166333    54.9785
1990.0000333    55.0773
1990.0833333    63.3298
1990.1666333    65.813
1990.2500333    72.9882
1990.3333333    70.9325
1990.4166333    66.8766
1990.5000333    59.7436
1990.5833333    33.8412
1990.6666333    -0.1382
1990.7500333    -17.6564
1990.8333333    -28.9439
1990.9166333    -22.6162
1991.0000333    -27.058
1991.0833333    -28.3461
1991.1666333    -27.3266
1991.2500333    -30.2304
1991.3333333    -30.9036
1991.4166333    -29.8847
1991.5000333    -35.7891
1991.5833333    -38.3089
1991.6666333    -30.9059
1991.7500333    -28.3493
1991.8333333    -29.0235
1991.9166333    -19.1595
1992.0000333    -19.8342
1992.0833333    -7.1243
1992.1666333    1.7392
1992.2500333    -0.1668
1992.3333333    11.5425
1992.4166333    9.867
1992.5000333    24.7297
1992.5833333    17.0539
1992.6666333    6.9163
1992.7500333    -0.683
1992.8333333    -3.3594
1992.9166333    -0.959
1993.0000333    -1.5589
1993.0833333    1.3027
1993.1666333    -6.3744
1993.2500333    -15.5133
1993.3333333    -16.4984
1993.4166333    -18.176
1993.5000333    -18.9308
1993.5833333    -50.378
1993.6666333    -39.3638
1993.7500333    -40.2729
1993.8333333    -36.0284
1993.9166333    -28.1686
1994.0000333    -28.0013
1994.0833333    -25.065
1994.1666333    -19.898
1994.2500333    -15.4236
1994.3333333    -2.7185
1994.4166333    15.6786
1994.5000333    11.2294
1994.5833333    16.0878
1994.6666333    27.7922
1994.7500333    12.5732
1994.8333333    12.9695
1994.9166333    10.1349
1995.0000333    7.1461
1995.0833333    3.465
1995.1666333    4.7068
1995.2500333    14.4867
1995.3333333    16.882
1995.4166333    3.6617
1995.5000333    -16.6358
1995.5833333    -33.3949
1995.6666333    -63.1542
1995.7500333    -75.3753
1995.8333333    -73.5196
1995.9166333    -72.9717
1996.0000333    -73.578
1996.0833333    -75.8766
1996.1666333    -73.4831
1996.2500333    -65.3207
1996.3333333    -69.2352
1996.4166333    -74.6115
1996.5000333    -73.6034
1996.5833333    -57.2878
1996.6666333    -51.203
1996.7500333    -43.8109
1996.8333333    -40.6496
1996.9166333    -36.3346
1997.0000333    -36.7122
1997.0833333    -31.936
1997.1666333    -21.0831
1997.2500333    -8.2305
1997.3333333    -10.9164
1997.4166333    -16.064
1997.5000333    -7.5196
1997.5833333    5.9478
1997.6666333    -12.508
1997.7500333    -15.2718
1997.8333333    -16.6511
1997.9166333    -13.7229
1998.0000333    -5.7949
1998.0833333    5.4407
1998.1666333    10.4453
1998.2500333    17.2958
1998.3333333    17.8385
1998.4166333    22.0734
1998.5000333    28.0003
1998.5833333    24.081
1998.6666333    9.2384
1998.7500333    8.934
1998.8333333    9.9372
1998.9166333    15.9403
1999.0000333    19.3277
1999.0833333    12.7919
1999.1666333    19.7944
1999.2500333    26.1043
1999.3333333    22.1834
1999.4166333    29.6469
1999.5000333    25.0333
1999.5833333    24.8041
1999.6666333    15.5748
1999.7500333    9.8067
1999.8333333    10.8078
1999.9166333    13.5011
2000.0000333    11.8094
2000.0833333    9.2715
2000.1666333    17.4258
2000.2500333    20.8874
2000.3333333    29.8105
2000.4166333    39.5027
2000.5000333    32.5792
2000.5833333    25.1941
2000.6666333    13.8857
2000.7500333    10.8848
2000.8333333    8.1145
2000.9166333    3.0364
2001.0000333    0.4965
2001.0833333    8.2641
2001.1666333    13.0316
2001.2500333    25.1835
2001.3333333    16.8737
2001.4166333    0.0253
2001.5000333    -6.4388
2001.5833333    2.7894
2001.6666333    5.0943
2001.7500333    1.5528
2001.8333333    9.3188
2001.9166333    26.1617
2002.0000333    34.0042
2002.0833333    37.6159
2002.1666333    34.3044
2002.2500333    37.9157
2002.3333333    26.0653
2002.4166333    14.0609
2002.5000333    20.5178
2002.5833333    5.4361
2002.6666333    -16.2611
2002.7500333    -25.0355
2002.8333333    -23.0408
2002.9166333    -21.1231
2003.0000333    -26.8211
2003.0833333    -25.4423
2003.1666333    -26.0637
2003.2500333    -21.6853
2003.3333333    -17.8455
2003.4166333    -17.7751
2003.5000333    -6.3203
2003.5833333    -14.481
2003.6666333    -16.6419
2003.7500333    -18.3415
2003.8333333    -13.7335
2003.9166333    -14.5103
2004.0000333    -19.3643
2004.0833333    -16.8337
2004.1666333    -7.7649
2004.2500333    1.6113
2004.3333333    2.6798
2004.4166333    7.825
2004.5000333    14.893
2004.5833333    -1.2698
2004.6666333    -8.7405
2004.7500333    -7.9037
2004.8333333    -6.2979
2004.9166333    -6.4614
2005.0000333    -4.856
2005.0833333    -4.0968
2005.1666333    0.1238
2005.2500333    -0.8867
2005.3333333    4.7181
2005.4166333    2.2458
2005.5000333    -15.7652
2005.5833333    -34.1609
2005.6666333    -32.1722
2005.7500333    -26.4914
2005.8333333    -26.3492
2005.9166333    -30.4379
2006.0000333    -32.7577
2006.0833333    -31.7699
2006.1666333    -25.1668
2006.2500333    -18.9487
2006.3333333    -5.8844
2006.4166333    -4.4358
2006.5000333    9.7049
2006.5833333    15.7686
2006.6666333    19.9091
2006.7500333    18.4339
2006.8333333    20.9586
2006.9166333    25.4062
2007.0000333    38.4689
2007.0833333    48.07
2007.1666333    50.3633
2007.2500333    48.5024
2007.3333333    38.5645
2007.4166333    25.088
2007.5000333    21.5342
2007.5833333    13.5189
2007.6666333    18.2726
2007.7500333    14.2568
2007.8333333    16.4717
2007.9166333    14.6865
2008.0000333    17.6701
2008.0833333    19.8076
2008.1666333    19.3295
2008.2500333    33.3895
2008.3333333    39.2957
2008.4166333    37.817
2008.5000333    36.1843
2008.5833333    20.5514
2008.6666333    10.6107
2008.7500333    -3.5611
2008.8333333    -2.1175
2008.9166333    -2.7511
2009.0000333    -0.0003
2009.0833333    2.8273
2009.1666333    3.6548
2009.2500333    2.9435
2009.3333333    -0.3832
2009.4166333    -2.9409
2009.5000333    -9.1143
2009.5833333    -20.2108
2009.6666333    -21.0767
2009.7500333    -28.5583
2009.8333333    -31.3476
2009.9166333    -37.6756
2010.0000333    -33.6962
2010.0833333    -32.0245
2010.1666333    -35.5838
2010.2500333    -31.7587
2010.3333333    -27.0107
2010.4166333    -41.9551
2010.5000333    -49.1306
2010.5833333    -44.5369
2010.6666333    -50.4049
2010.7500333    -53.1963
2010.8333333    -46.3724
2010.9166333    -36.4717
2011.0000333    -28.4944
2011.0833333    -23.2095
2011.1666333    -12.6939
2011.2500333    -1.5633
2011.3333333    -1.5866
2011.4166333    12.6207
2011.5000333    18.6739
2011.5833333    9.8039
2011.6666333    1.5491
2011.7500333    5.4479
2011.8333333    3.1159
2011.9166333    0.0144
2012.0000333    0.8357
2012.0833333    4.7339
2012.1666333    13.0166
2012.2500333    9.5297
2012.3333333    11.3504
2012.4166333    6.4018
2012.5000333    -11.3933
2012.5833333    -23.65
2012.6666333    -27.9839
2012.7500333    -24.7795
2012.8333333    -25.5752
2012.9166333    -27.1403
2013.0000333    -31.0134
2013.0833333    -33.3481
2013.1666333    -32.2214
2013.2500333    -33.5566
2013.3333333    -32.5072
2013.4166333    -29.2272
2013.5000333    -30.7168
2013.5833333    -26.514
2013.6666333    -18.1577
2013.7500333    -7.8016
2013.8333333    -9.5994
2013.9166333    -9.0128
2014.0000333    -3.5034
2014.0833333    7.7752
2014.1666333    9.669
2014.2500333    19.9471
2014.3333333    21.9174
2014.4166333    23.5799
2014.5000333    19.9344
2014.5833333    13.7503
2014.6666333    2.8738
2014.7500333    -3.6953
2014.8333333    -1.6491
2014.9166333    2.6277
2015.0000333    10.0581
2015.0833333    17.2576
2015.1666333    15.8416
2015.2500333    21.0406
2015.3333333    25.855
2015.4166333    35.9
2015.5000333    28.1754
2015.5833333    19.3739
2015.6666333    12.2645
2015.7500333    11.2317
2015.8333333    10.9681
2015.9166333    5.4736
2016.0000333    8.3633
2016.0833333    9.7915
2016.1666333    17.1426
2016.2500333    14.1088
2016.3333333    11.6133
2016.4166333    3.1946
2016.5000333    -15.9936
2016.5833333    -22.7972
2016.6666333    -31.3703
2016.7500333    -28.1744
2016.8333333    -29.2094
2016.9166333    -19.3983
2017.0000333    -12.7415
2017.0833333    -7.3923
2017.1666333    -1.5818
2017.2500333    3.9976
2017.3333333    18.0385
2017.4166333    26.2331
2017.5000333    24.8889
2017.5833333    20.16
2017.6666333    19.8926
2017.7500333    17.5478
2017.8333333    15.4338
2017.9166333    13.8581
2018.0000333    -0.8717
2018.0833333    -2.217
2018.1666333    2.2067
2018.2500333    5.5533
2018.3333333    -5.1772
2018.4166333    -13.2155
2018.5000333    -25.331
2018.5833333    -35.2158
2018.6666333    -29.3316
2018.7500333    -38.5246
2018.8333333    -41.1023
2018.9166333    -38.5262
2019.0000333    -33.7198
2019.0833333    -18.3749
2019.1666333    -9.184
2019.2500333    -9.9165
2019.3333333    -17.1875
2019.4166333    -8.3049
2019.5000333    6.3467
2019.5833333    26.0751
2019.6666333    28.1111
2019.7500333    19.6852
2019.8333333    23.1054
2019.9166333    27.7563
2020.0000333    36.7144
2020.0833333    44.2111
2020.1666333    45.5537
2020.2500333    44.2036
2020.3333333    51.0074
2020.4166333    57.7341
2020.5000333    46.5374
2020.5833333    26.956
2020.6666333    4.2976
2020.7500333    -6.2843
2020.8333333    -7.7123
2020.9166333    -4.8329
2021.0000333    -7.7229
2021.0833333    -17.2284
2021.1666333    -26.888
2021.2500333    -18.7017
2021.3333333    -13.5154
2021.4166333    -24.7908
2021.5000333    -28.0666
2021.5833333    -16.4193
2021.6666333    -28.3876
2021.7500333    -34.1254
2021.8333333    -28.4786
2021.9166333    -21.6782
2022.0000333    -17.955
2022.0833333    -14.2319
2022.1666333    -8.0474
2022.2500333    8.906
2022.3333333    13.4748
2022.4166333    9.1973
2022.5000333    16.5348
2022.5833333    10.7953
2022.6666333    -1.3289
2022.7500333    2.5465
2022.8333333    1.4219
2022.9166333    1.5279
2023.0000333    7.7105
2023.0833333    13.1238
2023.1666333    25.1524
2023.2500333    39.9498
2023.3333333    39.1319
2023.4166333    32.3137
2023.5000333    33.3414
2023.5833333    32.6768
2023.6666333    31.3966
2023.7500333    36.5776
2023.8333333    43.9893
2023.9166333    57.1701
2024.0000333    66.5044
2024.0833333    73.9926
2024.1666333    76.1729
2024.2500333    76.5836
2024.3333333    68.8404
2024.4166333    64.3278
2024.5000333    59.7188
2024.5833333    57.295
2024.6666333    50.312
2024.7500333    57.4721
2024.8333333    55.9544
2024.9166333    69.4682
