1843.0000333    -41.3673
1843.0833333    -36.0193
1843.1666333    -21.9014
1843.2500333    8.3552
1843.3333333    22.6221
1843.4166333    40.7299
1843.5000333    54.0997
1843.5833333    30.0659
1843.6666333    37.5706
1843.7500333    56.2289
1843.8333333    52.9644
1843.9166333    86.2384
1844.0000333    94.5121
1844.0833333    107.786
1844.1666333    104.906
1844.2500333    107.411
1844.3333333    79.9155
1844.4166333    30.1126
1844.5000333    9.1556
1844.5833333    -15.6473
1844.6666333    -25.8348
1844.7500333    -37.561
1844.8333333    -37.7485
1844.9166333    -30.6283
1845.0000333    -43.8929
1845.0833333    -44.465
1845.1666333    -56.9602
1845.2500333    -33.6863
1845.3333333    -32.3353
1845.4166333    7.4773
1845.5000333    48.4435
1845.5833333    80.5637
1845.6666333    100.376
1845.7500333    107.112
1845.8333333    117.309
1845.9166333    122.122
1846.0000333    136.165
1846.0833333    135.593
1846.1666333    130.021
1846.2500333    123.295
1846.3333333    95.0305
1846.4166333    88.6893
1846.5000333    33.5018
1846.5833333    36.0067
1846.6666333    1.9733
1846.7500333    -7.8296
1846.8333333    -9.94
1846.9166333    -6.6657
1847.0000333    -5.6994
1847.0833333    -23.1944
1847.1666333    -4.9201
1847.2500333    -12.4153
1847.3333333    -9.5256
1847.4166333    -20.8667
1847.5000333    -71.0541
1847.5833333    -44.7029
1847.6666333    -64.5055
1847.7500333    -66.2313
1847.8333333    -76.4185
1847.9166333    -69.298
1848.0000333    -65.6393
1848.0833333    -55.8264
1848.1666333    -48.3213
1848.2500333    -66.9702
1848.3333333    -39.465
1848.4166333    -53.1137
1848.5000333    -32.5318
1848.5833333    34.2041
1848.6666333    30.9401
1848.7500333    26.522
1848.8333333    19.4118
1848.9166333    32.6863
1849.0000333    33.6528
1849.0833333    36.9273
1849.1666333    17.8941
1849.2500333    18.0914
1849.3333333    19.4429
1849.4166333    -19.5903
1849.5000333    -34.393
1849.5833333    -7.6569
1849.6666333    -25.1516
1849.7500333    -36.1081
1849.8333333    -25.1412
1849.9166333    -11.8667
1850.0000333    -13.5923
1850.0833333    -3.3947
1850.1666333    -13.9662
1850.2500333    3.1543
1850.3333333    22.9673
1850.4166333    38.5496
1850.5000333    46.4394
1850.5833333    71.6371
1850.6666333    41.0656
1850.7500333    30.8785
1850.8333333    35.307
1850.9166333    52.0432
1851.0000333    58.0099
1851.0833333    59.3615
1851.1666333    44.1747
1851.2500333    57.4491
1851.3333333    56.4931
1851.4166333    39.3831
1851.5000333    41.5038
1851.5833333    58.6247
1851.6666333    45.7456
1851.7500333    33.6355
1851.8333333    36.5256
1851.9166333    43.6465
1852.0000333    28.4595
1852.0833333    27.8881
1852.1666333    30.3937
1852.2500333    41.7452
1852.3333333    38.8661
1852.4166333    53.2948
1852.5000333    54.6463
1852.5833333    19.4596
1852.6666333    -12.6502
1852.7500333    -4.7602
1852.8333333    -3.0238
1852.9166333    -0.5182
1853.0000333    2.7565
1853.0833333    13.339
1853.1666333    20.4601
1853.2500333    15.2732
1853.3333333    0.4712
1853.4166333    -25.1001
1853.5000333    -57.5946
1853.5833333    -40.0889
1853.6666333    -25.6601
1853.7500333    -9.3085
1853.8333333    -11.4181
1853.9166333    -3.1432
1854.0000333    -4.8684
1854.0833333    -4.6704
1854.1666333    2.4507
1854.2500333    -1.5822
1854.3333333    1.3082
1854.4166333    46.1217
1854.5000333    62.4734
1854.5833333    47.6715
1854.6666333    11.7158
1854.7500333    9.9906
1854.8333333    7.1118
1854.9166333    6.1561
1855.0000333    9.0463
1855.0833333    19.6291
1855.1666333    13.6734
1855.2500333    24.6406
1855.3333333    6.3772
1855.4166333    -1.8861
1855.5000333    -38.6112
1855.5833333    -42.2592
1855.6666333    -39.7533
1855.7500333    -39.1707
1855.8333333    -43.5878
1855.9166333    -35.3126
1856.0000333    -22.8069
1856.0833333    -16.0702
1856.1666333    -17.4104
1856.2500333    -25.6739
1856.3333333    -34.3218
1856.4166333    -7.9696
1856.5000333    -18.5408
1856.5833333    -29.8809
1856.6666333    -42.3749
1856.7500333    -36.4076
1856.8333333    -41.5939
1856.9166333    -39.8571
1857.0000333    -33.5051
1857.0833333    -47.1529
1857.1666333    -53.1084
1857.2500333    -56.7564
1857.3333333    -60.4042
1857.4166333    -58.2827
1857.5000333    -71.9307
1857.5833333    -82.1169
1857.6666333    -68.4569
1857.7500333    -60.1818
1857.8333333    -52.6757
1857.9166333    -40.5542
1858.0000333    -27.6636
1858.0833333    -34.7729
1858.1666333    -26.4975
1858.2500333    -18.6069
1858.3333333    -26.1008
1858.4166333    -20.133
1858.5000333    -23.7809
1858.5833333    -17.8132
1858.6666333    27.0007
1858.7500333    22.5837
1858.8333333    15.4745
1858.9166333    20.2884
1859.0000333    20.8714
1859.0833333    16.4545
1859.1666333    23.1916
1859.2500333    22.6207
1859.3333333    20.127
1859.4166333    20.7102
1859.5000333    28.2162
1859.5833333    20.3379
1859.6666333    3.6135
1859.7500333    -27.7266
1859.8333333    -31.7587
1859.9166333    -18.0985
1860.0000333    -11.3617
1860.0833333    0.7601
1860.1666333    2.8818
1860.2500333    13.8495
1860.3333333    -3.2595
1860.4166333    -29.9839
1860.5000333    -41.3239
1860.5833333    -47.6636
1860.6666333    -41.6957
1860.7500333    -39.9587
1860.8333333    -28.6061
1860.9166333    -29.5612
1861.0000333    -23.5935
1861.0833333    -10.3178
1861.1666333    -8.1959
1861.2500333    -19.9205
1861.3333333    -13.1832
1861.4166333    2.0156
1861.5000333    14.9065
1861.5833333    18.5668
1861.6666333    8.7656
1861.7500333    -2.9588
1861.8333333    -3.9138
1861.9166333    2.0542
1862.0000333    18.7913
1862.0833333    15.144
1862.1666333    -10.4263
1862.2500333    -1.7661
1862.3333333    -6.1826
1862.4166333    -16.753
1862.5000333    6.138
1862.5833333    23.26
1862.6666333    27.6897
1862.7500333    40.1961
1862.8333333    34.6258
1862.9166333    38.6709
1863.0000333    39.6389
1863.0833333    31.3763
1863.1666333    46.9599
1863.2500333    61.0048
1863.3333333    48.1269
1863.4166333    98.3259
1863.5000333    65.0631
1863.5833333    37.1852
1863.6666333    28.1534
1863.7500333    25.2753
1863.8333333    16.6282
1863.9166333    22.5965
1864.0000333    27.0261
1864.0833333    29.1482
1864.1666333    33.9627
1864.2500333    17.6231
1864.3333333    6.2837
1864.4166333    -18.5172
1864.5000333    -47.1645
1864.5833333    -48.5038
1864.6666333    -62.5354
1864.7500333    -73.1058
1864.8333333    -66.7528
1864.9166333    -57.3229
1865.0000333    -56.3547
1865.0833333    -57.3094
1865.1666333    -66.7256
1865.2500333    -71.142
1865.3333333    -64.789
1865.4166333    -60.359
1865.5000333    -19.7754
1865.5833333    -7.6531
1865.6666333    -5.5308
1865.7500333    2.3605
1865.8333333    5.6367
1865.9166333    5.4513
1866.0000333    14.8811
1866.0833333    24.6957
1866.1666333    33.7412
1866.2500333    19.7095
1866.3333333    47.9857
1866.4166333    65.1081
1866.5000333    65.3071
1866.5833333    62.0449
1866.6666333    21.8596
1866.7500333    52.828
1866.8333333    53.4119
1866.9166333    62.4574
1867.0000333    75.7335
1867.0833333    67.4713
1867.1666333    66.9015
1867.2500333    65.5622
1867.3333333    99.9923
1867.4166333    80.961
1867.5000333    58.8524
1867.5833333    92.898
1867.6666333    79.6359
1867.7500333    95.6043
1867.8333333    76.573
1867.9166333    88.3109
1868.0000333    84.664
1868.0833333    81.7866
1868.1666333    82.3707
1868.2500333    87.1853
1868.3333333    83.154
1868.4166333    74.5074
1868.5000333    49.7067
1868.5833333    70.6754
1868.6666333    19.3365
1868.7500333    -0.0796
1868.8333333    -5.2647
1868.9166333    4.5503
1869.0000333    0.9035
1869.0833333    6.4876
1869.1666333    18.6103
1869.2500333    36.1173
1869.3333333    49.3939
1869.4166333    43.8242
1869.5000333    27.1005
1869.5833333    3.8386
1869.6666333    -24.4233
1869.7500333    -10.7623
1869.8333333    0.9758
1869.9166333    6.9447
1870.0000333    1.7595
1870.0833333    9.6515
1870.1666333    11.005
1870.2500333    3.1275
1870.3333333    -11.6728
1870.4166333    -54.1654
1870.5000333    -76.2736
1870.5833333    -86.8431
1870.6666333    -57.028
1870.7500333    -53.7515
1870.8333333    -49.321
1870.9166333    -49.5059
1871.0000333    -43.5371
1871.0833333    -39.4912
1871.1666333    -46.2145
1871.2500333    -56.7842
1871.3333333    -71.1997
1871.4166333    -69.0769
1871.5000333    -61.5696
1871.5833333    -62.139
1871.6666333    -54.6315
1871.7500333    -52.1242
1871.8333333    -52.6935
1871.9166333    -57.8783
1872.0000333    -55.371
1872.0833333    -59.4019
1872.1666333    -38.0481
1872.2500333    -35.5408
1872.3333333    -25.7255
1872.4166333    -30.9102
1872.5000333    -30.7105
1872.5833333    -39.7414
1872.6666333    -40.3107
1872.7500333    -46.6494
1872.8333333    -45.6802
1872.9166333    -40.4803
1873.0000333    -33.7421
1873.0833333    -28.1575
1873.1666333    -12.9575
1873.2500333    -22.3731
1873.3333333    -14.4808
1873.4166333    2.6423
1873.5000333    32.8421
1873.5833333    18.8113
1873.6666333    38.2421
1873.7500333    57.6727
1873.8333333    56.3343
1873.9166333    56.5344
1874.0000333    51.3496
1874.0833333    57.7035
1874.1666333    58.2882
1874.2500333    58.8727
1874.3333333    44.842
1874.4166333    33.5037
1874.5000333    12.5497
1874.5833333    -39.1732
1874.6666333    -46.2808
1874.7500333    -59.5424
1874.8333333    -61.2653
1874.9166333    -50.6806
1875.0000333    -54.7114
1875.0833333    -52.5881
1875.1666333    -59.6957
1875.2500333    -83.7265
1875.3333333    -106.603
1875.4166333    -102.172
1875.5000333    -113.511
1875.5833333    -114.464
1875.6666333    -68.1102
1875.7500333    -64.4486
1875.8333333    -70.0176
1875.9166333    -71.3558
1876.0000333    -64.2327
1876.0833333    -56.7247
1876.1666333    -44.986
1876.2500333    -47.0936
1876.3333333    -41.5087
1876.4166333    -57.8469
1876.5000333    -55.3391
1876.5833333    -23.9849
1876.6666333    -25.7076
1876.7500333    -58.969
1876.8333333    -54.1533
1876.9166333    -41.6453
1877.0000333    -27.599
1877.0833333    -23.5524
1877.1666333    -18.352
1877.2500333    -10.8442
1877.3333333    7.4331
1877.4166333    23.4028
1877.5000333    52.8338
1877.5833333    45.7265
1877.6666333    49.7731
1877.7500333    38.8195
1877.8333333    52.8661
1877.9166333    58.4511
1878.0000333    68.2668
1878.0833333    64.6211
1878.1666333    70.2062
1878.2500333    70.0219
1878.3333333    51.7608
1878.4166333    40.4229
1878.5000333    18.7001
1878.5833333    1.2083
1878.6666333    -17.4373
1878.7500333    -49.5447
1878.8333333    -47.0364
1878.9166333    -43.3743
1879.0000333    -36.2509
1879.0833333    -39.1272
1879.1666333    -40.8497
1879.2500333    -43.7263
1879.3333333    -46.6026
1879.4166333    -45.2481
1879.5000333    -50.817
1879.5833333    -33.3086
1879.6666333    -34.6465
1879.7500333    -20.5999
1879.8333333    -14.2454
1879.9166333    -2.1217
1880.0000333    1.5403
1880.0833333    -5.1821
1880.1666333    -5.366
1880.2500333    4.4499
1880.3333333    15.0352
1880.4166333    46.0051
1880.5000333    38.8979
1880.5833333    19.8679
1880.6666333    11.2225
1880.7500333    11.8076
1880.8333333    9.3161
1880.9166333    16.4399
1881.0000333    23.9482
1881.0833333    37.9951
1881.1666333    33.5805
1881.2500333    29.5503
1881.3333333    29.7511
1881.4166333    14.1827
1881.5000333    -15.6167
1881.5833333    1.1226
1881.6666333    28.2465
1881.7500333    24.601
1881.8333333    30.5711
1881.9166333    43.0796
1882.0000333    42.1264
1882.0833333    53.0966
1882.1666333    31.3744
1882.2500333    26.9597
1882.3333333    36.776
1882.4166333    10.0538
1882.5000333    -4.3609
1882.5833333    -21.4676
1882.6666333    -44.7282
1882.7500333    -70.2967
1882.8333333    -60.4804
1882.9166333    -61.4333
1883.0000333    -60.0787
1883.0833333    -52.9546
1883.1666333    -69.6767
1883.2500333    -54.4759
1883.3333333    -29.2749
1883.4166333    -17.9201
1883.5000333    25.7423
1883.5833333    25.5587
1883.6666333    21.9136
1883.7500333    18.6529
1883.8333333    35.0078
1883.9166333    36.7473
1884.0000333    43.8712
1884.0833333    35.9954
1884.1666333    33.8888
1884.2500333    57.5512
1884.3333333    46.2139
1884.4166333    46.415
1884.5000333    9.3082
1884.5833333    -23.9522
1884.6666333    -16.828
1884.7500333    -16.6271
1884.8333333    -3.349
1884.9166333    -3.5324
1885.0000333    -6.793
1885.0833333    -2.7457
1885.1666333    7.0709
1885.2500333    8.4257
1885.3333333    -31.373
1885.4166333    -12.7103
1885.5000333    -30.9708
1885.5833333    -41.1542
1885.6666333    -58.6453
1885.7500333    -68.0596
1885.8333333    -64.0122
1885.9166333    -61.5032
1886.0000333    -56.3022
1886.0833333    -50.3317
1886.1666333    -51.2842
1886.2500333    -73.7754
1886.3333333    -77.0357
1886.4166333    -46.4497
1886.5000333    -81.6332
1886.5833333    -94.5088
1886.6666333    -79.6921
1886.7500333    -65.6448
1886.8333333    -60.0588
1886.9166333    -51.7805
1887.0000333    -50.8102
1887.0833333    -46.378
1887.1666333    -45.0228
1887.2500333    -30.9754
1887.3333333    -21.1586
1887.4166333    -14.8034
1887.5000333    -38.8329
1887.5833333    -45.9392
1887.6666333    -54.1993
1887.7500333    -55.5365
1887.8333333    -49.9504
1887.9166333    -51.2874
1888.0000333    -43.3938
1888.0833333    -40.8847
1888.1666333    -56.4524
1888.2500333    -49.7126
1888.3333333    -71.0496
1888.4166333    -68.925
1888.5000333    -92.5698
1888.5833333    -77.3683
1888.6666333    -62.936
1888.7500333    -54.2731
1888.8333333    -59.8408
1888.9166333    -66.9469
1889.0000333    -56.7455
1889.0833333    -53.0824
1889.1666333    -49.0347
1889.2500333    -54.2179
1889.3333333    -64.0163
1889.4166333    -70.7377
1889.5000333    -55.1517
1889.5833333    -69.9501
1889.6666333    -77.4407
1889.7500333    -73.3931
1889.8333333    -62.8068
1889.9166333    -45.2975
1890.0000333    -28.5576
1890.0833333    -27.9713
1890.1666333    -39.308
1890.2500333    -23.3373
1890.3333333    -15.8279
1890.4166333    -46.78
1890.5000333    -41.5785
1890.5833333    -68.6845
1890.6666333    -32.3289
1890.7500333    -52.5119
1890.8333333    -56.5409
1890.9166333    -62.8776
1891.0000333    -61.1376
1891.0833333    -59.3974
1891.1666333    -56.1186
1891.2500333    -55.917
1891.3333333    -88.4075
1891.4166333    -71.2826
1891.5000333    -37.2349
1891.5833333    -34.7253
1891.6666333    -39.5235
1891.7500333    -57.0141
1891.8333333    -44.12
1891.9166333    -36.2258
1892.0000333    -27.178
1892.0833333    -25.4376
1892.1666333    -31.3896
1892.2500333    -38.4956
1892.3333333    -48.2937
1892.4166333    -35.3994
1892.5000333    -57.5054
1892.5833333    -64.6111
1892.6666333    -53.64
1892.7500333    -46.8998
1892.8333333    -47.467
1892.9166333    -45.7266
1893.0000333    -47.0633
1893.0833333    -39.9382
1893.1666333    -29.3516
1893.2500333    -11.8421
1893.3333333    -3.5632
1893.4166333    12.0235
1893.5000333    -0.0824
1893.5833333    27.8119
1893.6666333    26.0909
1893.7500333    0.1389
1893.8333333    2.2641
1893.9166333    8.2354
1894.0000333    10.3603
1894.0833333    17.4855
1894.1666333    12.6876
1894.2500333    -5.1874
1894.3333333    -19.6007
1894.4166333    -7.8601
1894.5000333    -30.3505
1894.5833333    -35.9176
1894.6666333    -58.0231
1894.7500333    -57.4366
1894.8333333    -51.0806
1894.9166333    -46.263
1895.0000333    -32.9841
1895.0833333    -23.9358
1895.1666333    -24.1182
1895.2500333    -6.6085
1895.3333333    -10.2524
1895.4166333    -4.6656
1895.5000333    -21.7713
1895.5833333    -16.569
1895.6666333    3.2486
1895.7500333    8.4507
1895.8333333    10.576
1895.9166333    24.6244
1896.0000333    34.4419
1896.0833333    29.6442
1896.1666333    32.9234
1896.2500333    26.5871
1896.3333333    3.7125
1896.4166333    -2.6237
1896.5000333    -39.7292
1896.5833333    -47.6038
1896.6666333    -31.6322
1896.7500333    -46.4301
1896.8333333    -48.92
1896.9166333    -51.41
1897.0000333    -48.1309
1897.0833333    -50.2362
1897.1666333    -40.4184
1897.2500333    -50.9854
1897.3333333    -51.1676
1897.4166333    -48.2729
1897.5000333    -24.2245
1897.5833333    22.901
1897.6666333    18.8727
1897.7500333    2.9211
1897.8333333    11.9697
1897.9166333    12.9415
1898.0000333    30.836
1898.0833333    29.1155
1898.1666333    32.0103
1898.2500333    3.3664
1898.3333333    3.1843
1898.4166333    39.9253
1898.5000333    57.8199
1898.5833333    46.484
1898.6666333    30.9174
1898.7500333    42.6582
1898.8333333    52.8607
1898.9166333    52.2941
1899.0000333    57.1118
1899.0833333    49.2375
1899.1666333    68.2863
1899.2500333    76.181
1899.3333333    112.922
1899.4166333    104.663
1899.5000333    67.1733
1899.5833333    42.7606
1899.6666333    35.6555
1899.7500333    26.2426
1899.8333333    23.3683
1899.9166333    24.7249
1900.0000333    29.9273
1900.0833333    28.5916
1900.1666333    30.7174
1900.2500333    28.6122
1900.3333333    3.0457
1900.4166333    -4.8285
1900.5000333    2.2971
1900.5833333    -0.9617
1900.6666333    -7.2974
1900.7500333    -3.2487
1900.8333333    -12.6613
1900.9166333    -10.9201
1901.0000333    -16.1021
1901.0833333    -13.5916
1901.1666333    -20.6965
1901.2500333    -17.8016
1901.3333333    -17.2142
1901.4166333    4.1425
1901.5000333    21.2682
1901.5833333    3.0095
1901.6666333    11.6739
1901.7500333    9.5689
1901.8333333    15.541
1901.9166333    23.4362
1902.0000333    32.8696
1902.0833333    47.3033
1902.1666333    40.9678
1902.2500333    47.7089
1902.3333333    15.6041
1902.4166333    -9.1929
1902.5000333    -14.3748
1902.5833333    -19.9411
1902.6666333    2.9542
1902.7500333    15.4646
1902.8333333    27.9753
1902.9166333    19.7167
1903.0000333    31.0734
1903.0833333    37.8148
1903.1666333    30.3255
1903.2500333    41.6822
1903.3333333    60.7314
1903.4166333    67.8575
1903.5000333    68.0603
1903.5833333    61.3403
1903.6666333    11.928
1903.7500333    12.9
1903.8333333    -6.8969
1903.9166333    -2.0784
1904.0000333    0.8168
1904.0833333    2.1737
1904.1666333    -26.0847
1904.2500333    -18.1895
1904.3333333    -11.8325
1904.4166333    -20.0909
1904.5000333    3.5736
1904.5833333    11.469
1904.6666333    -0.2509
1904.7500333    16.8751
1904.8333333    4.0014
1904.9166333    -0.4108
1905.0000333    2.8691
1905.0833333    11.1492
1905.1666333    9.4294
1905.2500333    41.1708
1905.3333333    25.9894
1905.4166333    9.6542
1905.5000333    7.1649
1905.5833333    -1.478
1905.6666333    11.033
1905.7500333    11.6207
1905.8333333    6.8239
1905.9166333    15.1042
1906.0000333    24.9226
1906.0833333    27.4336
1906.1666333    21.8677
1906.2500333    15.917
1906.3333333    3.0434
1906.4166333    24.4006
1906.5000333    24.6037
1906.5833333    19.0378
1906.6666333    18.8566
1906.7500333    -8.6326
1906.8333333    0.0323
1906.9166333    11.3896
1907.0000333    15.4389
1907.0833333    27.1808
1907.1666333    18.538
1907.2500333    14.8951
1907.3333333    4.3293
1907.4166333    -9.3134
1907.5000333    -14.4948
1907.5833333    -2.3683
1907.6666333    -31.011
1907.7500333    -43.8846
1907.8333333    -41.7581
1907.9166333    -41.17
1908.0000333    -43.2744
1908.0833333    -34.9939
1908.1666333    -47.0981
1908.2500333    -64.5871
1908.3333333    -52.8451
1908.4166333    -52.6416
1908.5000333    -37.8229
1908.5833333    -56.0808
1908.6666333    -88.185
1908.7500333    -71.4432
1908.8333333    -70.4703
1908.9166333    -69.1129
1909.0000333    -55.0634
1909.0833333    -49.0905
1909.1666333    -62.3484
1909.2500333    -55.222
1909.3333333    -23.4799
1909.4166333    -22.8916
1909.5000333    2.6964
1909.5833333    -4.023
1909.6666333    -4.2039
1909.7500333    10.9995
1909.8333333    10.0494
1909.9166333    19.4838
1910.0000333    30.0719
1910.0833333    23.7372
1910.1666333    20.4794
1910.2500333    9.9136
1910.3333333    16.6558
1910.4166333    5.3211
1910.5000333    -3.7061
1910.5833333    3.4207
1910.6666333    -12.1447
1910.7500333    -3.095
1910.8333333    -10.1989
1910.9166333    -5.3797
1911.0000333    -5.9454
1911.0833333    -9.9724
1911.1666333    -7.0762
1911.2500333    -8.7957
1911.3333333    12.562
1911.4166333    -7.2342
1911.5000333    -32.0305
1911.5833333    -34.1344
1911.6666333    -55.8536
1911.7500333    -41.0345
1911.8333333    -39.2922
1911.9166333    -30.6267
1912.0000333    -33.8846
1912.0833333    -23.6807
1912.1666333    -17.7075
1912.2500333    -22.8884
1912.3333333    -5.3768
1912.4166333    10.981
1912.5000333    -13.8153
1912.5833333    6.3887
1912.6666333    18.9004
1912.7500333    9.8733
1912.8333333    -9.1534
1912.9166333    -8.1802
1913.0000333    -5.2841
1913.0833333    2.9968
1913.1666333    -14.8761
1913.2500333    -21.5953
1913.3333333    7.8395
1913.4166333    21.8897
1913.5000333    1.3243
1913.5833333    33.0668
1913.6666333    40.1939
1913.7500333    26.9363
1913.8333333    30.6019
1913.9166333    44.2675
1914.0000333    45.2407
1914.0833333    40.0602
1914.1666333    57.1874
1914.2500333    57.3913
1914.3333333    67.5954
1914.4166333    47.7996
1914.5000333    20.6958
1914.5833333    -1.4077
1914.6666333    -7.3574
1914.7500333    -17.538
1914.8333333    -25.7954
1914.9166333    -29.0527
1915.0000333    -20.3872
1915.0833333    -20.183
1915.1666333    -18.8249
1915.2500333    -59.0055
1915.3333333    -41.109
1915.4166333    -48.597
1915.5000333    -20.7007
1915.5833333    -25.4964
1915.6666333    -24.9075
1915.7500333    -28.165
1915.8333333    -28.7299
1915.9166333    -15.0641
1916.0000333    -9.0908
1916.0833333    -6.9634
1916.1666333    -7.5283
1916.2500333    6.9066
1916.3333333    27.8802
1916.4166333    26.9307
1916.5000333    8.6733
1916.5833333    -39.5839
1916.6666333    -53.9949
1916.7500333    -36.4831
1916.8333333    -45.5094
1916.9166333    -44.9204
1917.0000333    -45.1008
1917.0833333    -39.1272
1917.1666333    -28.1535
1917.2500333    -10.257
1917.3333333    0.332
1917.4166333    10.5365
1917.5000333    17.6638
1917.5833333    39.0221
1917.6666333    26.5343
1917.7500333    29.0463
1917.8333333    13.4815
1917.9166333    39.8399
1918.0000333    50.4288
1918.0833333    54.8641
1918.1666333    73.1455
1918.2500333    56.8114
1918.3333333    30.8621
1918.4166333    21.4512
1918.5000333    -2.1906
1918.5833333    -23.1399
1918.6666333    -33.3199
1918.7500333    -13.5001
1918.8333333    -18.2955
1918.9166333    7.6783
1919.0000333    1.3442
1919.0833333    12.3181
1919.1666333    17.9073
1919.2500333    -1.8883
1919.3333333    -11.6836
1919.4166333    -0.3251
1919.5000333    4.1101
1919.5833333    32.3917
1919.6666333    41.0579
1919.7500333    47.4162
1919.8333333    45.3132
1919.9166333    62.0564
1920.0000333    55.7224
1920.0833333    57.4656
1920.1666333    46.1319
1920.2500333    13.2595
1920.3333333    -0.3819
1920.4166333    -5.1772
1920.5000333    20.0274
1920.5833333    -4.3833
1920.6666333    -14.1785
1920.7500333    -25.5124
1920.8333333    -35.3076
1920.9166333    -24.3335
1921.0000333    -22.9751
1921.0833333    -21.2318
1921.1666333    -25.6424
1921.2500333    -15.4378
1921.3333333    -0.2329
1921.4166333    38.4335
1921.5000333    35.1766
1921.5833333    -9.2339
1921.6666333    -7.106
1921.7500333    -19.9782
1921.8333333    -10.5425
1921.9166333    -1.1069
1922.0000333    1.0209
1922.0833333    6.9951
1922.1666333    4.1231
1922.2500333    -6.8261
1922.3333333    1.0712
1922.4166333    24.7377
1922.5000333    14.9424
1922.5833333    8.609
1922.6666333    1.5062
1922.7500333    -13.289
1922.8333333    -8.084
1922.9166333    4.4287
1923.0000333    7.7104
1923.0833333    12.9155
1923.1666333    11.9666
1923.2500333    32.1715
1923.3333333    57.3765
1923.4166333    39.12
1923.5000333    7.0172
1923.5833333    -17.3931
1923.6666333    0.1196
1923.7500333    14.1707
1923.8333333    25.9142
1923.9166333    28.8117
1924.0000333    21.7089
1924.0833333    22.2986
1924.1666333    21.3499
1924.2500333    15.0164
1924.3333333    -11.7016
1924.4166333    -23.4195
1924.5000333    -8.2145
1924.5833333    11.2214
1924.6666333    16.042
1924.7500333    13.5546
1924.8333333    12.606
1924.9166333    27.042
1925.0000333    26.4777
1925.0833333    30.9137
1925.1666333    44.9651
1925.2500333    44.4009
1925.3333333    49.2215
1925.4166333    72.1191
1925.5000333    64.6319
1925.5833333    36.3756
1925.6666333    44.6578
1925.7500333    41.0167
1925.8333333    46.6066
1925.9166333    58.3504
1926.0000333    60.8632
1926.0833333    75.6839
1926.1666333    78.1969
1926.2500333    78.4021
1926.3333333    68.992
1926.4166333    76.5051
1926.5000333    67.8641
1926.5833333    65.7618
1926.6666333    71.7364
1926.7500333    73.8646
1926.8333333    82.147
1926.9166333    90.8139
1927.0000333    89.096
1927.0833333    86.6092
1927.1666333    85.2761
1927.2500333    90.4814
1927.3333333    64.533
1927.4166333    36.2769
1927.5000333    31.4821
1927.5833333    27.8415
1927.6666333    5.3546
1927.7500333    -2.1324
1927.8333333    -24.6192
1927.9166333    -17.4906
1928.0000333    -13.4391
1928.0833333    -6.3105
1928.1666333    -9.5665
1928.2500333    -12.4381
1928.3333333    0.4597
1928.4166333    7.973
1928.5000333    17.7937
1928.5833333    -31.2315
1928.6666333    -46.0259
1928.7500333    -21.5897
1928.8333333    -19.8457
1928.9166333    -5.0247
1929.0000333    -10.9731
1929.0833333    -18.0752
1929.1666333    -17.8695
1929.2500333    -1.5103
1929.3333333    -5.5354
1929.4166333    -22.2528
1929.5000333    -15.5089
1929.5833333    -24.9186
1929.6666333    10.6717
1929.7500333    1.2618
1929.8333333    -0.0709
1929.9166333    2.0579
1930.0000333    3.4172
1930.0833333    9.3922
1930.1666333    6.1364
1930.2500333    14.8034
1930.3333333    24.6246
1930.4166333    10.5996
1930.5000333    12.3436
1930.5833333    -3.6045
1930.6666333    10.0629
1930.7500333    9.8838
1930.8333333    20.8589
1930.9166333    27.2185
1931.0000333    47.4241
1931.0833333    51.8607
1931.1666333    50.1435
1931.2500333    71.8876
1931.3333333    47.8627
1931.4166333    38.8378
1931.5000333    59.428
1931.5833333    35.0185
1931.6666333    32.1475
1931.7500333    46.584
1931.8333333    52.5591
1931.9166333    58.9189
1932.0000333    65.663
1932.0833333    55.0997
1932.1666333    57.6134
1932.2500333    65.1268
1932.3333333    50.3328
1932.4166333    53.6156
1932.5000333    20.7445
1932.5833333    11.7197
1932.6666333    14.618
1932.7500333    25.9776
1932.8333333    20.799
1932.9166333    24.082
1933.0000333    29.6724
1933.0833333    32.5707
1933.1666333    28.546
1933.2500333    22.9826
1933.3333333    -0.2729
1933.4166333    -23.1437
1933.5000333    -15.2456
1933.5833333    5.3451
1933.6666333    -5.218
1933.7500333    -14.2429
1933.8333333    -13.2676
1933.9166333    -12.2922
1934.0000333    -9.7786
1934.0833333    -9.9571
1934.1666333    -15.9048
1934.2500333    11.9935
1934.3333333    3.7381
1934.4166333    2.7904
1934.5000333    21.4579
1934.5833333    38.9718
1934.6666333    13.4087
1934.7500333    23.6147
1934.8333333    26.1286
1934.9166333    24.4118
1935.0000333    41.1562
1935.0833333    35.5932
1935.1666333    53.8764
1935.2500333    74.0824
1935.3333333    45.4426
1935.4166333    42.5719
1935.5000333    64.3164
1935.5833333    52.9842
1935.6666333    13.9598
1935.7500333    35.3197
1935.8333333    16.2952
1935.9166333    24.1939
1936.0000333    29.4
1936.0833333    18.8371
1936.1666333    16.3511
1936.2500333    19.2496
1936.3333333    -2.0825
1936.4166333    21.5854
1936.5000333    -10.1315
1936.5833333    -11.079
1936.6666333    -10.8726
1936.7500333    1.6413
1936.8333333    -8.5369
1936.9166333    12.8234
1937.0000333    27.645
1937.0833333    26.3129
1937.1666333    33.4425
1937.2500333    33.2641
1937.3333333    13.4705
1937.4166333    -1.323
1937.5000333    -3.809
1937.5833333    26.3975
1937.6666333    28.1424
1937.7500333    44.8872
1937.8333333    42.0168
1937.9166333    53.3771
1938.0000333    44.3527
1938.0833333    36.0977
1938.1666333    32.8427
1938.2500333    39.2029
1938.3333333    62.4863
1938.4166333    34.2314
1938.5000333    45.5916
1938.5833333    33.4905
1938.6666333    29.0817
1938.7500333    16.9804
1938.8333333    -3.9668
1938.9166333    -0.6833
1939.0000333    -2.0153
1939.0833333    -0.6548
1939.1666333    -3.5251
1939.2500333    -22.5494
1939.3333333    -29.6505
1939.4166333    -50.213
1939.5000333    -50.7758
1939.5833333    -76.3383
1939.6666333    -77.6701
1939.7500333    -76.6944
1939.8333333    -85.3338
1939.9166333    -77.4348
1940.0000333    -69.1513
1940.0833333    -55.0985
1940.1666333    -31.8148
1940.2500333    -38.5313
1940.3333333    5.5216
1940.4166333    -4.2716
1940.5000333    -38.2958
1940.5833333    -28.8583
1940.6666333    -12.113
1940.7500333    -36.9064
1940.8333333    -39.0073
1940.9166333    -30.7235
1941.0000333    -23.9785
1941.0833333    -14.5408
1941.1666333    -34.7186
1941.2500333    -41.0504
1941.3333333    -55.4589
1941.4166333    -55.6367
1941.5000333    -87.7377
1941.5833333    -75.9924
1941.6666333    -94.247
1941.7500333    -104.04
1941.8333333    -90.3718
1941.9166333    -81.3188
1942.0000333    -77.6505
1942.0833333    -79.7513
1942.1666333    -83.3905
1942.2500333    -58.1837
1942.3333333    -56.8229
1942.4166333    -17.0005
1942.5000333    -47.563
1942.5833333    4.9517
1942.6666333    20.5433
1942.7500333    68.827
1942.8333333    80.5725
1942.9166333    87.7026
1943.0000333    92.1402
1943.0833333    101.193
1943.1666333    107.17
1943.2500333    97.3765
1943.3333333    87.199
1943.4166333    69.3291
1943.5000333    81.0745
1943.5833333    89.3585
1943.6666333    78.4117
1943.7500333    81.6955
1943.8333333    66.1334
1943.9166333    76.7252
1944.0000333    77.3167
1944.0833333    72.5239
1944.1666333    69.2695
1944.2500333    60.6303
1944.3333333    74.299
1944.4166333    65.2754
1944.5000333    68.9439
1944.5833333    46.8434
1944.6666333    54.3583
1944.7500333    48.7961
1944.8333333    50.9264
1944.9166333    56.5182
1945.0000333    61.3406
1945.0833333    68.4709
1945.1666333    69.4474
1945.2500333    70.4237
1945.3333333    75.631
1945.4166333    69.2998
1945.5000333    66.4299
1945.5833333    95.4834
1945.6666333    76.4599
1945.7500333    70.5132
1945.8333333    56.4897
1945.9166333    67.4663
1946.0000333    64.2119
1946.0833333    62.4961
1946.1666333    68.8573
1946.2500333    62.526
1946.3333333    51.1949
1946.4166333    35.2485
1946.5000333    -8.0059
1946.5833333    -67.0293
1946.6666333    -104.514
1946.7500333    -86.23
1946.8333333    -110.638
1946.9166333    -101.584
1947.0000333    -109.454
1947.0833333    -121.17
1947.1666333    -119.039
1947.2500333    -144.986
1947.3333333    -111.701
1947.4166333    -98.8016
1947.5000333    -76.6713
1947.5833333    -48.0022
1947.6666333    9.1283
1947.7500333    13.5664
1947.8333333    0.3124
1947.9166333    23.9815
1948.0000333    29.958
1948.0833333    39.3963
1948.1666333    69.6039
1948.2500333    77.1189
1948.3333333    97.7111
1948.4166333    71.7649
1948.5000333    80.8184
1948.5833333    91.026
1948.6666333    87.7721
1948.7500333    100.287
1948.8333333    99.3409
1948.9166333    110.318
1949.0000333    110.141
1949.0833333    111.887
1949.1666333    98.6328
1949.2500333    87.3018
1949.3333333    73.6634
1949.4166333    93.1018
1949.5000333    81.0016
1949.5833333    68.9016
1949.6666333    48.7247
1949.7500333    65.086
1949.8333333    44.5245
1949.9166333    49.7323
1950.0000333    48.786
1950.0833333    47.8399
1950.1666333    61.5092
1950.2500333    72.8706
1950.3333333    67.6937
1950.4166333    67.9015
1950.5000333    43.4937
1950.5833333    41.3938
1950.6666333    26.9862
1950.7500333    29.8861
1950.8333333    10.094
1950.9166333    15.3018
1951.0000333    13.971
1951.0833333    14.1788
1951.1666333    16.3098
1951.2500333    -19.2518
1951.3333333    -18.6593
1951.4166333    4.2409
1951.5000333    17.1409
1951.5833333    25.8103
1951.6666333    18.7105
1951.7500333    16.9951
1951.8333333    13.7415
1951.9166333    32.7956
1952.0000333    37.2341
1952.0833333    40.9036
1952.1666333    51.4962
1952.2500333    56.3193
1952.3333333    78.4504
1952.4166333    73.2738
1952.5000333    48.0969
1952.5833333    34.0742
1952.6666333    15.0514
1952.7500333    23.7207
1952.8333333    27.3903
1952.9166333    24.906
1953.0000333    25.1139
1953.0833333    36.4758
1953.1666333    41.6838
1953.2500333    29.9686
1953.3333333    27.4844
1953.4166333    16.154
1953.5000333    9.8234
1953.5833333    -28.43
1953.6666333    -42.068
1953.7500333    -44.5524
1953.8333333    -46.652
1953.9166333    -44.9054
1954.0000333    -28.5436
1954.0833333    -26.4124
1954.1666333    -18.1273
1954.2500333    -11.7655
1954.3333333    -13.865
1954.4166333    7.497
1954.5000333    10.3973
1954.5833333    6.7594
1954.6666333    28.506
1954.7500333    37.1756
1954.8333333    51.23
1954.9166333    57.592
1955.0000333    57.4155
1955.0833333    44.5468
1955.1666333    46.6781
1955.2500333    41.5016
1955.3333333    33.6329
1955.4166333    60.7643
1955.5000333    39.8185
1955.5833333    15.0269
1955.6666333    4.8505
1955.7500333    9.674
1955.8333333    7.9593
1955.9166333    0.8599
1956.0000333    11.8373
1956.0833333    22.8149
1956.1666333    24.1771
1956.2500333    23.2314
1956.3333333    13.8244
1956.4166333    5.1867
1956.5000333    -15.759
1956.5833333    -17.8583
1956.6666333    -0.3422
1956.7500333    3.3276
1956.8333333    0.4591
1956.9166333    1.4368
1957.0000333    2.7988
1957.0833333    5.315
1957.1666333    11.6773
1957.2500333    26.1163
1957.3333333    15.171
1957.4166333    14.9948
1957.5000333    21.7416
1957.5833333    28.8732
1957.6666333    4.0817
1957.7500333    1.5977
1957.8333333    9.1139
1957.9166333    12.3994
1958.0000333    24.5308
1958.0833333    27.047
1958.1666333    19.9479
1958.2500333    17.0794
1958.3333333    -2.3274
1958.4166333    8.2658
1958.5000333    24.1665
1958.5833333    8.5289
1958.6666333    -21.3394
1958.7500333    -3.9002
1958.8333333    -7.9993
1958.9166333    -6.3291
1959.0000333    -0.8129
1959.0833333    -9.5274
1959.1666333    -13.6264
1959.2500333    -6.9564
1959.3333333    -34.9016
1959.4166333    -43.6159
1959.5000333    -55.7921
1959.5833333    -89.0449
1959.6666333    -112.298
1959.7500333    -105.551
1959.8333333    -113.034
1959.9166333    -97.4409
1960.0000333    -91.0786
1960.0833333    -82.0236
1960.1666333    -82.5841
1960.2500333    -87.3755
1960.3333333    -81.3975
1960.4166333    -58.4964
1960.5000333    -55.2109
1960.5833333    -45.7713
1960.6666333    -12.4856
1960.7500333    15.8
1960.8333333    34.0857
1960.9166333    55.0638
1961.0000333    71.0417
1961.0833333    82.4044
1961.1666333    80.3055
1961.2500333    87.0527
1961.3333333    99.1846
1961.4166333    94.0089
1961.5000333    105.371
1961.5833333    127.888
1961.6666333    112.712
1961.7500333    84.8442
1961.8333333    91.9762
1961.9166333    86.8005
1962.0000333    79.3169
1962.0833333    76.0644
1962.1666333    67.8118
1962.2500333    69.1744
1962.3333333    53.9988
1962.4166333    46.9001
1962.5000333    10.955
1962.5833333    -31.9129
1962.6666333    -61.3192
1962.7500333    -69.1874
1962.8333333    -74.3629
1962.9166333    -82.6154
1963.0000333    -90.0989
1963.0833333    -89.5052
1963.1666333    -98.5269
1963.2500333    -94.0873
1963.3333333    -75.032
1963.4166333    -67.1306
1963.5000333    -72.1525
1963.5833333    -47.9434
1963.6666333    -66.4266
1963.7500333    -62.2176
1963.8333333    -51.0854
1963.9166333    -41.1071
1964.0000333    -33.8212
1964.0833333    -26.5351
1964.1666333    -19.249
1964.2500333    -29.2708
1964.3333333    -25.4462
1964.4166333    -45.8524
1964.5000333    -38.5665
1964.5833333    -30.2804
1964.6666333    -39.6865
1964.7500333    -4.4775
1964.8333333    2.2702
1964.9166333    9.7871
1965.0000333    21.5346
1965.0833333    21.3593
1965.1666333    23.8763
1965.2500333    14.47
1965.3333333    22.3715
1965.4166333    29.5039
1965.5000333    6.6361
1965.5833333    -4.693
1965.6666333    8.9778
1965.7500333    4.1869
1965.8333333    6.3194
1965.9166333    13.8364
1966.0000333    20.1994
1966.0833333    15.0241
1966.1666333    29.4643
1966.2500333    24.6735
1966.3333333    23.729
1966.4166333    41.2461
1966.5000333    26.8399
1966.5833333    55.8955
1966.6666333    92.2587
1966.7500333    78.2372
1966.8333333    89.6005
1966.9166333    92.8869
1967.0000333    89.25
1967.0833333    85.2287
1967.1666333    81.9766
1967.2500333    97.9551
1967.3333333    103.165
1967.4166333    128.759
1967.5000333    125.507
1967.5833333    108.793
1967.6666333    109.002
1967.7500333    72.6733
1967.8333333    60.1905
1967.9166333    64.2462
1968.0000333    62.5325
1968.0833333    63.8959
1968.1666333    59.4901
1968.2500333    70.8533
1968.3333333    32.986
1968.4166333    22.0418
1968.5000333    -10.4411
1968.5833333    -40.2315
1968.6666333    -72.7142
1968.7500333    -85.5817
1968.8333333    -87.6798
1968.9166333    -80.547
1969.0000333    -76.1068
1969.0833333    -72.051
1969.1666333    -66.0721
1969.2500333    -52.7857
1969.3333333    -30.6529
1969.4166333    -50.0586
1969.5000333    -70.2337
1969.5833333    -66.1778
1969.6666333    -49.8143
1969.7500333    -0.374
1969.8333333    -4.395
1969.9166333    -1.4929
1970.0000333    13.7166
1970.0833333    9.311
1970.1666333    15.6746
1970.2500333    32.0381
1970.3333333    36.8632
1970.4166333    0.15
1970.5000333    23.4365
1970.5833333    49.8002
1970.6666333    41.5485
1970.7500333    25.6042
1970.8333333    2.3525
1970.9166333    4.8701
1971.0000333    9.3105
1971.0833333    -2.7873
1971.1666333    -3.3467
1971.2500333    -3.137
1971.3333333    -5.6194
1971.4166333    -16.9479
1971.5000333    -57.5075
1971.5833333    -80.3745
1971.6666333    -100.549
1971.7500333    -94.1856
1971.8333333    -88.591
1971.9166333    -74.1503
1972.0000333    -77.0175
1972.0833333    -77.5767
1972.1666333    -79.2898
1972.2500333    -77.157
1972.3333333    -63.4854
1972.4166333    -86.737
1972.5000333    -104.219
1972.5833333    -53.6248
1972.6666333    -36.1071
1972.7500333    -15.128
1972.8333333    -21.0718
1972.9166333    -23.5541
1973.0000333    -21.0365
1973.0833333    -20.4419
1973.1666333    -18.6933
1973.2500333    -17.3296
1973.3333333    25.1882
1973.4166333    26.1675
1973.5000333    30.2236
1973.5833333    35.8183
1973.6666333    -1.6638
1973.7500333    -16.8385
1973.8333333    -31.6284
1973.9166333    -23.3413
1974.0000333    -2.7467
1974.0833333    -7.1519
1974.1666333    7.6736
1974.2500333    15.9605
1974.3333333    26.94
1974.4166333    27.1502
1974.5000333    33.8986
1974.5833333    16.0319
1974.6666333    8.9345
1974.7500333    27.2214
1974.8333333    41.2778
1974.9166333    45.7189
1975.0000333    44.7751
1975.0833333    26.9084
1975.1666333    35.9649
1975.2500333    23.8673
1975.3333333    14.8468
1975.4166333    19.2879
1975.5000333    3.7287
1975.5833333    -48.3686
1975.6666333    -52.3891
1975.7500333    -54.102
1975.8333333    -56.1993
1975.9166333    -54.8351
1976.0000333    -50.7788
1976.0833333    -57.4915
1976.1666333    -57.2811
1976.2500333    -71.3017
1976.3333333    -63.399
1976.4166333    -65.4963
1976.5000333    -88.7476
1976.5833333    -124.691
1976.6666333    -108.711
1976.7500333    -81.5781
1976.8333333    -86.7522
1976.9166333    -79.6187
1977.0000333    -72.4854
1977.0833333    -80.7364
1977.1666333    -67.8336
1977.2500333    -58.3926
1977.3333333    -14.7205
1977.4166333    -27.9716
1977.5000333    -25.4536
1977.5833333    -43.7046
1977.6666333    -30.4171
1977.7500333    -47.5145
1977.8333333    -70.7654
1977.9166333    -52.478
1978.0000333    -48.4215
1978.0833333    -44.7493
1978.1666333    -8.0003
1978.2500333    -2.7899
1978.3333333    9.7284
1978.4166333    -57.3687
1978.5000333    -64.8506
1978.5833333    -89.2553
1978.6666333    -69.0447
1978.7500333    -84.2189
1978.8333333    -73.6236
1978.9166333    -63.0283
1979.0000333    -57.8179
1979.0833333    -54.9149
1979.1666333    -49.3196
1979.2500333    -96.4168
1979.3333333    -94.6676
1979.4166333    -101.38
1979.5000333    -87.7079
1979.5833333    -95.9587
1979.6666333    -98.0557
1979.7500333    -93.2298
1979.8333333    -100.327
1979.9166333    -87.8083
1980.0000333    -80.6746
1980.0833333    -75.8485
1980.1666333    -71.4069
1980.2500333    -61.9655
1980.3333333    -37.524
1980.4166333    -28.467
1980.5000333    -23.2564
1980.5833333    -14.584
1980.6666333    2.9345
1980.7500333    10.0682
1980.8333333    2.2022
1980.9166333    23.5669
1981.0000333    24.5468
1981.0833333    27.45
1981.1666333    14.5839
1981.2500333    29.0254
1981.3333333    44.2363
1981.4166333    48.678
1981.5000333    28.1195
1981.5833333    -5.1311
1981.6666333    2.0029
1981.7500333    11.829
1981.8333333    23.5784
1981.9166333    27.6355
1982.0000333    17.0771
1982.0833333    23.0573
1982.1666333    21.7298
1982.2500333    22.3252
1982.3333333    15.6131
1982.4166333    1.2088
1982.5000333    38.7273
1982.5833333    27.7845
1982.6666333    49.1494
1982.7500333    45.1294
1982.8333333    36.1097
1982.9166333    37.09
1983.0000333    38.0701
1983.0833333    41.7427
1983.1666333    48.8769
1983.2500333    75.6263
1983.3333333    88.5297
1983.4166333    82.2023
1983.5000333    82.4132
1983.5833333    16.0859
1983.6666333    -1.7799
1983.7500333    -22.3381
1983.8333333    -27.8962
1983.9166333    -19.2235
1984.0000333    -13.6279
1984.0833333    -16.8783
1984.1666333    -7.4363
1984.2500333    -3.7638
1984.3333333    -40.8603
1984.4166333    -59.1106
1984.5000333    -82.8996
1984.5833333    -123.15
1984.6666333    -115.169
1984.7500333    -85.343
1984.8333333    -82.9779
1984.9166333    -74.3051
1985.0000333    -81.3248
1985.0833333    -77.575
1985.1666333    -62.5176
1985.2500333    -70.9219
1985.3333333    -81.8644
1985.4166333    -61.0377
1985.5000333    -47.365
1985.5833333    -81.9999
1985.6666333    -76.0193
1985.7500333    -81.6543
1985.8333333    -90.5968
1985.9166333    -82.0008
1986.0000333    -76.1742
1986.0833333    -74.1936
1986.1666333    -73.1361
1986.2500333    -67.2326
1986.3333333    -52.9442
1986.4166333    -40.8097
1986.5000333    -74.4447
1986.5833333    -86.3871
1986.6666333    -53.3295
1986.7500333    -52.7336
1986.8333333    -36.676
1986.9166333    -30.3876
1987.0000333    -24.0225
1987.0833333    -18.811
1987.1666333    -5.138
1987.2500333    -17.7728
1987.3333333    -24.6382
1987.4166333    -32.119
1987.5000333    -41.2154
1987.5833333    -2.85
1987.6666333    9.9
1987.7500333    12.8806
1987.8333333    8.5537
1987.9166333    7.8422
1988.0000333    11.9766
1988.0833333    16.5728
1988.1666333    20.5536
1988.2500333    4.5343
1988.3333333    19.2843
1988.4166333    32.1883
1988.5000333    37.7843
1988.5833333    45.6883
1988.6666333    38.6691
1988.7500333    9.419
1988.8333333    11.323
1988.9166333    18.9962
1989.0000333    18.2077
1989.0833333    22.0348
1989.1666333    14.0157
1989.2500333    15.1503
1989.3333333    18.1312
1989.4166333    16.8814
1989.5000333    16.1699
1989.5833333    41.3047
1989.6666333    40.6703
1989.7500333    21.9587
1989.8333333    29.0167
1989.9166333    37.3054
1990.0000333    50.2092
1990.0833333    60.1133
1990.1666333    70.0944
1990.2500333    78.306
1990.3333333    69.3639
1990.4166333    76.8065
1990.5000333    77.0951
1990.5833333    31.0761
1990.6666333    -20.6351
1990.7500333    -45.808
1990.8333333    -43.9039
1990.9166333    -24.8458
1991.0000333    -25.4034
1991.0833333    -24.5761
1991.1666333    -20.9796
1991.2500333    -33.2295
1991.3333333    -29.7868
1991.4166333    -24.5748
1991.5000333    -33.6708
1991.5833333    -34.8435
1991.6666333    -5.8623
1991.7500333    7.1956
1991.8333333    0.2537
1991.9166333    -6.9958
1992.0000333    -15.0148
1992.0833333    -7.0336
1992.1666333    -15.2062
1992.2500333    -31.3021
1992.3333333    -15.6286
1992.4166333    -26.1088
1992.5000333    -7.8201
1992.5833333    -8.8388
1992.6666333    -31.4729
1992.7500333    -55.9534
1992.8333333    -69.3567
1992.9166333    -58.76
1993.0000333    -40.0097
1993.0833333    -34.1822
1993.1666333    -48.5855
1993.2500333    -55.2197
1993.3333333    -70.9307
1993.4166333    -72.7955
1993.5000333    -46.8143
1993.5833333    -106.371
1993.6666333    -87.4669
1993.7500333    -74.6396
1993.8333333    -58.4274
1993.9166333    -35.9076
1994.0000333    -40.3879
1994.0833333    -39.4065
1994.1666333    -31.425
1994.2500333    -20.3669
1994.3333333    -2.0008
1994.4166333    43.9037
1994.5000333    42.4234
1994.5833333    48.1742
1994.6666333    95.2326
1994.7500333    79.7523
1994.8333333    78.1953
1994.9166333    84.023
1995.0000333    74.8505
1995.0833333    81.832
1995.1666333    84.0443
1995.2500333    80.7949
1995.3333333    83.5457
1995.4166333    53.6811
1995.5000333    -15.4145
1995.5833333    -56.5098
1995.6666333    -117.221
1995.7500333    -148.239
1995.8333333    -154.873
1995.9166333    -148.276
1996.0000333    -146.833
1996.0833333    -149.774
1996.1666333    -154.716
1996.2500333    -157.273
1996.3333333    -146.753
1996.4166333    -162.387
1996.5000333    -156.174
1996.5833333    -94.808
1996.6666333    -69.7494
1996.7500333    -36.4602
1996.8333333    -28.4785
1996.9166333    -29.6507
1997.0000333    -37.1307
1997.0833333    -46.2259
1997.1666333    -32.9365
1997.2500333    -10.4165
1997.3333333    -36.2039
1997.4166333    -58.9914
1997.5000333    -37.2406
1997.5833333    -5.5665
1997.6666333    -21.5847
1997.7500333    -27.9878
1997.8333333    -39.2367
1997.9166333    -33.9472
1998.0000333    -15.8118
1998.0833333    -0.9069
1998.1666333    5.1519
1998.2500333    20.5951
1998.3333333    6.8077
1998.4166333    34.8665
1998.5000333    50.002
1998.5833333    64.5223
1998.6666333    46.4273
1998.7500333    41.8705
1998.8333333    37.4678
1998.9166333    42.0651
1999.0000333    41.8161
1999.0833333    30.6441
1999.1666333    25.5492
1999.2500333    30.8386
1999.3333333    13.5898
1999.4166333    44.0333
1999.5000333    51.5535
1999.5833333    63.7663
1999.6666333    48.1329
1999.7500333    42.9608
1999.8333333    42.1736
1999.9166333    53.0018
2000.0000333    60.2913
2000.0833333    59.3502
2000.1666333    50.8707
2000.2500333    52.2372
2000.3333333    48.5269
2000.4166333    54.0474
2000.5000333    15.2601
2000.5833333    -9.2963
2000.6666333    -46.1604
2000.7500333    -56.7939
2000.8333333    -56.9656
2000.9166333    -48.5989
2001.0000333    -48.6169
2001.0833333    -48.3271
2001.1666333    -31.1142
2001.2500333    -8.8246
2001.3333333    5.0037
2001.4166333    12.5244
2001.5000333    17.4294
2001.5833333    58.5654
2001.6666333    68.4707
2001.7500333    72.6065
2001.8333333    67.7426
2001.9166333    77.4171
2002.0000333    78.1684
2002.0833333    79.6121
2002.1666333    76.7482
2002.2500333    66.961
2002.3333333    47.1741
2002.4166333    -1.6129
2002.5000333    6.2923
2002.5833333    -24.4947
2002.6666333    -69.1278
2002.7500333    -78.2226
2002.8333333    -69.1634
2002.9166333    -59.0272
2003.0000333    -59.8143
2003.0833333    -57.832
2003.1666333    -57.3112
2003.2500333    -51.7137
2003.3333333    -59.039
2003.4166333    -42.672
2003.5000333    -5.8437
2003.5833333    -8.169
2003.6666333    0.6595
2003.7500333    -2.3583
2003.8333333    4.4703
2003.9166333    12.7604
2004.0000333    11.5119
2004.0833333    13.3405
2004.1666333    25.5537
2004.2500333    23.2282
2004.3333333    28.6722
2004.4166333    45.347
2004.5000333    64.4831
2004.5833333    46.6194
2004.6666333    24.2942
2004.7500333    18.5842
2004.8333333    25.8744
2004.9166333    24.857
2005.0000333    22.6085
2005.0833333    27.8218
2005.1666333    25.9582
2005.2500333    2.7867
2005.3333333    12.6923
2005.4166333    1.2134
2005.5000333    -31.5735
2005.5833333    -70.8217
2005.6666333    -75.6852
2005.7500333    -64.1644
2005.8333333    -57.1818
2005.9166333    -58.6607
2006.0000333    -64.6013
2006.0833333    -60.7725
2006.1666333    -61.8668
2006.2500333    -49.9613
2006.3333333    -14.3632
2006.4166333    -9.0729
2006.5000333    27.8327
2006.5833333    40.2
2006.6666333    51.7981
2006.7500333    55.4729
2006.8333333    52.8402
2006.9166333    59.5152
2007.0000333    76.4977
2007.0833333    87.7882
2007.1666333    94.8478
2007.2500333    88.7535
2007.3333333    96.6593
2007.4166333    80.3344
2007.5000333    76.3939
2007.5833333    52.3767
2007.6666333    81.2056
2007.7500333    70.6498
2007.8333333    66.9403
2007.9166333    67.1539
2008.0000333    67.4442
2008.0833333    63.6578
2008.1666333    53.7945
2008.2500333    58.931
2008.3333333    71.9138
2008.4166333    43.5121
2008.5000333    23.4179
2008.5833333    4.0161
2008.6666333    -8.4625
2008.7500333    -46.4029
2008.8333333    -47.5738
2008.9166333    -34.6678
2009.0000333    -25.2236
2009.0833333    -25.3175
2009.1666333    -26.3346
2009.2500333    -17.198
2009.3333333    -20.6766
2009.4166333    -36.6167
2009.5000333    -54.3262
2009.5833333    -57.4201
2009.6666333    -48.591
2009.7500333    -56.1466
2009.8333333    -49.2405
2009.9166333    -40.6421
2010.0000333    -36.6593
2010.0833333    -37.5993
2010.1666333    -35.6163
2010.2500333    -33.0181
2010.3333333    -31.7273
2010.4166333    -51.6673
2010.5000333    -45.146
2010.5833333    -29.4706
2010.6666333    -33.0259
2010.7500333    -42.043
2010.8333333    -42.0599
2010.9166333    -35.9999
2011.0000333    -32.8631
2011.0833333    -25.4953
2011.1666333    -20.8199
2011.2500333    -19.2215
2011.3333333    -30.1614
2011.4166333    0.2833
2011.5000333    22.7278
2011.5833333    8.0187
2011.6666333    9.6173
2011.7500333    15.2157
2011.8333333    14.9681
2011.9166333    20.4898
2012.0000333    22.3959
2012.0833333    17.2253
2012.1666333    18.2855
2012.2500333    11.0378
2012.3333333    13.9441
2012.4166333    11.6966
2012.5000333    -27.3972
2012.5833333    -62.337
2012.6666333    -92.1999
2012.7500333    -96.2937
2012.8333333    -90.4642
2012.9166333    -81.6347
2013.0000333    -82.8055
2013.0833333    -82.5144
2013.1666333    -76.9157
2013.2500333    -83.6248
2013.3333333    -77.1799
2013.4166333    -62.2735
2013.5000333    -69.9057
2013.5833333    -65.3069
2013.6666333    -59.2466
2013.7500333    -24.0326
2013.8333333    -20.4338
2013.9166333    -18.0657
2014.0000333    -19.9287
2014.0833333    -10.2529
2014.1666333    -8.5002
2014.2500333    -1.0554
2014.3333333    -14.995
2014.4166333    -3.55
2014.5000333    1.3563
2014.5833333    8.0321
2014.6666333    5.5541
2014.7500333    14.1528
2014.8333333    21.7517
2014.9166333    26.6583
2015.0000333    33.1032
2015.0833333    30.0867
2015.1666333    28.4549
2015.2500333    18.2075
2015.3333333    42.4988
2015.4166333    73.5593
2015.5000333    45.5426
2015.5833333    33.1416
2015.6666333    30.8945
2015.7500333    35.2625
2015.8333333    31.8615
2015.9166333    27.8451
2016.0000333    36.1362
2016.0833333    35.4276
2016.1666333    45.7959
2016.2500333    27.7024
2016.3333333    38.2245
2016.4166333    17.2851
2016.5000333    4.7301
2016.5833333    -4.0554
2016.6666333    -22.764
2016.7500333    -11.4728
2016.8333333    -20.9506
2016.9166333    -12.5823
2017.0000333    -10.4449
2017.0833333    -14.2304
2017.1666333    -15.7851
2017.2500333    4.8139
2017.3333333    42.49
2017.4166333    62.0122
2017.5000333    56.3035
2017.5833333    35.9796
2017.6666333    17.1942
2017.7500333    9.4855
2017.8333333    -3.4538
2017.9166333    2.4531
2018.0000333    -6.8709
2018.0833333    -3.1948
2018.1666333    6.0968
2018.2500333    11.3881
2018.3333333    -32.0126
2018.4166333    -48.6441
2018.5000333    -55.8143
2018.5833333    -65.1381
2018.6666333    -30.3849
2018.7500333    -18.7858
2018.8333333    -10.725
2018.9166333    -9.1257
2019.0000333    -3.7573
2019.0833333    3.0728
2019.1666333    10.4414
2019.2500333    11.5021
2019.3333333    -0.514
2019.4166333    32.47
2019.5000333    41.3769
2019.5833333    66.0532
2019.6666333    63.6526
2019.7500333    33.2518
2019.8333333    49.5435
2019.9166333    49.6045
2020.0000333    63.1268
2020.0833333    60.0339
2020.1666333    62.1718
2020.2500333    55.0018
2020.3333333    54.4474
2020.4166333    53.1238
2020.5000333    37.8769
2020.5833333    -3.3697
2020.6666333    -40.9241
2020.7500333    -35.8632
2020.8333333    -22.4176
2020.9166333    -23.895
2021.0000333    -20.988
2021.0833333    -21.0038
2021.1666333    -16.9427
2021.2500333    -5.4972
2021.3333333    7.1793
2021.4166333    -2.6058
2021.5000333    24.1474
2021.5833333    60.8239
2021.6666333    62.6543
2021.7500333    56.3306
2021.8333333    53.6226
2021.9166333    47.6068
2022.0000333    56.2831
2022.0833333    53.2674
2022.1666333    51.7901
2022.2500333    57.7742
2022.3333333    42.7585
2022.4166333    30.1274
2022.5000333    48.6499
2022.5833333    35.0188
2022.6666333    7.157
2022.7500333    17.3719
2022.8333333    9.8947
2022.9166333    7.0328
2023.0000333    21.0939
2023.0833333    27.4629
2023.1666333    37.2934
2023.2500333    43.9699
2023.3333333    58.0312
2023.4166333    81.4002
2023.5000333    85.4164
2023.5833333    71.4667
2023.6666333    68.2609
2023.7500333    64.0468
2023.8333333    93.6968
2023.9166333    133.152
