1887.0000333    -91.0872
1887.0833333    -67.0713
1887.1666333    -53.9287
1887.2500333    -42.3971
1887.3333333    -36.5829
1887.4166333    -20.0568
1887.5000333    -22.9828
1887.5833333    -9.8194
1887.6666333    -21.2714
1887.7500333    -36.5696
1887.8333333    -34.1757
1887.9166333    -35.6282
1888.0000333    -35.5421
1888.0833333    -36.9948
1888.1666333    -52.2937
1888.2500333    -50.6695
1888.3333333    -59.8148
1888.4166333    -50.4987
1888.5000333    -69.6442
1888.5833333    -50.3283
1888.6666333    -55.6279
1888.7500333    -40.1584
1888.8333333    -42.3813
1888.9166333    -46.1428
1889.0000333    -37.5967
1889.0833333    -26.7431
1889.1666333    -23.5819
1889.2500333    -15.8054
1889.3333333    -28.7983
1889.4166333    -31.7913
1889.5000333    -56.3228
1889.5833333    -53.1622
1889.6666333    -78.4632
1889.7500333    -73.7643
1889.8333333    -78.2964
1889.9166333    -52.0594
1890.0000333    -38.1301
1890.0833333    -36.5087
1890.1666333    -47.1951
1890.2500333    -34.0353
1890.3333333    -24.722
1890.4166333    -29.2549
1890.5000333    -35.3263
1890.5833333    -29.8594
1890.6666333    -27.4696
1890.7500333    -33.5414
1890.8333333    -40.3826
1890.9166333    -37.9931
1891.0000333    -46.373
1891.0833333    -46.2914
1891.1666333    -46.21
1891.2500333    -43.821
1891.3333333    -69.8937
1891.4166333    -79.0434
1891.5000333    -64.347
1891.5833333    -45.0354
1891.6666333    -58.8009
1891.7500333    -66.4126
1891.8333333    -53.2552
1891.9166333    -41.6364
1892.0000333    -23.0946
1892.0833333    -16.0915
1892.1666333    -18.3192
1892.2500333    -24.3931
1892.3333333    -40.4672
1892.4166333    -28.8492
1892.5000333    -38.7696
1892.5833333    -48.6902
1892.6666333    -53.9956
1892.7500333    -35.4548
1892.8333333    -37.6835
1892.9166333    -36.0662
1893.0000333    -37.5258
1893.0833333    -42.0625
1893.1666333    -28.9071
1893.2500333    -17.2901
1893.3333333    3.5574
1893.4166333    25.174
1893.5000333    16.0214
1893.5833333    46.0993
1893.6666333    57.7156
1893.7500333    40.101
1893.8333333    31.7171
1893.9166333    37.1791
1894.0000333    38.0258
1894.0833333    43.4876
1894.1666333    48.1801
1894.2500333    24.411
1894.3333333    8.334
1894.4166333    -6.2047
1894.5000333    -10.7433
1894.5833333    -17.5899
1894.6666333    -45.9751
1894.7500333    -52.0526
1894.8333333    -47.3611
1894.9166333    -44.9774
1895.0000333    -34.9014
1895.0833333    -30.9795
1895.1666333    -23.2115
1895.2500333    -20.8282
1895.3333333    -6.9066
1895.4166333    -2.9852
1895.5000333    -12.1407
1895.5833333    -5.9118
1895.6666333    5.7016
1895.7500333    5.7765
1895.8333333    6.6205
1895.9166333    16.695
1896.0000333    34.4619
1896.0833333    32.9978
1896.1666333    26.1489
1896.2500333    12.377
1896.3333333    0.1432
1896.4166333    -18.2444
1896.5000333    -31.2475
1896.5833333    -35.7893
1896.6666333    -50.3312
1896.7500333    -53.3346
1896.8333333    -48.646
1896.9166333    -53.9575
1897.0000333    -46.192
1897.0833333    -55.3499
1897.1666333    -53.7387
1897.2500333    -45.9736
1897.3333333    -52.0549
1897.4166333    -48.1363
1897.5000333    -29.6024
1897.5833333    4.3159
1897.6666333    16.6957
1897.7500333    15.2293
1897.8333333    9.9165
1897.9166333    10.7574
1898.0000333    30.8291
1898.0833333    31.6698
1898.1666333    41.7411
1898.2500333    31.8125
1898.3333333    24.9605
1898.4166333    49.6469
1898.5000333    68.1794
1898.5833333    72.0963
1898.6666333    56.7823
1898.7500333    61.4683
1898.8333333    60.7694
1898.9166333    74.6859
1899.0000333    73.9869
1899.0833333    70.98
1899.1666333    77.973
1899.2500333    82.6582
1899.3333333    112.728
1899.4166333    133.567
1899.5000333    104.405
1899.5833333    73.7055
1899.6666333    54.544
1899.7500333    33.8439
1899.8333333    16.9898
1899.9166333    21.674
1900.0000333    20.2043
1900.0833333    26.4268
1900.1666333    18.8029
1900.2500333    21.1791
1900.3333333    6.6319
1900.4166333    -12.5307
1900.5000333    -34.7703
1900.5833333    -19.3178
1900.6666333    -23.8655
1900.7500333    -24.567
1900.8333333    -31.4225
1900.9166333    -25.2013
1901.0000333    -26.6724
1901.0833333    -31.2206
1901.1666333    -38.8459
1901.2500333    -48.7788
1901.3333333    -58.712
1901.4166333    -37.1069
1901.5000333    -23.1941
1901.5833333    -17.743
1901.6666333    -26.9075
1901.7500333    -28.3796
1901.8333333    -26.7751
1901.9166333    -9.0168
1902.0000333    4.8953
1902.0833333    21.1148
1902.1666333    29.642
1902.2500333    31.246
1902.3333333    35.9268
1902.4166333    18.2997
1902.5000333    -0.8659
1902.5833333    -0.0316
1902.6666333    7.7256
1902.7500333    30.8674
1902.8333333    46.3166
1902.9166333    50.9965
1903.0000333    57.9841
1903.0833333    64.2023
1903.1666333    68.1126
1903.2500333    64.3306
1903.3333333    74.3945
1903.4166333    75.2275
1903.5000333    72.9836
1903.5833333    67.6626
1903.6666333    27.726
1903.7500333    3.1741
1903.8333333    -25.9935
1903.9166333    -27.4688
1904.0000333    -12.0212
1904.0833333    -6.5737
1904.1666333    -23.434
1904.2500333    -40.2944
1904.3333333    -34.0781
1904.4166333    -22.4772
1904.5000333    -9.338
1904.5833333    19.9549
1904.6666333    7.7093
1904.7500333    19.3097
1904.8333333    27.833
1904.9166333    32.5101
1905.0000333    40.264
1905.0833333    38.0177
1905.1666333    38.8483
1905.2500333    50.448
1905.3333333    47.4321
1905.4166333    47.4931
1905.5000333    34.4771
1905.5833333    28.3839
1905.6666333    26.1368
1905.7500333    37.7358
1905.8333333    34.7192
1905.9166333    43.241
1906.0000333    57.9166
1906.0833333    63.3612
1906.1666333    60.3441
1906.2500333    43.4809
1906.3333333    24.3097
1906.4166333    44.3692
1906.5000333    38.2749
1906.5833333    28.3341
1906.6666333    29.1625
1906.7500333    9.9908
1906.8333333    13.8959
1906.9166333    20.1085
1907.0000333    26.3211
1907.0833333    35.6105
1907.1666333    37.9766
1907.2500333    28.8042
1907.3333333    19.6316
1907.4166333    18.1512
1907.5000333    -2.56
1907.5833333    13.6517
1907.6666333    3.7094
1907.7500333    -22.3867
1907.8333333    -24.637
1907.9166333    -31.5027
1908.0000333    -30.6761
1908.0833333    -33.6959
1908.1666333    -41.3312
1908.2500333    -58.9666
1908.3333333    -68.1406
1908.4166333    -48.084
1908.5000333    -44.1812
1908.5833333    -37.971
1908.6666333    -73.2993
1908.7500333    -72.4739
1908.8333333    -62.4178
1908.9166333    -53.9004
1909.0000333    -40.7676
1909.0833333    -22.2503
1909.1666333    -22.964
1909.2500333    -33.6777
1909.3333333    -19.007
1909.4166333    -6.6441
1909.5000333    5.7187
1909.5833333    18.0814
1909.6666333    13.5209
1909.7500333    23.5757
1909.8333333    35.1687
1909.9166333    39.0694
1910.0000333    48.3546
1910.0833333    47.6396
1910.1666333    31.5399
1910.2500333    29.2863
1910.3333333    31.6478
1910.4166333    12.4708
1910.5000333    20.2169
1910.5833333    11.3473
1910.6666333    12.6315
1910.7500333    11.8387
1910.8333333    17.9688
1910.9166333    13.1757
1911.0000333    25.6902
1911.0833333    18.1277
1911.1666333    26.488
1911.2500333    31.6176
1911.3333333    39.9778
1911.4166333    34.0301
1911.5000333    33.6978
1911.5833333    20.6729
1911.6666333    6.2634
1911.7500333    4.3922
1911.8333333    9.5209
1911.9166333    17.2648
1912.0000333    19.4702
1912.0833333    19.0601
1912.1666333    33.9575
1912.2500333    20.3933
1912.3333333    21.8289
1912.4166333    30.8798
1912.5000333    47.1614
1912.5833333    53.8275
1912.6666333    71.4934
1912.7500333    81.467
1912.8333333    67.0557
1912.9166333    70.7213
1913.0000333    75.0791
1913.0833333    91.7444
1913.1666333    82.025
1913.2500333    56.3056
1913.3333333    69.0475
1913.4166333    105.097
1913.5000333    103.146
1913.5833333    107.811
1913.6666333    114.014
1913.7500333    95.3706
1913.8333333    97.7272
1913.9166333    105.391
1914.0000333    102.363
1914.0833333    95.5655
1914.1666333    87.2292
1914.2500333    99.5853
1914.3333333    93.7873
1914.4166333    87.8353
1914.5000333    45.2679
1914.5833333    20.008
1914.6666333    -1.4059
1914.7500333    -6.7429
1914.8333333    -6.0032
1914.9166333    -10.7251
1915.0000333    -5.6778
1915.0833333    3.7539
1915.1666333    11.1085
1915.2500333    -0.9984
1915.3333333    -17.1825
1915.4166333    5.8641
1915.5000333    11.0645
1915.5833333    24.6493
1915.6666333    17.0802
1915.7500333    17.5109
1915.8333333    12.8646
1915.9166333    16.7567
1916.0000333    20.4948
1916.0833333    29.002
1916.1666333    25.2013
1916.2500333    21.3237
1916.3333333    26.369
1916.4166333    32.3372
1916.5000333    21.2285
1916.5833333    -5.0343
1916.6666333    -30.9895
1916.7500333    -20.4063
1916.8333333    -22.131
1916.9166333    -26.0096
1917.0000333    -26.7344
1917.0833333    -37.0749
1917.1666333    -43.3385
1917.2500333    -38.1406
1917.3333333    -36.3275
1917.4166333    -6.053
1917.5000333    -5.3171
1917.5833333    -2.812
1917.6666333    -1.7687
1917.7500333    -4.4946
1917.8333333    -24.9899
1917.9166333    -14.9469
1918.0000333    2.1729
1918.0833333    10.1388
1918.1666333    26.3353
1918.2500333    31.0702
1918.3333333    14.6511
1918.4166333    1.078
1918.5000333    -31.726
1918.5833333    -44.2224
1918.6666333    -61.1804
1918.7500333    -56.0617
1918.8333333    -54.5584
1918.9166333    -27.7476
1919.0000333    -23.1677
1919.0833333    -14.2802
1919.1666333    -14.8543
1919.2500333    -12.967
1919.3333333    -38.7722
1919.4166333    -33.116
1919.5000333    -27.229
1919.5833333    -20.2653
1919.6666333    -3.5325
1919.7500333    5.7387
1919.8333333    14.0866
1919.9166333    28.3575
1920.0000333    26.7822
1920.0833333    29.976
1920.1666333    16.4773
1920.2500333    -5.9446
1920.3333333    -36.3666
1920.4166333    -41.2502
1920.5000333    -35.5955
1920.5833333    -32.7101
1920.6666333    -36.8249
1920.7500333    -37.2475
1920.8333333    -39.5163
1920.9166333    -38.9392
1921.0000333    -27.8236
1921.0833333    -20.5544
1921.1666333    -22.2853
1921.2500333    -14.7855
1921.3333333    10.7142
1921.4166333    26.7522
1921.5000333    66.2516
1921.5833333    43.2894
1921.6666333    42.7116
1921.7500333    36.0569
1921.8333333    27.8635
1921.9166333    44.3623
1922.0000333    51.3995
1922.0833333    50.1288
1922.1666333    46.7042
1922.2500333    35.741
1922.3333333    28.7777
1922.4166333    33.8143
1922.5000333    40.0046
1922.5833333    28.0409
1922.6666333    19.6155
1922.7500333    -9.656
1922.8333333    -7.2355
1922.9166333    6.9542
1923.0000333    7.99
1923.0833333    16.1025
1923.1666333    16.9072
1923.2500333    29.2503
1923.3333333    54.2086
1923.4166333    60.1668
1923.5000333    39.8941
1923.5833333    37.5444
1923.6666333    23.1945
1923.7500333    45.46
1923.8333333    61.4176
1923.9166333    66.452
1924.0000333    68.0248
1924.0833333    62.6743
1924.1666333    46.2468
1924.2500333    36.5116
1924.3333333    21.7761
1924.4166333    -7.344
1924.5000333    -0.8489
1924.5833333    17.4922
1924.6666333    8.2179
1924.7500333    5.328
1924.8333333    -5.3312
1924.9166333    5.7018
1925.0000333    6.9654
1925.0833333    1.9982
1925.1666333    14.7231
1925.2500333    28.5248
1925.3333333    34.3264
1925.4166333    37.5125
1925.5000333    45.1601
1925.5833333    16.9613
1925.6666333    5.9932
1925.7500333    7.1019
1925.8333333    8.4413
1925.9166333    19.0882
1926.0000333    14.5812
1926.0833333    22.5355
1926.1666333    30.0282
1926.2500333    21.9824
1926.3333333    7.9364
1926.4166333    4.2749
1926.5000333    4.1518
1926.5833333    -0.0484
1926.6666333    3.5975
1926.7500333    -0.1414
1926.8333333    13.658
1926.9166333    30.4574
1927.0000333    37.6412
1927.0833333    42.2865
1927.1666333    39.2393
1927.2500333    33.8074
1927.3333333    38.683
1927.4166333    28.174
1927.5000333    15.0494
1927.5833333    7.6939
1927.6666333    -16.9694
1927.7500333    -24.402
1927.8333333    -34.604
1927.9166333    -38.8061
1928.0000333    -32.5467
1928.0833333    -23.1337
1928.1666333    -18.2592
1928.2500333    -17.6156
1928.3333333    -21.7414
1928.4166333    -25.6366
1928.5000333    -21.5318
1928.5833333    -35.3502
1928.6666333    -50.8611
1928.7500333    -30.3721
1928.8333333    -19.037
1928.9166333    -4.1637
1929.0000333    0.7096
1929.0833333    -10.9557
1929.1666333    -17.3904
1929.2500333    -11.5174
1929.3333333    -9.6446
1929.4166333    -10.772
1929.5000333    -14.7456
1929.5833333    -17.5654
1929.6666333    -5.3855
1929.7500333    -0.2825
1929.8333333    -7.8719
1929.9166333    -13.6923
1930.0000333    -11.1281
1930.0833333    -8.8718
1930.1666333    -14.7695
1930.2500333    -20.4364
1930.3333333    -8.7189
1930.4166333    -14.0785
1930.5000333    -13.9766
1930.5833333    -31.644
1930.6666333    -28.0039
1930.7500333    -25.0562
1930.8333333    -21.3395
1930.9166333    -10.2382
1931.0000333    9.7092
1931.0833333    10.3487
1931.1666333    9.1419
1931.2500333    22.2427
1931.3333333    23.2665
1931.4166333    -1.4791
1931.5000333    9.4675
1931.5833333    18.4909
1931.6666333    23.5911
1931.7500333    25.0758
1931.8333333    27.4066
1931.9166333    34.9679
1932.0000333    41.9138
1932.0833333    40.0134
1932.1666333    41.3437
1932.2500333    47.8277
1932.3333333    37.5423
1932.4166333    36.5645
1932.5000333    28.0482
1932.5833333    17.9163
1932.6666333    -10.908
1932.7500333    2.1907
1932.8333333    0.2892
1932.9166333    -1.3816
1933.0000333    3.3321
1933.0833333    13.8918
1933.1666333    10.6821
1933.2500333    -2.6045
1933.3333333    -21.8144
1933.4166333    -32.7167
1933.5000333    -43.0807
1933.5833333    -25.5986
1933.6666333    -26.1166
1933.7500333    -34.3271
1933.8333333    -44.9223
1933.9166333    -35.133
1934.0000333    -21.9592
1934.0833333    -15.5548
1934.1666333    -30.5351
1934.2500333    -22.7463
1934.3333333    -4.0345
1934.4166333    -1.5537
1934.5000333    -1.6113
1934.5833333    15.0231
1934.6666333    1.8883
1934.7500333    2.1379
1934.8333333    15.0797
1934.9166333    16.406
1935.0000333    22.963
1935.0833333    31.6737
1935.1666333    26.692
1935.2500333    43.787
1935.3333333    36.4974
1935.4166333    29.4383
1935.5000333    34.8407
1935.5833333    48.0892
1935.6666333    23.4913
1935.7500333    21.5857
1935.8333333    7.9876
1935.9166333    13.0048
1936.0000333    15.3296
1936.0833333    8.6542
1936.1666333    -1.1751
1936.2500333    1.3801
1936.3333333    -6.5264
1936.4166333    -4.8946
1936.5000333    -7.4167
1936.5833333    -32.0928
1936.6666333    -45.2305
1936.7500333    -42.2145
1936.8333333    -49.9679
1936.9166333    -44.6444
1937.0000333    -31.6288
1937.0833333    -23.9979
1937.1666333    -23.2902
1937.2500333    -28.7365
1937.3333333    -34.9521
1937.4166333    -45.7832
1937.5000333    -56.4606
1937.5833333    -48.8304
1937.6666333    -18.6619
1937.7500333    15.5065
1937.8333333    27.9056
1937.9166333    41.766
1938.0000333    55.7033
1938.0833333    45.7943
1938.1666333    42.6544
1938.2500333    44.899
1938.3333333    57.2973
1938.4166333    52.3879
1938.5000333    46.4014
1938.5833333    56.1839
1938.6666333    44.0433
1938.7500333    24.6718
1938.8333333    -9.2382
1938.9166333    -10.4561
1939.0000333    -9.1357
1939.0833333    -18.6615
1939.1666333    -25.7259
1939.2500333    -40.4058
1939.3333333    -65.3166
1939.4166333    -76.1506
1939.5000333    -69.8308
1939.5833333    -80.5882
1939.6666333    -91.5764
1939.7500333    -103.334
1939.8333333    -110.245
1939.9166333    -107.388
1940.0000333    -108.223
1940.0833333    -99.1345
1940.1666333    -80.585
1940.2500333    -69.6509
1940.3333333    -60.8708
1940.4166333    -34.8601
1940.5000333    -45.388
1940.5833333    -65.5313
1940.6666333    -55.444
1940.7500333    -64.8953
1940.8333333    -64.5006
1940.9166333    -58.5675
1941.0000333    -48.6345
1941.0833333    -43.8555
1941.1666333    -44.2305
1941.2500333    -60.0671
1941.3333333    -72.2885
1941.4166333    -62.7407
1941.5000333    -71.4238
1941.5833333    -78.5686
1941.6666333    -82.4828
1941.7500333    -87.6278
1941.8333333    -83.4653
1941.9166333    -70.2259
1942.0000333    -54.0636
1942.0833333    -56.6707
1942.1666333    -58.0471
1942.2500333    -56.1928
1942.3333333    -47.4926
1942.4166333    -20.1001
1942.5000333    -27.0923
1942.5833333    -17.6232
1942.6666333    8.1535
1942.7500333    40.2378
1942.8333333    59.322
1942.9166333    72.0215
1943.0000333    81.49
1943.0833333    86.8046
1943.1666333    92.3499
1943.2500333    96.7411
1943.3333333    79.9784
1943.4166333    70.2926
1943.5000333    73.6066
1943.5833333    94.382
1943.6666333    91.0034
1943.7500333    75.6247
1943.8333333    72.0921
1943.9166333    68.7132
1944.0000333    67.7957
1944.0833333    52.5704
1944.1666333    41.0373
1944.2500333    36.8887
1944.3333333    30.5861
1944.4166333    29.8987
1944.5000333    31.9036
1944.5833333    6.7545
1944.6666333    -4.3947
1944.7500333    -0.4671
1944.8333333    8.3834
1944.9166333    7.6185
1945.0000333    16.0072
1945.0833333    24.6266
1945.1666333    33.3228
1945.2500333    42.6343
1945.3333333    42.3303
1945.4166333    52.4108
1945.5000333    58.4142
1945.5833333    71.3406
1945.6666333    72.9592
1945.7500333    71.8853
1945.8333333    58.4267
1945.9166333    58.3526
1946.0000333    55.8169
1946.0833333    55.6656
1946.1666333    53.6681
1946.2500333    54.8243
1946.3333333    33.8265
1946.4166333    19.9825
1946.5000333    -11.6309
1946.5833333    -54.8598
1946.6666333    -87.3196
1946.7500333    -87.7025
1946.8333333    -106.47
1946.9166333    -108.776
1947.0000333    -111.852
1947.0833333    -114.928
1947.1666333    -130.927
1947.2500333    -131.464
1947.3333333    -131.079
1947.4166333    -110.078
1947.5000333    -88.5393
1947.5833333    -68.8466
1947.6666333    -33.8463
1947.7500333    -21.9999
1947.8333333    -24.3845
1947.9166333    -13.3845
1948.0000333    -1.3077
1948.0833333    5.9228
1948.1666333    15.6147
1948.2500333    40.768
1948.3333333    44.9212
1948.4166333    44.9974
1948.5000333    43.535
1948.5833333    49.2263
1948.6666333    57.5328
1948.7500333    63.9162
1948.8333333    69.0687
1948.9166333    83.9903
1949.0000333    89.758
1949.0833333    98.0639
1949.1666333    87.6006
1949.2500333    74.4448
1949.3333333    58.4427
1949.4166333    59.0559
1949.5000333    61.2843
1949.5833333    45.8204
1949.6666333    33.9717
1949.7500333    29.0459
1949.8333333    20.197
1949.9166333    21.3479
1950.0000333    19.4218
1950.0833333    14.4956
1950.1666333    7.5692
1950.2500333    33.9505
1950.3333333    40.3316
1950.4166333    44.7126
1950.5000333    -5.0604
1950.5833333    -33.5258
1950.6666333    -42.1452
1950.7500333    -48.7647
1950.8333333    -58.3843
1950.9166333    -60.6963
1951.0000333    -58.1623
1951.0833333    -67.3977
1951.1666333    -69.2485
1951.2500333    -90.4841
1951.3333333    -126.489
1951.4166333    -110.34
1951.5000333    -98.1147
1951.5833333    -52.5046
1951.6666333    -37.7408
1951.7500333    -34.5925
1951.8333333    -38.6751
1951.9166333    -21.4501
1952.0000333    -4.9945
1952.0833333    -7.0005
1952.1666333    8.9164
1952.2500333    24.2179
1952.3333333    45.5192
1952.4166333    61.9742
1952.5000333    37.4291
1952.5833333    26.6532
1952.6666333    15.1848
1952.7500333    22.4855
1952.8333333    28.7092
1952.9166333    33.8558
1953.0000333    24.31
1953.0833333    30.4564
1953.1666333    44.9873
1953.2500333    38.8257
1953.3333333    19.5102
1953.4166333    15.1946
1953.5000333    20.0327
1953.5833333    -0.0524
1953.6666333    -36.6761
1953.7500333    -44.3768
1953.8333333    -59.1545
1953.9166333    -66.2401
1954.0000333    -55.3258
1954.0833333    -47.4886
1954.1666333    -52.5745
1954.2500333    -53.8144
1954.3333333    -47.5929
1954.4166333    -35.833
1954.5000333    -33.0733
1954.5833333    -34.2367
1954.6666333    -20.4772
1954.7500333    4.0514
1954.8333333    19.1183
1954.9166333    31.6467
1955.0000333    45.7134
1955.0833333    35.6262
1955.1666333    29.5388
1955.2500333    34.1436
1955.3333333    31.2868
1955.4166333    38.9683
1955.5000333    54.2651
1955.5833333    43.4079
1955.6666333    25.8583
1955.7500333    28.77
1955.8333333    28.2202
1955.9166333    21.2087
1956.0000333    26.4278
1956.0833333    34.8006
1956.1666333    37.3272
1956.2500333    49.3152
1956.3333333    36.9954
1956.4166333    35.5216
1956.5000333    12.0477
1956.5833333    -0.8109
1956.6666333    -5.8235
1956.7500333    -4.7593
1956.8333333    -2.926
1956.9166333    -4.0159
1957.0000333    0.3557
1957.0833333    2.3425
1957.1666333    6.7138
1957.2500333    22.1619
1957.3333333    20.9175
1957.4166333    26.9808
1957.5000333    27.3516
1957.5833333    42.4146
1957.6666333    34.4006
1957.7500333    27.848
1957.8333333    39.6798
1957.9166333    42.7424
1958.0000333    50.4202
1958.0833333    54.5594
1958.1666333    43.8523
1958.2500333    34.6067
1958.3333333    18.4378
1958.4166333    11.192
1958.5000333    19.4844
1958.5833333    5.8537
1958.6666333    -10.6233
1958.7500333    -15.4851
1958.8333333    -12.9623
1958.9166333    -14.3628
1959.0000333    -7.8403
1959.0833333    -21.3179
1959.1666333    -20.9494
1959.2500333    -18.5811
1959.3333333    -31.0591
1959.4166333    -53.3064
1959.5000333    -59.8615
1959.5833333    -88.9552
1959.6666333    -110.588
1959.7500333    -128.22
1959.8333333    -132.929
1959.9166333    -121.408
1960.0000333    -115.426
1960.0833333    -110.981
1960.1666333    -91.0761
1960.2500333    -103.555
1960.3333333    -109.881
1960.4166333    -92.2835
1960.5000333    -79.4555
1960.5833333    -78.5506
1960.6666333    -50.4151
1960.7500333    -15.8182
1960.8333333    7.2402
1960.9166333    23.1445
1961.0000333    42.818
1961.0833333    55.2606
1961.1666333    59.2416
1961.2500333    42.7608
1961.3333333    54.4338
1961.4166333    72.7991
1961.5000333    77.318
1961.5833333    105.683
1961.6666333    99.6632
1961.7500333    79.2586
1961.8333333    62.9309
1961.9166333    61.68
1962.0000333    65.0444
1962.0833333    54.5625
1962.1666333    57.0804
1962.2500333    47.829
1962.3333333    52.3468
1962.4166333    54.5567
1962.5000333    38.4588
1962.5833333    9.8223
1962.6666333    -30.1989
1962.7500333    -36.6048
1962.8333333    -39.7801
1962.9166333    -35.0325
1963.0000333    -35.3619
1963.0833663    0.0
1963.1666333    -51.944
1963.2500333    -43.4277
1963.3333333    -55.8344
1963.4166333    -56.549
1963.5000333    -51.6484
1963.5833333    -47.8247
1963.6666333    -62.7704
1963.7500333    -70.5625
1963.8333333    -54.1238
1963.9166333    -46.1468
1964.0000333    -30.093
1964.0833333    -24.9624
1964.1666333    -16.6781
1964.2500333    -7.6247
1964.3333333    -17.4944
1964.4166333    -14.0566
1964.5000333    -12.4651
1964.5833333    -10.7198
1964.6666333    -31.8208
1964.7500333    -19.0758
1964.8333333    -8.6386
1964.9166333    -11.8938
1965.0000333    4.6201
1965.0833333    5.6724
1965.1666333    4.5707
1965.2500333    -5.685
1965.3333333    -0.1716
1965.4166333    -1.8121
1965.5000333    -19.8374
1965.5833333    -35.1705
1965.6666333    -33.8883
1965.7500333    -26.6832
1965.8333333    -25.8628
1965.9166333    -15.581
1966.0000333    0.393
1966.0833333    -5.6331
1966.1666333    -1.967
1966.2500333    -1.7627
1966.3333333    -8.4814
1966.4166333    -16.5849
1966.5000333    -12.7655
1966.5833333    -11.5616
1966.6666333    18.0269
1966.7500333    22.8459
1966.8333333    26.7418
1966.9166333    34.1761
1967.0000333    39.0717
1967.0833333    38.5826
1967.1666333    37.9395
1967.2500333    41.1425
1967.3333333    50.4223
1967.4166333    80.0866
1967.5000333    88.443
1967.5833333    88.4148
1967.6666333    97.1556
1967.7500333    82.7425
1967.8333333    69.0215
1967.9166333    55.6851
1968.0000333    59.1947
1968.0833333    50.6272
1968.1666333    36.5212
1968.2500333    34.3381
1968.3333333    21.6165
1968.4166333    1.664
1968.5000333    -34.2887
1968.5833333    -50.2415
1968.6666333    -83.4252
1968.7500333    -95.9936
1968.8333333    -107.331
1968.9166333    -108.823
1969.0000333    -92.238
1969.0833333    -102.422
1969.1666333    -93.8374
1969.2500333    -77.945
1969.3333333    -52.1296
1969.4166333    -49.9297
1969.5000333    -59.73
1969.5833333    -54.8381
1969.6666333    -60.1001
1969.7500333    -32.2084
1969.8333333    -26.4707
1969.9166333    -19.733
1970.0000333    -9.611
1970.0833333    -10.7967
1970.1666333    3.8637
1970.2500333    4.6777
1970.3333333    14.7994
1970.4166333    -3.233
1970.5000333    -7.727
1970.5833333    14.8558
1970.6666333    22.5924
1970.7500333    25.098
1970.8333333    12.9112
1970.9166333    10.109
1971.0000333    19.5373
1971.0833333    12.3502
1971.1666333    12.4706
1971.2500333    12.5909
1971.3333333    26.9419
1971.4166333    25.8312
1971.5000333    4.5665
1971.5833333    -19.006
1971.6666333    -52.2708
1971.7500333    -50.459
1971.8333333    -53.1856
1971.9166333    -44.2201
1972.0000333    -38.7163
1972.0833333    -46.1356
1972.1666333    -41.8628
1972.2500333    -44.1285
1972.3333333    -32.0098
1972.4166333    -38.8142
1972.5000333    -65.1572
1972.5833333    -45.5004
1972.6666333    -16.5359
1972.7500333    19.3514
1972.8333333    15.4695
1972.9166333    23.3567
1973.0000333    27.0129
1973.0833333    28.8229
1973.1666333    34.0943
1973.2500333    30.7502
1973.3333333    45.4829
1973.4166333    49.2924
1973.5000333    40.1018
1973.5833333    50.3726
1973.6666333    19.4895
1973.7500333    -2.7015
1973.8333333    -29.2003
1973.9166333    -20.9299
1974.0000333    0.0326
1974.0833333    7.8411
1974.1666333    3.9573
1974.2500333    10.1502
1974.3333333    17.5738
1974.4166333    25.4588
1974.5000333    31.8052
1974.5833333    33.4592
1974.6666333    24.4977
1974.7500333    38.9975
1974.8333333    49.3435
1974.9166333    65.5355
1975.0000333    60.4965
1975.0833333    45.1498
1975.1666333    33.1876
1975.2500333    40.6867
1975.3333333    20.9551
1975.4166333    22.3002
1975.5000333    29.799
1975.5833333    -10.7792
1975.6666333    -27.8191
1975.7500333    -23.5514
1975.8333333    -23.7454
1975.9166333    -18.4779
1976.0000333    -17.749
1976.0833333    -13.5587
1976.1666333    -18.2147
1976.2500333    -39.4093
1976.3333333    -57.9116
1976.4166333    -38.7218
1976.5000333    -53.2244
1976.5833333    -94.1887
1976.6666333    -89.1531
1976.7500333    -78.1176
1976.8333333    -80.0053
1976.9166333    -77.8162
1977.0000333    -65.3965
1977.0833333    -66.9768
1977.1666333    -65.5573
1977.2500333    -60.5225
1977.3333333    -19.6417
1977.4166333    -8.6072
1977.5000333    -15.2651
1977.5833333    -26.3846
1977.6666333    -24.8889
1977.7500333    -32.2395
1977.8333333    -54.2824
1977.9166333    -58.6332
1978.0000333    -49.9072
1978.0833333    -58.1044
1978.1666333    -30.6863
1978.2500333    -24.2684
1978.3333333    -7.6967
1978.4166333    -23.3559
1978.5000333    -33.7845
1978.5833333    -46.0593
1978.6666333    -37.4881
1978.7500333    -46.6093
1978.8333333    -42.4999
1978.9166333    -29.3906
1979.0000333    -7.7429
1979.0833333    -5.0954
1979.1666333    3.552
1979.2500333    -19.6469
1979.3333333    -37.9228
1979.4166333    -45.1988
1979.5000333    -54.398
1979.5833333    -59.905
1979.6666333    -76.4891
1979.7500333    -78.0733
1979.8333333    -73.1192
1979.9166333    -68.7805
1980.0000333    -55.2882
1980.0833333    -67.719
1980.1666333    -69.073
1980.2500333    -66.1195
1980.3333333    -58.8584
1980.4166333    -33.1358
1980.5000333    -24.3365
1980.5833333    1.6935
1980.6666333    9.9542
1980.7500333    21.7531
1980.8333333    22.3212
1980.9166333    35.0431
1981.0000333    43.6878
1981.0833333    51.1017
1981.1666333    51.5924
1981.2500333    54.8522
1981.3333333    66.4965
1981.4166333    85.9099
1981.5000333    66.3232
1981.5833333    39.5825
1981.6666333    14.5341
1981.7500333    26.7931
1981.8333333    40.4367
1981.9166333    46.1571
1982.0000333    43.9543
1982.0833333    38.6744
1982.1666333    38.0868
1982.2500333    28.422
1982.3333333    22.4495
1982.4166333    10.7077
1982.5000333    14.2734
1982.5833333    37.4543
1982.6666333    43.866
1982.7500333    47.6621
1982.8333333    35.4581
1982.9166333    29.4847
1983.0000333    35.742
1983.0833333    39.2299
1983.1666333    45.1024
1983.2500333    53.5131
1983.3333333    90.4623
1983.4166333    96.9498
1983.5000333    109.822
1983.5833333    69.7705
1983.6666333    25.9499
1983.7500333    12.9753
1983.8333333    4.616
1983.9166333    9.7951
1984.0000333    23.5894
1984.0833333    21.6144
1984.1666333    27.6392
1984.2500333    33.4331
1984.3333333    11.227
1984.4166333    -20.4408
1984.5000333    -37.6472
1984.5833333    -65.8537
1984.6666333    -75.2911
1984.7500333    -60.1902
1984.8333333    -53.6279
1984.9166333    -44.9887
1985.0000333    -36.7343
1985.0833333    -42.1723
1985.1666333    -27.4565
1985.2500333    -27.1256
1985.3333333    -28.8716
1985.4166333    -18.9255
1985.5000333    -2.9795
1985.5833333    -9.0336
1985.6666333    -29.3186
1985.7500333    -23.2191
1985.8333333    -29.0428
1985.9166333    -27.1743
1986.0000333    -21.1521
1986.0833333    -24.8223
1986.1666333    -17.3388
1986.2500333    -21.4708
1986.3333333    -15.9106
1986.4166333    -3.3505
1986.5000333    -11.2521
1986.5833333    -23.4615
1986.6666333    -27.5171
1986.7500333    -18.9576
1986.8333333    -9.475
1986.9166333    -1.0695
1987.0000333    6.6436
1987.0833333    13.7412
1987.1666333    26.0695
1987.2500333    14.7052
1987.3333333    6.1102
1987.4166333    -1.7158
1987.5000333    -9.5419
1987.5833333    -6.5989
1987.6666333    -3.4252
1987.7500333    10.9021
1987.8333333    13.1525
1987.9166333    13.6336
1988.0000333    11.9605
1988.0833333    19.6721
1988.1666333    16.3066
1988.2500333    11.4794
1988.3333333    20.4983
1988.4166333    38.2863
1988.5000333    55.5356
1988.5833333    68.0926
1988.6666333    79.188
1988.7500333    74.5139
1988.8333333    78.3782
1988.9166333    88.627
1989.0000333    92.4141
1989.0833333    111.278
1989.1666333    103.142
1989.2500333    105.467
1989.3333333    106.715
1989.4166333    109.656
1989.5000333    101.75
1989.5833333    97.5362
1989.6666333    104.63
1989.7500333    100.031
1989.8333333    95.4328
1989.9166333    94.6033
1990.0000333    105.927
1990.0833333    109.405
1990.1666333    105.96
1990.2500333    114.591
1990.3333333    110.761
1990.4166333    100.162
1990.5000333    95.6391
1990.5833333    74.5009
1990.6666333    36.0549
1990.7500333    -6.8528
1990.8333333    -21.1452
1990.9166333    -12.8993
1991.0000333    -7.115
1991.0833333    -11.0232
1991.1666333    -10.316
1991.2500333    -13.2245
1991.3333333    -25.7484
1991.4166333    -26.8108
1991.5000333    -4.4889
1991.5833333    -2.7823
1991.6666333    12.2318
1991.7500333    28.5534
1991.8333333    34.3365
1991.9166333    27.7348
1992.0000333    21.0561
1992.0833333    24.1465
1992.1666333    27.0061
1992.2500333    15.327
1992.3333333    14.5709
1992.4166333    22.7377
1992.5000333    24.289
1992.5833333    21.148
1992.6666333    9.9299
1992.7500333    -6.2115
1992.8333333    -19.3529
1992.9166333    -14.7252
1993.0000333    10.6715
1993.0833333    24.299
1993.1666333    19.234
1993.2500333    -4.0619
1993.3333333    -16.4348
1993.4166333    -26.4232
1993.5000333    -27.9503
1993.5833333    -35.2466
1993.6666333    -57.0815
1993.7500333    -56.8397
1993.8333333    -58.1364
1993.9166333    -34.5871
1994.0000333    -37.4995
1994.0833333    -53.335
1994.1666333    -62.4014
1994.2500333    -60.0834
1994.3333333    -44.3039
1994.4166333    -13.8322
1994.5000333    3.8701
1994.5833333    16.6492
1994.6666333    27.5052
1994.7500333    48.7456
1994.8333333    49.0628
1994.9166333    59.303
1995.0000333    52.7738
1995.0833333    52.6292
1995.1666333    50.7921
1995.2500333    54.7241
1995.3333333    62.8098
1995.4166333    51.1262
1995.5000333    19.8271
1995.5833333    -18.7029
1995.6666333    -61.7715
1995.7500333    -89.1479
1995.8333333    -111.755
1995.9166333    -112.516
1996.0000333    -103.278
1996.0833333    -110.962
1996.1666333    -120.801
1996.2500333    -123.178
1996.3333333    -117.478
1996.4166333    -131.317
1996.5000333    -131.156
1996.5833333    -109.995
1996.6666333    -81.2961
1996.7500333    -47.0586
1996.8333333    -33.2058
1996.9166333    -34.353
1997.0000333    -40.9621
1997.0833333    -58.1865
1997.1666333    -43.7187
1997.2500333    -11.7127
1997.3333333    -4.3221
1997.4166333    -24.8547
1997.5000333    -19.7722
1997.5833333    -0.8435
1997.6666333    10.7005
1997.7500333    -5.4481
1997.8333333    -22.1351
1997.9166333    -21.4377
1998.0000333    -3.202
1998.0833333    18.726
1998.1666333    34.2692
1998.2500333    19.2738
1998.3333333    14.2784
1998.4166333    15.052
1998.5000333    34.287
1998.5833333    43.2912
1998.6666333    33.7568
1998.7500333    16.8375
1998.8333333    19.9183
1998.9166333    20.3835
1999.0000333    17.5409
1999.0833333    4.852
1999.1666333    -16.8369
1999.2500333    -18.5261
1999.3333333    -12.7538
1999.4166333    -11.3662
1999.5000333    -2.3634
1999.5833333    5.7163
1999.6666333    6.4112
1999.7500333    -2.6633
1999.8333333    -18.1224
1999.9166333    -10.1202
2000.0000333    5.9588
2000.0833333    12.2685
2000.1666333    4.5012
2000.2500333    -4.6509
2000.3333333    -17.1877
2000.4166333    -14.9554
2000.5000333    -37.6464
2000.5833333    -54.3374
2000.6666333    -81.6439
2000.7500333    -109.258
2000.8333333    -109.95
2000.9166333    -89.9488
2001.0000333    -94.3328
2001.0833333    -103.486
2001.1666333    -95.101
2001.2500333    -91.8699
2001.3333333    -53.1005
2001.4166333    -42.5619
2001.5000333    -37.1004
2001.5833333    -7.1775
2001.6666333    21.8992
2001.7500333    21.9757
2001.8333333    24.9752
2001.9166333    26.7438
2002.0000333    28.0507
2002.0833333    25.5114
2002.1666333    17.972
2002.2500333    -0.1061
2002.3333333    0.7388
2002.4166333    -44.4163
2002.5000333    -48.4179
2002.5833333    -62.7271
2002.6666333    -106.498
2002.7500333    -133.885
2002.8333333    -131.733
2002.9166333    -119.119
2003.0000333    -104.891
2003.0833333    -104.124
2003.1666333    -93.1262
2003.2500333    -75.7442
2003.3333333    -71.593
2003.4166333    -61.0573
2003.5000333    -34.5218
2003.5833333    -27.2171
2003.6666333    -24.2202
2003.7500333    -14.5312
2003.8333333    -14.5346
2003.9166333    -2.9996
2004.0000333    7.0737
2004.0833333    0.6853
2004.1666333    2.7584
2004.2500333    8.4467
2004.3333333    5.7503
2004.4166333    22.9
2004.5000333    45.2033
2004.5833333    49.9681
2004.6666333    32.0404
2004.7500333    19.5741
2004.8333333    19.4155
2004.9166333    26.8721
2005.0000333    27.5593
2005.0833333    26.7849
2005.1666333    29.0104
2005.2500333    16.928
2005.3333333    10.461
2005.4166333    7.3784
2005.5000333    -21.1659
2005.5833333    -58.4025
2005.6666333    -84.4085
2005.7500333    -77.0301
2005.8333333    -70.8824
2005.9166333    -61.9657
2006.0000333    -69.8184
2006.0833333    -72.7481
2006.1666333    -78.0625
2006.2500333    -74.8386
2006.3333333    -46.3071
2006.4166333    -30.3142
2006.5000333    -0.3214
2006.5833333    30.2097
2006.6666333    41.2792
2006.7500333    59.4254
2006.8333333    65.4947
2006.9166333    74.2562
2007.0000333    87.1712
2007.0833333    102.317
2007.1666333    119.078
2007.2500333    117.301
2007.3333333    125.984
2007.4166333    112.207
2007.5000333    96.8904
2007.5833333    75.574
2007.6666333    85.1036
2007.7500333    79.2483
2007.8333333    68.1623
2007.9166333    57.0762
2008.0000333    64.6052
2008.0833333    57.2111
2008.1666333    41.9708
2008.2500333    32.1149
2008.3333333    43.8743
2008.4166333    40.9413
2008.5000333    31.1619
2008.5833333    19.0748
2008.6666333    1.6799
2008.7500333    -36.7922
2008.8333333    -42.8027
2008.9166333    -27.4287
2009.0000333    -15.6704
2009.0833333    -19.9889
2009.1666333    -21.3076
2009.2500333    1.1427
2009.3333333    -17.7147
2009.4166333    -30.9569
2009.5000333    -58.6607
2009.5833333    -73.98
2009.6666333    -68.8379
2009.7500333    -70.696
2009.8333333    -55.0926
2009.9166333    -43.5662
2010.0000333    -48.5016
2010.0833333    -46.1293
2010.1666333    -42.0648
2010.2500333    -52.7698
2010.3333333    -51.3209
2010.4166333    -40.9491
2010.5000333    -45.4237
2010.5833333    -26.8213
2010.6666333    -25.6037
2010.7500333    -19.3863
2010.8333333    -22.6305
2010.9166333    -20.7979
2011.0000333    -17.3501
2011.0833333    -13.9792
2011.1666333    -10.9931
2011.2500333    -4.7764
2011.3333333    -4.6367
2011.4166333    0.1952
2011.5000333    31.1038
2011.5833333    22.7817
2011.6666333    23.6902
2011.7500333    42.8292
2011.8333333    34.2759
2011.9166333    44.4148
2012.0000333    42.9381
2012.0833333    39.6921
2012.1666333    50.0614
2012.2500333    57.0459
2012.3333333    55.2611
2012.4166333    58.7839
2012.5000333    34.0757
2012.5833333    1.2136
2012.6666333    -9.3409
2012.7500333    -29.2802
2012.8333333    -39.6811
2012.9166333    -39.9282
2013.0000333    -38.6372
2013.0833333    -40.423
2013.1666333    -39.6705
2013.2500333    -63.3029
2013.3333333    -63.4737
2013.4166333    -55.2601
2013.5000333    -46.0466
2013.5833333    -63.6794
2013.6666333    -64.8507
2013.7500333    -48.7914
2013.8333333    -37.3476
2013.9166333    -36.1347
2014.0000333    -31.9989
2014.0833333    -33.94
2014.1666333    -38.2659
2014.2500333    -46.6689
2014.3333333    -41.7642
2014.4166333    -60.1674
2014.5000333    -56.5708
2014.5833333    -55.7434
2014.6666333    -40.2238
2014.7500333    -34.0122
2014.8333333    -25.9544
2014.9166333    -13.666
2015.0000333    -1.6086
2015.0833333    -0.9357
2015.1666333    -4.0323
2015.2500333    -10.5137
2015.3333333    1.0819
2015.4166333    30.908
2015.5000333    29.9648
2015.5833333    21.7907
2015.6666333    8.155
2015.7500333    8.9806
2015.8333333    2.8061
2015.9166333    -10.6761
2016.0000333    -13.0047
2016.0833333    -12.2564
2016.1666333    -10.3544
2016.2500333    -15.4526
2016.3333333    -8.5508
2016.4166333    -4.4953
2016.5000333    -14.8246
2016.5833333    -21.3078
2016.6666333    -34.4065
2016.7500333    -21.5054
2016.8333333    -23.8351
2016.9166333    -13.9342
2017.0000333    6.0435
2017.0833333    6.0211
2017.1666333    7.3063
2017.2500333    16.2836
2017.3333333    45.7224
2017.4166333    72.4688
2017.5000333    69.5996
2017.5833333    55.8072
2017.6666333    49.0917
2017.7500333    33.5298
2017.8333333    18.4295
2017.9166333    14.6367
2018.0000333    8.9975
2018.0833333    -0.5648
2018.1666333    -2.7425
2018.2500333    5.9256
2018.3333333    -9.3293
2018.4166333    -35.6613
2018.5000333    -46.6858
2018.5833333    -56.2488
2018.6666333    -47.3504
2018.7500333    -36.1445
2018.8333333    -23.7847
2018.9166333    -17.8097
2019.0000333    0.3189
2019.0833333    -3.6294
2019.1666333    4.3452
2019.2500333    12.3966
2019.3333333    -7.8598
2019.4166333    3.6529
2019.5000333    27.0885
2019.5833333    41.2933
2019.6666333    58.1903
2019.7500333    51.9333
2019.8333333    64.4454
2019.9166333    66.1882
2020.0000333    76.5462
2020.0833333    71.0579
2020.1666333    80.1081
2020.2500333    70.158
2020.3333333    68.9771
2020.4166333    70.4884
2020.5000333    64.461
2020.5833333    36.7413
2020.6666333    7.9446
2020.7500333    0.9938
2020.8333333    -1.9571
2020.9166333    -11.6772
2021.0000333    -12.7054
2021.0833333    -11.4258
2021.1666333    -15.5309
2021.2500333    -18.2517
2021.3333333    1.4891
2021.4166333    -0.5395
2021.5000333    14.5855
2021.5833333    43.4028
2021.6666333    50.297
2021.7500333    49.4986
2021.8333333    37.2386
2021.9166333    43.4401
2022.0000333    56.1028
2022.0833333    61.381
2022.1666333    47.5821
2022.2500333    52.3983
2022.3333333    54.1377
2022.4166333    28.8
2022.5000333    31.2312
2022.5833333    29.2779
2022.6666333    9.0937
2022.7500333    3.2169
2022.8333333    -3.9676
2022.9166333    -5.306
2023.0000333    -4.7985
2023.0833333    0.9397
2023.1666333    0.6779
2023.2500333    23.9542
2023.3333333    30.4614
2023.4166333    32.0453
2023.5000333    51.8597
2023.5833333    64.9819
2023.6666333    46.7962
2023.7500333    43.3796
2023.8333333    40.1937
2023.9166333    49.3923
2024.0000333    60.8983
2024.0833333    61.4813
2024.1666333    47.4488
2024.2500333    43.5698
2024.3333333    35.7678
2024.4166333    32.8888
2024.5000333    30.1249
2024.5833333    20.2421
2024.6666333    -3.6953
2024.7500333    6.8498
2024.8333333    2.9338
2024.9166333    28.2162
