1889.0000333    -1.14027900000000E+02
1889.0833333    -7.91571000000000E+01
1889.1666333    -6.52785000000000E+01
1889.2500333    -6.40940000000000E+01
1889.3333333    -6.57787000000000E+01
1889.4166333    -6.71151000000000E+01
1889.5000333    -5.51062000000000E+01
1889.5833333    -5.77773000000000E+01
1889.6666333    -7.42948000000000E+01
1889.7500333    -6.77349000000000E+01
1889.8333333    -6.65603000000000E+01
1889.9166333    -3.69243000000000E+01
1890.0000333    -1.49802000000000E+01
1890.0833333    -1.07290000000000E+01
1890.1666333    -2.34011000000000E+01
1890.2500333    -7.61120000000000E+00
1890.3333333    3.56270000000000E+00
1890.4166333    -4.49440000000000E+00
1890.5000333    -1.25510000000000E+01
1890.5833333    -2.36852000000000E+01
1890.6666333    -1.63580000000000E+01
1890.7500333    -3.13381000000000E+01
1890.8333333    -3.63189000000000E+01
1890.9166333    -3.66844000000000E+01
1891.0000333    -4.62802000000000E+01
1891.0833333    -4.97229000000000E+01
1891.1666333    -4.85503000000000E+01
1891.2500333    -4.73773000000000E+01
1891.3333333    -7.62050000000000E+01
1891.4166333    -7.96481000000000E+01
1891.5000333    -5.92448000000000E+01
1891.5833333    -4.26882000000000E+01
1891.6666333    -6.38240000000000E+01
1891.7500333    -7.49595000000000E+01
1891.8333333    -5.68648000000000E+01
1891.9166333    -4.64626000000000E+01
1892.0000333    -2.29831000000000E+01
1892.0833333    -1.41195000000000E+01
1892.1666333    -1.44869000000000E+01
1892.2500333    -2.33155000000000E+01
1892.3333333    -3.90677000000000E+01
1892.4166333    -2.78970000000000E+01
1892.5000333    -4.28798000000000E+01
1892.5833333    -6.01708000000000E+01
1892.6666333    -5.82313000000000E+01
1892.7500333    -3.55221000000000E+01
1892.8333333    -3.97366000000000E+01
1892.9166333    -3.85667000000000E+01
1893.0000333    -4.04733000000000E+01
1893.0833333    -4.54574000000000E+01
1893.1666333    -2.96724000000000E+01
1893.2500333    -1.61948000000000E+01
1893.3333333    6.51300000000000E+00
1893.4166333    3.22976000000000E+01
1893.5000333    3.03902000000000E+01
1893.5833333    6.92515000000000E+01
1893.6666333    8.81126000000000E+01
1893.7500333    6.31279000000000E+01
1893.8333333    5.27580000000000E+01
1893.9166333    5.93111000000000E+01
1894.0000333    6.12491000000000E+01
1894.0833333    7.08789000000000E+01
1894.1666333    7.20469000000000E+01
1894.2500333    4.24461000000000E+01
1894.3333333    2.59217000000000E+01
1894.4166333    1.40124000000000E+01
1894.5000333    -9.73400000000000E-01
1894.5833333    -2.36521000000000E+01
1894.6666333    -6.01771000000000E+01
1894.7500333    -6.90094000000000E+01
1894.8333333    -6.39962000000000E+01
1894.9166333    -6.20600000000000E+01
1895.0000333    -4.78158000000000E+01
1895.0833333    -4.20337000000000E+01
1895.1666333    -3.47133000000000E+01
1895.2500333    -2.81618000000000E+01
1895.3333333    -1.08417000000000E+01
1895.4166333    -1.04447000000000E+01
1895.5000333    -2.00474000000000E+01
1895.5833333    -8.11220000000000E+00
1895.6666333    1.45920000000000E+01
1895.7500333    1.57582000000000E+01
1895.8333333    1.38468000000000E+01
1895.9166333    2.73199000000000E+01
1896.0000333    4.69472000000000E+01
1896.0833333    4.19586000000000E+01
1896.1666333    3.23544000000000E+01
1896.2500333    1.65967000000000E+01
1896.3333333    8.38400000000000E-01
1896.4166333    -1.95354000000000E+01
1896.5000333    -4.06780000000000E+01
1896.5833333    -4.56675000000000E+01
1896.6666333    -6.29647000000000E+01
1896.7500333    -7.02616000000000E+01
1896.8333333    -6.83283000000000E+01
1896.9166333    -7.17798000000000E+01
1897.0000333    -6.36925000000000E+01
1897.0833333    -7.32980000000000E+01
1897.1666333    -6.98268000000000E+01
1897.2500333    -6.25091000000000E+01
1897.3333333    -6.67304000000000E+01
1897.4166333    -5.78749000000000E+01
1897.5000333    -3.44037000000000E+01
1897.5833333    8.29760000000000E+00
1897.6666333    1.56143000000000E+01
1897.7500333    1.29312000000000E+01
1897.8333333    7.17070000000000E+00
1897.9166333    8.33310000000000E+00
1898.0000333    3.18035000000000E+01
1898.0833333    3.45041000000000E+01
1898.1666333    4.56662000000000E+01
1898.2500333    3.06747000000000E+01
1898.3333333    2.49134000000000E+01
1898.4166333    5.53058000000000E+01
1898.5000333    7.26216000000000E+01
1898.5833333    6.76292000000000E+01
1898.6666333    4.95597000000000E+01
1898.7500333    5.68752000000000E+01
1898.8333333    5.88054000000000E+01
1898.9166333    7.15048000000000E+01
1899.0000333    6.95891000000000E+01
1899.0833333    6.07497000000000E+01
1899.1666333    6.65256000000000E+01
1899.2500333    7.23018000000000E+01
1899.3333333    1.07308300000000E+02
1899.4166333    1.23083800000000E+02
1899.5000333    8.42443000000000E+01
1899.5833333    4.46349000000000E+01
1899.6666333    2.34870000000000E+01
1899.7500333    2.33940000000000E+00
1899.8333333    -6.50110000000000E+00
1899.9166333    -3.03400000000000E+00
1900.0000333    4.33400000000000E-01
1900.0833333    8.51560000000000E+00
1900.1666333    1.98230000000000E+00
1900.2500333    6.21860000000000E+00
1900.3333333    -1.26227000000000E+01
1900.4166333    -3.06948000000000E+01
1900.5000333    -4.79974000000000E+01
1900.5833333    -3.29929000000000E+01
1900.6666333    -3.41423000000000E+01
1900.7500333    -3.06760000000000E+01
1900.8333333    -3.72104000000000E+01
1900.9166333    -4.14371000000000E+01
1901.0000333    -4.41251000000000E+01
1901.0833333    -5.29674000000000E+01
1901.1666333    -6.56561000000000E+01
1901.2500333    -7.29598000000000E+01
1901.3333333    -8.79564000000000E+01
1901.4166333    -7.37224000000000E+01
1901.5000333    -6.25649000000000E+01
1901.5833333    -5.75619000000000E+01
1901.6666333    -6.71744000000000E+01
1901.7500333    -7.14019000000000E+01
1901.8333333    -7.10147000000000E+01
1901.9166333    -5.75506000000000E+01
1902.0000333    -4.48555000000000E+01
1902.0833333    -2.21609000000000E+01
1902.1666333    -8.69720000000000E+00
1902.2500333    1.51400000000000E-01
1902.3333333    2.84560000000000E+00
1902.4166333    -1.29219000000000E+01
1902.5000333    -1.86890000000000E+01
1902.5833333    -9.07220000000000E+00
1902.6666333    2.08310000000000E+00
1902.7500333    2.78540000000000E+01
1902.8333333    4.82398000000000E+01
1902.9166333    5.32408000000000E+01
1903.0000333    6.67036000000000E+01
1903.0833333    8.24736000000000E+01
1903.1666333    8.51665000000000E+01
1903.2500333    8.01675000000000E+01
1903.3333333    9.13217000000000E+01
1903.4166333    9.24758000000000E+01
1903.5000333    9.36302000000000E+01
1903.5833333    8.09379000000000E+01
1903.6666333    2.74762000000000E+01
1903.7500333    9.38000000000000E-01
1903.8333333    -1.79086000000000E+01
1903.9166333    -1.59860000000000E+01
1904.0000333    2.86000000000000E+00
1904.0833333    1.09361000000000E+01
1904.1666333    -1.63724000000000E+01
1904.2500333    -3.67576000000000E+01
1904.3333333    -3.02203000000000E+01
1904.4166333    -1.98369000000000E+01
1904.5000333    -4.06860000000000E+00
1904.5833333    2.55452000000000E+01
1904.6666333    1.74667000000000E+01
1904.7500333    3.16961000000000E+01
1904.8333333    3.82327000000000E+01
1904.9166333    2.93845000000000E+01
1905.0000333    3.59213000000000E+01
1905.0833333    3.47652000000000E+01
1905.1666333    3.20704000000000E+01
1905.2500333    4.70684000000000E+01
1905.3333333    4.51426000000000E+01
1905.4166333    4.70629000000000E+01
1905.5000333    3.82143000000000E+01
1905.5833333    3.55190000000000E+01
1905.6666333    3.28235000000000E+01
1905.7500333    4.24361000000000E+01
1905.8333333    3.97404000000000E+01
1905.9166333    4.62753000000000E+01
1906.0000333    6.43490000000000E+01
1906.0833333    6.78068000000000E+01
1906.1666333    5.81875000000000E+01
1906.2500333    3.93377000000000E+01
1906.3333333    1.89490000000000E+01
1906.4166333    4.08678000000000E+01
1906.5000333    3.35561000000000E+01
1906.5833333    1.93208000000000E+01
1906.6666333    1.50854000000000E+01
1906.7500333    -1.06882000000000E+01
1906.8333333    -7.23160000000000E+00
1906.9166333    8.40300000000000E-01
1907.0000333    7.37400000000000E+00
1907.0833333    2.15995000000000E+01
1907.1666333    2.81325000000000E+01
1907.2500333    2.31274000000000E+01
1907.3333333    1.50448000000000E+01
1907.4166333    1.38852000000000E+01
1907.5000333    -6.50490000000000E+00
1907.5833333    9.25830000000000E+00
1907.6666333    -4.20940000000000E+00
1907.7500333    -3.30614000000000E+01
1907.8333333    -3.34525000000000E+01
1907.9166333    -3.99975000000000E+01
1908.0000333    -4.26960000000000E+01
1908.0833333    -4.38567000000000E+01
1908.1666333    -5.57867000000000E+01
1908.2500333    -8.15626000000000E+01
1908.3333333    -9.04159000000000E+01
1908.4166333    -7.08078000000000E+01
1908.5000333    -6.04302000000000E+01
1908.5833333    -5.69762000000000E+01
1908.6666333    -9.50608000000000E+01
1908.7500333    -9.39144000000000E+01
1908.8333333    -8.04608000000000E+01
1908.9166333    -7.08534000000000E+01
1909.0000333    -5.43227000000000E+01
1909.0833333    -2.85618000000000E+01
1909.1666333    -2.97241000000000E+01
1909.2500333    -3.85784000000000E+01
1909.3333333    -2.12794000000000E+01
1909.4166333    -4.74980000000000E+00
1909.5000333    1.33187000000000E+01
1909.5833333    2.13865000000000E+01
1909.6666333    1.86850000000000E+01
1909.7500333    2.98300000000000E+01
1909.8333333    4.17436000000000E+01
1909.9166333    4.21186000000000E+01
1910.0000333    5.01863000000000E+01
1910.0833333    4.36380000000000E+01
1910.1666333    1.93973000000000E+01
1910.2500333    1.36184000000000E+01
1910.3333333    1.63005000000000E+01
1910.4166333    5.20900000000000E-01
1910.5000333    4.81860000000000E+00
1910.5833333    -8.19200000000000E+00
1910.6666333    -1.17411000000000E+01
1910.7500333    -1.41361000000000E+01
1910.8333333    -1.26087000000000E+01
1910.9166333    -1.83121000000000E+01
1911.0000333    -4.24590000000000E+00
1911.0833333    -1.36419000000000E+01
1911.1666333    -5.76400000000000E-01
1911.2500333    8.25860000000000E+00
1911.3333333    2.64007000000000E+01
1911.4166333    1.77735000000000E+01
1911.5000333    1.52235000000000E+01
1911.5833333    1.59600000000000E+00
1911.6666333    -1.31085000000000E+01
1911.7500333    -1.45050000000000E+01
1911.8333333    -9.90210000000000E+00
1911.9166333    1.77760000000000E+00
1912.0000333    3.07300000000000E+00
1912.0833333    3.75240000000000E+00
1912.1666333    1.85856000000000E+01
1912.2500333    2.34220000000000E+00
1912.3333333    6.94430000000000E+00
1912.4166333    1.83156000000000E+01
1912.5000333    3.20718000000000E+01
1912.5833333    4.29812000000000E+01
1912.6666333    6.81983000000000E+01
1912.7500333    7.53387000000000E+01
1912.8333333    6.02478000000000E+01
1912.9166333    6.58491000000000E+01
1913.0000333    6.93737000000000E+01
1913.0833333    8.84363000000000E+01
1913.1666333    7.10372000000000E+01
1913.2500333    4.55615000000000E+01
1913.3333333    6.37006000000000E+01
1913.4166333    9.66857000000000E+01
1913.5000333    8.72096000000000E+01
1913.5833333    9.81176000000000E+01
1913.6666333    1.00640800000000E+02
1913.7500333    7.57797000000000E+01
1913.8333333    7.97642000000000E+01
1913.9166333    8.73639000000000E+01
1914.0000333    8.08871000000000E+01
1914.0833333    7.41020000000000E+01
1914.1666333    6.49321000000000E+01
1914.2500333    7.71472000000000E+01
1914.3333333    7.40540000000000E+01
1914.4166333    6.83453000000000E+01
1914.5000333    2.45600000000000E+01
1914.5833333    -2.37970000000000E+00
1914.6666333    -3.06272000000000E+01
1914.7500333    -3.50283000000000E+01
1914.8333333    -3.47376000000000E+01
1914.9166333    -3.97547000000000E+01
1915.0000333    -3.02331000000000E+01
1915.0833333    -1.84812000000000E+01
1915.1666333    -1.25757000000000E+01
1915.2500333    -3.08236000000000E+01
1915.3333333    -4.06106000000000E+01
1915.4166333    -1.80131000000000E+01
1915.5000333    -1.24153000000000E+01
1915.5833333    3.48960000000000E+00
1915.6666333    -8.75950000000000E+00
1915.7500333    -8.08510000000000E+00
1915.8333333    -1.51805000000000E+01
1915.9166333    -1.27377000000000E+01
1916.0000333    -8.52520000000000E+00
1916.0833333    -4.08260000000000E+00
1916.1666333    -9.87080000000000E+00
1916.2500333    -1.06588000000000E+01
1916.3333333    4.55270000000000E+00
1916.4166333    1.11487000000000E+01
1916.5000333    -5.17810000000000E+00
1916.5833333    -3.55055000000000E+01
1916.6666333    -6.72945000000000E+01
1916.7500333    -5.10062000000000E+01
1916.8333333    -5.11032000000000E+01
1916.9166333    -5.31234000000000E+01
1917.0000333    -5.67586000000000E+01
1917.0833333    -6.83175000000000E+01
1917.1666333    -6.90303000000000E+01
1917.2500333    -5.49736000000000E+01
1917.3333333    -4.69944000000000E+01
1917.4166333    -1.40923000000000E+01
1917.5000333    3.48700000000000E-01
1917.5833333    1.24044000000000E+01
1917.6666333    1.23062000000000E+01
1917.7500333    1.05929000000000E+01
1917.8333333    -1.27363000000000E+01
1917.9166333    -9.88800000000000E-01
1918.0000333    1.71437000000000E+01
1918.0833333    2.85833000000000E+01
1918.1666333    5.34074000000000E+01
1918.2500333    5.69242000000000E+01
1918.3333333    3.64403000000000E+01
1918.4166333    2.07256000000000E+01
1918.5000333    -1.60658000000000E+01
1918.5833333    -4.43961000000000E+01
1918.6666333    -6.59574000000000E+01
1918.7500333    -5.77491000000000E+01
1918.8333333    -5.43107000000000E+01
1918.9166333    -2.37185000000000E+01
1919.0000333    -2.06644000000000E+01
1919.0833333    -7.68780000000000E+00
1919.1666333    -3.63450000000000E+00
1919.2500333    -8.65770000000000E+00
1919.3333333    -3.76046000000000E+01
1919.4166333    -3.25516000000000E+01
1919.5000333    -2.31907000000000E+01
1919.5833333    -9.98410000000000E+00
1919.6666333    1.24531000000000E+01
1919.7500333    2.29676000000000E+01
1919.8333333    3.04815000000000E+01
1919.9166333    4.66876000000000E+01
1920.0000333    4.57401000000000E+01
1920.0833333    4.92536000000000E+01
1920.1666333    2.92285000000000E+01
1920.2500333    -6.42400000000000E-01
1920.3333333    -2.64369000000000E+01
1920.4166333    -3.15393000000000E+01
1920.5000333    -2.08722000000000E+01
1920.5833333    -2.55132000000000E+01
1920.6666333    -2.91545000000000E+01
1920.7500333    -3.31031000000000E+01
1920.8333333    -3.57445000000000E+01
1920.9166333    -3.50784000000000E+01
1921.0000333    -2.14889000000000E+01
1921.0833333    -1.08231000000000E+01
1921.1666333    -9.38810000000000E+00
1921.2500333    2.35480000000000E+00
1921.3333333    2.82510000000000E+01
1921.4166333    4.80702000000000E+01
1921.5000333    8.75820000000000E+01
1921.5833333    5.97856000000000E+01
1921.6666333    5.96813000000000E+01
1921.7500333    4.38081000000000E+01
1921.8333333    3.90882000000000E+01
1921.9166333    5.83682000000000E+01
1922.0000333    6.41870000000000E+01
1922.0833333    6.41590000000000E+01
1922.1666333    5.61309000000000E+01
1922.2500333    3.79492000000000E+01
1922.3333333    2.99209000000000E+01
1922.4166333    3.98155000000000E+01
1922.5000333    4.42489000000000E+01
1922.5833333    3.03740000000000E+01
1922.6666333    1.54221000000000E+01
1922.7500333    -1.76834000000000E+01
1922.8333333    -1.09433000000000E+01
1922.9166333    4.18130000000000E+00
1923.0000333    4.84470000000000E+00
1923.0833333    1.70460000000000E+01
1923.1666333    1.84010000000000E+01
1923.2500333    3.74486000000000E+01
1923.3333333    7.29572000000000E+01
1923.4166333    7.82349000000000E+01
1923.5000333    5.46668000000000E+01
1923.5833333    4.46365000000000E+01
1923.6666333    3.37600000000000E+01
1923.7500333    6.04992000000000E+01
1923.8333333    8.10070000000000E+01
1923.9166333    8.48994000000000E+01
1924.0000333    8.46382000000000E+01
1924.0833333    7.63764000000000E+01
1924.1666333    5.86530000000000E+01
1924.2500333    4.65452000000000E+01
1924.3333333    2.66677000000000E+01
1924.4166333    -2.28690000000000E+00
1924.5000333    1.36050000000000E+01
1924.5833333    3.90348000000000E+01
1924.6666333    3.18491000000000E+01
1924.7500333    3.05867000000000E+01
1924.8333333    1.93238000000000E+01
1924.9166333    3.09070000000000E+01
1925.0000333    3.05673000000000E+01
1925.0833333    2.30733000000000E+01
1925.1666333    3.94253000000000E+01
1925.2500333    5.10852000000000E+01
1925.3333333    5.46677000000000E+01
1925.4166333    5.97886000000000E+01
1925.5000333    5.93712000000000E+01
1925.5833333    1.85688000000000E+01
1925.6666333    4.99690000000000E+00
1925.7500333    3.34840000000000E+00
1925.8333333    8.53300000000000E-01
1925.9166333    1.01272000000000E+01
1926.0000333    3.70910000000000E+00
1926.0833333    1.34443000000000E+01
1926.1666333    2.31025000000000E+01
1926.2500333    1.41456000000000E+01
1926.3333333    1.41880000000000E+00
1926.4166333    1.38430000000000E+00
1926.5000333    3.73470000000000E+00
1926.5833333    2.93070000000000E+00
1926.6666333    1.02035000000000E+01
1926.7500333    8.86120000000000E+00
1926.8333333    2.58261000000000E+01
1926.9166333    4.94831000000000E+01
1927.0000333    5.88327000000000E+01
1927.0833333    6.65664000000000E+01
1927.1666333    6.64539000000000E+01
1927.2500333    6.61877000000000E+01
1927.3333333    6.96903000000000E+01
1927.4166333    5.38850000000000E+01
1927.5000333    4.65416000000000E+01
1927.5833333    3.95822000000000E+01
1927.6666333    1.29304000000000E+01
1927.7500333    1.81740000000000E+00
1927.8333333    -1.56808000000000E+01
1927.9166333    -1.67176000000000E+01
1928.0000333    -8.83100000000000E+00
1928.0833333    5.36270000000000E+00
1928.1666333    1.02486000000000E+01
1928.2500333    1.04425000000000E+01
1928.3333333    3.71280000000000E+00
1928.4166333    2.13680000000000E+00
1928.5000333    9.17650000000000E+00
1928.5833333    -1.90921000000000E+01
1928.6666333    -3.89762000000000E+01
1928.7500333    -1.67830000000000E+01
1928.8333333    -3.12890000000000E+00
1928.9166333    1.57559000000000E+01
1929.0000333    1.92563000000000E+01
1929.0833333    3.83320000000000E+00
1929.1666333    -6.05170000000000E+00
1929.2500333    1.21760000000000E+00
1929.3333333    2.56330000000000E+00
1929.4166333    3.98580000000000E+00
1929.5000333    4.71630000000000E+00
1929.5833333    2.36930000000000E+00
1929.6666333    2.30222000000000E+01
1929.7500333    2.09061000000000E+01
1929.8333333    1.13279000000000E+01
1929.9166333    7.13430000000000E+00
1930.0000333    8.32550000000000E+00
1930.0833333    1.02085000000000E+01
1930.1666333    -2.37010000000000E+00
1930.2500333    -7.56390000000000E+00
1930.3333333    4.54960000000000E+00
1930.4166333    -1.10640000000000E+00
1930.5000333    -5.45440000000000E+00
1930.5833333    -3.03413000000000E+01
1930.6666333    -3.09977000000000E+01
1930.7500333    -3.27306000000000E+01
1930.8333333    -2.66949000000000E+01
1930.9166333    -1.18131000000000E+01
1931.0000333    9.06890000000000E+00
1931.0833333    8.71960000000000E+00
1931.1666333    2.83180000000000E+00
1931.2500333    2.30211000000000E+01
1931.3333333    2.31330000000000E+01
1931.4166333    -1.75520000000000E+00
1931.5000333    1.53568000000000E+01
1931.5833333    1.94684000000000E+01
1931.6666333    2.39644000000000E+01
1931.7500333    2.99991000000000E+01
1931.8333333    3.23410000000000E+01
1931.9166333    4.17597000000000E+01
1932.0000333    4.42556000000000E+01
1932.0833333    3.93664000000000E+01
1932.1666333    4.51694000000000E+01
1932.2500333    5.45110000000000E+01
1932.3333333    4.33907000000000E+01
1932.4166333    4.47317000000000E+01
1932.5000333    3.42268000000000E+01
1932.5833333    1.49522000000000E+01
1932.6666333    -9.78400000000000E+00
1932.7500333    3.63380000000000E+00
1932.8333333    -9.48900000000000E-01
1932.9166333    -4.53170000000000E+00
1933.0000333    1.19350000000000E+00
1933.0833333    1.45335000000000E+01
1933.1666333    5.87340000000000E+00
1933.2500333    -1.21710000000000E+01
1933.3333333    -3.49083000000000E+01
1933.4166333    -5.11842000000000E+01
1933.5000333    -5.88444000000000E+01
1933.5833333    -3.96590000000000E+01
1933.6666333    -3.90121000000000E+01
1933.7500333    -5.12881000000000E+01
1933.8333333    -6.04877000000000E+01
1933.9166333    -4.93028000000000E+01
1934.0000333    -3.37330000000000E+01
1934.0833333    -2.73945000000000E+01
1934.1666333    -4.39792000000000E+01
1934.2500333    -2.36405000000000E+01
1934.3333333    -3.84080000000000E+00
1934.4166333    2.26640000000000E+00
1934.5000333    7.75850000000000E+00
1934.5833333    2.30963000000000E+01
1934.6666333    5.81850000000000E+00
1934.7500333    5.46410000000000E+00
1934.8333333    1.91092000000000E+01
1934.9166333    2.03695000000000E+01
1935.0000333    3.04763000000000E+01
1935.0833333    3.87363000000000E+01
1935.1666333    3.73040000000000E+01
1935.2500333    6.11027000000000E+01
1935.3333333    5.11316000000000E+01
1935.4166333    4.68527000000000E+01
1935.5000333    5.52664000000000E+01
1935.5833333    5.91411000000000E+01
1935.6666333    2.60926000000000E+01
1935.7500333    2.38905000000000E+01
1935.8333333    4.68790000000000E+00
1935.9166333    1.06391000000000E+01
1936.0000333    1.38981000000000E+01
1936.0833333    6.77210000000000E+00
1936.1666333    -4.73870000000000E+00
1936.2500333    -7.63380000000000E+00
1936.3333333    -1.98372000000000E+01
1936.4166333    -1.25791000000000E+01
1936.5000333    -1.76285000000000E+01
1936.5833333    -4.41399000000000E+01
1936.6666333    -5.29592000000000E+01
1936.7500333    -5.10089000000000E+01
1936.8333333    -5.82899000000000E+01
1936.9166333    -4.71096000000000E+01
1937.0000333    -3.28520000000000E+01
1937.0833333    -3.16719000000000E+01
1937.1666333    -2.81842000000000E+01
1937.2500333    -3.08500000000000E+01
1937.3333333    -3.42857000000000E+01
1937.4166333    -5.15676000000000E+01
1937.5000333    -6.69262000000000E+01
1937.5833333    -5.77468000000000E+01
1937.6666333    -2.41060000000000E+01
1937.7500333    1.27658000000000E+01
1937.8333333    2.90217000000000E+01
1937.9166333    4.70468000000000E+01
1938.0000333    6.13797000000000E+01
1938.0833333    4.92507000000000E+01
1938.1666333    4.93522000000000E+01
1938.2500333    5.09156000000000E+01
1938.3333333    7.07092000000000E+01
1938.4166333    6.61181000000000E+01
1938.5000333    6.58350000000000E+01
1938.5833333    7.60897000000000E+01
1938.6666333    5.75752000000000E+01
1938.7500333    3.52916000000000E+01
1938.8333333    -3.06930000000000E+00
1938.9166333    -3.35350000000000E+00
1939.0000333    -3.56050000000000E+00
1939.0833333    -1.61526000000000E+01
1939.1666333    -2.68218000000000E+01
1939.2500333    -4.82599000000000E+01
1939.3333333    -7.37755000000000E+01
1939.4166333    -8.92912000000000E+01
1939.5000333    -8.85759000000000E+01
1939.5833333    -1.05861100000000E+02
1939.6666333    -1.25223300000000E+02
1939.7500333    -1.33585300000000E+02
1939.8333333    -1.46563200000000E+02
1939.9166333    -1.40848900000000E+02
1940.0000333    -1.41057400000000E+02
1940.0833333    -1.31266400000000E+02
1940.1666333    -1.05860200000000E+02
1940.2500333    -9.01460000000000E+01
1940.3333333    -6.78938000000000E+01
1940.4166333    -4.46418000000000E+01
1940.5000333    -6.51588000000000E+01
1940.5833333    -8.46762000000000E+01
1940.6666333    -7.35015000000000E+01
1940.7500333    -8.51727000000000E+01
1940.8333333    -8.95367000000000E+01
1940.9166333    -8.17470000000000E+01
1941.0000333    -7.35724000000000E+01
1941.0833333    -6.63983000000000E+01
1941.1666333    -7.23782000000000E+01
1941.2500333    -9.68963000000000E+01
1941.3333333    -1.11799500000000E+02
1941.4166333    -1.06933600000000E+02
1941.5000333    -1.20375200000000E+02
1941.5833333    -1.24663400000000E+02
1941.6666333    -1.26259400000000E+02
1941.7500333    -1.29624400000000E+02
1941.8333333    -1.21220700000000E+02
1941.9166333    -1.01740200000000E+02
1942.0000333    -8.24902000000000E+01
1942.0833333    -8.20868000000000E+01
1942.1666333    -8.47605000000000E+01
1942.2500333    -7.66647000000000E+01
1942.3333333    -6.30310000000000E+01
1942.4166333    -3.03974000000000E+01
1942.5000333    -3.68405000000000E+01
1942.5833333    -1.35917000000000E+01
1942.6666333    1.99646000000000E+01
1942.7500333    5.92134000000000E+01
1942.8333333    8.09233000000000E+01
1942.9166333    9.42485000000000E+01
1943.0000333    1.02497000000000E+02
1943.0833333    1.10668100000000E+02
1943.1666333    1.16377500000000E+02
1943.2500333    1.22317900000000E+02
1943.3333333    1.06334700000000E+02
1943.4166333    9.92745000000000E+01
1943.5000333    1.08445300000000E+02
1943.5833333    1.26461800000000E+02
1943.6666333    1.13093500000000E+02
1943.7500333    9.48793000000000E+01
1943.8333333    8.46646000000000E+01
1943.9166333    8.09883000000000E+01
1944.0000333    8.00045000000000E+01
1944.0833333    6.57125000000000E+01
1944.1666333    5.51127000000000E+01
1944.2500333    5.04362000000000E+01
1944.3333333    4.39131000000000E+01
1944.4166333    4.76206000000000E+01
1944.5000333    4.97129000000000E+01
1944.5833333    2.01894000000000E+01
1944.6666333    1.09735000000000E+01
1944.7500333    1.71424000000000E+01
1944.8333333    2.66954000000000E+01
1944.9166333    2.90945000000000E+01
1945.0000333    3.69553000000000E+01
1945.0833333    4.48926000000000E+01
1945.1666333    4.95221000000000E+01
1945.2500333    5.07672000000000E+01
1945.3333333    4.73963000000000E+01
1945.4166333    5.20254000000000E+01
1945.5000333    4.95778000000000E+01
1945.5833333    5.72066000000000E+01
1945.6666333    5.04507000000000E+01
1945.7500333    5.02335000000000E+01
1945.8333333    3.09389000000000E+01
1945.9166333    3.21826000000000E+01
1946.0000333    2.64265000000000E+01
1946.0833333    2.65161000000000E+01
1946.1666333    2.88364000000000E+01
1946.2500333    2.80800000000000E+01
1946.3333333    1.16307000000000E+01
1946.4166333    2.56600000000000E+00
1946.5000333    -2.94216000000000E+01
1946.5833333    -6.85635000000000E+01
1946.6666333    -1.00628700000000E+02
1946.7500333    -8.96166000000000E+01
1946.8333333    -1.11220400000000E+02
1946.9166333    -1.09439800000000E+02
1947.0000333    -1.12966600000000E+02
1947.0833333    -1.20801600000000E+02
1947.1666333    -1.37098200000000E+02
1947.2500333    -1.40548500000000E+02
1947.3333333    -1.35230000000000E+02
1947.4166333    -1.19296200000000E+02
1947.5000333    -9.90546000000000E+01
1947.5833333    -7.82749000000000E+01
1947.6666333    -4.46492000000000E+01
1947.7500333    -3.05618000000000E+01
1947.8333333    -4.15518000000000E+01
1947.9166333    -2.96188000000000E+01
1948.0000333    -1.76086000000000E+01
1948.0833333    -9.98360000000000E+00
1948.1666333    8.17980000000000E+00
1948.2500333    3.84204000000000E+01
1948.3333333    4.55066000000000E+01
1948.4166333    5.20542000000000E+01
1948.5000333    6.51405000000000E+01
1948.5833333    7.66109000000000E+01
1948.6666333    8.61582000000000E+01
1948.7500333    9.04749000000000E+01
1948.8333333    9.56373000000000E+01
1948.9166333    1.12722600000000E+02
1949.0000333    1.18038900000000E+02
1949.0833333    1.29200900000000E+02
1949.1666333    1.15516600000000E+02
1949.2500333    1.04217200000000E+02
1949.3333333    8.56865000000000E+01
1949.4166333    9.25403000000000E+01
1949.5000333    8.82405000000000E+01
1949.5833333    6.68633000000000E+01
1949.6666333    5.22551000000000E+01
1949.7500333    5.32626000000000E+01
1949.8333333    4.45004000000000E+01
1949.9166333    4.81996000000000E+01
1950.0000333    4.82067000000000E+01
1950.0833333    4.17518000000000E+01
1950.1666333    3.69122000000000E+01
1950.2500333    6.71497000000000E+01
1950.3333333    6.99252000000000E+01
1950.4166333    7.42390000000000E+01
1950.5000333    5.02454000000000E+01
1950.5833333    2.06359000000000E+01
1950.6666333    4.56470000000000E+00
1950.7500333    -1.04470000000000E+00
1950.8333333    -1.95776000000000E+01
1950.9166333    -2.29569000000000E+01
1951.0000333    -2.21820000000000E+01
1951.0833333    -3.11000000000000E+01
1951.1666333    -2.95565000000000E+01
1951.2500333    -5.63205000000000E+01
1951.3333333    -9.27773000000000E+01
1951.4166333    -6.70804000000000E+01
1951.5000333    -5.12294000000000E+01
1951.5833333    -3.60712000000000E+01
1951.6666333    -2.29900000000000E+01
1951.7500333    -1.59855000000000E+01
1951.8333333    -2.52123000000000E+01
1951.9166333    -3.62300000000000E-01
1952.0000333    2.01803000000000E+01
1952.0833333    1.77993000000000E+01
1952.1666333    3.42643000000000E+01
1952.2500333    4.78834000000000E+01
1952.3333333    6.73482000000000E+01
1952.4166333    8.47359000000000E+01
1952.5000333    4.97393000000000E+01
1952.5833333    3.23575000000000E+01
1952.6666333    1.82833000000000E+01
1952.7500333    3.04401000000000E+01
1952.8333333    3.36734000000000E+01
1952.9166333    3.89834000000000E+01
1953.0000333    2.93706000000000E+01
1953.0833333    3.70650000000000E+01
1953.1666333    5.23747000000000E+01
1953.2500333    4.41461000000000E+01
1953.3333333    3.10709000000000E+01
1953.4166333    3.23802000000000E+01
1953.5000333    3.79974000000000E+01
1953.5833333    1.53834000000000E+01
1953.6666333    -1.74615000000000E+01
1953.7500333    -2.76139000000000E+01
1953.8333333    -4.62284000000000E+01
1953.9166333    -5.09967000000000E+01
1954.0000333    -3.66110000000000E+01
1954.0833333    -3.05335000000000E+01
1954.1666333    -3.39946000000000E+01
1954.2500333    -3.17631000000000E+01
1954.3333333    -2.13783000000000E+01
1954.4166333    -8.07050000000000E+00
1954.5000333    -5.22410000000000E+00
1954.5833333    -1.17627000000000E+01
1954.6666333    5.16010000000000E+00
1954.7500333    2.37754000000000E+01
1954.8333333    4.33133000000000E+01
1954.9166333    5.78511000000000E+01
1955.0000333    6.87738000000000E+01
1955.0833333    5.37728000000000E+01
1955.1666333    4.83102000000000E+01
1955.2500333    4.80017000000000E+01
1955.3333333    3.77697000000000E+01
1955.4166333    4.69221000000000E+01
1955.5000333    5.70747000000000E+01
1955.5833333    3.69192000000000E+01
1955.6666333    1.98405000000000E+01
1955.7500333    1.82235000000000E+01
1955.8333333    2.42215000000000E+01
1955.9166333    1.57577000000000E+01
1956.0000333    2.24481000000000E+01
1956.0833333    3.92918000000000E+01
1956.1666333    4.69046000000000E+01
1956.2500333    5.84408000000000E+01
1956.3333333    4.39764000000000E+01
1956.4166333    4.68196000000000E+01
1956.5000333    2.28169000000000E+01
1956.5833333    9.42910000000000E+00
1956.6666333    9.96430000000000E+00
1956.7500333    1.01920000000000E+01
1956.8333333    1.66499000000000E+01
1956.9166333    1.47232000000000E+01
1957.0000333    1.87197000000000E+01
1957.0833333    2.15619000000000E+01
1957.1666333    2.37117000000000E+01
1957.2500333    4.39386000000000E+01
1957.3333333    4.11651000000000E+01
1957.4166333    5.38529000000000E+01
1957.5000333    5.40025000000000E+01
1957.5833333    6.05363000000000E+01
1957.6666333    4.38392000000000E+01
1957.7500333    3.52192000000000E+01
1957.8333333    5.27526000000000E+01
1957.9166333    5.42858000000000E+01
1958.0000333    6.05885000000000E+01
1958.0833333    6.53523000000000E+01
1958.1666333    5.02698000000000E+01
1958.2500333    3.64952000000000E+01
1958.3333333    1.38740000000000E+01
1958.4166333    6.79110000000000E+00
1958.5000333    1.38623000000000E+01
1958.5833333    -6.70000000000000E-02
1958.6666333    -1.38426000000000E+01
1958.7500333    -1.11564000000000E+01
1958.8333333    -7.70140000000000E+00
1958.9166333    -1.20928000000000E+01
1959.0000333    -7.09920000000000E+00
1959.0833333    -1.46447000000000E+01
1959.1666333    -1.96518000000000E+01
1959.2500333    -1.51202000000000E+01
1959.3333333    -2.58198000000000E+01
1959.4166333    -4.90581000000000E+01
1959.5000333    -5.94499000000000E+01
1959.5833333    -9.34577000000000E+01
1959.6666333    -1.23773200000000E+02
1959.7500333    -1.41627000000000E+02
1959.8333333    -1.48019700000000E+02
1959.9166333    -1.33720200000000E+02
1960.0000333    -1.26343600000000E+02
1960.0833333    -1.18582900000000E+02
1960.1666333    -1.07668400000000E+02
1960.2500333    -1.23138300000000E+02
1960.3333333    -1.27762600000000E+02
1960.4166333    -1.08156200000000E+02
1960.5000333    -9.27034000000000E+01
1960.5833333    -8.47126000000000E+01
1960.6666333    -5.24912000000000E+01
1960.7500333    -1.20388000000000E+01
1960.8333333    1.05669000000000E+01
1960.9166333    3.17110000000000E+01
1961.0000333    5.68554000000000E+01
1961.0833333    7.06146000000000E+01
1961.1666333    7.42199000000000E+01
1961.2500333    6.14408000000000E+01
1961.3333333    8.31227000000000E+01
1961.4166333    1.01343000000000E+02
1961.5000333    1.09255800000000E+02
1961.5833333    1.36860400000000E+02
1961.6666333    1.23388000000000E+02
1961.7500333    9.80697000000000E+01
1961.8333333    8.26739000000000E+01
1961.9166333    8.44319000000000E+01
1962.0000333    8.47286000000000E+01
1962.0833333    7.20247000000000E+01
1962.1666333    7.30900000000000E+01
1962.2500333    6.33863000000000E+01
1962.3333333    6.43744000000000E+01
1962.4166333    6.14393000000000E+01
1962.5000333    3.90430000000000E+01
1962.5833333    4.72300000000000E+00
1962.6666333    -3.26740000000000E+01
1962.7500333    -4.59939000000000E+01
1962.8333333    -5.29296000000000E+01
1962.9166333    -5.96346000000000E+01
1963.0000333    -6.11856000000000E+01
1963.0833333    -7.24294000000000E+01
1963.1666333    -8.71349000000000E+01
1963.2500333    -9.10709000000000E+01
1963.3333333    -8.27766000000000E+01
1963.4166333    -7.56363000000000E+01
1963.5000333    -7.83419000000000E+01
1963.5833333    -5.78172000000000E+01
1963.6666333    -7.16772000000000E+01
1963.7500333    -7.75371000000000E+01
1963.8333333    -5.65512000000000E+01
1963.9166333    -4.47963000000000E+01
1964.0000333    -2.45026000000000E+01
1964.0833333    -1.89787000000000E+01
1964.1666333    -8.22410000000000E+00
1964.2500333    -1.08470000000000E+00
1964.3333333    -1.20227000000000E+01
1964.4166333    -6.11460000000000E+00
1964.5000333    -9.75600000000000E-01
1964.5833333    -4.76010000000000E+00
1964.6666333    -2.37755000000000E+01
1964.7500333    -6.79070000000000E+00
1964.8333333    1.80900000000000E+00
1964.9166333    -3.43750000000000E+00
1965.0000333    1.33931000000000E+01
1965.0833333    1.29155000000000E+01
1965.1666333    1.17455000000000E+01
1965.2500333    -1.27050000000000E+00
1965.3333333    3.79000000000000E+00
1965.4166333    2.46580000000000E+00
1965.5000333    -2.59352000000000E+01
1965.5833333    -5.04135000000000E+01
1965.6666333    -4.21996000000000E+01
1965.7500333    -4.07548000000000E+01
1965.8333333    -3.89258000000000E+01
1965.9166333    -2.70970000000000E+01
1966.0000333    -1.11910000000000E+01
1966.0833333    -2.00547000000000E+01
1966.1666333    -1.43031000000000E+01
1966.2500333    -1.73975000000000E+01
1966.3333333    -2.40308000000000E+01
1966.4166333    -2.55104000000000E+01
1966.5000333    -2.32975000000000E+01
1966.5833333    -1.36235000000000E+01
1966.6666333    2.75119000000000E+01
1966.7500333    2.98783000000000E+01
1966.8333333    3.83981000000000E+01
1966.9166333    4.83024000000000E+01
1967.0000333    5.48992000000000E+01
1967.0833333    5.48032000000000E+01
1967.1666333    5.41686000000000E+01
1967.2500333    6.20727000000000E+01
1967.3333333    7.70533000000000E+01
1967.4166333    1.09187600000000E+02
1967.5000333    1.11706700000000E+02
1967.5833333    1.11379200000000E+02
1967.6666333    1.20513100000000E+02
1967.7500333    1.01185600000000E+02
1967.8333333    8.63193000000000E+01
1967.9166333    7.38374000000000E+01
1968.0000333    7.41250000000000E+01
1968.0833333    6.33352000000000E+01
1968.1666333    4.26222000000000E+01
1968.2500333    4.16017000000000E+01
1968.3333333    1.51192000000000E+01
1968.4166333    -9.05570000000000E+00
1968.5000333    -4.88458000000000E+01
1968.5833333    -7.00210000000000E+01
1968.6666333    -1.08580900000000E+02
1968.7500333    -1.25371400000000E+02
1968.8333333    -1.42700800000000E+02
1968.9166333    -1.47414900000000E+02
1969.0000333    -1.30436500000000E+02
1969.0833333    -1.41458600000000E+02
1969.1666333    -1.32480800000000E+02
1969.2500333    -1.09733600000000E+02
1969.3333333    -7.79099000000000E+01
1969.4166333    -7.40863000000000E+01
1969.5000333    -8.79549000000000E+01
1969.5833333    -8.60546000000000E+01
1969.6666333    -8.70776000000000E+01
1969.7500333    -5.49465000000000E+01
1969.8333333    -5.15082000000000E+01
1969.9166333    -4.47623000000000E+01
1970.0000333    -2.91700000000000E+01
1970.0833333    -3.32706000000000E+01
1970.1666333    -1.70635000000000E+01
1970.2500333    -1.22409000000000E+01
1970.3333333    -2.03410000000000E+00
1970.4166333    -2.65967000000000E+01
1970.5000333    -2.40052000000000E+01
1970.5833333    3.55100000000000E-01
1970.6666333    8.09990000000000E+00
1970.7500333    7.61410000000000E+00
1970.8333333    -7.41070000000000E+00
1970.9166333    -1.02048000000000E+01
1971.0000333    3.00140000000000E+00
1971.0833333    -5.33140000000000E+00
1971.1666333    -3.35670000000000E+00
1971.2500333    1.38750000000000E+00
1971.3333333    1.67467000000000E+01
1971.4166333    1.81057000000000E+01
1971.5000333    -5.45820000000000E+00
1971.5833333    -3.34841000000000E+01
1971.6666333    -6.48947000000000E+01
1971.7500333    -5.94589000000000E+01
1971.8333333    -6.16390000000000E+01
1971.9166333    -4.98192000000000E+01
1972.0000333    -4.33838000000000E+01
1972.0833333    -5.46412000000000E+01
1972.1666333    -5.59757000000000E+01
1972.2500333    -5.92330000000000E+01
1972.3333333    -4.62600000000000E+01
1972.4166333    -4.99794000000000E+01
1972.5000333    -7.68525000000000E+01
1972.5833333    -5.11106000000000E+01
1972.6666333    -2.02920000000000E+01
1972.7500333    1.72192000000000E+01
1972.8333333    1.31914000000000E+01
1972.9166333    2.50097000000000E+01
1973.0000333    2.86743000000000E+01
1973.0833333    3.41847000000000E+01
1973.1666333    4.22333000000000E+01
1973.2500333    4.23591000000000E+01
1973.3333333    6.23306000000000E+01
1973.4166333    6.56097000000000E+01
1973.5000333    5.29659000000000E+01
1973.5833333    6.17062000000000E+01
1973.6666333    2.29080000000000E+01
1973.7500333    -3.19780000000000E+00
1973.8333333    -3.57655000000000E+01
1973.9166333    -2.91795000000000E+01
1974.0000333    -6.13180000000000E+00
1974.0833333    2.30010000000000E+00
1974.1666333    -4.21900000000000E-01
1974.2500333    4.47160000000000E+00
1974.3333333    1.68262000000000E+01
1974.4166333    2.97960000000000E+01
1974.5000333    4.05353000000000E+01
1974.5833333    3.89664000000000E+01
1974.6666333    2.67052000000000E+01
1974.7500333    4.46748000000000E+01
1974.8333333    5.77210000000000E+01
1974.9166333    7.75362000000000E+01
1975.0000333    7.23517000000000E+01
1975.0833333    5.23975000000000E+01
1975.1666333    4.37508000000000E+01
1975.2500333    4.69505000000000E+01
1975.3333333    3.00728000000000E+01
1975.4166333    3.44257000000000E+01
1975.5000333    3.89328000000000E+01
1975.5833333    -7.40680000000000E+00
1975.6666333    -2.70543000000000E+01
1975.7500333    -2.16246000000000E+01
1975.8333333    -2.39645000000000E+01
1975.9166333    -1.92277000000000E+01
1976.0000333    -2.03369000000000E+01
1976.0833333    -1.89080000000000E+01
1976.1666333    -2.71716000000000E+01
1976.2500333    -5.44349000000000E+01
1976.3333333    -7.30064000000000E+01
1976.4166333    -5.66550000000000E+01
1976.5000333    -7.76879000000000E+01
1976.5833333    -1.29029100000000E+02
1976.6666333    -1.28524100000000E+02
1976.7500333    -1.13172900000000E+02
1976.8333333    -1.17283600000000E+02
1976.9166333    -1.14086800000000E+02
1977.0000333    -1.01812800000000E+02
1977.0833333    -1.05385400000000E+02
1977.1666333    -1.01035100000000E+02
1977.2500333    -9.05308000000000E+01
1977.3333333    -3.89499000000000E+01
1977.4166333    -2.29846000000000E+01
1977.5000333    -2.31729000000000E+01
1977.5833333    -3.67463000000000E+01
1977.6666333    -2.80891000000000E+01
1977.7500333    -3.69701000000000E+01
1977.8333333    -6.48516000000000E+01
1977.9166333    -6.68870000000000E+01
1978.0000333    -5.74607000000000E+01
1978.0833333    -6.62656000000000E+01
1978.1666333    -3.18399000000000E+01
1978.2500333    -2.35678000000000E+01
1978.3333333    -5.21930000000000E+00
1978.4166333    -3.78709000000000E+01
1978.5000333    -5.60607000000000E+01
1978.5833333    -7.65587000000000E+01
1978.6666333    -6.45953000000000E+01
1978.7500333    -7.84778000000000E+01
1978.8333333    -6.90531000000000E+01
1978.9166333    -5.21669000000000E+01
1979.0000333    -2.65114000000000E+01
1979.0833333    -2.22409000000000E+01
1979.1666333    -7.73980000000000E+00
1979.2500333    -3.50077000000000E+01
1979.3333333    -4.76606000000000E+01
1979.4166333    -5.57752000000000E+01
1979.5000333    -5.86589000000000E+01
1979.5833333    -6.20815000000000E+01
1979.6666333    -7.95811000000000E+01
1979.7500333    -8.40036000000000E+01
1979.8333333    -7.95035000000000E+01
1979.9166333    -7.95419000000000E+01
1980.0000333    -6.85802000000000E+01
1980.0833333    -8.44651000000000E+01
1980.1666333    -8.58116000000000E+01
1980.2500333    -8.54656000000000E+01
1980.3333333    -7.44278000000000E+01
1980.4166333    -4.62362000000000E+01
1980.5000333    -3.29676000000000E+01
1980.5833333    -5.23780000000000E+00
1980.6666333    4.26110000000000E+00
1980.7500333    1.86832000000000E+01
1980.8333333    1.87972000000000E+01
1980.9166333    3.46803000000000E+01
1981.0000333    4.74098000000000E+01
1981.0833333    5.64464000000000E+01
1981.1666333    5.33292000000000E+01
1981.2500333    5.94429000000000E+01
1981.3333333    7.36330000000000E+01
1981.4166333    8.97462000000000E+01
1981.5000333    6.06287000000000E+01
1981.5833333    2.91262000000000E+01
1981.6666333    7.00810000000000E+00
1981.7500333    2.16595000000000E+01
1981.8333333    3.80028000000000E+01
1981.9166333    4.25767000000000E+01
1982.0000333    3.69969000000000E+01
1982.0833333    3.05706000000000E+01
1982.1666333    3.25287000000000E+01
1982.2500333    2.33332000000000E+01
1982.3333333    2.00603000000000E+01
1982.4166333    1.20950000000000E+01
1982.5000333    2.73607000000000E+01
1982.5833333    4.90105000000000E+01
1982.6666333    5.49679000000000E+01
1982.7500333    5.42331000000000E+01
1982.8333333    3.83441000000000E+01
1982.9166333    3.12242000000000E+01
1983.0000333    4.01814000000000E+01
1983.0833333    4.53689000000000E+01
1983.1666333    5.44025000000000E+01
1983.2500333    6.94362000000000E+01
1983.3333333    1.08238700000000E+02
1983.4166333    1.12887300000000E+02
1983.5000333    1.24074500000000E+02
1983.5833333    7.37228000000000E+01
1983.6666333    3.00633000000000E+01
1983.7500333    1.27886000000000E+01
1983.8333333    2.51340000000000E+00
1983.9166333    9.69970000000000E+00
1984.0000333    2.45015000000000E+01
1984.0833333    2.09183000000000E+01
1984.1666333    2.79503000000000E+01
1984.2500333    3.56749000000000E+01
1984.3333333    5.93740000000000E+00
1984.4166333    -2.13386000000000E+01
1984.5000333    -4.64606000000000E+01
1984.5833333    -8.72753000000000E+01
1984.6666333    -9.82441000000000E+01
1984.7500333    -8.24434000000000E+01
1984.8333333    -7.74893000000000E+01
1984.9166333    -6.50737000000000E+01
1985.0000333    -5.61196000000000E+01
1985.0833333    -6.07812000000000E+01
1985.1666333    -4.12122000000000E+01
1985.2500333    -3.97200000000000E+01
1985.3333333    -4.40743000000000E+01
1985.4166333    -3.27365000000000E+01
1985.5000333    -2.11677000000000E+01
1985.5833333    -3.22147000000000E+01
1985.6666333    -4.34157000000000E+01
1985.7500333    -3.94627000000000E+01
1985.8333333    -4.24332000000000E+01
1985.9166333    -3.75576000000000E+01
1986.0000333    -3.02203000000000E+01
1986.0833333    -3.34220000000000E+01
1986.1666333    -2.19314000000000E+01
1986.2500333    -2.62099000000000E+01
1986.3333333    -1.51811000000000E+01
1986.4166333    -2.76790000000000E+00
1986.5000333    -1.92775000000000E+01
1986.5833333    -3.03261000000000E+01
1986.6666333    -2.99132000000000E+01
1986.7500333    -2.68847000000000E+01
1986.8333333    -1.54721000000000E+01
1986.9166333    -6.36730000000000E+00
1987.0000333    2.81460000000000E+00
1987.0833333    9.14990000000000E+00
1987.1666333    2.24082000000000E+01
1987.2500333    6.82050000000000E+00
1987.3333333    -4.92150000000000E+00
1987.4166333    -1.93559000000000E+01
1987.5000333    -2.50978000000000E+01
1987.5833333    -1.26094000000000E+01
1987.6666333    -1.27365000000000E+01
1987.7500333    4.21350000000000E+00
1987.8333333    6.77850000000000E+00
1987.9166333    4.49710000000000E+00
1988.0000333    6.77500000000000E-01
1988.0833333    1.00113000000000E+01
1988.1666333    9.11430000000000E+00
1988.2500333    2.14040000000000E+00
1988.3333333    7.93540000000000E+00
1988.4166333    2.54995000000000E+01
1988.5000333    5.05253000000000E+01
1988.5833333    6.97045000000000E+01
1988.6666333    8.43451000000000E+01
1988.7500333    8.05244000000000E+01
1988.8333333    8.81647000000000E+01
1988.9166333    1.00343400000000E+02
1989.0000333    1.08830000000000E+02
1989.0833333    1.28777700000000E+02
1989.1666333    1.18186800000000E+02
1989.2500333    1.17903800000000E+02
1989.3333333    1.17543400000000E+02
1989.4166333    1.22029000000000E+02
1989.5000333    1.24822500000000E+02
1989.5833333    1.25077200000000E+02
1989.6666333    1.29331700000000E+02
1989.7500333    1.20047900000000E+02
1989.8333333    1.17532900000000E+02
1989.9166333    1.11633100000000E+02
1990.0000333    1.23425900000000E+02
1990.0833333    1.26449000000000E+02
1990.1666333    1.21087400000000E+02
1990.2500333    1.31341300000000E+02
1990.3333333    1.25440900000000E+02
1990.4166333    1.20078900000000E+02
1990.5000333    1.20640100000000E+02
1990.5833333    8.60471000000000E+01
1990.6666333    3.53001000000000E+01
1990.7500333    -1.86776000000000E+01
1990.8333333    -3.79633000000000E+01
1990.9166333    -2.85568000000000E+01
1991.0000333    -2.01502000000000E+01
1991.0833333    -2.42825000000000E+01
1991.1666333    -2.41841000000000E+01
1991.2500333    -2.68548000000000E+01
1991.3333333    -3.58336000000000E+01
1991.4166333    -3.18894000000000E+01
1991.5000333    -9.56040000000000E+00
1991.5833333    -1.03858000000000E+01
1991.6666333    1.10195000000000E+01
1991.7500333    2.75789000000000E+01
1991.8333333    3.68301000000000E+01
1991.9166333    3.00043000000000E+01
1992.0000333    2.24094000000000E+01
1992.0833333    2.74295000000000E+01
1992.1666333    2.82186000000000E+01
1992.2500333    1.41618000000000E+01
1992.3333333    1.85661000000000E+01
1992.4166333    2.55857000000000E+01
1992.5000333    3.39131000000000E+01
1992.5833333    2.85478000000000E+01
1992.6666333    1.59517000000000E+01
1992.7500333    -6.02900000000000E+00
1992.8333333    -2.23947000000000E+01
1992.9166333    -2.01451000000000E+01
1993.0000333    9.33540000000000E+00
1993.0833333    2.38925000000000E+01
1993.1666333    1.02955000000000E+01
1993.2500333    -1.44551000000000E+01
1993.3333333    -2.63600000000000E+01
1993.4166333    -3.68035000000000E+01
1993.5000333    -3.87852000000000E+01
1993.5833333    -6.36136000000000E+01
1993.6666333    -8.32882000000000E+01
1993.7500333    -8.56550000000000E+01
1993.8333333    -8.81760000000000E+01
1993.9166333    -6.00049000000000E+01
1994.0000333    -6.43720000000000E+01
1994.0833333    -8.31242000000000E+01
1994.1666333    -9.39534000000000E+01
1994.2500333    -8.44748000000000E+01
1994.3333333    -6.40735000000000E+01
1994.4166333    -2.52877000000000E+01
1994.5000333    -7.50180000000000E+00
1994.5833333    1.03607000000000E+01
1994.6666333    3.32999000000000E+01
1994.7500333    5.02393000000000E+01
1994.8333333    5.12552000000000E+01
1994.9166333    6.52710000000000E+01
1995.0000333    5.60562000000000E+01
1995.0833333    5.42256000000000E+01
1995.1666333    5.15487000000000E+01
1995.2500333    5.87181000000000E+01
1995.3333333    6.35025000000000E+01
1995.4166333    4.65176000000000E+01
1995.5000333    5.45580000000000E+00
1995.5833333    -4.19140000000000E+01
1995.6666333    -9.78224000000000E+01
1995.7500333    -1.33576800000000E+02
1995.8333333    -1.59793200000000E+02
1995.9166333    -1.59625100000000E+02
1996.0000333    -1.49533700000000E+02
1996.0833333    -1.59673500000000E+02
1996.1666333    -1.72659600000000E+02
1996.2500333    -1.71953200000000E+02
1996.3333333    -1.62631900000000E+02
1996.4166333    -1.72849100000000E+02
1996.5000333    -1.65450800000000E+02
1996.5833333    -1.31976000000000E+02
1996.6666333    -9.29629000000000E+01
1996.7500333    -5.26419000000000E+01
1996.8333333    -3.51675000000000E+01
1996.9166333    -3.20778000000000E+01
1997.0000333    -4.12187000000000E+01
1997.0833333    -6.07446000000000E+01
1997.1666333    -3.98092000000000E+01
1997.2500333    -2.18120000000000E+00
1997.3333333    2.29250000000000E+00
1997.4166333    -2.49263000000000E+01
1997.5000333    -1.93757000000000E+01
1997.5833333    3.48220000000000E+00
1997.6666333    8.26310000000000E+00
1997.7500333    -1.81866000000000E+01
1997.8333333    -3.83291000000000E+01
1997.9166333    -3.59332000000000E+01
1998.0000333    -1.46910000000000E+01
1998.0833333    1.33969000000000E+01
1998.1666333    2.95616000000000E+01
1998.2500333    1.68034000000000E+01
1998.3333333    1.28141000000000E+01
1998.4166333    1.99015000000000E+01
1998.5000333    4.31429000000000E+01
1998.5833333    5.37685000000000E+01
1998.6666333    3.75479000000000E+01
1998.7500333    2.10197000000000E+01
1998.8333333    2.78757000000000E+01
1998.9166333    3.02701000000000E+01
1999.0000333    2.67415000000000E+01
1999.0833333    9.28950000000000E+00
1999.1666333    -1.73165000000000E+01
1999.2500333    -1.69993000000000E+01
1999.3333333    -1.71440000000000E+01
1999.4166333    -4.90430000000000E+00
1999.5000333    8.87410000000000E+00
1999.5833333    2.25751000000000E+01
1999.6666333    2.41991000000000E+01
1999.7500333    1.61310000000000E+01
1999.8333333    1.52400000000000E+00
1999.9166333    1.59168000000000E+01
2000.0000333    3.66944000000000E+01
2000.0833333    4.72409000000000E+01
2000.1666333    4.01718000000000E+01
2000.2500333    3.75644000000000E+01
2000.3333333    3.19567000000000E+01
2000.4166333    4.19641000000000E+01
2000.5000333    1.34333000000000E+01
2000.5833333    -1.02518000000000E+01
2000.6666333    -4.61678000000000E+01
2000.7500333    -7.63143000000000E+01
2000.8333333    -7.61537000000000E+01
2000.9166333    -5.60700000000000E+01
2001.0000333    -6.36785000000000E+01
2001.0833333    -7.32874000000000E+01
2001.1666333    -6.88195000000000E+01
2001.2500333    -5.87361000000000E+01
2001.3333333    -2.37300000000000E+01
2001.4166333    -1.91087000000000E+01
2001.5000333    -1.26410000000000E+01
2001.5833333    2.26724000000000E+01
2001.6666333    5.46780000000000E+01
2001.7500333    5.48376000000000E+01
2001.8333333    5.55352000000000E+01
2001.9166333    5.83866000000000E+01
2002.0000333    6.02381000000000E+01
2002.0833333    5.30123000000000E+01
2002.1666333    3.92479000000000E+01
2002.2500333    1.73298000000000E+01
2002.3333333    1.12574000000000E+01
2002.4166333    -4.22766000000000E+01
2002.5000333    -4.68873000000000E+01
2002.5833333    -6.84216000000000E+01
2002.6666333    -1.22340600000000E+02
2002.7500333    -1.59874800000000E+02
2002.8333333    -1.55563300000000E+02
2002.9166333    -1.40175000000000E+02
2003.0000333    -1.29786500000000E+02
2003.0833333    -1.32167700000000E+02
2003.1666333    -1.19241300000000E+02
2003.2500333    -1.01160900000000E+02
2003.3333333    -9.34655000000000E+01
2003.4166333    -7.82318000000000E+01
2003.5000333    -4.41518000000000E+01
2003.5833333    -3.53799000000000E+01
2003.6666333    -3.39158000000000E+01
2003.7500333    -2.57592000000000E+01
2003.8333333    -2.11415000000000E+01
2003.9166333    -9.83160000000000E+00
2004.0000333    1.24760000000000E+00
2004.0833333    -5.36580000000000E+00
2004.1666333    1.40520000000000E+00
2004.2500333    9.56100000000000E+00
2004.3333333    1.06395000000000E+01
2004.4166333    3.44871000000000E+01
2004.5000333    6.27194000000000E+01
2004.5833333    6.65668000000000E+01
2004.6666333    4.29524000000000E+01
2004.7500333    3.07998000000000E+01
2004.8333333    3.38006000000000E+01
2004.9166333    4.39551000000000E+01
2005.0000333    4.22636000000000E+01
2005.0833333    4.14948000000000E+01
2005.1666333    4.57259000000000E+01
2005.2500333    2.97264000000000E+01
2005.3333333    2.61110000000000E+01
2005.4166333    2.04955000000000E+01
2005.5000333    -1.44275000000000E+01
2005.5833333    -6.29663000000000E+01
2005.6666333    -9.10436000000000E+01
2005.7500333    -7.82747000000000E+01
2005.8333333    -7.08139000000000E+01
2005.9166333    -6.21224000000000E+01
2006.0000333    -7.22000000000000E+01
2006.0833333    -7.80473000000000E+01
2006.1666333    -8.58177000000000E+01
2006.2500333    -8.02034000000000E+01
2006.3333333    -4.92049000000000E+01
2006.4166333    -2.75911000000000E+01
2006.5000333    1.25613000000000E+01
2006.5833333    3.97133000000000E+01
2006.6666333    5.47883000000000E+01
2006.7500333    7.63249000000000E+01
2006.8333333    8.10150000000000E+01
2006.9166333    8.79357000000000E+01
2007.0000333    1.02087400000000E+02
2007.0833333    1.17777100000000E+02
2007.1666333    1.39312800000000E+02
2007.2500333    1.35156400000000E+02
2007.3333333    1.40999600000000E+02
2007.4166333    1.28996500000000E+02
2007.5000333    1.11839700000000E+02
2007.5833333    8.90671000000000E+01
2007.6666333    1.02986700000000E+02
2007.7500333    9.31372000000000E+01
2007.8333333    7.88258000000000E+01
2007.9166333    6.88219000000000E+01
2008.0000333    7.81259000000000E+01
2008.0833333    7.21987000000000E+01
2008.1666333    5.50406000000000E+01
2008.2500333    5.18827000000000E+01
2008.3333333    7.02628000000000E+01
2008.4166333    6.90274000000000E+01
2008.5000333    5.63306000000000E+01
2008.5833333    3.45565000000000E+01
2008.6666333    7.62850000000000E+00
2008.7500333    -3.38379000000000E+01
2008.8333333    -3.79201000000000E+01
2008.9166333    -2.36947000000000E+01
2009.0000333    -1.20076000000000E+01
2009.0833333    -1.51671000000000E+01
2009.1666333    -1.63267000000000E+01
2009.2500333    5.97540000000000E+00
2009.3333333    -1.94921000000000E+01
2009.4166333    -3.84213000000000E+01
2009.5000333    -7.38888000000000E+01
2009.5833333    -9.45106000000000E+01
2009.6666333    -8.75171000000000E+01
2009.7500333    -8.78312000000000E+01
2009.8333333    -7.39148000000000E+01
2009.9166333    -6.31525000000000E+01
2010.0000333    -6.60823000000000E+01
2010.0833333    -6.60894000000000E+01
2010.1666333    -6.55582000000000E+01
2010.2500333    -8.03346000000000E+01
2010.3333333    -8.01113000000000E+01
2010.4166333    -7.65805000000000E+01
2010.5000333    -7.82034000000000E+01
2010.5833333    -5.42882000000000E+01
2010.6666333    -4.84501000000000E+01
2010.7500333    -4.25349000000000E+01
2010.8333333    -4.53893000000000E+01
2010.9166333    -3.88592000000000E+01
2011.0000333    -3.70213000000000E+01
2011.0833333    -3.08761000000000E+01
2011.1666333    -2.21926000000000E+01
2011.2500333    -9.43200000000000E+00
2011.3333333    -5.90250000000000E+00
2011.4166333    1.53960000000000E+01
2011.5000333    5.32331000000000E+01
2011.5833333    4.61468000000000E+01
2011.6666333    4.81373000000000E+01
2011.7500333    6.49741000000000E+01
2011.8333333    5.67335000000000E+01
2011.9166333    6.90313000000000E+01
2012.0000333    6.86369000000000E+01
2012.0833333    6.89344000000000E+01
2012.1666333    8.30011000000000E+01
2012.2500333    8.84525000000000E+01
2012.3333333    8.71342000000000E+01
2012.4166333    9.04313000000000E+01
2012.5000333    5.18823000000000E+01
2012.5833333    1.46406000000000E+01
2012.6666333    -6.37040000000000E+00
2012.7500333    -2.73044000000000E+01
2012.8333333    -3.83926000000000E+01
2012.9166333    -3.90194000000000E+01
2013.0000333    -4.24153000000000E+01
2013.0833333    -4.67347000000000E+01
2013.1666333    -4.95926000000000E+01
2013.2500333    -7.77581000000000E+01
2013.3333333    -7.86933000000000E+01
2013.4166333    -6.72439000000000E+01
2013.5000333    -5.97944000000000E+01
2013.5833333    -7.21914000000000E+01
2013.6666333    -6.85117000000000E+01
2013.7500333    -4.59856000000000E+01
2013.8333333    -3.68446000000000E+01
2013.9166333    -3.64729000000000E+01
2014.0000333    -3.68703000000000E+01
2014.0833333    -3.60373000000000E+01
2014.1666333    -4.42814000000000E+01
2014.2500333    -4.93715000000000E+01
2014.3333333    -4.60774000000000E+01
2014.4166333    -6.04757000000000E+01
2014.5000333    -5.57969000000000E+01
2014.5833333    -5.15801000000000E+01
2014.6666333    -3.79018000000000E+01
2014.7500333    -3.21465000000000E+01
2014.8333333    -1.96993000000000E+01
2014.9166333    -9.84000000000000E-02
2015.0000333    1.84258000000000E+01
2015.0833333    2.11803000000000E+01
2015.1666333    1.70117000000000E+01
2015.2500333    1.10739000000000E+01
2015.3333333    2.88281000000000E+01
2015.4166333    7.00436000000000E+01
2015.5000333    6.54901000000000E+01
2015.5833333    5.47054000000000E+01
2015.6666333    3.73053000000000E+01
2015.7500333    3.65975000000000E+01
2015.8333333    2.61201000000000E+01
2015.9166333    7.02730000000000E+00
2016.0000333    1.54990000000000E+00
2016.0833333    1.37990000000000E+00
2016.1666333    6.13280000000000E+00
2016.2500333    -7.26800000000000E+00
2016.3333333    1.10000000000000E+00
2016.4166333    1.31400000000000E+00
2016.5000333    -1.53179000000000E+01
2016.5833333    -2.47964000000000E+01
2016.6666333    -4.24289000000000E+01
2016.7500333    -2.85997000000000E+01
2016.8333333    -3.51555000000000E+01
2016.9166333    -2.20191000000000E+01
2017.0000333    -9.59500000000000E-01
2017.0833333    -1.05410000000000E+00
2017.1666333    -4.53350000000000E+00
2017.2500333    5.44880000000000E+00
2017.3333333    4.79691000000000E+01
2017.4166333    8.34894000000000E+01
2017.5000333    8.14713000000000E+01
2017.5833333    6.23759000000000E+01
2017.6666333    4.95881000000000E+01
2017.7500333    3.00311000000000E+01
2017.8333333    1.07815000000000E+01
2017.9166333    9.37790000000000E+00
2018.0000333    -7.94800000000000E-01
2018.0833333    -8.81400000000000E+00
2018.1666333    -9.67950000000000E+00
2018.2500333    1.99360000000000E+00
2018.3333333    -1.63337000000000E+01
2018.4166333    -4.72765000000000E+01
2018.5000333    -6.91423000000000E+01
2018.5833333    -8.00084000000000E+01
2018.6666333    -6.48747000000000E+01
2018.7500333    -5.32023000000000E+01
2018.8333333    -3.98381000000000E+01
2018.9166333    -3.23970000000000E+01
2019.0000333    -1.46482000000000E+01
2019.0833333    -1.58227000000000E+01
2019.1666333    -6.68980000000000E+00
2019.2500333    -4.02800000000000E-01
2019.3333333    -2.48855000000000E+01
2019.4166333    -5.67590000000000E+00
2019.5000333    2.76876000000000E+01
2019.5833333    5.62045000000000E+01
2019.6666333    7.34906000000000E+01
2019.7500333    6.41614000000000E+01
2019.8333333    8.22934000000000E+01
2019.9166333    8.08099000000000E+01
2020.0000333    9.60187000000000E+01
2020.0833333    9.03811000000000E+01
2020.1666333    9.98203000000000E+01
2020.2500333    8.67211000000000E+01
2020.3333333    9.10062000000000E+01
2020.4166333    9.95988000000000E+01
2020.5000333    8.71146000000000E+01
2020.5833333    4.60147000000000E+01
2020.6666333    8.45310000000000E+00
2020.7500333    -1.87760000000000E+00
2020.8333333    -6.05480000000000E+00
2020.9166333    -1.62322000000000E+01
2021.0000333    -1.58709000000000E+01
2021.0833333    -1.78947000000000E+01
2021.1666333    -2.39186000000000E+01
2021.2500333    -2.19424000000000E+01
2021.3333333    3.35000000000000E-02
2021.4166333    -1.19138000000000E+01
2021.5000333    -7.07200000000000E-01
2021.5833333    3.52683000000000E+01
2021.6666333    4.56282000000000E+01
2021.7500333    4.19883000000000E+01
2021.8333333    3.14250000000000E+01
2021.9166333    3.84769000000000E+01
2022.0000333    5.29135000000000E+01
2022.0833333    5.88113000000000E+01
2022.1666333    4.04013000000000E+01
2022.2500333    5.06837000000000E+01
2022.3333333    4.82735000000000E+01
2022.4166333    2.17862000000000E+01
2022.5000333    3.23759000000000E+01
2022.5833333    3.19652000000000E+01
2022.6666333    6.47750000000000E+00
2022.7500333    -3.93310000000000E+00
2022.8333333    -1.24210000000000E+01
2022.9166333    -1.85245000000000E+01
2023.0000333    -1.63201000000000E+01
2023.0833333    -9.19310000000000E+00
2023.1666333    -4.75850000000000E+00
2023.2500333    2.32148000000000E+01
2023.3333333    2.64953000000000E+01
2023.4166333    2.96988000000000E+01
2023.5000333    5.15178000000000E+01
2023.5833333    6.08748000000000E+01
2023.6666333    3.80779000000000E+01
2023.7500333    3.12812000000000E+01
2023.8333333    2.73302000000000E+01
2023.9166333    3.84560000000000E+01
2024.0000333    5.42742000000000E+01
2024.0833333    5.22459000000000E+01
2024.1666333    3.30636000000000E+01
2024.2500333    2.75738000000000E+01
2024.3333333    2.19297000000000E+01
2024.4166333    2.39779000000000E+01
2024.5000333    1.96543000000000E+01
2024.5833333    7.78030000000000E+00
2024.6666333    -1.78091000000000E+01
2024.7500333    -3.68510000000000E+00
2024.8333333    -4.20600000000000E+00
2024.9166333    3.19238000000000E+01
