1889.0000333    -217.693
1889.0833333    -175.729
1889.1666333    -165.194
1889.2500333    -174.658
1889.3333333    -153.214
1889.4166333    -121.922
1889.5000333    -103.053
1889.5833333    -111.749
1889.6666333    -117.368
1889.7500333    -121.448
1889.8333333    -130.143
1889.9166333    -108.84
1890.0000333    -75.9963
1890.0833333    -58.5385
1890.1666333    -69.5422
1890.2500333    -62.0837
1890.3333333    -53.0875
1890.4166333    -67.9374
1890.5000333    -93.5559
1890.5833333    -97.6366
1890.6666333    -94.0251
1890.7500333    -113.49
1890.8333333    -107.571
1890.9166333    -93.9591
1891.0000333    -100.347
1891.0833333    -122.889
1891.1666333    -123.124
1891.2500333    -127.204
1891.3333333    -140.516
1891.4166333    -126.905
1891.5000333    -129.446
1891.5833333    -130.451
1891.6666333    -168.378
1891.7500333    -181.689
1891.8333333    -156.539
1891.9166333    -146.005
1892.0000333    -127.777
1892.0833333    -116.474
1892.1666333    -95.1703
1892.2500333    -106.943
1892.3333333    -106.409
1892.4166333    -105.105
1892.5000333    -112.263
1892.5833333    -94.8056
1892.6666333    -75.8099
1892.7500333    -38.3521
1892.8333333    -25.5103
1892.9166333    -26.5146
1893.0000333    -28.2876
1893.0833333    -31.5997
1893.1666333    -17.2195
1893.2500333    -14.3771
1893.3333333    16.9261
1893.4166333    40.537
1893.5000333    52.6101
1893.5833333    80.8363
1893.6666333    80.601
1893.7500333    44.2125
1893.8333333    17.8233
1893.9166333    0.6648
1894.0000333    2.7378
1894.0833333    18.6562
1894.1666333    9.9592
1894.2500333    -25.6602
1894.3333333    -34.3572
1894.4166333    -42.285
1894.5000333    -76.366
1894.5833333    -113.525
1894.6666333    -155.299
1894.7500333    -167.072
1894.8333333    -160.385
1894.9166333    -151.389
1895.0000333    -127.009
1895.0833333    -125.706
1895.1666333    -120.557
1895.2500333    -105.408
1895.3333333    -71.7972
1895.4166333    -75.8791
1895.5000333    -79.1911
1895.5833333    -46.35
1895.6666333    -11.2012
1895.7500333    7.0252
1895.8333333    11.4048
1895.9166333    27.3228
1896.0000333    49.3952
1896.0833333    49.1593
1896.1666333    50.4619
1896.2500333    50.2266
1896.3333333    47.6829
1896.4166333    20.5239
1896.5000333    4.1347
1896.5833333    -8.409
1896.6666333    -37.8758
1896.7500333    -45.0343
1896.8333333    -51.4242
1896.9166333    -51.6603
1897.0000333    -38.8188
1897.0833333    -48.2857
1897.1666333    -30.0604
1897.2500333    -17.9882
1897.3333333    -28.2244
1897.4166333    -18.4606
1897.5000333    22.8423
1897.5833333    61.0676
1897.6666333    63.9082
1897.7500333    63.6726
1897.8333333    62.667
1897.9166333    66.2768
1898.0000333    85.2719
1898.0833333    94.2663
1898.1666333    99.4145
1898.2500333    73.7941
1898.3333333    73.5577
1898.4166333    106.398
1898.5000333    130.778
1898.5833333    129.772
1898.6666333    122.612
1898.7500333    140.838
1898.8333333    153.678
1898.9166333    155.75
1899.0000333    160.898
1899.0833333    149.892
1899.1666333    137.348
1899.2500333    157.881
1899.3333333    196.106
1899.4166333    195.869
1899.5000333    153.326
1899.5833333    103.089
1899.6666333    68.2368
1899.7500333    40.3084
1899.8333333    24.687
1899.9166333    15.9886
1900.0000333    28.8293
1900.0833333    33.9771
1900.1666333    35.2787
1900.2500333    51.9655
1900.3333333    33.2671
1900.4166333    6.8763
1900.5000333    -1.0523
1900.5833333    10.2491
1900.6666333    16.9352
1900.7500333    21.3142
1900.8333333    12.6157
1900.9166333    10.0709
1901.0000333    12.1422
1901.0833333    3.4436
1901.1666333    -16.0243
1901.2500333    -20.107
1901.3333333    -45.7287
1901.4166333    -55.1967
1901.5000333    -40.8179
1901.5833333    -38.7474
1901.6666333    -55.1384
1901.7500333    -67.6828
1901.8333333    -77.92
1901.9166333    -68.1573
1902.0000333    -59.9325
1902.0833333    -40.939
1902.1666333    -31.1764
1902.2500333    -22.9516
1902.3333333    -20.8813
1902.4166333    -14.9648
1902.5000333    -1.3555
1902.5833333    16.0994
1902.6666333    42.785
1902.7500333    74.8558
1902.8333333    94.6183
1902.9166333    105.919
1903.0000333    123.375
1903.0833333    140.829
1903.1666333    149.822
1903.2500333    140.355
1903.3333333    158.579
1903.4166333    162.187
1903.5000333    170.412
1903.5833333    140.943
1903.6666333    83.7825
1903.7500333    44.3146
1903.8333333    24.8461
1903.9166333    24.6083
1904.0000333    38.2173
1904.0833333    41.0564
1904.1666333    12.357
1904.2500333    -2.4956
1904.3333333    10.3435
1904.4166333    13.1825
1904.5000333    23.7145
1904.5833333    38.8611
1904.6666333    44.0078
1904.7500333    53.0012
1904.8333333    59.6863
1904.9166333    49.4483
1905.0000333    53.8263
1905.0833333    49.7421
1905.1666333    51.0425
1905.2500333    54.6512
1905.3333333    43.6438
1905.4166333    54.9442
1905.5000333    53.9374
1905.5833333    52.1608
1905.6666333    37.3072
1905.7500333    50.1465
1905.8333333    43.7545
1905.9166333    42.747
1906.0000333    60.2017
1906.0833333    62.271
1906.1666333    55.8789
1906.2500333    47.1797
1906.3333333    35.4028
1906.4166333    57.4722
1906.5000333    42.619
1906.5833333    31.6114
1906.6666333    27.5268
1906.7500333    5.7505
1906.8333333    -0.6418
1906.9166333    12.1966
1907.0000333    15.8049
1907.0833333    30.951
1907.1666333    53.7893
1907.2500333    51.2437
1907.3333333    44.8513
1907.4166333    42.305
1907.5000333    23.6054
1907.5833333    31.8283
1907.6666333    9.2819
1907.7500333    -27.11
1907.8333333    -23.5025
1907.9166333    -22.972
1908.0000333    -28.5948
1908.0833333    -29.6028
1908.1666333    -42.9185
1908.2500333    -71.6182
1908.3333333    -78.7801
1908.4166333    -67.4805
1908.5000333    -32.3341
1908.5833333    -34.8807
1908.6666333    -72.0427
1908.7500333    -78.4348
1908.8333333    -64.0584
1908.9166333    -58.9128
1909.0000333    -45.305
1909.0833333    -17.0825
1909.1666333    -9.6292
1909.2500333    -2.1753
1909.3333333    1.4318
1909.4166333    21.9619
1909.5000333    40.9542
1909.5833333    42.2535
1909.6666333    44.3221
1909.7500333    61.7758
1909.8333333    78.4597
1909.9166333    80.5282
1910.0000333    81.8281
1910.0833333    65.435
1910.1666333    42.1188
1910.2500333    39.5724
1910.3333333    19.3331
1910.4166333    6.7861
1910.5000333    8.855
1910.5833333    -9.0766
1910.6666333    -22.393
1910.7500333    -28.7856
1910.8333333    -33.6404
1910.9166333    -35.4183
1911.0000333    -18.7341
1911.0833333    -22.0505
1911.1666333    -0.7516
1911.2500333    4.3942
1911.3333333    21.0777
1911.4166333    24.6843
1911.5000333    39.0607
1911.5833333    23.4364
1911.6666333    13.966
1911.7500333    10.6501
1911.8333333    11.1797
1911.9166333    24.7861
1912.0000333    27.624
1912.0833333    16.615
1912.1666333    25.606
1912.2500333    9.213
1912.3333333    23.5886
1912.4166333    29.5026
1912.5000333    39.5711
1912.5833333    41.1005
1912.6666333    69.3991
1912.7500333    69.0829
1912.8333333    54.3045
1912.9166333    65.3723
1913.0000333    61.9791
1913.0833333    73.7391
1913.1666333    63.7299
1913.2500333    49.1059
1913.3333333    74.3274
1913.4166333    96.5489
1913.5000333    85.771
1913.5833333    100.839
1913.6666333    92.9831
1913.7500333    65.4359
1913.8333333    76.2727
1913.9166333    86.8786
1914.0000333    80.0237
1914.0833333    73.7066
1914.1666333    67.9279
1914.2500333    82.4575
1914.3333333    89.0633
1914.4166333    89.5923
1914.5000333    40.7372
1914.5833333    12.343
1914.6666333    -23.2819
1914.7500333    -19.0601
1914.8333333    -19.1467
1914.9166333    -25.6948
1915.0000333    -21.6269
1915.0833333    -15.4828
1915.1666333    -17.4925
1915.2500333    -41.8092
1915.3333333    -63.7421
1915.4166333    -72.598
1915.5000333    -83.0687
1915.5833333    -63.7708
1915.6666333    -79.9345
1915.7500333    -81.7129
1915.8333333    -101.877
1915.9166333    -109.656
1916.0000333    -114.204
1916.0833333    -122.829
1916.1666333    -124.377
1916.2500333    -111.31
1916.3333333    -82.6273
1916.4166333    -69.0988
1916.5000333    -65.8005
1916.5833333    -90.7337
1916.6666333    -121.898
1916.7500333    -101.676
1916.8333333    -95.6864
1916.9166333    -85.0042
1917.0000333    -85.4753
1917.0833333    -93.0239
1917.1666333    -77.9571
1917.2500333    -50.9667
1917.3333333    -40.8231
1917.4166333    -17.2949
1917.5000333    0.6186
1917.5833333    12.1467
1917.6666333    12.8287
1917.7500333    12.5883
1917.8333333    -7.6529
1917.9166333    2.7983
1918.0000333    11.4809
1918.0833333    19.5474
1918.1666333    52.3062
1918.2500333    61.0656
1918.3333333    43.6705
1918.4166333    25.8139
1918.5000333    -9.6575
1918.5833333    -38.5142
1918.6666333    -57.2171
1918.7500333    -48.9193
1918.8333333    -44.853
1918.9166333    -17.7097
1919.0000333    -18.0274
1919.0833333    -1.0381
1919.1666333    26.4897
1919.2500333    11.3258
1919.3333333    -22.7618
1919.4166333    -33.0802
1919.5000333    -12.9365
1919.5833333    9.5143
1919.6666333    46.6573
1919.7500333    57.801
1919.8333333    69.5594
1919.9166333    85.1639
1920.0000333    95.9229
1920.0833333    102.297
1920.1666333    86.7473
1920.2500333    41.5062
1920.3333333    43.4953
1920.4166333    46.9458
1920.5000333    58.4739
1920.5833333    44.6168
1920.6666333    43.0673
1920.7500333    24.7492
1920.8333333    26.0458
1920.9166333    22.5732
1921.0000333    36.1011
1921.0833333    43.9362
1921.1666333    48.7712
1921.2500333    57.2991
1921.3333333    85.211
1921.4166333    94.5075
1921.5000333    111.651
1921.5833333    103.409
1921.6666333    107.09
1921.7500333    94.8483
1921.8333333    78.6832
1921.9166333    92.7487
1921.9999663    0.0
1922.0833003    0.0
1922.1666333    0.0
1922.2499663    0.0
1922.3333003    0.0
1922.4166333    110.143
1922.5000333    124.44
1922.5833333    110.275
1922.6666333    65.1862
1922.7500333    19.9446
1922.8333333    11.5484
1922.9166333    8.3061
1923.0000333    13.449
1923.0833333    23.4373
1923.1666333    33.8103
1923.2500333    55.107
1923.3333333    91.3261
1923.4166333    94.4683
1923.5000333    69.611
1923.5833333    39.1378
1923.6666333    46.3568
1923.7500333    79.6533
1923.8333333    125.795
1923.9166333    130.245
1923.9999663    0.0
1924.0833003    0.0
1924.1666333    0.0
1924.2499663    0.0
1924.3333333    125.802
1924.4166333    134.637
1924.5000333    161.318
1924.5833333    173.152
1924.6666333    135.601
1924.7500333    103.667
1924.8333333    73.5779
1924.9166333    78.2582
1925.0000333    80.3237
1925.0833333    68.0039
1925.1666333    79.9918
1925.2500333    79.5188
1925.3333333    76.7374
1925.4166333    72.0329
1925.5000333    49.5598
1925.5833333    -8.2216
1925.6666333    -32.4646
1925.7500333    -27.5532
1925.8333333    -35.8731
1925.9166333    -28.6547
1926.0000333    -31.3587
1926.0833333    -21.4479
1926.1666333    -2.2295
1926.2500333    -15.6258
1926.3333333    -21.0998
1926.4166333    -15.8814
1926.5000333    -4.2778
1926.5833333    -2.4441
1926.6666333    2.7742
1926.7500333    -1.8531
1926.8333333    9.7498
1926.9166333    38.8911
1927.0000333    43.033
1927.0833333    45.482
1927.1666333    46.1617
1927.2500333    41.7651
1927.3333333    49.9063
1927.4166333    23.3552
1927.5000333    18.4201
1927.5833333    12.2536
1927.6666333    -12.6822
1927.7500333    -22.3866
1927.8333333    -47.3994
1927.9166333    -48.2583
1928.0000333    -33.5782
1928.0833333    -18.7448
1928.1666333    -8.9884
1928.2500333    -10.2314
1928.3333333    -18.7827
1928.4166333    -13.7187
1928.5000333    -7.2694
1928.5833333    -39.0516
1928.6666333    -62.1415
1928.7500333    -51.7692
1928.8333333    -40.1668
1928.9166333    -15.1798
1929.0000333    -8.8845
1929.0833333    -22.1284
1929.1666333    -20.8337
1929.2500333    -5.7693
1929.3333333    11.4484
1929.4166333    28.3583
1929.5000333    44.7304
1929.5833333    50.3326
1929.6666333    75.0887
1929.7500333    64.6146
1929.8333333    58.6013
1929.9166333    58.0496
1930.0000333    48.7293
1930.0833333    39.8698
1930.1666333    10.395
1930.2500333    0.9207
1930.3333333    8.7535
1930.4166333    -1.4137
1930.5000333    -24.7341
1930.5833333    -66.0552
1930.6666333    -74.5302
1930.7500333    -86.8507
1930.8333333    -78.018
1930.9166333    -56.4931
1931.0000333    -34.3521
1931.0833333    -21.4426
1931.1666333    -25.1484
1931.2500333    12.7617
1931.3333333    21.7481
1931.4166333    -28.1117
1931.5000333    -47.1247
1931.5833333    -45.5229
1931.6666333    -28.9212
1931.7500333    11.1426
1931.8333333    42.9751
1931.9166663    0.0
1932.0000003    0.0
1932.0833333    0.0
1932.1666663    0.0
1932.2500003    0.0
1932.3333333    70.6629
1932.4166333    90.1875
1932.5000333    87.6358
1932.5833333    86.0834
1932.6666333    76.9926
1932.7500333    56.2101
1932.8333333    26.9653
1932.9166333    24.336
1933.0000333    37.3995
1933.0833333    50.1548
1933.1666333    29.9869
1933.2500333    2.8965
1933.3333333    -18.5791
1933.4166333    -43.9778
1933.5000333    -43.4528
1933.5833333    -35.1593
1933.6666333    -39.0196
1933.7500333    -51.9562
1933.8333333    -56.8935
1933.9166333    -37.9077
1934.0000333    -25.8443
1934.0833333    -26.1663
1934.1666333    -39.719
1934.2500333    -4.6558
1934.3333333    14.1761
1934.4166333    35.1617
1934.5000333    34.2249
1934.5833333    11.1336
1934.6666333    -1.7269
1934.7500333    -1.6638
1934.8333333    23.1679
1934.9166333    50.2304
1934.9999663    0.0
1935.0833003    0.0
1935.1666333    0.0
1935.2499663    0.0
1935.3333333    68.0053
1935.4166333    85.5291
1935.5000333    54.5152
1935.5833333    45.8083
1935.6666333    26.3321
1935.7500333    18.6258
1935.8333333    -2.6966
1935.9166333    11.2887
1935.9999663    0.0
1936.0833003    0.0
1936.1666333    0.0
1936.2499663    0.0
1936.3333333    36.7546
1936.4166333    70.8168
1936.5000333    87.341
1936.5833333    63.9415
1936.6666333    16.8497
1936.7500333    -24.1645
1936.8333333    -48.7179
1936.9166333    -20.9636
1937.0000333    -16.2856
1937.0833333    -26.9929
1937.1666333    -26.6233
1937.2500333    -16.4838
1937.3333333    -15.0373
1937.4166333    -55.6678
1937.5000333    -91.2976
1937.5833333    -89.9281
1937.6666333    -47.4816
1937.7500333    -6.9577
1937.8333333    13.7195
1937.9166333    35.8581
1938.0000333    42.9205
1938.0833333    48.4437
1938.1666333    54.1208
1938.2500333    23.26
1938.3333333    19.014
1938.4166333    20.7679
1938.5000333    36.8302
1938.5833333    13.661
1938.6666663    0.0
1938.7500003    0.0
1938.8333333    0.0
1938.9166663    0.0
1939.0000003    0.0
1939.0833333    0.0
1939.1666663    0.0
1939.2500333    -26.4605
1939.3333333    -44.6299
1939.4166333    -59.1839
1939.5000333    -63.5065
1939.5833333    -97.2144
1939.6666333    -120.769
1939.7500333    -133.937
1939.8333333    -154.876
1939.9166333    -144.122
1940.0000333    -142.907
1940.0833333    -125.999
1940.1666333    -99.2458
1940.2500333    -77.0301
1940.3333333    -51.6613
1940.4166333    -40.1386
1940.5000333    -61.6922
1940.5833333    -80.3234
1940.6666333    -71.8008
1940.7500333    -81.5853
1940.8333333    -92.4473
1940.9166333    -81.4632
1941.0000333    -73.94
1941.0833333    -73.4175
1941.1666333    -85.5104
1941.2500333    -117.141
1941.3333333    -128.849
1941.4166333    -127.865
1941.5000333    -150.112
1941.5833333    -157.512
1941.6666333    -155.682
1941.7500333    -155.467
1941.8333333    -149.637
1941.9166333    -131.499
1942.0000333    -115.745
1942.0833333    -108.608
1942.1666333    -95.8547
1942.2500333    -84.7165
1942.3333333    -65.9635
1942.4166333    -33.3644
1942.5000333    -38.7646
1942.5833333    -0.4732
1942.6666333    45.4335
1942.7500333    89.1871
1942.8333333    112.863
1942.9166333    126.924
1943.0000333    132.369
1943.0833333    140.891
1943.1666333    145.798
1943.2500333    151.013
1943.3333333    138.612
1943.4166333    138.595
1943.5000333    141.733
1943.5833333    166.024
1943.6666333    139.162
1943.7500333    108.684
1943.8333333    84.1292
1943.9166333    72.4972
1944.0000333    67.4812
1944.0833333    63.2338
1944.1666333    59.9863
1944.2500333    58.0472
1944.3333333    39.1843
1944.4166333    48.5522
1944.5000333    39.0745
1944.5833333    9.1347
1944.6666333    -9.3437
1944.7500333    -15.6676
1944.8333333    2.0079
1944.9166333    4.4526
1945.0000333    5.3594
1945.0833333    0.8041
1945.1666333    6.7102
1945.2499663    0.0
1945.3333333    -3.4
1945.4166333    -4.4939
1945.5000333    1.1052
1945.5833333    -12.8349
1945.6666333    -2.4674
1945.7500333    3.4393
1945.8333333    7.2684
1945.9166333    23.9436
1946.0000333    12.9271
1946.0833333    13.9869
1946.1666663    0.0
1946.2500333    -5.4315
1946.3333663    0.0
1946.4166333    -30.7736
1946.5000333    -25.4825
1946.5833663    0.0
1946.6666333    -7.8247
1946.7500333    -19.7645
1946.8333333    -28.7818
1946.9166663    0.0
1947.0000333    -28.2774
1947.0833333    -45.9871
1947.1666663    0.0
1947.2500003    0.0
1947.3333333    0.0
1947.4166663    0.0
1947.5000003    0.0
1947.5833333    0.0
1947.6666333    -48.4157
1947.7500333    -57.3557
1947.8333333    -79.9887
1947.9166333    -82.0062
1948.0000333    -80.1001
1948.0833333    -57.1177
1948.1666333    -3.2123
1948.2500333    17.9245
1948.3333333    23.9838
1948.4166333    56.2737
1948.5000333    87.872
1948.5833333    110.931
1948.6666333    119.99
1948.7500333    123.512
1948.8333333    127.802
1948.9166333    134.014
1949.0000333    136.151
1949.0833333    152.672
1949.1666333    155.5
1949.2500333    149.637
1949.3333333    122.157
1949.4166333    124.909
1949.5000333    100.66
1949.5833333    69.7962
1949.6666333    53.5475
1949.7500333    55.2993
1949.8333333    43.3582
1949.9166333    43.7247
1950.0000333    46.3227
1950.0833333    43.2276
1950.1666333    32.748
1950.2500333    59.2689
1950.3333333    46.8662
1950.4166333    54.6941
1950.5000333    24.0612
1950.5833333    6.4276
1950.6666333    -2.3599
1950.7500333    -6.2237
1950.8333333    -20.7804
1950.9166333    -2.6449
1951.0000333    0.0297
1951.0833333    7.0883
1951.1666333    18.3777
1951.2500333    24.1291
1951.3333663    0.0
1951.4166333    -1.7538
1951.5000333    14.1514
1951.5833333    -2.5593
1951.6666333    2.2683
1951.7500333    19.3274
1951.8333663    0.0
1951.9167003    0.0
1952.0000333    0.0
1952.0833663    0.0
1952.1667003    0.0
1952.2500333    0.0
1952.3333663    0.0
1952.4167003    0.0
1952.5000333    32.7003
1952.5833333    26.9124
1952.6666333    36.586
1952.7500333    34.7986
1952.8333333    17.9337
1952.9166333    -0.6235
1953.0000333    -7.7955
1953.0833333    -10.2759
1953.1666333    0.8591
1953.2500333    -3.4668
1953.3333333    19.8989
1953.4166333    43.1108
1953.5000333    40.4002
1953.5833333    16.3812
1953.6666333    -7.6377
1953.7500333    -23.8099
1953.8333333    -56.1366
1953.9166333    -51.771
1954.0000333    -32.6356
1954.0833333    -24.1931
1954.1666333    -15.366
1954.2500333    -5.3845
1954.3333333    6.1348
1954.4166333    11.6542
1954.5000333    2.0972
1954.5833333    -0.6143
1954.6666333    11.828
1954.7500333    27.194
1954.8333333    48.3286
1954.9166333    73.6171
1955.0000333    76.5984
1955.0833333    64.1945
1955.1666333    57.5598
1955.2500333    52.2334
1955.3333333    32.7525
1955.4166333    33.4254
1955.5000333    29.6374
1955.5833333    -3.2282
1955.6666333    -15.7861
1955.7500333    -22.4972
1955.8333333    -11.5936
1955.9166333    -16.6131
1956.0000333    -24.1705
1956.0833333    -16.4977
1956.1666333    -7.4404
1956.2500333    5.8484
1956.3333333    -18.7866
1956.4166333    -6.037
1956.5000333    -20.9022
1956.5833333    -32.5372
1956.6666333    -24.7877
1956.7500333    -27.1144
1956.8333333    -19.288
1956.9166333    -23.0001
1957.0000333    -27.7884
1957.0833333    -17.039
1957.1666333    -12.5203
1957.2500333    11.6913
1957.3333333    17.8253
1957.4166333    40.8054
1957.5000333    34.5554
1957.5833333    27.7662
1957.6666333    8.2848
1957.7500333    -2.1191
1957.8333333    17.8609
1957.9166333    22.764
1958.0000333    27.0523
1958.0833333    37.1092
1958.1666333    25.0892
1958.2500333    19.6851
1958.3333333    1.2804
1958.4166333    -22.5089
1958.5000333    -29.6053
1958.5833333    -35.3947
1958.6666333    -35.338
1958.7500333    -34.3575
1958.8333333    -29.07
1958.9166333    -31.4749
1959.0000333    -25.6483
1959.0833333    -38.7455
1959.1666333    -46.9196
1959.2500333    -45.247
1959.3333333    -52.3443
1959.4166333    -78.98
1959.5000333    -91.4613
1959.5833333    -111.405
1959.6666333    -147.579
1959.7500333    -170.676
1959.8333333    -170.158
1959.9166333    -152.255
1960.0000333    -153.736
1960.0833333    -151.911
1960.1666333    -143.47
1960.2500333    -166.336
1960.3333333    -177.203
1960.4166333    -166.916
1960.5000333    -158.705
1960.5833333    -135.033
1960.6666333    -103.438
1960.7500333    -64.1506
1960.8333333    -49.8636
1960.9166333    -33.0381
1961.0000333    -15.9813
1961.0833333    -0.1559
1961.1666333    13.5926
1961.2500333    21.8801
1961.3333333    60.167
1961.4166333    88.9923
1961.5000333    105.664
1961.5833333    136.413
1961.6666333    138.546
1961.7500333    123.679
1961.8333333    122.428
1961.9166333    147.407
1962.0000333    154.232
1962.0833333    139.596
1962.1666663    0.0
1962.2500003    0.0
1962.3333333    0.0
1962.4166333    135.513
1962.5000333    104.184
1962.5833333    83.7787
1962.6666333    44.2192
1962.7500333    21.0448
1962.8333333    1.0236
1962.9166333    -24.6899
1963.0000333    -29.3258
1963.0833333    -10.1932
1963.1666663    0.0
1963.2500333    -6.5428
1963.3333333    -12.0256
1963.4166663    0.0
1963.5000333    -12.4522
1963.5833333    -9.3966
1963.6666333    -34.7257
1963.7500333    -19.1311
1963.8333333    -0.8448
1963.9166333    37.3646
1964.0000333    52.3437
1964.0833333    61.4761
1964.1666663    0.0
1964.2500333    74.1261
1964.3333333    79.3353
1964.4166333    88.3907
1964.5000333    87.7544
1964.5833333    64.3482
1964.6666333    43.865
1964.7500333    42.2286
1964.8333333    71.207
1964.9166333    77.1084
1965.0000333    79.395
1965.0833333    69.758
1965.1666333    73.1208
1965.2499663    0.0
1965.3333003    0.0
1965.4166333    61.0562
1965.5000333    40.1119
1965.5833333    6.3978
1965.6666333    -35.8548
1965.7500333    -53.1068
1965.8333333    -43.3595
1965.9166333    -27.0737
1966.0000333    -18.4796
1966.0833333    -14.8093
1966.1666663    0.0
1966.2500333    -12.3141
1966.3333333    -10.49
1966.4166333    0.0265
1966.5000333    -0.6873
1966.5833333    31.4445
1966.6666333    43.4224
1966.7500333    69.324
1966.8333333    93.5327
1966.9166333    104.51
1967.0000333    109.951
1967.0833663    0.0
1967.1666333    133.06
1967.2499663    0.0
1967.3333333    145.324
1967.4166333    145.302
1967.5000333    145.588
1967.5833333    147.258
1967.6666333    143.389
1967.7500333    143.521
1967.8333333    101.114
1967.9166333    94.0919
1968.0000333    86.6855
1968.0833333    62.0477
1968.1666333    35.3329
1968.2500333    31.4649
1968.3333333    -7.4037
1968.4166333    -34.2724
1968.5000333    -62.1404
1968.5833333    -84.6245
1968.6666333    -123.955
1968.7500333    -148.592
1968.8333333    -173.845
1968.9166333    -175.714
1969.0000333    -160.198
1969.0833333    -167.451
1969.1666333    -156.012
1969.2500333    -113.727
1969.3333333    -76.2111
1969.4166333    -65.6184
1969.5000333    -86.7175
1969.5833333    -90.2788
1969.6666333    -92.0708
1969.7500333    -68.7084
1969.8333333    -62.5005
1969.9166333    -49.5233
1970.0000333    -24.4687
1970.0833333    -34.2608
1970.1666333    -17.3607
1970.2500333    -6.4599
1970.3333333    -11.0213
1970.4166333    -61.4289
1970.5000333    -85.0667
1970.5833333    -79.859
1970.6666333    -78.4205
1970.7500333    -58.1352
1970.8333333    -50.0045
1970.9166663    0.0
1971.0000003    0.0
1971.0833333    0.0
1971.1666333    -36.1733
1971.2500333    -5.1189
1971.3333333    6.5502
1971.4166333    0.9115
1971.5000333    -32.1111
1971.5833333    -72.1343
1971.6666333    -97.1576
1971.7499663    0.0
1971.8333333    -108.665
1971.9166333    -92.4578
1972.0000333    -80.942
1972.0833333    -74.427
1972.1666333    -84.835
1972.2500333    -42.7039
1972.3333333    -39.0351
1972.4166333    -43.9047
1972.5000333    -60.3891
1972.5833333    -46.2588
1972.6666333    -24.6669
1972.7499663    0.0
1972.8333003    0.0
1972.9166333    5.1092
1973.0000333    11.3169
1973.0833333    44.9087
1973.1666333    45.5004
1973.2500333    45.1697
1973.3333333    66.0691
1973.4166333    101.507
1973.5000333    71.7915
1973.5833333    68.6908
1973.6666333    18.3594
1973.7500333    -15.8946
1973.8333333    -55.8414
1973.9166333    -53.7114
1974.0000333    -36.2731
1974.0833333    -21.4508
1974.1666333    -15.3209
1974.2500333    -21.9595
1974.3333333    -17.5988
1974.4166333    3.4541
1974.5000333    22.9692
1974.5833333    13.9453
1974.6666333    -1.848
1974.7500333    13.8978
1974.8333333    29.1046
1974.9166333    59.0036
1975.0000333    60.057
1975.0833333    38.5714
1975.1666333    46.6242
1975.2500333    37.0622
1975.3333333    50.4996
1975.4166333    78.0138
1975.5000333    79.0672
1975.5833333    31.3506
1975.6666333    5.5572
1975.7500333    9.6874
1975.8333333    7.9708
1975.9166333    9.7157
1976.0000333    3.7689
1976.0833333    1.0523
1976.1666333    -2.6644
1976.2500333    -47.9959
1976.3333333    -65.0972
1976.4166333    -69.5832
1976.5000333    -100.299
1976.5833333    -158.016
1976.6666333    -165.502
1976.7500333    -150.988
1976.8333333    -157.704
1976.9166333    -150.96
1977.0000333    -143.522
1977.0833333    -150.085
1977.1666333    -141.879
1977.2500333    -130.826
1977.3333333    -79.7738
1977.4166333    -62.26
1977.5000333    -44.7456
1977.5833333    -65.9242
1977.6666333    -58.1027
1977.7500333    -74.8192
1977.8333333    -105.69
1977.9166333    -110.1
1978.0000333    -104.585
1978.0833333    -115.072
1978.1666333    -84.9426
1978.2500333    -70.2745
1978.3333333    -35.8379
1978.4166333    -73.709
1978.5000333    -103.272
1978.5833333    -131.912
1978.6666333    -114.168
1978.7500333    -126.423
1978.8333333    -103.448
1978.9166333    -73.8576
1979.0000333    -48.3436
1979.0833333    -40.5994
1979.1666333    -8.086
1979.2500333    -27.0336
1979.3333333    -41.5972
1979.4166333    -59.3916
1979.5000333    -60.1853
1979.5833333    -55.6721
1979.6666333    -77.3896
1979.7500333    -88.4911
1979.8333333    -83.4394
1979.9166333    -91.7724
1980.0000333    -97.6432
1980.0833333    -121.13
1980.1666333    -119.155
1980.2500333    -131.334
1980.3333333    -123.129
1980.4166333    -100.462
1980.5000333    -91.6403
1980.5833333    -62.2042
1980.6666333    -57.5373
1980.7500333    -40.8699
1980.8333333    -38.28
1980.9166333    -18.3055
1981.0000333    -3.4073
1981.0833333    7.4902
1981.1666333    18.1569
1981.2500333    21.5935
1981.3333333    36.1833
1981.4166333    34.3115
1981.5000333    1.2096
1981.5833333    -28.4315
1981.6666333    -46.4572
1981.7500333    -30.4823
1981.8333333    -9.508
1981.9166333    -7.2261
1982.0000333    -9.4051
1982.0833333    -13.2001
1982.1666333    11.6203
1982.2500333    5.4412
1982.3333333    15.4923
1982.4166333    22.5433
1982.5000333    67.4411
1982.5833333    93.4921
1982.6666333    92.697
1982.7500333    85.0563
1982.8333333    65.7226
1982.9166333    56.312
1983.0000333    72.2097
1983.0833333    79.4913
1983.1666333    87.2345
1983.2500333    99.9014
1983.3333333    135.26
1983.4166333    130.926
1983.5000333    134.516
1983.5833333    86.4129
1983.6666333    38.7714
1983.7500333    21.5919
1983.8333333    12.8734
1983.9166333    19.9241
1984.0000333    28.7446
1984.0833333    21.0261
1984.1666333    8.5382
1984.2500333    8.9741
1984.3333333    -26.8984
1984.4166333    -45.3863
1984.5000333    -85.0274
1984.5833333    -137.285
1984.6666333    -159.311
1984.7500333    -144.644
1984.8333333    -147.056
1984.9166333    -139.467
1985.0000333    -133.031
1985.0833333    -126.134
1985.1666333    -101.853
1985.2500333    -77.1869
1985.3333333    -76.0596
1985.4166333    -70.4708
1985.5000333    -77.1891
1985.5833333    -79.2927
1985.6666333    -72.7039
1985.7500333    -73.8838
1985.8333333    -68.8336
1985.9166333    -56.3219
1986.0000333    -44.0403
1986.0833333    -52.3747
1986.1666333    -51.4015
1986.2500333    -43.9661
1986.3333333    -26.916
1986.4166333    -23.0198
1986.5000333    -44.5076
1986.5833333    -43.3806
1986.6666333    -44.9459
1986.7500333    -51.7415
1986.8333333    -38.9222
1986.9166333    -35.9492
1987.0000333    -28.5909
1987.0833333    -27.0025
1987.1666333    -6.6449
1987.2500333    0.4825
1987.3333333    -29.6984
1987.4166333    -60.8024
1987.5000333    -48.9827
1987.5833333    -35.3944
1987.6666333    -43.1139
1987.7500333    -27.2942
1987.8333333    -27.1676
1987.9166333    -30.2717
1988.0000333    -29.8367
1988.0833333    -23.0947
1988.1666333    -11.6605
1988.2500333    -4.9948
1988.3333333    -14.0221
1988.4166333    8.3352
1988.5000333    49.3085
1988.5833333    68.7427
1988.6666333    93.7922
1988.7500333    90.4578
1988.8333333    109.123
1988.9166333    125.172
1989.0000333    141.299
1989.0833333    157.041
1989.1666333    159.706
1989.2500333    155.91
1989.3333333    147.498
1989.4166333    149.931
1989.5000333    152.443
1989.5833333    149.338
1989.6666333    151.234
1989.7500333    136.053
1989.8333333    138.641
1989.9166333    119.305
1990.0000333    122.509
1990.0833333    124.02
1990.1666333    108.838
1990.2500333    113.042
1990.3333333    97.7834
1990.4166333    105.832
1990.5000333    109.959
1990.5833333    67.1621
1990.6666333    4.4419
1990.7500333    -41.6623
1990.8333333    -46.2286
1990.9166333    -36.5642
1991.0000333    -18.8992
1991.0833333    -11.6964
1991.1666333    4.2756
1991.2499663    0.0
1991.3333003    0.0
1991.4166333    24.346
1991.5000333    43.5494
1991.5833333    63.4444
1991.6666333    62.3394
1991.7500333    29.3119
1991.8333333    60.4376
1991.9166333    72.5633
1992.0000333    65.1511
1992.0833333    73.5845
1992.1666333    72.787
1992.2500333    43.2979
1992.3333333    41.885
1992.4166333    57.0106
1992.5000333    81.906
1992.5833333    74.9546
1992.6666333    60.9262
1992.7500333    30.9754
1992.8333333    24.7163
1992.9166333    10.9956
1993.0000333    27.8909
1993.0833333    35.1701
1993.1666333    9.4494
1993.2500333    -7.8093
1993.3333333    3.8545
1993.4166333    1.1337
1993.5000333    -28.2788
1993.5833333    -76.4612
1993.6666333    -102.49
1993.7500333    -108.441
1993.8333333    -112.085
1993.9166333    -77.1135
1994.0000333    -79.0646
1994.0833333    -98.7086
1994.1666333    -107.584
1994.2500333    -82.6116
1994.3333333    -61.1788
1994.4166333    -15.6691
1994.5000333    11.1489
1994.5833333    41.5817
1994.6666333    70.3221
1994.7500333    82.6785
1994.8333333    77.0342
1994.9166333    90.39
1995.0000333    80.2079
1995.0833333    79.7943
1995.1666333    74.6115
1995.2500333    95.5832
1995.3333333    88.0927
1995.4166333    69.756
1995.5000333    16.5738
1995.5833333    -47.6091
1995.6666333    -116.1
1995.7500333    -159.744
1995.8333333    -192.234
1995.9166333    -183.032
1996.0000333    -169.061
1996.0833333    -180.321
1996.1666333    -201.196
1996.2500333    -179.994
1996.3333333    -178.639
1996.4166333    -188.437
1996.5000333    -179.697
1996.5833333    -146.726
1996.6666333    -99.2936
1996.7500333    -59.5531
1996.8333333    -42.8132
1996.9166333    -36.1502
1997.0000333    -54.4098
1997.0833333    -75.7468
1997.1666333    -51.5455
1997.2500333    -14.3435
1997.3333333    -22.5268
1997.4166333    -50.4025
1997.5000333    -44.6621
1997.5833333    -22.9224
1997.6666333    -19.4135
1997.7500333    -59.7501
1997.8333333    -79.0874
1997.9166333    -79.9631
1998.0000333    -55.0691
1998.0833333    -24.4833
1998.1666333    -9.3591
1998.2500333    -24.9266
1998.3333333    -16.6486
1998.4166333    -1.2937
1998.5000333    21.2156
1998.5833333    31.8012
1998.6666333    10.5407
1998.7500333    -9.7962
1998.8333333    1.7894
1998.9166333    8.298
1999.0000333    19.7303
1999.0833333    2.162
1999.1666333    -16.3295
1999.2500333    -13.8203
1999.3333333    1.5344
1999.4166333    8.3506
1999.5000333    21.7058
1999.5833333    46.6758
1999.6666333    55.1074
1999.7500333    47.3087
1999.8333333    38.2017
1999.9166333    61.7101
2000.0000333    71.0653
2000.0833333    74.7274
2000.1666333    78.6204
2000.2500333    76.1293
2000.3333333    69.7914
2000.4166333    60.6843
2000.5000333    34.8855
2000.5833333    -7.7601
2000.6666333    -60.4058
2000.7500333    -95.6662
2000.8333333    -97.0042
2000.9166333    -80.9576
2001.0000333    -88.6027
2001.0833333    -82.1715
2001.1666333    -84.9711
2001.2500333    -78.924
2001.3333333    -43.1852
2001.4166333    -39.6771
2001.5000333    -31.1685
2001.5833333    11.4933
2001.6666333    57.2321
2001.7500333    60.9714
2001.8333333    63.1716
2001.9166333    69.2949
2002.0000333    78.7265
2002.0833333    68.0805
2002.1666333    48.2807
2002.2500333    25.0199
2002.3333333    0.9892
2002.4166333    -58.0415
2002.5000333    -57.2254
2002.5833333    -72.9484
2002.6666333    -129.21
2002.7500333    -175.856
2002.8333333    -168.348
2002.9166333    -155.763
2003.0000333    -150.178
2003.0833333    -168.901
2003.1666333    -150.163
2003.2500333    -135.039
2003.3333333    -116.147
2003.4166333    -79.8702
2003.5000333    -38.9775
2003.5833333    -32.0084
2003.6666333    -42.5779
2003.7500333    -42.9929
2003.8333333    -36.6393
2003.9166333    -27.0549
2004.0000333    -13.5469
2004.0833333    -19.8857
2004.1666333    1.1601
2004.2500333    3.5143
2004.3333333    16.2524
2004.4166333    52.7597
2004.5000333    82.2676
2004.5833333    84.7748
2004.6666333    55.2821
2004.7500333    49.0207
2004.8333333    57.1433
2004.9166333    70.0351
2005.0000333    66.1582
2005.0833333    67.8961
2005.1666333    94.7879
2005.2500333    88.911
2005.3333333    97.1104
2005.4166333    77.7713
2005.5000333    39.7405
2005.5833333    -16.0602
2005.6666333    -55.0916
2005.7500333    -39.5071
2005.8333333    -35.154
2005.9166333    -24.8009
2006.0000333    -27.9088
2006.0833333    -40.5557
2006.1666333    -50.2027
2006.2500333    -72.3875
2006.3333333    -54.6499
2006.4166333    -29.3738
2006.5000333    18.1336
2006.5833333    29.7173
2006.6666333    44.7625
2006.7500333    74.5006
2006.8333333    82.9304
2006.9166333    87.8218
2007.0000333    90.0983
2007.0833333    104.451
2007.1666333    140.189
2007.2500333    146.311
2007.3333333    162.895
2007.4166333    160.401
2007.5000333    133.524
2007.5833333    111.569
2007.6666333    121.768
2007.7500333    102.275
2007.8333333    82.3197
2007.9166333    70.7493
2008.0000333    81.7178
2008.0833333    74.532
2008.1666333    54.4999
2008.2500333    56.0838
2008.3333333    66.4363
2008.4166333    68.4042
2008.5000333    47.6804
2008.5833333    17.4175
2008.6666333    -15.3839
2008.7500333    -51.4155
2008.8333333    -44.8324
2008.9166333    -33.2492
2009.0000333    -25.2809
2009.0833333    -21.7747
2009.1666333    2.1161
2009.2500333    17.8536
2009.3333333    -12.4095
2009.4166333    -38.4419
2009.5000333    -80.1659
2009.5833333    -108.891
2009.6666333    -104.077
2009.7500333    -103.493
2009.8333333    -95.2181
2009.9166333    -88.2506
2010.0000333    -80.8209
2010.0833333    -84.5458
2010.1666333    -93.1168
2010.2500333    -112.995
2010.3333333    -121.72
2010.4166333    -130.445
2010.5000333    -124.707
2010.5833333    -100.894
2010.6666333    -83.2343
2010.7500333    -72.8817
2010.8333333    -73.1452
2010.9166333    -63.4087
2011.0000333    -67.21
2011.0833333    -68.6274
2011.1666333    -50.6602
2011.2500333    -20.1539
2011.3333333    -13.6483
2011.4166333    36.8574
2011.5000333    75.2097
2011.5833333    71.4076
2011.6666333    78.3747
2011.7500333    84.3424
2011.8333333    75.9248
2011.9166333    83.1227
2012.0000333    85.9364
2012.0833333    90.6727
2012.1666333    115.178
2012.2500333    116.146
2012.3333333    108.343
2012.4166333    88.0795
2012.5000333    34.3547
2012.5833333    -1.6014
2012.6666333    -32.8654
2012.7500333    -52.5902
2012.8333333    -65.7003
2012.9166333    -71.8874
2013.0000333    -74.2277
2013.0833333    -77.6455
2013.1666333    -84.7557
2013.2500333    -110.635
2013.3333333    -98.5909
2013.4166333    -80.0088
2013.5000333    -66.8877
2013.5833333    -69.5365
2013.6666333    -54.9545
2013.7500333    -24.218
2013.8333333    -27.1745
2013.9166333    -29.131
2014.0000333    -28.4716
2014.0833333    -24.582
2014.1666333    -30.4616
2014.2500333    -23.2638
2014.3333333    -25.7588
2014.4166333    -36.7924
2014.5000333    -42.4408
2014.5833333    -24.9359
2014.6666333    -12.6618
2014.7500333    -12.3102
2014.8333333    -0.267
2014.9166333    33.3147
2015.0000333    57.8201
2015.0833333    67.5556
2015.1666333    62.2911
2015.2500333    62.5656
2015.3333333    84.4549
2015.4166333    137.883
2015.5000333    114.542
2015.5833333    105.046
2015.6666333    80.1664
2015.7500333    68.3639
2015.8333333    54.1761
2015.9166333    29.4499
2016.0000333    20.2627
2016.0833333    26.3057
2016.1666333    31.8102
2016.2500333    14.6999
2016.3333333    8.0504
2016.4166333    6.9395
2016.5000333    -9.1709
2016.5833333    -13.8204
2016.6666333    -32.0083
2016.7500333    -24.0418
2016.8333333    -30.1529
2016.9166333    -14.5717
2017.0000333    7.5486
2017.0833333    10.1298
2017.1666333    -5.8275
2017.2500333    -7.6304
2017.3333333    44.3354
2017.4166333    87.9934
2017.5000333    81.4213
2017.5833333    38.6946
2017.6666333    20.968
2017.7500333    -3.9119
2017.8333333    -21.0232
2017.9166333    -17.0576
2018.0000333    -32.9376
2018.0833333    -29.2028
2018.1666333    -22.7757
2018.2500333    5.4981
2018.3333333    7.1559
2018.4166333    -22.1863
2018.5000333    -51.9126
2018.5833333    -64.7164
2018.6666333    -41.5202
2018.7500333    -31.6311
2018.8333333    -17.4349
2018.9166333    -3.3157
2019.0000333    2.4195
2019.0833333    12.154
2019.1666333    15.0424
2019.2500333    2.7006
2019.3333333    -39.0265
2019.4166333    -25.1382
2019.5000333    18.1354
2019.5833333    64.2544
2019.6666333    88.758
2019.7500333    78.9546
2019.8333333    104.535
2019.9166333    102.577
2020.0000333    116.543
2020.0833333    126.354
2020.1666333    137.858
2020.2500333    118.285
2020.3333333    145.25
2020.4166333    168.215
2020.5000333    137.103
2020.5833333    73.6069
2020.6666333    26.1872
2020.7500333    4.9989
2020.8333333    -6.1901
2020.9166333    -16.1483
2021.0000333    -12.952
2021.0833333    -26.3718
2021.1666333    -41.0993
2021.2500333    -36.3647
2021.3333333    -8.5537
2021.4166333    -41.1274
2021.5000333    -36.3929
2021.5833333    14.418
2021.6666333    35.8443
2021.7500333    25.9634
2021.8333333    19.7742
2021.9166333    35.7388
2022.0000333    52.4733
2022.0833333    62.284
2022.1666333    42.864
2022.2500333    67.983
2022.3333333    56.3322
2022.4166333    28.989
2022.5000333    55.3387
2022.5833333    62.2263
2022.6666333    29.4215
2022.7500333    6.5404
2022.8333333    8.1202
2022.9166333    -0.0693
2023.0000333    1.2034
2023.0833333    4.7832
2023.1666333    14.286
2023.2500333    45.4047
2023.3333333    16.1383
2023.4166333    10.3333
2023.5000333    31.5289
2023.5833333    32.4932
2023.6666333    1.9959
2023.7500333    -11.2701
2023.8333333    -8.4598
2023.9166333    1.4275
2024.0000333    19.623
2024.0833333    24.5871
2024.1666333    11.782
2024.2500333    9.2851
2024.3333333    13.5568
2024.4166333    45.0593
2024.5000333    53.8958
2024.5833333    45.0649
2024.6666333    19.8673
2024.7500333    41.6259
2024.8333333    64.3227
2024.9166333    112.218
