1889.0000333    -119.044
1889.0833333    -83.9141
1889.1666333    -69.4908
1889.2500333    -70.2619
1889.3333333    -57.0837
1889.4166333    -50.4433
1889.5000333    -22.5246
1889.5833333    -45.1122
1889.6666333    -36.5461
1889.7500333    -36.3648
1889.8333333    -30.1834
1889.9166333    -18.0791
1890.0000333    3.0252
1890.0833333    12.0524
1890.1666333    -1.305
1890.2500333    17.4913
1890.3333333    20.6723
1890.4166333    -11.3777
1890.5000333    -20.6585
1890.5833333    -57.7086
1890.6666333    -24.0664
1890.7500333    -53.3475
1890.8333333    -53.2439
1890.9166333    -59.5251
1891.0000333    -53.8063
1891.0833333    -43.1646
1891.1666333    -33.7536
1891.2500333    -22.7274
1891.3333333    -48.0089
1891.4166333    -25.0597
1891.5000333    4.8124
1891.5833333    8.9153
1891.6666333    -0.0588
1891.7500333    -13.9561
1891.8333333    2.5312
1891.9166333    5.0953
1892.0000333    17.8132
1892.0833333    18.2233
1892.1666333    6.3257
1892.2500333    -5.3413
1892.3333333    -20.9313
1892.4166333    -15.0599
1892.5000333    -47.7271
1892.5833333    -48.779
1892.6666333    -38.4463
1892.7500333    -29.8829
1892.8333333    -32.3965
1892.9166333    -30.4486
1893.0000333    -27.1932
1893.0833333    -23.3993
1893.1666333    -9.3747
1893.2500333    7.2651
1893.3333333    5.3665
1893.4166333    27.4678
1893.5000333    28.492
1893.5833333    61.3624
1893.6666333    62.0788
1893.7500333    40.949
1893.8333333    41.8192
1893.9166333    45.92
1894.0000333    54.6361
1894.0833333    65.1214
1894.1666333    58.6067
1894.2500333    32.861
1894.3333333    23.7308
1894.4166333    42.1389
1894.5000333    3.0853
1894.5833333    -22.5837
1894.6666333    -43.8681
1894.7500333    -52.6142
1894.8333333    -52.5911
1894.9166333    -49.2603
1895.0000333    -32.3912
1895.0833333    -26.2145
1895.1666333    -32.9609
1895.2500333    -9.9382
1895.3333333    0.4691
1895.4166333    -12.816
1895.5000333    -32.0242
1895.5833333    -22.3095
1895.6666333    6.7899
1895.7500333    2.7352
1895.8333333    -4.781
1895.9166333    6.2412
1896.0000333    14.3401
1896.0833333    7.2083
1896.1666333    13.8457
1896.2500333    22.329
1896.3333333    -1.803
1896.4166333    -12.3967
1896.5000333    -34.0674
1896.5833333    -40.5073
1896.6666333    -28.255
1896.7500333    -49.7721
1896.8333333    -49.6738
1896.9166333    -41.114
1897.0000333    -35.4006
1897.0833333    -28.4563
1897.1666333    -16.0506
1897.2500333    -31.9527
1897.3333333    -40.2395
1897.4166333    -22.9109
1897.5000333    -0.5825
1897.5833333    36.1305
1897.6666333    20.5358
1897.7500333    4.4024
1897.8333333    15.7306
1897.9166333    17.4434
1898.0000333    22.6175
1898.0833333    23.7916
1898.1666333    18.8888
1898.2500333    -6.7066
1898.3333333    -0.9173
1898.4166333    36.6412
1898.5000333    43.3534
1898.5833333    29.527
1898.6666333    13.5468
1898.7500333    33.2588
1898.8333333    37.5861
1898.9166333    28.9133
1899.0000333    27.3174
1899.0833333    20.5675
1899.1666333    39.5099
1899.2500333    62.2984
1899.3333333    95.856
1899.4166333    77.7982
1899.5000333    34.5095
1899.5833333    7.99
1899.6666333    -11.068
1899.7500333    -21.7416
1899.8333333    -32.492
1899.9166333    -27.4734
1900.0000333    -19.3779
1900.0833333    -14.9748
1900.1666333    -3.6486
1900.2500333    -5.0918
1900.3333333    -37.0735
1900.4166333    -35.4399
1900.5000333    -20.8833
1900.5833333    -28.4037
1900.6666333    -38.3857
1900.7500333    -26.2139
1900.8333333    -37.8114
1900.9166333    -33.3321
1901.0000333    -39.6221
1901.0833333    -33.9891
1901.1666333    -41.51
1901.2500333    -39.8002
1901.3333333    -52.0905
1901.4166333    -29.9962
1901.5000333    -29.5174
1901.5833333    -52.2694
1901.6666333    -41.0215
1901.7500333    -42.466
1901.8333333    -39.6798
1901.9166333    -27.0475
1902.0000333    -18.1076
1902.0833333    -3.7062
1902.1666333    -11.0741
1902.2500333    -3.0576
1902.3333333    -25.4256
1902.4166333    -36.4861
1902.5000333    -39.7774
1902.5833333    -31.2995
1902.6666333    4.6398
1902.7500333    8.2713
1902.8333333    21.6721
1902.9166333    9.9958
1903.0000333    20.6271
1903.0833333    34.7969
1903.1666333    32.1204
1903.2500333    55.8284
1903.3333333    69.6133
1903.4166333    75.629
1903.5000333    83.029
1903.5833333    71.1214
1903.6666333    13.1368
1903.7500333    3.3059
1903.8333333    -3.6788
1903.9166333    -2.1252
1904.0000333    7.8129
1904.0833333    11.0587
1904.1666333    -17.234
1904.2500333    -9.9884
1904.3333333    -14.6659
1904.4166333    -17.4204
1904.5000333    -0.3289
1904.5833333    -0.1604
1904.6666333    -5.9921
1904.7500333    9.7915
1904.8333333    -9.5787
1904.9166333    -15.5644
1905.0000333    -12.8579
1905.0833333    -3.3053
1905.1666333    -5.4451
1905.2500333    17.1843
1905.3333333    6.0444
1905.4166333    -4.0187
1905.5000333    1.3796
1905.5833333    -0.5297
1905.6666333    2.7916
1905.7500333    -8.6564
1905.8333333    -11.4891
1905.9166333    -6.1679
1906.0000333    0.0761
1906.0833333    7.5509
1906.1666333    -3.8974
1906.2500333    0.3464
1906.3333333    -2.0251
1906.4166333    14.911
1906.5000333    13.77
1906.5833333    2.2443
1906.6666333    -4.1275
1906.7500333    -26.5764
1906.8333333    -14.6407
1906.9166333    1.6795
1907.0000333    8.6919
1907.0833333    24.4736
1907.1666333    16.3321
1907.2500333    26.4981
1907.3333333    16.6641
1907.4166333    7.4455
1907.5000333    3.3805
1907.5833333    13.7002
1907.6666333    -13.211
1907.7500333    -31.5838
1907.8333333    -27.1875
1907.9166333    -30.8681
1908.0000333    -40.8566
1908.0833333    -33.0758
1908.1666333    -41.0644
1908.2500333    -54.9761
1908.3333333    -44.9648
1908.4166333    -44.3382
1908.5000333    -31.6348
1908.5833333    -50.0852
1908.6666333    -78.9973
1908.7500333    -65.4479
1908.8333333    -60.5909
1908.9166333    -61.657
1909.0000333    -42.1848
1909.0833333    -33.1742
1909.1666333    -41.0867
1909.2500333    -26.2301
1909.3333333    -1.1427
1909.4166333    7.7907
1909.5000333    29.4163
1909.5833333    26.965
1909.6666333    26.8213
1909.7500333    38.0621
1909.8333333    36.4567
1909.9166333    46.3897
1910.0000333    60.7841
1910.0833333    55.1016
1910.1666333    46.0344
1910.2500333    37.8132
1910.3333333    35.7458
1910.4166333    36.1399
1910.5000333    15.4569
1910.5833333    16.0048
1910.6666333    -10.6014
1910.7500333    -2.2076
1910.8333333    -7.4293
1910.9166333    -0.7279
1911.0000333    -2.4882
1911.0833333    -7.6332
1911.1666333    -4.5474
1911.2500333    3.3844
1911.3333333    33.7777
1911.4166333    21.5555
1911.5000333    -4.6668
1911.5833333    -3.966
1911.6666333    -14.1115
1911.7500333    -3.0263
1911.8333333    -4.095
1911.9166333    4.8363
1912.0000333    2.6136
1912.0833333    19.8524
1912.1666333    19.0142
1912.2500333    17.0989
1912.3333333    34.4913
1912.4166333    51.8837
1912.5000333    31.4297
1912.5833333    51.6681
1912.6666333    71.1372
1912.7500333    50.7599
1912.8333333    41.1519
1912.9166333    45.6977
1913.0000333    42.551
1913.0833333    44.0966
1913.1666333    21.9498
1913.2500333    25.1875
1913.3333333    56.656
1913.4166333    64.8937
1913.5000333    32.4388
1913.5833333    63.2917
1913.6666333    67.683
1913.7500333    42.8433
1913.8333333    45.5421
1913.9166333    49.9332
1914.0000333    49.401
1914.0833333    50.4073
1914.1666333    69.7212
1914.2500333    66.5734
1914.3333333    77.5025
1914.4166333    60.8162
1914.5000333    38.899
1914.5833333    27.5971
1914.6666333    2.7568
1914.7500333    -10.853
1914.8333333    -23.0012
1914.9166333    -26.7649
1915.0000333    -9.8364
1915.0833333    -8.6003
1915.1666333    -10.0565
1915.2500333    -47.1282
1915.3333333    -28.0461
1915.4166333    -35.041
1915.5000333    -16.5745
1915.5833333    -18.7233
1915.6666333    -28.9492
1915.7500333    -24.5599
1915.8333333    -23.7859
1915.9166333    -3.2427
1916.0000333    6.1464
1916.0833333    1.9202
1916.1666333    -0.9215
1916.2500333    22.1597
1916.3333333    53.0871
1916.4166333    55.0144
1916.5000333    26.557
1916.5833333    -22.362
1916.6666333    -43.2811
1916.7500333    -29.5849
1916.8333333    -46.3502
1916.9166333    -49.1926
1917.0000333    -59.6505
1917.0833333    -49.416
1917.1666333    -35.6432
1917.2500333    -5.7167
1917.3333333    -0.8671
1917.4166333    -9.7099
1917.5000333    -6.3221
1917.5833333    22.6042
1917.6666333    7.3766
1917.7500333    5.6103
1917.8333333    -10.002
1917.9166333    12.0778
1918.0000333    22.5421
1918.0833333    30.6218
1918.1666333    50.6245
1918.2500333    39.3194
1918.3333333    8.1681
1918.4166333    0.3245
1918.5000333    -6.4424
1918.5833333    -28.1324
1918.6666333    -39.7455
1918.7500333    -20.2818
1918.8333333    -21.5105
1918.9166333    1.1839
1919.0000333    -0.1988
1919.0833333    9.3415
1919.1666333    20.8818
1919.2500333    -10.9627
1919.3333333    -24.8071
1919.4166333    -14.9593
1919.5000333    -11.9579
1919.5833333    9.3513
1919.6666333    24.045
1919.7500333    32.3539
1919.8333333    36.3552
1919.9166333    50.2794
1920.0000333    55.2035
1920.0833333    57.9738
1920.1666333    42.0517
1920.2500333    10.8986
1920.3333333    9.9764
1920.4166333    6.8233
1920.5000333    31.3623
1920.5833333    -1.0217
1920.6666333    -6.0981
1920.7500333    -24.7131
1920.8333333    -37.7127
1920.9166333    -44.9432
1921.0000333    -44.4815
1921.0833333    -50.7121
1921.1666333    -55.3274
1921.2500333    -44.866
1921.3333333    -37.7891
1921.4166333    -7.2508
1921.5000333    -12.7126
1921.5833333    -54.559
1921.6666333    -50.4825
1921.7500333    -71.4061
1921.8333333    -59.8681
1921.9166333    -51.6379
1922.0000333    -35.4848
1922.0833333    -24.7163
1922.1666333    -27.6401
1922.2500333    -39.7949
1922.3333333    -29.7189
1922.4166333    3.5878
1922.5000333    -5.4903
1922.5833333    -7.4915
1922.6666333    -20.8004
1922.7500333    -32.648
1922.8333333    -22.8801
1922.9166333    -18.6508
1923.0000333    -14.6524
1923.0833333    -6.5001
1923.1666333    -1.271
1923.2500333    30.3425
1923.3333333    67.033
1923.4166333    52.7235
1923.5000333    20.106
1923.5833333    -5.1268
1923.6666333    8.4865
1923.7500333    24.3304
1923.8333333    42.7897
1923.9166333    43.8643
1924.0000333    47.6311
1924.0833333    53.3978
1924.1666333    56.7799
1924.2500333    51.931
1924.3333333    24.6207
1924.4166333    21.3102
1924.5000333    44.6919
1924.5833333    70.1506
1924.6666333    68.763
1924.7500333    64.9906
1924.8333333    65.6029
1924.9166333    65.9843
1925.0000333    61.2117
1925.0833333    60.0545
1925.1666333    66.8203
1925.2500333    58.8167
1925.3333333    52.3516
1925.4166333    69.6557
1925.5000333    49.8057
1925.5833333    14.6481
1925.6666333    6.1827
1925.7500333    7.948
1925.8333333    10.944
1925.9166333    18.0168
1926.0000333    22.1664
1926.0833333    34.393
1926.1666333    39.2348
1926.2500333    38.6919
1926.3333333    43.149
1926.4166333    47.4522
1926.5000333    45.6014
1926.5833333    44.5967
1926.6666333    55.1305
1926.7500333    55.0487
1926.8333333    57.813
1926.9166333    68.3465
1927.0000333    66.4953
1927.0833333    75.1825
1927.1666333    85.3312
1927.2500333    91.5566
1927.3333333    81.7052
1927.4166333    43.0844
1927.5000333    58.5404
1927.5833333    49.5348
1927.6666333    28.5292
1927.7500333    14.7542
1927.8333333    -5.8669
1927.9166333    4.0504
1928.0000333    7.5828
1928.0833333    15.423
1928.1666333    4.7247
1928.2500333    -1.1277
1928.3333333    14.5585
1928.4166333    14.5522
1928.5000333    23.315
1928.5833333    -15.2299
1928.6666333    -32.9286
1928.7500333    -22.0891
1928.8333333    -20.3265
1928.9166333    -5.4101
1929.0000333    -11.5708
1929.0833333    -14.5008
1929.1666333    -16.1231
1929.2500333    8.1006
1929.3333333    12.0166
1929.4166333    10.4711
1929.5000333    25.3099
1929.5833333    13.4565
1929.6666333    27.603
1929.7500333    14.2108
1929.8333333    18.7418
1929.9166333    23.8112
1930.0000333    29.1111
1930.0833333    39.4111
1930.1666333    33.1725
1930.2500333    48.703
1930.3333333    50.9259
1930.4166333    32.4563
1930.5000333    11.602
1930.5833333    -13.7138
1930.6666333    -2.8759
1930.7500333    -6.4997
1930.8333333    9.0304
1930.9166333    17.4835
1931.0000333    38.2441
1931.0833333    34.6971
1931.1666333    24.9961
1931.2500333    40.1411
1931.3333333    22.2861
1931.4166333    14.4311
1931.5000333    39.1913
1931.5833333    11.7207
1931.6666333    5.4808
1931.7500333    24.2408
1931.8333333    30.0008
1931.9166333    28.2222
1932.0000333    32.1358
1932.0833333    15.6648
1932.1666333    27.1168
1932.2500333    45.5687
1932.3333333    41.0974
1932.4166333    44.6261
1932.5000333    17.6162
1932.5833333    -4.5475
1932.6666333    8.4425
1932.7500333    13.0477
1932.8333333    -1.1162
1932.9166333    -2.1264
1933.0000333    7.094
1933.0833333    6.7759
1933.1666333    1.2271
1933.2500333    -5.0912
1933.3333333    -33.7172
1933.4166333    -65.4201
1933.5000333    -61.1232
1933.5833333    -52.5186
1933.6666333    -59.5295
1933.7500333    -70.7712
1933.8333333    -67.2438
1933.9166333    -63.5625
1934.0000333    -63.1122
1934.0833333    -59.6619
1934.1666333    -58.8271
1934.2500333    -23.6847
1934.3333333    -33.0038
1934.4166333    -25.5538
1934.5000333    -8.4116
1934.5833333    3.6537
1934.6666333    -18.0504
1934.7500333    -13.8315
1934.8333333    -18.8434
1934.9166333    -16.2399
1935.0000333    -2.7136
1935.0833333    -2.9564
1935.1666333    13.3391
1935.2500333    35.9421
1935.3333333    13.0837
1935.4166333    17.2252
1935.5000333    37.5972
1935.5833333    32.277
1935.6666333    -7.351
1935.7500333    9.4824
1935.8333333    -10.7611
1935.9166333    6.4568
1936.0000333    19.6746
1936.0833333    15.4309
1936.1666333    12.9563
1936.2500333    12.7892
1936.3333333    -6.7624
1936.4166333    17.8397
1936.5000333    -6.866
1936.5833333    -9.4948
1936.6666333    -7.5083
1936.7500333    0.0934
1936.8333333    -2.074
1936.9166333    27.0661
1937.0000333    40.9753
1937.0833333    25.5769
1937.1666333    32.9476
1937.2500333    29.8566
1937.3333333    10.9964
1937.4166333    -9.1716
1937.5000333    -15.1859
1937.5833333    0.1075
1937.6666333    -0.9068
1937.7500333    2.3094
1937.8333333    1.2949
1937.9166333    15.8188
1938.0000333    9.0348
1938.0833333    0.5586
1938.1666333    3.9284
1938.2500333    23.5288
1938.3333333    66.9754
1938.4166333    49.345
1938.5000333    61.9452
1938.5833333    47.9301
1938.6666333    39.8379
1938.7500333    22.6687
1938.8333333    10.961
1938.9166333    14.1763
1939.0000333    10.4684
1939.0833333    7.8374
1939.1666333    3.0525
1939.2500333    -22.7325
1939.3333333    -32.8253
1939.4166333    -68.8411
1939.5000333    -74.3957
1939.5833333    -102.412
1939.6666333    -109.659
1939.7500333    -103.675
1939.8333333    -110.691
1939.9166333    -102.015
1940.0000333    -92.5701
1940.0833333    -89.2019
1940.1666333    -64.6031
1940.2500333    -65.4659
1940.3333333    -10.098
1940.4166333    -27.1917
1940.5000333    -61.2855
1940.5833333    -54.4563
1940.6666333    -41.1656
1940.7500333    -64.4904
1940.8333333    -66.9691
1940.9166333    -63.294
1941.0000333    -52.1575
1941.0833333    -36.4825
1941.1666333    -52.6538
1941.2500333    -68.5944
1941.3333333    -86.3043
1941.4166333    -98.7835
1941.5000333    -130.494
1941.5833333    -119.742
1941.6666333    -137.375
1941.7500333    -139.47
1941.8333333    -118.642
1941.9166333    -113.66
1942.0000333    -105.678
1942.0833333    -106.389
1942.1666333    -111.407
1942.2500333    -76.9642
1942.3333333    -74.5211
1942.4166333    -30.0781
1942.5000333    -46.3275
1942.5833333    7.8846
1942.6666333    27.0197
1942.7500333    70.3085
1942.8333333    79.9819
1942.9166333    79.3476
1943.0000333    86.9439
1943.0833333    97.3094
1943.1666333    100.136
1943.2500333    93.4247
1943.3333333    82.3285
1943.4166333    74.463
1943.5000333    83.828
1943.5833333    74.8085
1943.6666333    52.0197
1943.7500333    47.6153
1943.8333333    28.6724
1943.9166333    39.7295
1944.0000333    45.1711
1944.0833333    42.9204
1944.1666333    46.4388
1944.2500333    42.1109
1944.3333333    51.3215
1944.4166333    43.6858
1944.5000333    45.6654
1944.5833333    26.4142
1944.6666333    36.2399
1944.7500333    33.5269
1944.8333333    40.814
1944.9166333    51.101
1945.0000333    48.234
1945.0833333    47.0593
1945.1666333    44.9614
1945.2500333    41.4788
1945.3333333    35.0731
1945.4166333    29.052
1945.5000333    27.2615
1945.5833333    47.0863
1945.6666333    17.9111
1945.7500333    15.3511
1945.8333333    3.7143
1945.9166333    18.0773
1946.0000333    20.6709
1946.0833333    28.88
1946.1666333    45.3198
1946.2500333    38.9132
1946.3333333    35.5066
1946.4166333    36.5615
1946.5000333    -2.9991
1946.5833333    -65.0213
1946.6666333    -95.8127
1946.7500333    -70.5274
1946.8333333    -93.0883
1946.9166333    -79.8799
1947.0000333    -88.6718
1947.0833333    -109.618
1947.1666333    -114.255
1947.2500333    -145.278
1947.3333333    -113.301
1947.4166333    -114.939
1947.5000333    -98.6548
1947.5833333    -76.524
1947.6666333    -24.624
1947.7500333    -18.3396
1947.8333333    -37.9013
1947.9166333    -12.8477
1948.0000333    -10.2558
1948.0833333    -3.9716
1948.1666333    27.851
1948.2500333    37.2888
1948.3333333    62.6498
1948.4166333    50.1645
1948.5000333    70.7559
1948.5833333    76.0397
1948.6666333    68.3234
1948.7500333    80.8377
1948.8333333    76.8136
1948.9166333    83.6356
1949.0000333    77.1497
1949.0833333    77.9715
1949.1666333    65.3317
1949.2500333    68.6917
1949.3333333    62.5902
1949.4166333    83.181
1949.5000333    64.2331
1949.5833333    52.2083
1949.6666333    33.9527
1949.7500333    56.2353
1949.8333333    37.3642
1949.9166333    46.3391
1950.0000333    53.6216
1950.0833333    64.8271
1950.1666333    87.4172
1950.2500333    103.546
1950.3333333    91.4432
1950.4166333    88.4177
1950.5000333    62.2382
1950.5833333    66.1356
1950.6666333    45.5714
1950.7500333    49.5455
1950.8333333    25.5196
1950.9166333    32.5706
1951.0000333    29.1599
1951.0833333    34.903
1951.1666333    34.2615
1951.2500333    -2.9957
1951.3333333    -0.8681
1951.4166333    28.2594
1951.5000333    39.002
1951.5833333    40.1293
1951.6666333    26.7181
1951.7500333    25.999
1951.8333333    16.7415
1951.9166333    38.9455
1952.0000333    42.6877
1952.0833333    48.8915
1952.1666333    53.7875
1952.2500333    55.5295
1952.3333333    69.1947
1952.4166333    60.7059
1952.5000333    25.2938
1952.5833333    3.1895
1952.6666333    -15.1457
1952.7500333    -4.9426
1952.8333333    -6.3548
1952.9166333    -5.7671
1953.0000333    -0.4104
1953.0833333    9.5618
1953.1666333    15.3031
1953.2500333    4.3519
1953.3333333    15.5546
1953.4166333    16.2188
1953.5000333    1.2674
1953.5833333    -23.3762
1953.6666333    -27.7892
1953.7500333    -32.1254
1953.8333333    -37.0001
1953.9166333    -27.5671
1954.0000333    -10.6728
1954.0833333    -11.1631
1954.1666333    6.8851
1954.2500333    18.8561
1954.3333333    26.2118
1954.4166333    37.5674
1954.5000333    35.5382
1954.5833333    38.509
1954.6666333    46.1721
1954.7500333    47.9889
1954.8333333    70.421
1954.9166333    78.3147
1955.0000333    71.9004
1955.0833333    58.7939
1955.1666333    64.3796
1955.2500333    55.2729
1955.3333333    39.5507
1955.4166333    59.1363
1955.5000333    40.7216
1955.5833333    11.7685
1955.6666333    2.123
1955.7500333    6.0927
1955.8333333    8.4471
1955.9166333    -2.814
1956.0000333    8.3862
1956.0833333    27.2019
1956.1666333    28.556
1956.2500333    20.3714
1956.3333333    3.4946
1956.4166333    -2.2285
1956.5000333    -23.1056
1956.5833333    -27.0596
1956.6666333    -4.1674
1956.7500333    -7.2755
1956.8333333    -11.5374
1956.9166333    -14.4148
1957.0000333    -13.5231
1957.0833333    -9.939
1957.1666333    -7.8935
1957.2500333    10.7672
1957.3333333    5.1972
1957.4166333    12.1655
1957.5000333    20.9029
1957.5833333    22.3327
1957.6666333    -7.9299
1957.7500333    -18.0389
1957.8333333    -4.4555
1957.9166333    2.8971
1958.0000333    17.9417
1958.0833333    24.448
1958.1666333    16.0311
1958.2500333    13.3832
1958.3333333    -8.4954
1958.4166333    1.7029
1958.5000333    15.4394
1958.5833333    -5.824
1958.6666333    -28.7798
1958.7500333    -8.1974
1958.8333333    -8.9995
1958.9166333    -8.1862
1959.0000333    -1.9117
1959.0833333    -13.0217
1959.1666333    -23.2087
1959.2500333    -13.9344
1959.3333333    -33.7369
1959.4166333    -30.078
1959.5000333    -47.1885
1959.5833333    -77.3758
1959.6666333    -99.4864
1959.7500333    -97.674
1959.8333333    -109.554
1959.9166333    -94.8185
1960.0000333    -83.9294
1960.0833333    -76.5019
1960.1666333    -74.7667
1960.2500333    -77.3394
1960.3333333    -70.2966
1960.4166333    -53.4078
1960.5000333    -57.1346
1960.5833333    -43.3228
1960.6666333    -21.1265
1960.7500333    5.1465
1960.8333333    16.6504
1960.9166333    35.3849
1961.0000333    45.7346
1961.0833333    51.5459
1961.1666333    51.0495
1961.2500333    69.9375
1961.3333333    84.0562
1961.4166333    76.4057
1961.5000333    92.3704
1961.5833333    101.643
1961.6666333    82.7613
1961.7500333    60.8796
1961.8333333    68.5364
1961.9166333    68.9624
1962.0000333    64.3882
1962.0833333    72.6602
1962.1666333    67.2398
1962.2500333    68.5115
1962.3333333    43.014
1962.4166333    36.5165
1962.5000333    -7.7505
1962.5833333    -61.0944
1962.6666333    -84.0537
1962.7500333    -91.3978
1962.8333333    -94.1265
1962.9166333    -98.9321
1963.0000333    -102.661
1963.0833333    -94.4669
1963.1666333    -103.581
1963.2500333    -96.3866
1963.3333333    -71.7311
1963.4166333    -61.5372
1963.5000333    -62.4973
1963.5833333    -36.5344
1963.6666333    -50.9561
1963.7500333    -44.4549
1963.8333333    -29.646
1963.9166333    -19.7602
1964.0000333    -12.6439
1964.0833333    -8.3737
1964.1666333    -6.0266
1964.2500333    -16.372
1964.3333333    -16.2559
1964.4166333    -35.8321
1964.5000333    -24.2547
1964.5833333    -31.9849
1964.6666333    -38.6382
1964.7500333    -6.5225
1964.8333333    -4.4837
1964.9166333    -1.7527
1965.0000333    5.2089
1965.0833333    4.9398
1965.1666333    16.3629
1965.2500333    9.7089
1965.3333333    14.3627
1965.4166333    23.1702
1965.5000333    -5.5609
1965.5833333    -19.4459
1965.6666333    2.0538
1965.7500333    -3.7545
1965.8333333    2.3603
1965.9166333    11.3982
1966.0000333    16.4358
1966.0833333    12.9351
1966.1666333    22.4343
1966.2500333    12.0871
1966.3333333    11.1246
1966.4166333    29.4697
1966.5000333    8.0454
1966.5833333    36.8519
1966.6666333    69.8121
1966.7500333    53.003
1966.8333333    69.117
1966.9166333    68.6924
1967.0000333    68.1907
1967.0833333    69.6122
1967.1666333    72.9566
1967.2500333    107.762
1967.3333333    119.876
1967.4166333    137.605
1967.5000333    128.795
1967.5833333    117.062
1967.6666333    117.175
1967.7500333    79.4423
1967.8333333    71.1708
1967.9166333    70.5915
1968.0000333    62.4736
1968.0833333    59.8172
1968.1666333    54.2377
1968.2500333    64.1965
1968.3333333    9.3091
1968.4166333    -6.1936
1968.5000333    -27.8505
1968.5833333    -56.1227
1968.6666333    -87.5487
1968.7500333    -104.129
1968.8333333    -107.709
1968.9166333    -103.058
1969.0000333    -100.639
1969.0833333    -89.4498
1969.1666333    -82.4917
1969.2500333    -73.5338
1969.3333333    -51.8066
1969.4166333    -65.1564
1969.5000333    -84.3526
1969.5833333    -83.3949
1969.6666333    -67.9757
1969.7500333    -26.4029
1969.8333333    -34.5992
1969.9166333    -33.4879
1970.0000333    -15.3769
1970.0833333    -17.7273
1970.1666333    -8.1547
1970.2500333    7.4177
1970.3333333    21.2979
1970.4166333    -21.1298
1970.5000333    5.904
1970.5833333    25.3993
1970.6666333    11.9714
1970.7500333    -2.6874
1970.8333333    -19.5769
1970.9166333    -14.2357
1971.0000333    -13.0486
1971.0833333    -21.7076
1971.1666333    -21.3666
1971.2500333    -18.1028
1971.3333333    -21.9928
1971.4166333    -40.652
1971.5000333    -71.3884
1971.5833333    -100.894
1971.6666333    -119.092
1971.7500333    -111.213
1971.8333333    -103.95
1971.9166333    -88.0709
1972.0000333    -90.1924
1972.0833333    -87.2369
1972.1666333    -96.1275
1972.2500333    -96.2492
1972.3333333    -83.8324
1972.4166333    -87.1079
1972.5000333    -99.4605
1972.5833333    -54.2747
1972.6666333    -40.0119
1972.7500333    -25.5187
1972.8333333    -29.2561
1972.9166333    -32.0705
1973.0000333    -33.3467
1973.0833333    -29.2382
1973.1666333    -24.5143
1973.2500333    -19.9446
1973.3333333    17.7022
1973.4166333    12.8873
1973.5000333    9.2261
1973.5833333    17.7957
1973.6666333    -20.5578
1973.7500333    -36.7577
1973.8333333    -45.573
1973.9166333    -41.8498
1974.0000333    -23.8192
1974.0833333    -26.1731
1974.1666333    -1.1424
1974.2500333    -0.3428
1974.3333333    17.2262
1974.4166333    23.872
1974.5000333    40.133
1974.5833333    16.0863
1974.6666333    -0.1912
1974.7500333    15.1465
1974.8333333    24.5612
1974.9166333    25.3604
1975.0000333    26.0825
1975.0833333    11.1892
1975.1666333    27.0652
1975.2500333    3.2485
1975.3333333    4.2012
1975.4166333    2.1539
1975.5000333    -17.8168
1975.5833333    -75.5566
1975.6666333    -81.9119
1975.7500333    -84.729
1975.8333333    -85.5459
1975.9166333    -79.7476
1976.0000333    -77.2572
1976.0833333    -88.7667
1976.1666333    -87.1993
1976.2500333    -105.017
1976.3333333    -92.6804
1976.4166333    -97.2671
1976.5000333    -115.7
1976.5833333    -141.518
1976.6666333    -126.643
1976.7500333    -99.1534
1976.8333333    -101.664
1976.9166333    -95.0969
1977.0000333    -89.4535
1977.0833333    -92.81
1977.1666333    -74.7051
1977.2500333    -60.9849
1977.3333333    -15.1109
1977.4166333    -26.6216
1977.5000333    -20.3632
1977.5833333    -41.4894
1977.6666333    -30.4619
1977.7500333    -48.0499
1977.8333333    -75.8686
1977.9166333    -57.3028
1978.0000333    -52.7372
1978.0833333    -50.1715
1978.1666333    -19.6059
1978.2500333    -16.8867
1978.3333333    -2.4751
1978.4166333    -69.4481
1978.5000333    -78.3445
1978.5833333    -106.549
1978.6666333    -79.9834
1978.7500333    -96.1876
1978.8333333    -80.6226
1978.9166333    -66.6731
1979.0000333    -64.8006
1979.0833333    -60.0051
1979.1666333    -47.2865
1979.2500333    -81.0297
1979.3333333    -65.4651
1979.4166333    -70.0544
1979.5000333    -53.9517
1979.5833333    -60.8489
1979.6666333    -61.0538
1979.7500333    -70.7205
1979.8333333    -80.0025
1979.9166333    -70.9769
1980.0000333    -64.6438
1980.0833333    -58.3876
1980.1666333    -51.9776
1980.2500333    -42.2601
1980.3333333    -21.2349
1980.4166333    -13.3635
1980.5000333    -19.0309
1980.5833333    -16.4674
1980.6666333    3.7114
1980.7500333    4.7361
1980.8333333    5.8378
1980.9166333    25.9395
1981.0000333    24.964
1981.0833333    23.5271
1981.1666333    20.09
1981.2500333    38.8836
1981.3333333    48.6772
1981.4166333    66.3938
1981.5000333    30.0332
1981.5833333    8.7497
1981.6666333    5.3892
1981.7500333    -7.6639
1981.8333333    27.5139
1981.9166663    0.0
1982.0000003    0.0
1982.0833333    0.0
1982.1666333    42.6856
1982.2500333    44.6321
1982.3333333    75.4249
1982.4166333    108.756
1982.5000333    155.318
1982.5833333    114.572
1982.6666333    90.7487
1982.7500333    64.8486
1982.8333333    71.7178
1982.9166333    76.2793
1983.0000333    82.8405
1983.0833333    86.0941
1983.1666333    92.5784
1983.2500333    121.139
1983.3333333    123.008
1983.4166333    107.723
1983.5000333    107.284
1983.5833333    40.0755
1983.6666333    26.6363
1983.7500333    2.8891
1983.8333333    -10.2425
1983.9166333    5.0873
1984.0000333    12.4938
1984.0833333    20.0542
1984.1666333    15.6915
1984.2500333    -18.9023
1984.3333333    -65.8036
1984.4166663    0.0
1984.5000003    0.0
1984.5833333    0.0
1984.6666333    -69.7944
1984.7499663    0.0
1984.8333333    -100.136
1984.9166333    -127.5
1985.0000333    -96.0943
1985.0833333    -60.6116
1985.1666333    -44.3598
1985.2500333    -20.416
1985.3333333    -13.6259
1985.4166663    0.0
1985.5000333    -6.9691
1985.5833333    -57.41
1985.6666333    -50.1587
1985.7500333    -53.1383
1985.8333333    -44.7333
1985.9166333    -53.7898
1986.0000333    -38.3851
1986.0833333    -37.8264
1986.1666333    -47.3447
1986.2500333    -37.2479
1986.3333333    -12.9971
1986.4166333    -50.208
1986.5000333    -77.2652
1986.5833333    -98.8608
1986.6666333    -59.918
1986.7500333    -56.1293
1986.8333333    -39.2636
1986.9166663    0.0
1987.0000333    -29.8402
1987.0833333    -7.0517
1987.1666333    -1.0324
1987.2500333    4.2943
1987.3333663    0.0
1987.4166333    7.4863
1987.5000333    8.4282
1987.5833333    7.4471
1987.6666333    44.0044
1987.7500333    33.5615
1987.8333333    33.1955
1987.9166333    39.5988
1988.0000333    53.3864
1988.0833333    68.251
1988.1666333    77.3463
1988.2500333    66.826
1988.3333333    69.3827
1988.4166333    81.7855
1988.5000333    94.9573
1988.5833333    106.052
1988.6666333    99.9164
1988.7500333    69.9341
1988.8333333    73.7211
1988.9166333    78.8927
1989.0000333    73.3717
1989.0833333    67.2355
1989.1666333    51.7145
1989.2500333    52.4241
1989.3333333    55.98
1989.4166333    58.228
1989.5000333    66.4759
1989.5833333    59.3392
1989.6666333    38.5101
1989.7500333    23.9116
1989.8333333    56.5439
1989.9166333    99.0992
1990.0000333    81.2697
1990.0833663    0.0
1990.1667003    0.0
1990.2500333    0.0
1990.3333663    0.0
1990.4167003    0.0
1990.5000333    0.0
1990.5833663    0.0
1990.6666333    72.0933
1990.7500333    53.6478
1990.8333333    40.1254
1990.9166333    23.526
1991.0000333    9.311
1991.0833333    -3.6732
1991.1666333    -28.3497
1991.2500333    -37.3342
1991.3333333    -31.5494
1991.4166333    -21.303
1991.5000333    -27.7493
1991.5833333    -49.4262
1991.6666333    -23.7185
1991.7500333    -10.0111
1991.8333333    -9.2267
1991.9166333    -7.2116
1992.0000333    -9.0429
1992.0833333    8.7413
1992.1666333    11.8331
1992.2500333    2.617
1992.3333333    24.4779
1992.4166333    16.8003
1992.5000333    49.4301
1992.5833333    45.2908
1992.6666333    23.4591
1992.7500333    6.3195
1992.8333333    -5.5893
1992.9166333    0.5019
1993.0000333    18.6697
1993.0833333    22.453
1993.1666333    0.3901
1993.2500333    -9.5192
1993.3333333    -20.5053
1993.4166333    -19.7992
1993.5000333    -1.6318
1993.5833333    -76.2335
1993.6666333    -57.0661
1993.7500333    -51.7451
1993.8333333    -31.9624
1993.9166333    -28.1029
1994.0000333    -20.3205
1994.0833333    -14.9227
1994.1666333    -15.7557
1994.2500333    4.7187
1994.3333663    0.0
1994.4166333    43.6677
1994.5000333    76.4496
1994.5833333    87.0009
1994.6666333    78.3213
1994.7500333    98.6414
1994.8333333    69.5002
1994.9166333    74.5896
1995.0000333    66.8326
1995.0833333    69.4603
1995.1666333    69.9341
1995.2500333    70.7154
1995.3333333    69.0352
1995.4166333    31.6626
1995.5000333    -40.5563
1995.5833333    -82.0829
1995.6666333    -153.609
1995.7500333    -188.444
1995.8333333    -189.279
1995.9166333    -182.113
1996.0000333    -182.333
1996.0833333    -188.167
1996.1666333    -169.387
1996.2500333    -151.298
1996.3333333    -169.518
1996.4166333    -181.045
1996.5000333    -125.88
1996.5833663    0.0
1996.6666333    -83.7047
1996.7500333    -64.1555
1996.8333333    -39.2986
1996.9166333    -28.7494
1997.0000333    -26.6619
1997.0833333    -27.5744
1997.1666333    -14.7947
1997.2500333    8.2925
1997.3333333    -11.6971
1997.4166333    -32.456
1997.5000333    -12.6767
1997.5833333    20.5642
1997.6666333    -7.5027
1997.7500333    -12.4928
1997.8333333    -20.5598
1997.9166333    -13.9346
1998.0000333    1.9212
1998.0833333    14.0848
1998.1666333    17.6329
1998.2500333    32.4884
1998.3333333    20.3441
1998.4166333    41.0458
1998.5000333    57.5165
1998.5833333    65.6797
1998.6666333    40.9196
1998.7500333    35.7747
1998.8333333    28.9376
1998.9166333    39.2543
1999.0000333    37.34
1999.0833333    25.7335
1999.1666333    26.8961
1999.2500333    35.9815
1999.3333333    19.9132
1999.4166333    53.4602
1999.5000333    60.9301
1999.5833333    70.2462
1999.6666333    53.0237
1999.7500333    45.878
1999.8333333    45.1169
1999.9166333    52.5096
2000.0000333    50.5175
2000.0833333    48.4486
2000.1666333    47.3795
2000.2500333    59.6179
2000.3333333    67.7795
2000.4166333    75.5564
2000.5000333    42.7177
2000.5833333    17.5714
2000.6666333    -22.8058
2000.7500333    -30.1062
2000.8333333    -32.6374
2000.9166333    -30.7071
2001.0000333    -28.3924
2001.0833333    -21.0007
2001.1666333    -7.8398
2001.2500333    19.167
2001.3333333    14.8661
2001.4166333    2.7191
2001.5000333    9.6487
2001.5833333    48.9631
2001.6666333    56.4312
2001.7500333    59.8221
2001.8333333    56.8286
2001.9166333    69.9888
2002.0000333    73.4564
2002.0833333    70.7703
2002.1666333    63.6996
2002.2500333    58.0901
2002.3333333    29.7115
2002.4166333    -11.2057
2002.5000333    -0.5077
2002.5833333    -35.6558
2002.6666333    -85.6501
2002.7500333    -99.4138
2002.8333333    -89.2544
2002.9166333    -79.0951
2003.0000333    -78.3976
2003.0833333    -75.8538
2003.1666333    -69.7716
2003.2500333    -62.0742
2003.3333333    -59.7614
2003.4166333    -43.9871
2003.5000333    -5.5208
2003.5833333    -10.5928
2003.6666333    -2.4341
2003.7500333    -7.5065
2003.8333333    -2.5018
2003.9166333    2.8105
2004.0000333    0.8149
2004.0833333    4.5886
2004.1666333    22.8237
2004.2500333    29.5971
2004.3333333    35.9091
2004.4166333    48.8363
2004.5000333    71.7633
2004.5833333    41.4596
2004.6666333    21.2328
2004.7500333    13.775
2004.8333333    21.0865
2004.9166333    21.7056
2005.0000333    18.0168
2005.0833333    24.2512
2005.1666333    23.5624
2005.2500333    5.6426
2005.3333333    15.8767
2005.4166333    5.1108
2005.5000333    -24.7323
2005.5833333    -67.5753
2005.6666333    -64.0338
2005.7500333    -52.3386
2005.8333333    -46.028
2005.9166333    -50.9482
2006.0000333    -52.0995
2006.0833333    -48.4044
2006.1666333    -48.3249
2006.2500333    -31.7071
2006.3333333    1.7569
2006.4166333    13.6824
2006.5000333    61.3769
2006.5833333    69.61
2006.6666333    80.1506
2006.7500333    80.6911
2006.8333333    79.847
2006.9166333    86.2336
2007.0000333    109.389
2007.0833333    117.391
2007.1666333    120.931
2007.2500333    113.163
2007.3333333    103.473
2007.4166333    86.5513
2007.5000333    78.5526
2007.5833333    50.7848
2007.6666333    74.94
2007.7500333    64.1718
2007.8333333    62.5576
2007.9166333    64.7895
2008.0000333    66.5596
2008.0833333    65.8682
2008.1666333    63.023
2008.2500333    84.9467
2008.3333333    100.178
2008.4166333    83.7943
2008.5000333    66.7947
2008.5833333    32.7183
2008.6666333    12.7188
2008.7500333    -23.0503
2008.8333333    -21.1269
2008.9166333    -12.8959
2009.0000333    -5.9728
2009.0833333    -4.5112
2009.1666333    -9.2804
2009.2500333    -6.3576
2009.3333333    -8.8961
2009.4166333    -25.1271
2009.5000333    -43.666
2009.5833333    -56.2048
2009.6666333    -48.0514
2009.7500333    -56.7444
2009.8333333    -52.9757
2009.9166333    -54.8994
2010.0000333    -47.9773
2010.0833333    -49.7473
2010.1666333    -51.2866
2010.2500333    -47.1338
2010.3333333    -44.981
2010.4166333    -79.8282
2010.5000333    -72.2911
2010.5833333    -48.7539
2010.6666333    -49.2936
2010.7500333    -54.9875
2010.8333333    -46.6043
2010.9166333    -33.6827
2011.0000333    -25.0691
2011.0833333    -18.3015
2011.1666333    -4.2263
2011.2500333    6.6178
2011.3333333    5.6929
2011.4166333    49.8448
2011.5000333    75.7656
2011.5833333    61.7635
2011.6666333    52.3768
2011.7500333    56.6051
2011.8333333    55.7566
2011.9166333    58.2158
2012.0000333    61.4439
2012.0833333    61.6722
2012.1666333    71.7465
2012.2500333    61.8205
2012.3333333    65.3562
2012.4166333    60.1226
2012.5000333    10.0426
2012.5833333    -24.5757
2012.6666333    -55.5788
2012.7500333    -54.8898
2012.8333333    -53.1237
2012.9166333    -48.9731
2013.0000333    -56.9766
2013.0833333    -59.2108
2013.1666333    -56.8297
2013.2500333    -82.6027
2013.3333333    -97.0678
2013.4166333    -93.0715
2013.5000333    -113.999
2013.5833333    -108.464
2013.6666333    -110.853
2013.7500333    -93.6259
2013.8333333    -107.399
2013.9166333    -122.403
2014.0000333    -136.485
2014.0833333    -132.566
2014.1666333    -149.801
2014.2500333    -147.806
2014.3333333    -152.118
2014.4166333    -113.815
2014.5000333    -95.5118
2014.5833333    -79.055
2014.6666333    -80.9059
2014.7500333    -66.3725
2014.8333333    -38.4544
2014.9166333    -18.1517
2015.0000333    4.6123
2015.0833333    18.2225
2015.1666333    25.1403
2015.2500333    32.4425
2015.3333333    65.5141
2015.4166333    111.509
2015.5000333    77.6568
2015.5833333    55.9589
2015.6666333    47.7224
2015.7500333    46.9473
2015.8333333    41.3261
2015.9166333    35.0894
2016.0000333    44.2371
2016.0833333    51.6926
2016.1666333    70.9942
2016.2500333    62.2956
2016.3333333    81.2124
2016.4166333    65.5907
2016.5000333    41.7379
2016.5833333    31.2699
2016.6666333    16.4172
2016.7500333    22.3335
2016.8333333    6.096
2016.9166333    18.9354
2017.0000333    23.2361
2017.0833333    28.6907
2017.1666333    36.2991
2017.2500333    51.3688
2017.3333333    82.7463
2017.4166333    98.9699
2017.5000333    85.0009
2017.5833333    86.2488
2017.6666333    108.878
2017.7500333    119.017
2017.8333333    141.356
2017.9166333    197.123
