1892.0000333    -112.297
1892.0833333    -94.4467
1892.1666333    -65.9618
1892.2500333    -67.0317
1892.3333333    -69.5976
1892.4166333    -68.2847
1892.5000333    -77.8335
1892.5833333    -95.5884
1892.6666333    -87.1895
1892.7500333    -63.4053
1892.8333333    -68.0836
1892.9166333    -65.8388
1893.0000333    -66.6703
1893.0833333    -66.7334
1893.1666333    -50.6428
1893.2500333    -42.2438
1893.3333333    -16.9226
1893.4166333    13.7832
1893.5000333    23.7204
1893.5833333    72.1182
1893.6666333    102.824
1893.7500333    75.0683
1893.8333333    61.9274
1893.9166333    67.248
1894.0000333    71.0308
1894.0833333    87.1204
1894.1666333    80.9022
1894.2500333    46.9925
1894.3333333    33.851
1894.4166333    29.171
1894.5000333    -3.2005
1894.5833333    -40.1884
1894.6666333    -84.0994
1894.7500333    -98.779
1894.8333333    -94.2287
1894.9166333    -91.9861
1895.0000333    -72.0506
1895.0833333    -66.7313
1895.1666333    -62.9506
1895.2500333    -49.1691
1895.3333333    -21.5425
1895.4166333    -23.1467
1895.5000333    -35.5193
1895.5833333    -13.2775
1895.6666333    16.6565
1895.7500333    20.4374
1895.8333333    17.2943
1895.9166333    31.8434
1896.0000333    51.7778
1896.0833333    44.0191
1896.1666333    37.0294
1896.2500333    30.0406
1896.3333333    17.6661
1896.4166333    -10.8622
1896.5000333    -40.1591
1896.5833333    -48.6876
1896.6666333    -77.2163
1896.7500333    -89.5903
1896.8333333    -91.9653
1896.9166333    -97.4173
1897.0000333    -90.5609
1897.0833333    -98.3207
1897.1666333    -81.4653
1897.2500333    -65.3784
1897.3333333    -78.5232
1897.4166333    -66.2834
1897.5000333    -38.6583
1897.5833333    5.889
1897.6666333    6.59
1897.7500333    4.2148
1897.8333333    6.4541
1897.9166333    10.2318
1898.0000333    32.4718
1898.0833333    40.8646
1898.1666333    50.7959
1898.2500333    25.3432
1898.3333333    15.2743
1898.4166333    43.6668
1898.5000333    49.7523
1898.5833333    45.0677
1898.6666333    24.9984
1898.7500333    36.4683
1898.8333333    36.3988
1898.9166333    40.1753
1899.0000333    40.8757
1899.0833333    27.729
1899.1666333    33.0438
1899.2500333    46.0516
1899.3333333    86.7508
1899.4166333    95.1421
1899.5000333    58.9189
1899.5833333    18.8486
1899.6666333    -4.2988
1899.7500333    -24.3685
1899.8333333    -32.9006
1899.9166333    -25.279
1900.0000333    -15.349
1900.0833333    -6.9583
1900.1666333    -3.1831
1900.2500333    -0.9457
1900.3333333    -19.4784
1900.4166333    -39.5496
1900.5000333    -48.0817
1900.5833333    -35.8454
1900.6666333    -28.9939
1900.7500333    -25.2185
1900.8333333    -30.6748
1900.9166333    -33.0543
1901.0000333    -33.8946
1901.0833333    -42.4281
1901.1666333    -58.6541
1901.2500333    -63.3408
1901.3333333    -84.9515
1901.4166333    -83.4854
1901.5000333    -71.2493
1901.5833333    -69.7834
1901.6666333    -81.3945
1901.7500333    -87.6202
1901.8333333    -92.3084
1901.9166333    -83.1506
1902.0000333    -73.2228
1902.0833333    -47.9112
1902.1666333    -32.5998
1902.2500333    -25.7492
1902.3333333    -26.5918
1902.4166333    -33.5883
1902.5000333    -29.0457
1902.5833333    -16.0424
1902.6666333    6.1916
1902.7500333    28.4263
1902.8333333    46.0447
1902.9166333    52.1245
1903.0000333    68.2051
1903.0833333    87.3616
1903.1666333    91.1335
1903.2500333    79.5215
1903.3333333    97.1393
1903.4166333    101.68
1903.5000333    114.683
1903.5833333    89.2238
1903.6666333    31.4567
1903.7500333    -6.3097
1903.8333333    -18.6924
1903.9166333    -17.2291
1904.0000333    3.4657
1904.0833333    11.0827
1904.1666333    -20.5311
1904.2500333    -37.5289
1904.3333333    -27.6044
1904.4166333    -20.757
1904.5000333    -6.9858
1904.5833333    14.4768
1904.6666333    17.4778
1904.7500333    27.4025
1904.8333333    32.711
1904.9166333    24.1733
1905.0000333    31.0208
1905.0833333    30.1752
1905.1666333    30.8679
1905.2500333    39.2537
1905.3333333    29.177
1905.4166333    38.331
1905.5000333    37.4857
1905.5833333    37.4088
1905.6666333    24.2548
1905.7500333    35.7169
1905.8333333    30.2551
1905.9166333    31.7162
1906.0000333    48.5627
1906.0833333    50.0236
1906.1666333    38.4076
1906.2500333    25.2538
1906.3333333    11.3298
1906.4166333    38.175
1906.5000333    30.4055
1906.5833333    18.789
1906.6666333    13.3262
1906.7500333    -8.2897
1906.8333333    -12.2142
1906.9166333    1.5536
1907.0000333    6.0912
1907.0833333    26.0126
1907.1666333    43.6262
1907.2500333    43.5482
1907.3333333    38.0847
1907.4166333    37.2365
1907.5000333    17.1582
1907.5833333    27.0791
1907.6666333    0.0767
1907.7500333    -39.2326
1907.8333333    -38.5428
1907.9166333    -40.1608
1908.0000333    -46.3935
1908.0833333    -46.4732
1908.1666333    -61.9376
1908.2500333    -90.4783
1908.3333333    -96.7121
1908.4166333    -82.1768
1908.5000333    -57.6408
1908.5833333    -59.2595
1908.6666333    -102.417
1908.7500333    -104.035
1908.8333333    -86.4232
1908.9166333    -80.35
1909.0000333    -65.0453
1909.0833333    -35.1261
1909.1666333    -29.8224
1909.2500333    -26.8257
1909.3333333    -16.1376
1909.4166333    0.7043
1909.5000333    19.8546
1909.5833333    28.2347
1909.6666333    30.4609
1909.7500333    48.8417
1909.8333333    63.3755
1909.9166333    63.2937
1910.0000333    67.0588
1910.0833333    52.3615
1910.1666333    24.5872
1910.2500333    17.5828
1910.3333333    7.5006
1910.4166333    -4.8894
1910.5000333    -1.5095
1910.5833333    -18.3612
1910.6666333    -31.1361
1910.7500333    -39.0641
1910.8333333    -43.993
1910.9166333    -47.999
1911.0000333    -32.9272
1911.0833333    -38.7795
1911.1666333    -17.8627
1911.2500333    -9.3297
1911.3333333    10.6639
1911.4166333    6.9651
1911.5000333    8.8055
1911.5833333    -12.2012
1911.6666333    -26.3618
1911.7500333    -35.0601
1911.8333333    -32.144
1911.9166333    -16.8433
1912.0000333    -14.9266
1912.0833333    -17.5492
1912.1666333    -2.7873
1912.2500333    -20.4093
1912.3333333    -9.4937
1912.4166333    2.7295
1912.5000333    14.7995
1912.5833333    26.3302
1912.6666333    61.63
1912.7500333    64.3921
1912.8333333    53.5379
1912.9166333    62.1452
1913.0000333    59.83
1913.0833333    75.2063
1913.1666333    58.5056
1913.2500333    38.1133
1913.3333333    64.1816
1913.4166333    90.4806
1913.5000333    78.6264
1913.5833333    94.0022
1913.6666333    89.224
1913.7500333    62.4465
1913.8333333    71.745
1913.9166333    79.9665
1914.0000333    73.2657
1914.0833333    67.5639
1914.1666333    60.7852
1914.2500333    74.2379
1914.3333333    76.8436
1914.4166333    74.1415
1914.5000333    28.3632
1914.5833333    -0.1853
1914.6666333    -36.0415
1914.7500333    -33.8201
1914.8333333    -38.0612
1914.9166333    -45.1484
1915.0000333    -36.0042
1915.0833333    -26.3994
1915.1666333    -25.0254
1915.2500333    -47.1123
1915.3333333    -58.5077
1915.4166333    -53.5955
1915.5000333    -54.7596
1915.5833333    -33.9245
1915.6666333    -49.3972
1915.7500333    -50.1
1915.8333333    -68.7268
1915.9166333    -71.6613
1916.0000333    -72.0567
1916.0833333    -76.9145
1916.1666333    -80.5416
1916.2500333    -71.168
1916.3333333    -44.9492
1916.4166333    -36.7304
1916.5000333    -46.3571
1916.5833333    -76.5231
1916.6666333    -110.843
1916.7500333    -92.9316
1916.8333333    -89.1749
1916.9166333    -80.9567
1917.0000333    -81.0454
1917.0833333    -86.2121
1917.1666333    -69.7634
1917.2500333    -40.3139
1917.3333333    -26.6347
1917.4166333    4.2753
1917.5000333    20.4936
1917.5833333    40.6342
1917.6666333    41.6977
1917.7500333    36.4543
1917.8333333    12.7484
1917.9166333    21.9655
1918.0000333    32.9525
1918.0833333    42.8617
1918.1666333    72.9247
1918.2500333    72.373
1918.3333333    46.5127
1918.4166333    26.0369
1918.5000333    -13.592
1918.5833333    -43.3756
1918.6666333    -67.2363
1918.7500333    -63.1731
1918.8333333    -57.8801
1918.9166333    -28.5872
1919.0000333    -27.2936
1919.0833333    -10.0009
1919.1666333    9.6764
1919.2500333    -3.9534
1919.3333333    -33.2763
1919.4166333    -35.5224
1919.5000333    -15.4601
1919.5833333    7.909
1919.6666333    45.0472
1919.7500333    54.0323
1919.8333333    65.8627
1919.9166333    84.3084
1920.0000333    91.9855
1920.0833333    97.0463
1920.1666333    78.5686
1920.2500333    37.5532
1920.3333333    27.7676
1920.4166333    26.1358
1920.5000333    40.2739
1920.5833333    26.565
1920.6666333    23.2406
1920.7500333    6.6861
1920.8333333    9.5154
1920.9166333    7.1137
1921.0000333    21.0975
1921.0833333    32.9264
1921.1666333    35.8322
1921.2500333    45.8926
1921.3333333    69.4136
1921.4166333    77.6268
1921.5000333    106.302
1921.5833333    72.1307
1921.6666333    65.7283
1921.7500333    34.5574
1921.8333333    31.7701
1921.9166333    44.0597
1922.0000333    47.8885
1922.0833333    48.024
1922.1666333    31.5441
1922.2500333    6.2188
1922.3333333    0.8156
1922.4166333    15.1816
1922.5000333    26.4713
1922.5833333    17.6063
1922.6666333    4.5874
1922.7500333    -29.2001
1922.8333333    -14.0653
1922.9166333    -0.6999
1923.0000333    2.6662
1923.0833333    8.6468
1923.1666333    12.5504
1923.2500333    33.5317
1923.3333333    71.8197
1923.4166333    70.1076
1923.5000333    39.1655
1923.5833333    11.9148
1923.6666333    -6.2591
1923.7500333    15.5677
1923.8333333    39.9321
1923.9166333    35.0657
1924.0000333    32.9691
1924.0833333    24.9486
1924.1666333    21.7742
1924.2500333    7.5236
1924.3333333    -14.4203
1924.4166333    -27.5181
1924.5000333    1.231
1924.5833333    32.9023
1924.6666333    26.4196
1924.7500333    31.3222
1924.8333333    22.8394
1924.9166333    30.741
1925.0000333    33.7973
1925.0833333    24.8526
1925.1666333    39.8309
1925.2500333    39.6561
1925.3333333    38.7111
1925.4166333    42.9968
1925.5000333    34.0525
1925.5833333    -16.662
1925.6666333    -31.8381
1925.7500333    -23.3981
1925.8333333    -28.1897
1925.9166333    -14.8276
1926.0000333    -20.2341
1926.0833333    -9.7952
1926.1666333    3.9512
1926.2500333    -10.0709
1926.3333333    -12.4785
1926.4166333    -5.8092
1926.5000333    6.9376
1926.5833333    6.1451
1926.6666333    13.7372
1926.7500333    13.4837
1926.8333333    24.3833
1926.9166333    51.1289
1927.0000333    54.9521
1927.0833333    63.236
1927.1666333    64.6736
1927.2500333    63.6504
1927.3333333    70.3956
1927.4166333    45.4483
1927.5000333    40.8864
1927.5833333    33.0159
1927.6666333    6.1453
1927.7500333    -5.6477
1927.8333333    -25.7493
1927.9166333    -31.3894
1928.0000333    -20.7211
1928.0833333    -3.823
1928.1666333    4.152
1928.2500333    1.897
1928.3333333    -4.8975
1928.4166333    0.3849
1928.5000333    8.6681
1928.5833333    -15.0497
1928.6666333    -45.9214
1928.7500333    -30.0232
1928.8333333    -12.6644
1928.9166333    5.5406
1929.0000333    15.5924
1929.0833333    3.1048
1929.1666333    -2.6136
1929.2500333    10.6687
1929.3333333    25.8731
1929.4166333    37.0775
1929.5000333    49.6672
1929.5833333    53.1022
1929.6666333    68.1524
1929.7500333    74.2803
1929.8333333    68.1765
1929.9166333    63.5342
1930.0000333    59.6618
1930.0833333    56.5578
1930.1666333    33.2998
1930.2500333    23.504
1930.3333333    30.7843
1930.4166333    22.9107
1930.5000333    6.1916
1930.5833333    -25.0669
1930.6666333    -31.0947
1930.7500333    -34.9679
1930.8333333    -26.3035
1930.9166333    -10.4854
1931.0000333    12.3334
1931.0833333    22.2282
1931.1666333    17.8922
1931.2500333    45.7876
1931.3333333    57.2207
1931.4166333    29.8844
1931.5000333    48.5488
1931.5833333    54.7508
1931.6666333    48.1834
1931.7500333    60.6937
1931.8333333    64.5877
1931.9166333    66.4047
1932.0000333    67.7609
1932.0833333    59.8085
1932.1666333    63.0098
1932.2500333    78.6734
1932.3333333    70.1822
1932.4166333    72.3064
1932.5000333    74.662
1932.5833333    46.709
1932.6666333    24.2175
1932.7500333    33.8036
1932.8333333    18.5426
1932.9166333    8.2047
1933.0000333    19.5597
1933.0833333    34.1447
1933.1666333    16.8834
1933.2500333    1.6228
1933.3333333    -24.7926
1933.4166333    -48.1311
1933.5000333    -49.1612
1933.5833333    -37.423
1933.6666333    -35.6848
1933.7500333    -48.0229
1933.8333333    -51.1311
1933.9166333    -33.9317
1934.0000333    -20.5008
1934.0833333    -16.7632
1934.1666333    -30.7179
1934.2500333    4.7896
1934.3333333    22.604
1934.4166333    35.3413
1934.5000333    46.6947
1934.5833333    50.201
1934.6666333    26.7842
1934.7500333    20.522
1934.8333333    30.8742
1934.9166333    32.8417
1935.0000333    40.5022
1935.0833333    49.4696
1935.1666333    43.1291
1935.2500333    68.4048
1935.3333333    59.4488
1935.4166333    56.8773
1935.5000333    60.845
1935.5833333    54.8887
1935.6666333    15.0092
1935.7500333    8.592
1935.8333333    -14.0569
1935.9166333    -8.0135
1936.0000333    -4.8156
1936.0833333    -5.4648
1936.1666333    -16.4986
1936.2500333    -21.301
1936.3333333    -31.4889
1936.4166333    -15.3692
1936.5000333    -13.5565
1936.5833333    -43.6677
1936.6666333    -53.7791
1936.7500333    -53.1205
1936.8333333    -54.7704
1936.9166333    -34.882
1937.0000333    -24.2237
1937.0833333    -30.4894
1937.1666333    -26.7551
1937.2500333    -19.9432
1937.3333333    -19.286
1937.4166333    -50.1674
1937.5000333    -76.5866
1937.5833333    -71.4682
1937.6666333    -29.6575
1937.7500333    9.7692
1937.8333333    30.195
1937.9166333    52.6977
1938.0000333    66.2011
1938.0833333    62.4728
1938.1666333    70.8213
1938.2500333    76.5552
1938.3333333    104.827
1938.4166333    110.098
1938.5000333    116.447
1938.5833333    126.949
1938.6666333    98.5277
1938.7500333    72.7994
1938.8333333    34.0703
1938.9166333    33.7257
1939.0000333    30.6126
1939.0833333    17.0371
1939.1666333    0.0768
1939.2500333    -27.9597
1939.3333333    -47.7662
1939.4166333    -74.0345
1939.5000333    -84.5328
1939.5833333    -102.647
1939.6666333    -129.762
1939.7500333    -129.876
1939.8333333    -146.298
1939.9166333    -138.183
1940.0000333    -138.066
1940.0833333    -125.95
1940.1666333    -97.6041
1940.2500333    -77.0263
1940.3333333    -50.834
1940.4166333    -38.411
1940.5000333    -61.6027
1940.5833333    -80.103
1940.6666333    -69.9879
1940.7500333    -80.9492
1940.8333333    -91.0651
1940.9166333    -81.9504
1941.0000333    -74.1426
1941.0833333    -68.7973
1941.1666333    -78.8367
1941.2500333    -111.568
1941.3333333    -122.53
1941.4166333    -120.339
1941.5000333    -142.071
1941.5833333    -146.572
1941.6666333    -148.919
1941.7500333    -152.574
1941.8333333    -147.307
1941.9166333    -128.27
1942.0000333    -109.54
1942.0833333    -104.581
1942.1666333    -99.4672
1942.2500333    -86.7377
1942.3333333    -70.8553
1942.4166333    -38.4346
1942.5000333    -43.7823
1942.5833333    -6.7464
1942.6666333    35.5972
1942.7500333    81.403
1942.8333333    105.9
1942.9166333    120.936
1943.0000333    128.049
1943.0833333    136.623
1943.1666333    143.351
1943.2500333    150.617
1943.3333333    134.806
1943.4166333    135.226
1943.5000333    140.954
1943.5833333    161.835
1943.6666333    139.178
1943.7500333    113.367
1943.8333333    92.5553
1943.9166333    85.7437
1944.0000333    84.625
1944.0833333    77.1209
1944.1666333    72.7705
1944.2500333    69.5746
1944.3333333    56.0702
1944.4166333    65.7195
1944.5000333    60.4465
1944.5833333    31.8648
1944.6666333    15.9754
1944.7500333    20.9329
1944.8333333    26.6587
1944.9166333    37.0767
1945.0000333    42.2646
1945.0833333    46.9132
1945.1666333    42.1001
1945.2500333    36.5955
1945.3333333    29.7053
1945.4166333    32.3536
1945.5000333    25.8486
1945.5833333    26.0351
1945.6666333    14.2215
1945.7500333    20.4086
1945.8333333    1.3641
1945.9166333    7.7041
1946.0000333    1.0447
1946.0833333    5.9999
1946.1666333    17.8781
1946.2500333    21.5262
1946.3333333    15.0965
1946.4166333    13.1282
1946.5000333    -18.3009
1946.5833333    -64.654
1946.6666333    -98.3148
1946.7500333    -81.2827
1946.8333333    -104.328
1946.9166333    -99.0664
1947.0000333    -102.727
1947.0833333    -118.004
1947.1666333    -127.126
1947.2500333    -129.787
1947.3333333    -128.603
1947.4166333    -124.572
1947.5000333    -115.925
1947.5833333    -95.8179
1947.6666333    -60.6337
1947.7500333    -32.9104
1947.8333333    -50.3418
1947.9166333    -40.6194
1948.0000333    -30.5886
1948.0833333    -27.4818
1948.1666333    -0.3751
1948.2500333    28.6554
1948.3333333    34.6081
1948.4166333    58.6376
1948.5000333    84.4371
1948.5833333    105.928
1948.6666333    117.342
1948.7500333    125.91
1948.8333333    130.478
1948.9166333    142.199
1949.0000333    143.998
1949.0833333    156.257
1949.1666333    149.748
1949.2500333    141.162
1949.3333333    117.036
1949.4166333    126.911
1949.5000333    108.709
1949.5833333    75.8913
1949.6666333    54.381
1949.7500333    54.8714
1949.8333333    37.2839
1949.9166333    36.6964
1950.0000333    40.648
1950.0833333    37.2142
1950.1666333    30.7033
1950.2500333    61.0393
1950.3333333    55.759
1950.4166333    62.1709
1950.5000333    26.8912
1950.5833333    -1.774
1950.6666333    -19.2854
1950.7500333    -26.5654
1950.8333333    -53.8462
1950.9166333    -53.0502
1951.0000333    -47.4843
1951.0833333    -47.3039
1951.1666333    -39.662
1951.2500333    -57.0964
1951.3333333    -97.6086
1951.4166333    -59.1208
1951.5000333    -42.3247
1951.5833333    -19.5295
1951.6666333    -9.1958
1951.7500333    3.8308
1951.8333333    -10.3743
1951.9166333    27.8822
1952.0000333    51.9854
1952.0833333    45.934
1952.1666333    58.0363
1952.2500333    56.1392
1952.3333333    62.7029
1952.4166333    76.9588
1952.5000333    32.7538
1952.5833333    6.1633
1952.6666333    -8.7349
1952.7500333    14.1367
1952.8333333    12.9306
1952.9166333    19.109
1953.0000333    4.2881
1953.0833333    9.0816
1953.1666333    23.4905
1953.2500333    15.6693
1953.3333333    26.4626
1953.4166333    39.6405
1953.5000333    43.819
1953.5833333    21.2274
1953.6666333    -9.2873
1953.7500333    -24.3398
1953.8333333    -55.7778
1953.9166333    -57.3698
1954.0000333    -41.038
1954.0833333    -35.5532
1954.1666333    -32.4531
1954.2500333    -27.2754
1954.3333333    -15.714
1954.4166333    -9.6141
1954.5000333    -12.7444
1954.5833333    -20.9525
1954.6666333    -6.4683
1954.7500333    12.6319
1954.8333333    34.8082
1954.9166333    56.5228
1955.0000333    62.0073
1955.0833333    47.3372
1955.1666333    40.9746
1955.2500333    33.9204
1955.3333333    18.0962
1955.4166333    22.041
1955.5000333    24.9866
1955.5833333    -3.2226
1955.6666333    -14.278
1955.7500333    -19.102
1955.8333333    -6.773
1955.9166333    -12.444
1956.0000333    -13.2683
1956.0833333    3.6758
1956.1666333    15.0045
1956.2500333    27.6415
1956.3333333    4.8161
1956.4166333    14.0676
1956.5000333    -4.4496
1956.5833333    -16.506
1956.6666333    -10.101
1956.7500333    -13.003
1956.8333333    -5.5981
1956.9166333    -10.6549
1957.0000333    -11.8649
1957.0833333    -3.6911
1957.1666333    -1.2867
1957.2500333    21.1185
1957.3333333    23.1381
1957.4166333    46.1577
1957.5000333    46.4087
1957.5833333    47.1204
1957.6666333    29.2936
1957.7500333    23.0828
1957.8333333    46.4096
1957.9166333    51.6594
1958.0000333    59.5252
1958.0833333    71.0825
1958.1666333    56.9474
1958.2500333    48.0437
1958.3333333    30.6777
1958.4166333    14.0808
1958.5000333    9.7153
1958.5833333    -2.8049
1958.6666333    -8.7098
1958.7500333    -5.7678
1958.8333333    -3.6729
1958.9166333    -9.9627
1959.0000333    -6.7133
1959.0833333    -23.6187
1959.1666333    -37.9857
1959.2500333    -33.1981
1959.3333333    -38.7191
1959.4166333    -65.471
1959.5000333    -82.7607
1959.5833333    -108.667
1959.6666333    -143.265
1959.7500333    -164.478
1959.8333333    -168.538
1959.9166333    -152.752
1960.0000333    -148.273
1960.0833333    -140.795
1960.1666333    -126.932
1960.2500333    -144.607
1960.3333333    -153.283
1960.4166333    -142.267
1960.5000333    -131.019
1960.5833333    -105.772
1960.6666333    -71.4486
1960.7500333    -28.8166
1960.8333333    -10.57
1960.9166333    9.2919
1961.0000333    29.2313
1961.0833333    43.8622
1961.1666333    51.493
1961.2500333    53.0476
1961.3333333    84.9859
1961.4166333    106.924
1961.5000333    119.863
1961.5833333    146.109
1961.6666333    128.585
1961.7500333    103.754
1961.8333333    96.6154
1961.9166333    106.707
1962.0000333    108.261
1962.0833333    108.275
1962.1666663    0.0
1962.2500333    97.0736
1962.3333333    84.0108
1962.4166333    88.3325
1962.5000333    59.3472
1962.5833333    24.8996
1962.6666333    -11.779
1962.7500333    -46.1492
1962.8333333    -34.2894
1962.9166333    -28.7375
1962.9999663    0.0
1963.0833003    0.0
1963.1666333    -28.8506
1963.2500333    -13.9137
1963.3333333    -14.8237
1963.4166333    -28.1954
1963.5000333    -27.951
1963.5833333    -22.3998
1963.6666333    -58.6948
1963.7500333    -65.6815
1963.8333333    -42.2075
1963.9166333    -28.272
1964.0000333    0.6641
1964.0833333    4.1378
1964.1666333    17.6884
1964.2500333    20.855
1964.3333333    8.0208
1964.4166333    23.1865
1964.5000333    27.2759
1964.5833333    9.5183
1964.6666333    -3.0086
1964.7500333    14.3882
1964.8333333    21.9381
1964.9166333    16.5647
1965.0000333    29.1151
1965.0833333    23.1262
1965.1666333    22.2911
1965.2500333    10.5335
1965.3333333    11.4674
1965.4166333    -1.368
1965.5000333    -42.8181
1965.5833333    -75.1153
1965.6666333    -60.2587
1965.7500333    -67.4783
1965.8333333    -67.545
1965.9166333    -55.6887
1966.0000333    -41.6009
1966.0833333    -47.6678
1966.1666333    -40.9656
1966.2500333    -42.5705
1966.3333333    -43.8684
1966.4166333    -38.6281
1966.5000333    -32.5409
1966.5833333    -17.0699
1966.6666333    38.4779
1966.7500333    42.4879
1966.8333333    52.2663
1966.9166333    62.7369
1967.0000333    76.3621
1967.0833333    72.9094
1967.1666333    70.5336
1967.2500333    86.0046
1967.3333333    106.167
1967.4166333    127.022
1967.5000333    125.108
1967.5833333    133.039
1967.6666333    144.124
1967.7500333    117.903
1967.8333333    101.372
1967.9166333    95.9954
1968.0000333    92.6194
1968.0833333    74.3965
1968.1666333    48.9426
1968.2500333    46.1048
1968.3333333    8.3431
1968.4166333    -18.8034
1968.5000333    -50.103
1968.5833333    -72.7881
1968.6666333    -112.704
1968.7500333    -137.619
1968.8333333    -164.074
1968.9166333    -168.452
1969.0000333    -153.367
1969.0833333    -162.976
1969.1666333    -151.892
1969.2500333    -116.27
1969.3333333    -78.5711
1969.4166333    -63.4879
1969.5000333    -81.5578
1969.5833333    -84.7825
1969.6666333    -85.6226
1969.7500333    -59.3851
1969.8333333    -55.9947
1969.9166333    -45.3735
1970.0000333    -22.9056
1970.0833333    -31.2846
1970.1666333    -14.8176
1970.2500333    -6.9653
1970.3333333    -6.4216
1970.4166333    -35.4164
1970.5000333    -34.949
1970.5833333    -19.6363
1970.6666333    -17.7083
1970.7500333    -20.9335
1970.8333333    -34.3903
1970.9166333    -35.9241
1971.0000333    -22.765
1971.0833333    -34.4528
1971.1666333    -29.9869
1971.2500333    -18.9819
1971.3333333    -4.1315
1971.4166333    3.5649
1971.5000333    -14.1227
1971.5833333    -47.7342
1971.6666333    -70.2688
1971.7500333    -64.572
1971.8333333    -69.8761
1971.9166333    -54.7187
1972.0000333    -47.9453
1972.0833333    -60.3265
1972.1666333    -66.0156
1972.2500333    -69.0886
1972.3333333    -56.547
1972.4166333    -45.0056
1972.5000333    -65.7712
1972.5833333    -40.0761
1972.6666333    -6.1503
1972.7500333    31.1608
1972.8333333    32.8556
1972.9166333    52.8581
1973.0000333    53.015
1973.0833333    64.0172
1973.1666333    70.7117
1973.2500333    72.1761
1973.3333333    89.0242
1973.4166333    91.7184
1973.5000333    71.0286
1973.5833333    74.9534
1973.6666333    28.2627
1973.7500333    -5.5812
1973.8333333    -45.8106
1973.9166333    -42.5015
1974.0000333    -20.115
1974.0833333    -8.5753
1974.1666333    -3.2666
1974.2500333    -4.8034
1974.3333333    5.659
1974.4166333    25.506
1974.5000333    41.5074
1974.5833333    30.8926
1974.6666333    14.7393
1974.7500333    30.5097
1974.8333333    45.9715
1974.9166333    72.741
1975.0000333    70.5111
1975.0833333    47.588
1975.1666333    50.1264
1975.2500333    44.2809
1975.3333333    47.2037
1975.4166333    62.5111
1975.5000333    63.3576
1975.5833333    17.434
1975.6666333    -5.8743
1975.7500333    -1.8743
1975.8333333    -2.7982
1975.9166333    -0.4913
1976.0000333    -4.5685
1976.0833333    -6.8003
1976.1666333    -15.1861
1976.2500333    -53.9558
1976.3333333    -71.2649
1976.4166333    -68.1125
1976.5000333    -92.1133
1976.5833333    -147.576
1976.6666333    -152.886
1976.7500333    -136.425
1976.8333333    -142.273
1976.9166333    -137.506
1977.0000333    -127.507
1977.0833333    -132.817
1977.1666333    -124.281
1977.2500333    -110.206
1977.3333333    -57.9006
1977.4166333    -42.4416
1977.5000333    -31.5973
1977.5833333    -52.2154
1977.6666333    -43.6798
1977.7500333    -58.682
1977.8333333    -90.7619
1977.9166333    -92.0727
1978.0000333    -83.8444
1978.0833333    -92.3861
1978.1666333    -58.6202
1978.2500333    -46.7768
1978.3333333    -16.7804
1978.4166333    -54.5532
1978.5000333    -79.8639
1978.5833333    -105.022
1978.6666333    -85.8717
1978.7500333    -98.9519
1978.8333333    -79.7252
1978.9166333    -53.8833
1979.0000333    -27.733
1979.0833333    -20.8143
1979.1666333    4.1812
1979.2500333    -17.8995
1979.3333333    -28.4426
1979.4166333    -43.7551
1979.5000333    -45.913
1979.5833333    -42.4564
1979.6666333    -63.5384
1979.7500333    -74.5428
1979.8333333    -69.3172
1979.9166333    -76.1687
1980.0000333    -74.7887
1980.0833333    -96.025
1980.1666333    -94.7228
1980.2500333    -101.112
1980.3333333    -93.7336
1980.4166333    -71.4317
1980.5000333    -60.4369
1980.5833333    -29.8276
1980.6666333    -24.4491
1980.7500333    -9.5315
1980.8333333    -9.0763
1980.9166333    9.3019
1981.0000333    24.6808
1981.0833333    33.7511
1981.1666333    37.9752
1981.2500333    44.3537
1981.3333333    59.4238
1981.4166333    64.3399
1981.5000333    31.7182
1981.5833333    2.4034
1981.6666333    -15.6039
1981.7500333    0.3895
1981.8333333    21.1513
1981.9166333    22.99
1982.0000333    17.3677
1982.0833333    12.8216
1982.1666333    31.4291
1982.2500333    25.1143
1982.3333333    30.9525
1982.4166333    32.0983
1982.5000333    67.937
1982.5833333    93.2364
1982.6666333    93.6127
1982.7500333    87.1434
1982.8333333    69.058
1982.9166333    59.6648
1983.0000333    74.426
1983.0833333    79.2634
1983.1666333    87.0237
1983.2500333    100.246
1983.3333333    134.929
1983.4166333    131.613
1983.5000333    137.989
1983.5833333    90.1331
1983.6666333    42.6621
1983.7500333    24.961
1983.8333333    14.0283
1983.9166333    20.7878
1984.0000333    31.8557
1984.0833333    25.9996
1984.1666333    25.2204
1984.2500333    31.4418
1984.3333333    -1.2607
1984.4166333    -20.1172
1984.5000333    -56.4345
1984.5833333    -107.522
1984.6666333    -126.994
1984.7500333    -110.85
1984.8333333    -111.092
1984.9166333    -100.102
1985.0000333    -91.0357
1985.0833333    -85.739
1985.1666333    -62.9039
1985.2500333    -49.8375
1985.3333333    -55.2334
1985.4166333    -49.0909
1985.5000333    -52.4094
1985.5833333    -58.0363
1985.6666333    -52.9711
1985.7500333    -54.3667
1985.8333333    -49.5324
1985.9166333    -40.929
1986.0000333    -30.7095
1986.0833333    -38.2601
1986.1666333    -34.0415
1986.2500333    -30.207
1986.3333333    -10.2194
1986.4166333    -3.2318
1986.5000333    -26.1668
1986.5833333    -28.2564
1986.6666333    -28.3461
1986.7500333    -34.6659
1986.8333333    -21.2942
1986.9166333    -17.2303
1987.0000333    -7.2428
1987.0833333    -3.8714
1987.1666333    15.0384
1987.2500333    13.7949
1987.3333333    -8.834
1987.4166333    -36.9245
1987.5000333    -28.3221
1987.5833333    -11.2589
1987.6666333    -15.5805
1987.7500333    -0.4399
1987.8333333    0.2384
1987.9166333    -4.0065
1988.0000333    -6.2508
1988.0833333    2.4272
1988.1666333    9.9512
1988.2500333    10.0912
1988.3333333    4.1536
1988.4166333    24.1389
1988.5000333    63.7402
1988.5833333    84.5714
1988.6666333    108.249
1988.7500333    105.157
1988.8333333    122.219
1988.9166333    137.743
1989.0000333    152.574
1989.0833333    173.02
1989.1666333    169.774
1989.2500333    168.067
1989.3333333    164.128
1989.4166333    167.958
1989.5000333    173.481
1989.5833333    171.542
1989.6666333    173.603
1989.7500333    158.819
1989.8333333    159.033
1989.9166333    144.94
1990.0000333    153.309
1990.0833333    156.292
1990.1666333    143.814
1990.2500333    150.106
1990.3333333    135.858
1990.4166333    138.38
1990.5000333    141.286
1990.5833333    95.3462
1990.6666333    33.0982
1990.7500333    -31.303
1990.8333333    -55.9357
1990.9166333    -45.8763
1991.0000333    -34.8162
1991.0833333    -38.4492
1991.1666333    -38.6208
1991.2500333    -34.4072
1991.3333333    -31.9635
1991.4166333    -18.6739
1991.5000333    -0.3066
1991.5833333    -1.7864
1991.6666333    33.8107
1991.7500333    44.0238
1991.8333333    59.2361
1991.9166333    54.1406
1992.0000333    45.8919
1992.0833333    56.027
1992.1666333    57.9312
1992.2500333    33.6053
1992.3333333    38.3555
1992.4166333    48.721
1992.5000333    71.0871
1992.5833333    66.0678
1992.6666333    55.1253
1992.7500333    26.5681
1992.8333333    16.087
1992.9166333    12.9134
1993.0000333    44.4328
1993.0833333    58.1822
1993.1666333    33.47
1993.2500333    10.066
1993.3333333    14.6613
1993.4166333    7.7179
1993.5000333    -10.3786
1993.5833333    -52.7067
1993.6666333    -75.1887
1993.7500333    -81.1317
1993.8333333    -87.9216
1993.9166333    -57.5578
1994.0000333    -61.6549
1994.0833333    -85.8297
1994.1666333    -100.082
1994.2500333    -83.4866
1994.3333333    -61.9693
1994.4166333    -17.8368
1994.5000333    3.8348
1994.5833333    31.044
1994.6666333    57.3301
1994.7500333    67.0783
1994.8333333    60.7489
1994.9166333    73.65
1995.0000333    63.2442
1995.0833333    57.9913
1995.1666333    52.1999
1995.2500333    67.4092
1995.3333333    63.5407
1995.4166333    43.749
1995.5000333    -8.2728
1995.5833333    -68.9878
1995.6666333    -137.857
1995.7500333    -178.802
1995.8333333    -209.979
1995.9166333    -203.848
1996.0000333    -191.024
1996.0833333    -203.816
1996.1666333    -220.07
1996.2500333    -203.324
1996.3333333    -196.27
1996.4166333    -201.602
1996.5000333    -190.701
1996.5833333    -153.571
1996.6666333    -105.441
1996.7500333    -64.0799
1996.8333333    -47.4885
1996.9166333    -40.4357
1997.0000333    -54.2284
1997.0833333    -74.2527
1997.1666333    -48.2001
1997.2500333    -8.4546
1997.3333333    -11.71
1997.4166333    -40.1961
1997.5000333    -34.0663
1997.5833333    -9.8604
1997.6666333    -5.3469
1997.7500333    -42.6789
1997.8333333    -62.3194
1997.9166333    -61.5753
1998.0000333    -34.5999
1998.0833333    -1.7022
1998.1666333    15.58
1998.2500333    3.709
1998.3333333    8.9141
1998.4166333    20.7345
1998.5000333    44.7862
1998.5833333    54.5295
1998.6666333    35.1958
1998.7500333    14.0935
1998.8333333    23.9903
1998.9166333    28.8871
1999.0000333    34.246
1999.0833333    13.1426
1999.1666333    -11.7302
1999.2500333    -10.1407
1999.3333333    -0.0906
1999.4166333    10.5749
1999.5000333    24.9332
1999.5833333    47.8293
1999.6666333    53.6483
1999.7500333    43.6217
1999.8333333    32.7483
1999.9166333    53.1824
2000.0000333    68.8479
2000.0833333    76.8203
2000.1666333    76.7157
2000.2500333    78.9194
2000.3333333    76.6607
2000.4166333    74.3251
2000.5000333    45.0669
2000.5833333    7.1926
2000.6666333    -43.6048
2000.7500333    -77.4786
2000.8333333    -79.8917
2000.9166333    -62.5356
2001.0000333    -70.2558
2001.0833333    -71.5153
2001.1666333    -71.8518
2001.2500333    -60.7261
2001.3333333    -30.9089
2001.4166333    -32.1688
2001.5000333    -26.8126
2001.5833333    15.3889
2001.6666333    58.6672
2001.7500333    62.4077
2001.8333333    63.2244
2001.9166333    69.7332
2002.0000333    75.7042
2002.0833333    65.2128
2002.1666333    44.6445
2002.2500333    20.6921
2002.3333333    0.5082
2002.4166333    -55.8297
2002.5000333    -56.0131
2002.5833333    -72.9666
2002.6666333    -131.382
2002.7500333    -178.335
2002.8333333    -174.134
2002.9166333    -160.704
2003.0000333    -154.041
2003.0833333    -166.534
2003.1666333    -149.488
2003.2500333    -132.518
2003.3333333    -117.55
2003.4166333    -91.9655
2003.5000333    -53.0731
2003.5833333    -45.5661
2003.6666333    -52.9053
2003.7500333    -49.7824
2003.8333333    -42.8142
2003.9166333    -31.4614
2004.0000333    -17.8003
2004.0833333    -23.217
2004.1666333    -7.0952
2004.2500333    -1.896
2004.3333333    5.9948
2004.4166333    38.1163
2004.5000333    71.2383
2004.5833333    72.8211
2004.6666333    44.0192
2004.7500333    36.141
2004.8333333    41.8005
2004.9166333    53.7675
2005.0000333    50.1967
2005.0833333    51.5482
2005.1666333    68.2073
2005.2500333    57.3285
2005.3333333    61.9105
2005.4166333    49.954
2005.5000333    13.4595
2005.5833333    -41.2665
2005.6666333    -76.9156
2005.7500333    -60.1796
2005.8333333    -55.2904
2005.9166333    -46.2476
2006.0000333    -53.2041
2006.0833333    -62.0075
2006.1666333    -70.5034
2006.2500333    -79.691
2006.3333333    -55.2639
2006.4166333    -31.6062
2006.5000333    12.6675
2006.5833333    29.1711
2006.6666333    44.8286
2006.7500333    72.4097
2006.8333333    78.8361
2006.9166333    83.1856
2007.0000333    91.6126
2007.0833333    108.116
2007.1666333    137.926
2007.2500333    137.43
2007.3333333    147.779
2007.4166333    141.128
2007.5000333    119.554
2007.5833333    97.8262
2007.6666333    108.944
2007.7500333    91.9856
2007.8333333    73.3341
2007.9166333    62.7593
2008.0000333    74.4929
2008.0833333    66.918
2008.1666333    46.4199
2008.2500333    47.384
2008.3333333    61.5781
2008.4166333    62.3874
2008.5000333    43.3512
2008.5833333    12.6988
2008.6666333    -18.4921
2008.7500333    -56.7594
2008.8333333    -54.3351
2008.9166333    -41.4494
2009.0000333    -32.2554
2009.0833333    -30.216
2009.1666333    -17.4844
2009.2500333    1.5554
2009.3333333    -25.4824
2009.4166333    -48.2126
2009.5000333    -86.6346
2009.5833333    -113.134
2009.6666333    -107.172
2009.7500333    -106.825
2009.8333333    -96.7099
2009.9166333    -89.133
2010.0000333    -84.4785
2010.0833333    -87.5941
2010.1666333    -94.7098
2010.2500333    -112.056
2010.3333333    -117.633
2010.4166333    -125.518
2010.5000333    -121.326
2010.5833333    -97.1343
2010.6666333    -81.4813
2010.7500333    -72.1354
2010.8333333    -72.4826
2010.9166333    -63.9837
2011.0000333    -65.8688
2011.0833333    -63.1393
2011.1666333    -45.7177
2011.2500333    -20.68
2011.3333333    -14.8739
2011.4166333    29.0091
2011.5000333    70.5849
2011.5833333    65.8523
2011.6666333    70.1965
2011.7500333    79.4644
2011.8333333    70.193
2011.9166333    78.3831
2012.0000333    80.1892
2012.0833333    84.9176
2012.1666333    104.877
2012.2500333    106.221
2012.3333333    101.103
2012.4166333    91.8308
2012.5000333    40.7132
2012.5833333    0.6718
2012.6666333    -29.7543
2012.7500333    -48.6414
2012.8333333    -61.6062
2012.9166333    -64.4941
2013.0000333    -68.7661
2013.0833333    -72.1927
2013.1666333    -77.0809
2013.2500333    -104.507
2013.3333333    -99.3184
2013.4166333    -81.8992
2013.5000333    -71.941
2013.5833333    -75.5989
2013.6666333    -64.1031
2013.7500333    -35.9912
2013.8333333    -37.034
2013.9166333    -39.6154
2014.0000333    -39.4269
2014.0833333    -33.8546
2014.1666333    -43.667
2014.2500333    -39.0942
2014.3333333    -39.7529
2014.4166333    -50.5656
2014.5000333    -50.9162
2014.5833333    -38.8059
2014.6666333    -28.7727
2014.7500333    -27.3543
2014.8333333    -12.8598
2014.9166333    17.0193
2015.0000333    43.0528
2015.0833333    49.7779
2015.1666333    43.4259
2015.2500333    42.613
2015.3333333    61.8762
2015.4166333    113.293
2015.5000333    97.4031
2015.5833333    86.743
2015.6666333    66.1597
2015.7500333    59.5
2015.8333333    47.455
2015.9166333    22.8715
2016.0000333    15.2885
2016.0833333    17.5509
2016.1666333    23.4286
2016.2500333    6.6146
2016.3333333    8.7229
2016.4166333    6.908
2016.5000333    -10.6756
2016.5833333    -17.7983
2016.6666333    -37.152
2016.7500333    -27.505
2016.8333333    -34.9357
2016.9166333    -19.3666
2017.0000333    3.5878
2017.0833333    5.5414
2017.1666333    -4.582
2017.2500333    -1.9356
2017.3333333    50.8639
2017.4166333    92.5095
2017.5000333    88.771
2017.5833333    53.2625
2017.6666333    35.7539
2017.7500333    11.5536
2017.8333333    -8.4936
2017.9166333    -8.0025
2018.0000333    -22.3569
2018.0833333    -24.1736
2018.1666333    -21.0674
2018.2500333    -0.8067
2018.3333333    -7.4698
2018.4166333    -39.1331
2018.5000333    -69.4111
2018.5833333    -82.3823
2018.6666333    -61.2766
2018.7500333    -52.0164
2018.8333333    -38.2186
2018.9166333    -26.4978
2019.0000333    -15.0072
2019.0833333    -7.2865
2019.1666333    -0.9506
2019.2500333    -5.691
2019.3333333    -41.2015
2019.4166333    -24.9427
2019.5000333    14.3166
2019.5833333    57.4212
2019.6666333    78.6028
2019.7500333    68.9387
2019.8333333    93.7354
2019.9166333    91.7628
2020.0000333    109.099
2020.0833333    113.203
2020.1666333    120.845
2020.2500333    104.796
2020.3333333    123.977
2020.4166333    145.311
2020.5000333    122.954
2020.5833333    67.2884
2020.6666333    21.5457
2020.7500333    4.2652
2020.8333333    -4.8623
2020.9166333    -15.6821
2021.0000333    -16.5014
2021.0833333    -26.7061
2021.1666333    -38.2954
2021.2500333    -30.2688
2021.3333333    -5.7815
2021.4166333    -31.448
2021.5000333    -28.9602
2021.5833333    16.2961
2021.6666333    34.7831
2021.7500333    26.4246
2021.8333333    18.8345
2021.9166333    32.8596
2022.0000333    49.27
2022.0833333    59.7566
2022.1666333    40.7815
2022.2500333    61.6531
2022.3333333    51.6778
2022.4166333    25.2409
2022.5000333    46.0354
2022.5833333    51.2137
2022.6666333    18.8534
2022.7500333    -1.737
2022.8333333    -3.6359
2022.9166333    -12.3811
2023.0000333    -9.741
2023.0833333    -2.5633
2023.1666333    6.1528
2023.2500333    33.8695
2023.3333333    16.4316
2023.4166333    12.532
2023.5000333    33.2484
2023.5833333    37.3487
2023.6666333    9.372
2023.7500333    -2.6811
2023.8333333    -2.8888
2023.9166333    7.3649
2024.0000333    26.9269
2024.0833333    29.1805
2024.1666333    11.5109
2024.2500333    8.3803
2024.3333333    9.172
2024.4166333    29.1945
2024.5000333    33.2944
2024.5833333    22.946
2024.6666333    -3.7843
2024.7500333    15.7547
2024.8333333    32.1623
2024.9166333    78.5262
