1888.749967	2.8781000
1888.833367	-11.9455000
1888.916667	-25.0311000
1888.999967	-26.0000000
1889.083367	-21.7024000
1889.166667	-15.3715000
1889.249967	-10.9381000
1889.333367	-6.8638000
1889.416667	-9.8664000
1889.499967	-18.3307000
1889.583367	-14.8719000
1889.666667	-23.4901000
1889.749967	-27.0315000
1889.833367	-26.4191000
1889.916667	-22.7299000
1889.999967	-14.5791000
1890.083367	-11.1977000
1890.166667	-11.2009000
1890.249967	-16.2812000
1890.333367	-7.1307000
1890.416667	-1.5957000
1890.499967	-8.9069000
1890.583367	-4.8336000
1890.666667	-25.2219000
1890.749967	-13.0717000
1890.833367	-22.2294000
1890.916667	-24.8486000
1890.999967	-25.1602000
1891.083367	-23.0104000
1891.166667	-22.9375000
1891.249967	-20.2493000
1891.333367	-15.4074000
1891.416667	-29.6424000
1891.499967	-30.4159000
1891.583367	-25.8819000
1891.666667	-32.0402000
1891.749967	-26.1216000
1891.833367	-34.7416000
1891.916667	-30.8232000
1891.999967	-26.0587000
1892.083367	-20.2174000
1892.166667	-17.8376000
1892.249967	-16.5348000
1892.333367	-21.3860000
1892.416667	-31.6218000
1892.499967	-24.4731000
1892.583367	-34.4014000
1892.666667	-48.0221000
1892.749967	-46.3351000
1892.833367	-48.7251000
1892.916667	-43.9613000
1892.999967	-41.4284000
1893.083367	-39.5879000
1893.166667	-36.7474000
1893.249967	-31.4454000
1893.333367	-21.7589000
1893.416667	-16.4571000
1893.499967	-8.0015000
1893.583367	-14.8537000
1893.666667	-4.1675000
1893.749967	3.5187000
1893.833367	-0.6413000
1893.916667	-1.3399000
1893.999967	-0.1924000
1894.083367	2.7242000
1894.166667	6.4870000
1894.249967	4.0189000
1894.333367	-1.8339000
1894.416667	-10.6098000
1894.499967	-9.5396000
1894.583367	-15.1618000
1894.666667	-15.7841000
1894.749967	-26.6372000
1894.833367	-27.7211000
1894.916667	-28.4205000
1894.999967	-22.7354000
1895.083367	-17.0503000
1895.166667	-12.8268000
1895.249967	-10.9111000
1895.333367	-3.8416000
1895.416667	-4.0798000
1895.499967	-4.8566000
1895.583367	-11.2489000
1895.666667	-12.2565000
1895.749967	-11.6489000
1895.833367	-11.5798000
1895.916667	-9.7416000
1895.999967	0.6351000
1896.083367	7.1655000
1896.166667	5.3882000
1896.249967	5.6108000
1896.333367	-2.9359000
1896.416667	-9.7134000
1896.499967	-15.1064000
1896.583367	-20.1148000
1896.666667	-22.5079000
1896.749967	-27.3627000
1896.833367	-35.0636000
1896.916667	-33.9954000
1896.999967	-32.5426000
1897.083367	-30.1668000
1897.166667	-29.9450000
1897.249967	-25.9539000
1897.333367	-31.2707000
1897.416667	-25.5875000
1897.499967	-29.8274000
1897.583367	-21.2213000
1897.666667	-13.9229000
1897.749967	-11.7784000
1897.833367	-9.2494000
1897.916667	-4.1050000
1897.999967	-3.7300000
1898.083367	3.4911000
1898.166667	0.0968000
1898.249967	4.7024000
1898.333367	3.4618000
1898.416667	6.8365000
1898.499967	19.4419000
1898.583367	28.0472000
1898.666667	22.8833000
1898.749967	17.3346000
1898.833367	16.0167000
1898.916667	18.0064000
1898.999967	20.3037000
1899.083367	26.0625000
1899.166667	26.5135000
1899.249967	39.2722000
1899.333367	41.5692000
1899.416667	54.4815000
1899.499967	54.8554000
1899.583367	39.0753000
1899.666667	25.6028000
1899.749967	16.9765000
1899.833367	9.3500000
1899.916667	5.9543000
1899.999967	7.0200000
1900.083367	8.4703000
1900.166667	7.4590000
1900.249967	7.2168000
1900.333367	2.5900000
1900.416667	-8.8831000
1900.499967	-17.6639000
1900.583367	-22.0602000
1900.666667	-29.4565000
1900.749967	-34.0837000
1900.833367	-33.7879000
1900.916667	-38.7998000
1900.999967	-38.1195000
1901.083367	-41.1316000
1901.166667	-39.2206000
1901.249967	-39.4636000
1901.333367	-39.3990000
1901.416667	-38.4113000
1901.499967	-33.1160000
1901.583367	-27.9746000
1901.666667	-32.9872000
1901.749967	-27.5382000
1901.833367	-26.7817000
1901.916667	-21.2559000
1901.999967	-12.2687000
1902.083367	-3.4355000
1902.166667	9.3208000
1902.249967	10.9232000
1902.333367	15.6024000
1902.416667	13.3585000
1902.499967	9.7299000
1902.583367	9.1782000
1902.666667	7.3187000
1902.749967	15.2284000
1902.833367	22.1380000
1902.916667	30.5860000
1902.999967	28.8800000
1903.083367	39.4048000
1903.166667	46.9295000
1903.249967	44.6850000
1903.333367	50.0557000
1903.416667	56.7340000
1903.499967	52.4893000
1903.583367	43.7829000
1903.666667	40.3072000
1903.749967	17.6007000
1903.833367	9.1248000
1903.916667	-3.9665000
1903.999967	-0.2886000
1904.083367	6.3123000
1904.166667	3.2209000
1904.249967	-12.2553000
1904.333367	-10.8085000
1904.416667	-12.5924000
1904.499967	-16.6842000
1904.583367	-11.1606000
1904.666667	-9.4063000
1904.749967	-21.1906000
1904.833367	-11.6672000
1904.916667	-11.6055000
1904.999967	-5.0822000
1905.083367	0.9794000
1905.166667	4.7333000
1905.249967	9.4101000
1905.333367	20.3946000
1905.416667	16.0714000
1905.499967	14.8250000
1905.583367	13.4247000
1905.666667	6.8704000
1905.749967	14.7777000
1905.833367	21.3772000
1905.916667	15.9766000
1905.999967	23.8836000
1906.083367	30.4829000
1906.166667	30.0821000
1906.249967	25.6044000
1906.333367	17.7419000
1906.416667	18.1101000
1906.499967	21.1706000
1906.583367	13.4618000
1906.666667	4.3683000
1906.749967	2.6594000
1906.833367	-7.4343000
1906.916667	-5.0664000
1906.999967	-1.0063000
1907.083367	-0.3310000
1907.166667	2.7290000
1907.249967	-1.5188000
1907.333367	1.7718000
1907.416667	0.6007000
1907.499967	-7.7242000
1907.583367	-8.8184000
1907.666667	-3.9127000
1907.749967	-12.8533000
1907.833367	-15.5631000
1907.916667	-18.1191000
1907.999967	-18.9060000
1908.083367	-19.1545000
1908.166667	-14.2492000
1908.249967	-22.9594000
1908.333367	-26.0542000
1908.416667	-26.3030000
1908.499967	-24.0902000
1908.583367	-24.2622000
1908.666667	-30.9727000
1908.749967	-41.2987000
1908.833367	-36.6247000
1908.916667	-39.1815000
1908.999967	-36.6615000
1909.083367	-25.1416000
1909.166667	-16.6986000
1909.249967	-22.4865000
1909.333367	-14.0437000
1909.416667	-4.6779000
1909.499967	-5.5429000
1909.583367	6.5920000
1909.666667	9.3422000
1909.749967	5.6309000
1909.833367	8.5348000
1909.916667	11.3618000
1909.999967	21.1887000
1910.083367	29.9386000
1910.166667	23.2269000
1910.249967	20.5151000
1910.333367	20.9571000
1910.416667	18.0913000
1910.499967	12.9178000
1910.583367	7.7442000
1910.666667	1.2629000
1910.749967	-5.1416000
1910.833367	5.4538000
1910.916667	7.0492000
1910.999967	7.5676000
1911.083367	8.8552000
1911.166667	8.2196000
1911.249967	17.7378000
1911.333367	15.1790000
1911.416667	22.0816000
1911.499967	20.5227000
1911.583367	14.1945000
1911.666667	20.8662000
1911.749967	12.3070000
1911.833367	11.6709000
1911.916667	8.7270000
1911.999967	12.7061000
1912.083367	15.6852000
1912.166667	21.5872000
1912.249967	20.9508000
1912.333367	15.0835000
1912.416667	22.6007000
1912.499967	28.9641000
1912.583367	24.0965000
1912.666667	23.3828000
1912.749967	22.8229000
1912.833367	24.1859000
1912.916667	25.0874000
1912.999967	24.9119000
1913.083367	27.1978000
1913.166667	32.0221000
1913.249967	24.6925000
1913.333367	27.5937000
1913.416667	42.1101000
1913.499967	49.7034000
1913.583367	40.6812000
1913.666667	48.9667000
1913.749967	54.0983000
1913.833367	46.8451000
1913.916667	45.5150000
1913.999967	49.6464000
1914.083367	54.4699000
1914.166667	54.4473000
1914.249967	60.1169000
1914.333367	63.7095000
1914.416667	63.3021000
1914.499967	55.3561000
1914.583367	43.1024000
1914.666667	34.0794000
1914.749967	26.2101000
1914.833367	19.0331000
1914.916667	15.0099000
1914.999967	15.7558000
1915.083367	18.1939000
1915.166667	17.5551000
1915.249967	14.3009000
1915.333367	0.8157000
1915.416667	2.7921000
1915.499967	-1.4624000
1915.583367	2.9754000
1915.666667	-0.9715000
1915.749967	0.6200000
1915.833367	-10.3271000
1915.916667	-9.1204000
1915.999967	-2.9137000
1916.083367	-0.8610000
1916.166667	3.0379000
1916.249967	0.6290000
1916.333367	11.7584000
1916.416667	22.1955000
1916.499967	22.2479000
1916.583367	18.3772000
1916.666667	-1.4936000
1916.749967	-5.9799000
1916.833367	-10.1585000
1916.916667	-8.0295000
1916.999967	-7.3621000
1917.083367	-5.8486000
1917.166667	-6.9506000
1917.249967	-6.2834000
1917.333367	-5.3855000
1917.416667	-7.1800000
1917.499967	-11.9746000
1917.583367	-12.3077000
1917.666667	-11.8716000
1917.749967	-22.3586000
1917.833367	-26.9227000
1917.916667	-29.8714000
1917.999967	-18.9740000
1918.083367	-13.9999000
1918.166667	-10.1796000
1918.249967	-0.8209000
1918.333367	-4.6161000
1918.416667	-5.4883000
1918.499967	-11.2067000
1918.583367	-22.4637000
1918.666667	-29.0284000
1918.749967	-35.2855000
1918.833367	-30.7735000
1918.916667	-32.4153000
1918.999967	-20.8265000
1919.083367	-20.6223000
1919.166667	-14.4951000
1919.249967	-13.4449000
1919.333367	-20.0102000
1919.416667	-21.2678000
1919.499967	-21.6024000
1919.583367	-19.1679000
1919.666667	-8.9642000
1919.749967	-9.2221000
1919.833367	-4.0955000
1919.916667	1.1080000
1919.999967	13.8499000
1920.083367	16.7456000
1920.166667	20.9489000
1920.249967	15.8444000
1920.333367	5.6629000
1920.416667	0.2507000
1920.499967	-4.9309000
1920.583367	5.5797000
1920.666667	-7.6789000
1920.749967	-8.5530000
1920.833367	-13.1195000
1920.916667	-16.9937000
1920.999967	-8.2526000
1921.083367	-7.4347000
1921.166667	-10.9245000
1921.249967	-10.9529000
1921.333367	-3.4428000
1921.416667	-0.7790000
1921.499967	12.5771000
1921.583367	14.6253000
1921.666667	1.7505000
1921.749967	7.1833000
1921.833367	-0.2301000
1921.916667	3.0487000
1921.999967	11.1736000
1922.083367	12.9907000
1922.166667	14.8847000
1922.249967	16.6248000
1922.333367	14.4417000
1922.416667	12.5662000
1922.499967	19.2292000
1922.583367	15.9690000
1922.666667	14.7087000
1922.749967	4.0638000
1922.833367	-0.3505000
1922.916667	1.4660000
1922.999967	7.3593000
1923.083367	8.8680000
1923.166667	9.8381000
1923.249967	11.6543000
1923.333367	23.7011000
1923.416667	29.9787000
1923.499967	26.4871000
1923.583367	17.3029000
1923.666667	10.6573000
1923.749967	7.7038000
1923.833367	11.4426000
1923.916667	10.2583000
1923.999967	11.8431000
1924.083367	13.8894000
1924.166667	15.8587000
1924.249967	19.3664000
1924.333367	17.4894000
1924.416667	3.5354000
1924.499967	-2.8802000
1924.583367	-0.2189000
1924.666667	6.6730000
1924.749967	0.4880000
1924.833367	1.6875000
1924.916667	2.8101000
1924.999967	12.7787000
1925.083367	14.9780000
1925.166667	17.1004000
1925.249967	21.9150000
1925.333367	20.8064000
1925.416667	24.0824000
1925.499967	34.0506000
1925.583367	31.0187000
1925.666667	24.6022000
1925.749967	20.4933000
1925.833367	22.2305000
1925.916667	22.1214000
1925.999967	29.5508000
1926.083367	30.1339000
1926.166667	37.9478000
1926.249967	37.6077000
1926.333367	35.9598000
1926.416667	33.0042000
1926.499967	30.8178000
1926.583367	22.8621000
1926.666667	19.2140000
1926.749967	15.5658000
1926.833367	20.7637000
1926.916667	20.6539000
1926.999967	27.4670000
1927.083367	30.3570000
1927.166667	35.0931000
1927.249967	34.8292000
1927.333367	38.2574000
1927.416667	37.2241000
1927.499967	30.4984000
1927.583367	24.6188000
1927.666667	19.5853000
1927.749967	11.8594000
1927.833367	12.3642000
1927.916667	2.4843000
1927.999967	9.9890000
1928.083367	13.1089000
1928.166667	16.5365000
1928.249967	13.0410000
1928.333367	14.9300000
1928.416667	17.5112000
1928.499967	14.8617000
1928.583367	10.1351000
1928.666667	-3.5916000
1928.749967	-7.8567000
1928.833367	-0.9681000
1928.916667	-4.8488000
1928.999967	1.9627000
1929.083367	1.5434000
1929.166667	-0.7221000
1929.249967	-0.8338000
1929.333367	6.5928000
1929.416667	4.1733000
1929.499967	-2.4771000
1929.583367	-1.4353000
1929.666667	-3.2396000
1929.749967	5.5713000
1929.833367	3.5360000
1929.916667	2.5007000
1929.999967	3.4653000
1930.083367	7.7375000
1930.166667	8.7789000
1930.249967	5.8202000
1930.333367	9.0152000
1930.416667	10.8257000
1930.499967	4.0206000
1930.583367	5.2924000
1930.666667	-6.4358000
1930.749967	-1.3949000
1930.833367	-2.0464000
1930.916667	2.4559000
1930.999967	8.3428000
1931.083367	21.3064000
1931.166667	19.4239000
1931.249967	19.3875000
1931.333367	30.2741000
1931.416667	20.8529000
1931.499967	21.3548000
1931.583367	32.1642000
1931.666667	23.5890000
1931.749967	25.7060000
1931.833367	25.8230000
1931.916667	28.1706000
1931.999967	31.5952000
1932.083367	37.7888000
1932.166667	35.7517000
1932.249967	42.8683000
1932.333367	49.9848000
1932.416667	41.4090000
1932.499967	42.6023000
1932.583367	25.6417000
1932.666667	15.7580000
1932.749967	10.8743000
1932.833367	13.6058000
1932.916667	12.7988000
1932.999967	17.6071000
1933.083367	19.2615000
1933.166667	21.3004000
1933.249967	17.8009000
1933.333367	11.6858000
1933.416667	4.3400000
1933.499967	1.6094000
1933.583367	-2.1212000
1933.666667	-0.3134000
1933.749967	-6.3518000
1933.833367	-9.6211000
1933.916667	-13.1982000
1933.999967	-13.8522000
1934.083367	-11.9678000
1934.166667	-7.8528000
1934.249967	-11.6608000
1934.333367	-5.1613000
1934.416667	-5.9695000
1934.499967	-10.4701000
1934.583367	-12.5092000
1934.666667	-1.9330000
1934.749967	-9.2030000
1934.833367	-7.7808000
1934.916667	-7.9740000
1934.999967	-5.4750000
1935.083367	7.1008000
1935.166667	5.7536000
1935.249967	11.9447000
1935.333367	21.0588000
1935.416667	18.1729000
1935.499967	16.7484000
1935.583367	20.0931000
1935.666667	22.2839000
1935.749967	5.4746000
1935.833367	11.3575000
1935.916667	8.0097000
1935.999967	15.8156000
1936.083367	21.9291000
1936.166667	16.6579000
1936.249967	16.0021000
1936.333367	16.8846000
1936.416667	5.9209000
1936.499967	11.1880000
1936.583367	4.9165000
1936.666667	7.1834000
1936.749967	0.6041000
1936.833367	2.4862000
1936.916667	-3.4779000
1936.999967	3.0195000
1937.083367	11.5168000
1937.166667	9.7833000
1937.249967	14.8190000
1937.333367	14.0853000
1937.416667	9.5824000
1937.499967	5.6948000
1937.583367	3.9609000
1937.666667	-0.8499000
1937.749967	0.4931000
1937.833367	7.6820000
1937.916667	11.9480000
1937.999967	21.5984000
1938.083367	24.9410000
1938.166667	21.4375000
1938.249967	20.4724000
1938.333367	22.2764000
1938.416667	33.4649000
1938.499967	24.8073000
1938.583367	25.9188000
1938.666667	18.6456000
1938.749967	21.6031000
1938.833367	11.7144000
1938.916667	1.3641000
1938.999967	2.3214000
1939.083367	2.8171000
1939.166667	0.6974000
1939.249967	-0.8839000
1939.333367	-3.0808000
1939.416667	-14.2776000
1939.499967	-32.7053000
1939.583367	-36.5177000
1939.666667	-43.0224000
1939.749967	-49.6811000
1939.833367	-55.3399000
1939.916667	-57.5371000
1939.999967	-52.6575000
1940.083367	-50.7011000
1940.166667	-48.5909000
1940.249967	-40.0961000
1940.333367	-41.6014000
1940.416667	-32.1068000
1940.499967	-32.9199000
1940.583367	-32.1946000
1940.666667	-32.7002000
1940.749967	-34.5904000
1940.833367	-43.2500000
1940.916667	-38.6788000
1940.999967	-36.2616000
1941.083367	-30.7675000
1941.166667	-28.0427000
1941.249967	-35.2410000
1941.333367	-36.5933000
1941.416667	-42.2533000
1941.499967	-37.6057000
1941.583367	-53.4966000
1941.666667	-57.4645000
1941.749967	-66.8940000
1941.833367	-71.3236000
1941.916667	-63.5225000
1941.999967	-60.2599000
1942.083367	-56.0743000
1942.166667	-58.6580000
1942.249967	-56.6264000
1942.333367	-39.6718000
1942.416667	-35.9480000
1942.499967	-21.0704000
1942.583367	-33.5006000
1942.666667	-12.1616000
1942.749967	-6.7458000
1942.833367	14.5161000
1942.916667	23.6241000
1942.999967	30.6552000
1943.083367	37.7630000
1943.166667	43.4093000
1943.249967	50.2862000
1943.333367	47.9323000
1943.416667	35.1169000
1943.499967	23.7629000
1943.583367	23.1780000
1943.666667	20.6700000
1943.749967	15.3158000
1943.833367	14.5769000
1943.916667	4.9149000
1943.999967	7.6374000
1944.083367	7.8983000
1944.166667	6.2361000
1944.249967	1.2661000
1944.333367	-3.6271000
1944.416667	0.8644000
1944.499967	-2.4135000
1944.583367	-6.7684000
1944.666667	-15.4311000
1944.749967	-15.6322000
1944.833367	-13.2950000
1944.916667	-8.8809000
1944.999967	-1.0823000
1945.083367	7.0239000
1945.166667	13.5148000
1945.249967	12.8517000
1945.333367	17.7269000
1945.416667	25.7560000
1945.499967	26.4773000
1945.583367	31.8139000
1945.666667	47.7658000
1945.749967	45.7947000
1945.833367	47.5156000
1945.916667	44.0059000
1945.999967	50.6499000
1946.083367	49.3706000
1946.166667	49.7068000
1946.249967	52.3506000
1946.333367	53.2250000
1946.416667	46.0995000
1946.499967	32.2046000
1946.583367	15.0788000
1946.666667	-2.5854000
1946.749967	-17.0189000
1946.833367	-20.3757000
1946.916667	-32.6555000
1946.999967	-32.7046000
1947.083367	-38.6000000
1947.166667	-45.4954000
1947.249967	-45.4678000
1947.333367	-53.8250000
1947.416667	-43.0283000
1947.499967	-35.7701000
1947.583367	-26.6659000
1947.666667	-23.1771000
1947.749967	-11.3038000
1947.833367	-12.5075000
1947.916667	-11.5573000
1947.999967	2.2389000
1948.083367	8.4965000
1948.166667	15.7542000
1948.249967	29.5502000
1948.333367	32.4999000
1948.416667	37.6804000
1948.499967	29.4763000
1948.583367	31.4258000
1948.666667	34.9138000
1948.749967	29.7094000
1948.833367	34.4280000
1948.916667	34.1465000
1948.999967	40.4804000
1949.083367	41.8142000
1949.166667	44.6095000
1949.249967	40.3278000
1949.333367	37.0459000
1949.416667	32.3025000
1949.499967	40.0206000
1949.583367	35.1232000
1949.666667	31.6104000
1949.749967	19.5591000
1949.833367	27.3537000
1949.916667	17.0715000
1949.999967	24.0969000
1950.083367	28.8144000
1950.166667	28.6858000
1950.249967	35.4802000
1950.333367	41.8899000
1950.416667	42.2226000
1950.499967	36.8630000
1950.583367	20.0417000
1950.666667	10.9896000
1950.749967	2.3221000
1950.833367	-0.6533000
1950.916667	-6.7825000
1950.999967	-2.9887000
1951.083367	-3.1950000
1951.166667	-8.4013000
1951.249967	-6.3770000
1951.333367	-24.2758000
1951.416667	-27.5592000
1951.499967	-22.3812000
1951.583367	-15.6649000
1951.666667	-12.8716000
1951.749967	-11.0784000
1951.833367	-14.3623000
1951.916667	-9.4154000
1951.999967	1.3007000
1952.083367	6.3243000
1952.166667	10.8864000
1952.249967	15.9100000
1952.333367	20.4719000
1952.416667	29.4184000
1952.499967	22.6725000
1952.583367	10.2342000
1952.666667	4.4113000
1952.749967	-3.7194000
1952.833367	-0.7733000
1952.916667	4.0190000
1952.999967	4.8112000
1953.083367	7.8340000
1953.166667	13.8568000
1953.249967	15.4180000
1953.333367	15.9791000
1953.416667	12.5402000
1953.499967	12.7166000
1953.583367	16.8160000
1953.666667	2.5307000
1953.749967	-8.2931000
1953.833367	-12.8093000
1953.916667	-18.4794000
1953.999967	-19.3034000
1954.083367	-12.7430000
1954.166667	-13.6440000
1954.249967	-11.1605000
1954.333367	-10.6772000
1954.416667	-15.6554000
1954.499967	-10.3259000
1954.583367	-12.9197000
1954.666667	-17.7442000
1954.749967	-10.2611000
1954.833367	-6.6243000
1954.916667	0.6278000
1954.999967	7.7261000
1955.083367	12.5165000
1955.166667	8.0762000
1955.249967	11.8666000
1955.333367	11.4261000
1955.416667	11.6009000
1955.499967	25.0834000
1955.583367	19.1042000
1955.666667	20.5865000
1955.749967	16.3765000
1955.833367	12.6279000
1955.916667	11.1100000
1955.999967	12.5152000
1957.083367	16.7757000
1957.166667	18.3338000
1957.249967	26.6610000
1957.333367	29.0650000
1957.416667	26.7767000
1957.499967	28.5653000
1957.583367	12.8921000
1957.666667	14.3729000
1957.749967	5.3151000
1957.833367	5.2571000
1957.916667	10.7377000
1957.999967	16.4489000
1958.083367	23.0831000
1958.166667	26.7942000
1958.249967	25.7360000
1958.333367	26.0622000
1958.416667	12.3885000
1958.499967	15.2532000
1958.583367	9.5024000
1958.666667	6.1361000
1958.749967	-5.9225000
1958.833367	-2.1351000
1958.916667	-6.0400000
1958.999967	-0.4834000
1959.083367	4.6115000
1959.166667	4.1680000
1959.249967	2.5705000
1959.333367	2.5113000
1959.416667	-11.0093000
1959.499967	-10.1455000
1959.583367	-19.1279000
1959.666667	-34.4180000
1959.749967	-42.4774000
1959.833367	-45.9216000
1959.916667	-51.5965000
1959.999967	-43.4254000
1960.083367	-43.0236000
1960.166667	-38.4679000
1960.249967	-37.9893000
1960.333367	-38.2800000
1960.416667	-35.6477000
1960.499967	-28.4000000
1960.583367	-32.6140000
1960.666667	-32.3665000
1960.749967	-14.6574000
1960.833367	-5.4870000
1960.916667	8.3757000
1960.999967	23.3922000
1961.083367	30.7932000
1961.166667	38.8095000
1961.249967	38.2874000
1961.333367	40.0728000
1961.416667	45.0120000
1961.499967	45.6435000
1961.583367	51.4287000
1961.666667	59.5216000
1961.749967	52.1529000
1961.833367	36.7840000
1961.916667	33.4921000
1961.999967	27.2770000
1962.083367	22.5233000
1962.166667	25.0004000
1962.249967	22.1697000
1962.333367	20.7236000
1962.416667	15.2005000
1962.499967	7.3696000
1962.583367	0.0001000
1962.666667	-20.6770000
1962.749967	-34.8927000
1962.833367	-33.8008000
1962.916667	-26.8628000
1962.999967	-20.3864000
1963.083367	-16.6024000
1963.333367	-11.7892000
1963.416667	-9.0823000
1963.499967	-10.9140000
1963.583367	-17.5920000
1963.666667	-16.2699000
1963.749967	-25.9479000
1963.833367	-32.5492000
1963.916667	-25.0735000
1963.999967	-13.3671000
1964.083367	-7.2762000
1964.166667	-2.9546000
1964.249967	2.1362000
1964.333367	-1.4655000
1964.416667	0.6252000
1964.499967	-8.7457000
1964.583367	-11.5014000
1964.666667	-10.4110000
1964.749967	-18.6283000
1964.833367	-18.3842000
1964.916667	-18.8324000
1964.999967	-15.2037000
1965.083367	-11.7290000
1965.166667	-11.7159000
1965.249967	-9.8567000
1965.333367	-11.9207000
1965.416667	-2.8308000
1965.499967	-7.1256000
1965.583367	-14.1898000
1965.666667	-12.6386000
1965.749967	-14.1644000
1965.833367	-14.0750000
1965.916667	-12.2932000
1965.999967	1.3347000
1966.083367	10.5777000
1966.166667	10.1285000
1966.249967	20.7562000
1966.333367	20.7683000
1966.416667	16.7804000
1966.499967	14.1002000
1966.583367	5.3429000
1966.666667	13.8163000
1966.749967	23.5974000
1966.833367	22.8399000
1966.916667	28.0824000
1966.999967	36.0941000
1967.083367	34.7979000
1967.166667	33.1940000
1967.249967	37.7440000
1967.333367	43.0630000
1967.416667	43.5358000
1967.499967	55.5471000
1967.583367	56.4813000
1967.666667	56.4924000
1967.749967	56.5034000
1967.833367	37.1297000
1967.916667	34.3714000
1967.999967	34.0746000
1968.083367	30.5468000
1968.166667	26.3268000
1968.249967	21.1067000
1968.333367	20.4248000
1968.416667	9.1277000
1968.499967	2.5997000
1968.583367	-15.9285000
1968.666667	-25.9182000
1968.749967	-30.8310000
1968.833367	-41.0517000
1968.916667	-42.3493000
1968.999967	-39.5700000
1969.083367	-35.1755000
1969.166667	-30.0117000
1969.249967	-24.3096000
1969.333367	-15.7614000
1969.416667	-6.4440000
1969.499967	-16.2805000
1969.583367	-21.9633000
1969.666667	-18.7231000
1969.749967	-24.3290000
1969.833367	-20.5505000
1969.916667	-6.6181000
1970.083367	2.0925000
1970.249967	9.5722000
1970.333367	15.1196000
1970.416667	18.4361000
1970.499967	18.2911000
1970.583367	9.7614000
1970.666667	-2.9222000
1970.749967	-1.3752000
1970.833367	4.4026000
1970.916667	3.7188000
1970.999967	14.0349000
1971.083367	19.2739000
1971.166667	15.1284000
1971.249967	15.6751000
1971.333367	19.1447000
1971.416667	21.6143000
1971.499967	25.5454000
1971.583367	9.6302000
1971.666667	-1.9773000
1971.749967	-13.7387000
1971.833367	-13.9618000
1971.916667	-18.1079000
1971.999967	-14.9465000
1972.083367	-17.8621000
1972.166667	-18.6238000
1972.249967	-18.6933000
1972.333367	-16.2245000
1972.416667	-12.4480000
1972.499967	-22.5946000
1972.583367	-37.2029000
1972.666667	-23.1958000
1972.749967	-17.2657000
1972.833367	-11.7204000
1972.916667	-14.7135000
1972.999967	-10.0144000
1973.083367	-2.8539000
1973.166667	-0.5395000
1973.249967	3.5440000
1973.333367	3.7813000
1973.416667	13.9416000
1973.499967	7.5634000
1973.583367	7.6466000
1973.666667	9.8836000
1973.749967	-7.6486000
1973.833367	-14.1041000
1973.916667	-18.7134000
1973.999967	-12.0151000
1974.083367	-4.0093000
1974.166667	-8.6188000
1974.249967	-4.9207000
1974.333367	-3.9150000
1974.416667	-4.6786000
1974.499967	-5.0576000
1974.583367	-1.5136000
1974.666667	-6.7389000
1974.749967	-6.8874000
1974.833367	-3.8821000
1974.916667	-2.4923000
1974.999967	1.4360000
1975.083367	2.8257000
1975.166667	-4.7077000
1975.249967	-2.0873000
1975.333367	-2.3902000
1975.416667	-8.3084000
1975.499967	-0.2267000
1975.583367	-6.5297000
1975.666667	-26.8327000
1975.749967	-30.4435000
1975.833367	-37.5160000
1975.916667	-36.5115000
1975.999967	-30.1994000
1976.083367	-28.1952000
1976.166667	-33.4986000
1976.249967	-35.7252000
1976.333367	-42.0289000
1976.416667	-44.1787000
1976.499967	-42.1747000
1976.583367	-58.3247000
1976.666667	-72.2439000
1976.749967	-68.8555000
1976.833367	-67.1595000
1976.916667	-69.9251000
1976.999967	-62.9215000
1977.083367	-57.8412000
1977.166667	-59.2223000
1977.249967	-52.8343000
1977.333367	-46.2926000
1977.416667	-32.7509000
1977.499967	-35.9785000
1977.583367	-38.1293000
1977.666667	-41.3571000
1977.749967	-39.7387000
1977.833367	-47.3512000
1977.916667	-52.0407000
1977.999967	-40.8841000
1978.083367	-40.8045000
1978.166667	-41.5711000
1978.249967	-28.9532000
1978.333367	-28.5661000
1978.416667	-24.4867000
1978.499967	-33.7921000
1978.583367	-37.4052000
1978.666667	-42.6338000
1978.749967	-43.6316000
1978.833367	-52.3988000
1978.916667	-47.6275000
1978.999967	-42.9332000
1979.083367	-39.0853000
1979.166667	-31.6219000
1979.249967	-24.8509000
1979.333367	-38.4647000
1979.416667	-38.5399000
1979.499967	-40.3076000
1979.583367	-50.6908000
1979.666667	-58.0740000
1979.749967	-64.3803000
1979.833367	-57.5329000
1979.916667	-54.9933000
1979.999967	-47.5305000
1980.083367	-42.6834000
1980.166667	-44.7593000
1980.249967	-47.9891000
1980.333367	-49.0652000
1980.416667	-40.8336000
1980.499967	-37.2944000
1980.583367	-43.8322000
1980.666667	-35.7547000
1980.749967	-27.0618000
1980.833367	-25.6768000
1980.916667	-28.5225000
1980.999967	-18.7529000
1981.083367	-15.9835000
1981.166667	-9.2140000
1981.249967	-6.8293000
1981.333367	-0.2139000
1981.416667	8.1707000
1981.499967	6.9399000
1981.583367	-5.7526000
1981.666667	-10.0604000
1981.749967	-10.2145000
1981.833367	-10.6765000
1981.916667	-1.6769000
1982.083367	3.0144000
1982.166667	9.8600000
1982.249967	13.7055000
1982.333367	18.3970000
1982.416667	23.3193000
1982.499967	35.3184000
1982.583367	12.5482000
1982.666667	9.4703000
1982.833367	11.5449000
1982.916667	14.4668000
1982.999967	11.8502000
1983.083367	16.7718000
1983.166667	18.7704000
1983.249967	28.6151000
1983.333367	38.7674000
1983.416667	47.6888000
1983.499967	44.2256000
1983.583367	42.7623000
1983.666667	13.6836000
1983.749967	8.8356000
1983.833367	-0.1665000
1983.916667	-1.4762000
1983.999967	-0.9398000
1984.083367	0.2119000
1984.166667	-1.2519000
1984.249967	6.7459000
1984.333367	-10.7181000
1984.416667	-36.7205000
1984.499967	-56.7230000
1984.583367	-69.9564000
1984.666667	-87.7282000
1984.749967	-84.0386000
1984.916667	-75.2750000
1985.166667	-68.9762000
1985.249967	-66.7485000
1985.333367	-72.5209000
1985.416667	-62.4472000
1985.499967	-57.5274000
1985.583367	-76.9924000
1985.666667	-75.9958000
1985.749967	-72.6916000
1985.916667	-62.0065000
1985.999967	-55.9333000
1986.083367	-40.7063000
1986.333367	-27.7181000
1986.416667	-16.1067000
1986.499967	-3.5723000
1986.583367	-5.5766000
1986.666667	-13.7346000
1986.749967	-33.3543000
1986.833367	-45.1280000
1986.916667	-37.9016000
1986.999967	-25.9061000
1987.166667	-9.0692000
1987.249967	-14.3047000
1987.333367	-7.2326000
1987.416667	-4.2374000
1987.499967	-15.7808000
1987.666667	-31.4831000
1987.749967	-49.2575000
1987.833367	-43.4166000
1987.916667	-23.1910000
1987.999967	-1.7348000
1988.249967	8.4027000
1988.333367	24.8586000
1988.416667	35.1607000
1988.583367	34.9952000
1988.666667	47.2202000
1988.749967	45.0604000
1988.833367	33.1313000
1988.916667	35.3560000
1988.999967	42.8884000
1989.083367	51.8821000
1989.166667	61.7221000
1989.249967	63.2542000
1989.333367	61.5555000
1989.416667	67.7798000
1989.499967	69.1579000
1989.583367	63.9205000
1989.666667	68.9908000
1989.749967	76.9071000
1989.833367	69.8233000
1989.916667	67.4319000
1989.999967	69.3481000
1990.083367	71.1871000
1990.166667	74.2570000
1990.249967	70.7884000
1990.333367	68.8580000
1990.416667	68.9277000
1990.499967	61.4589000
1990.583367	44.6052000
1990.666667	27.1362000
1990.749967	-4.0251000
1990.833367	-33.0328000
1990.916667	-36.4251000
1990.999967	-29.7405000
1991.083367	-32.4406000
1991.166667	-31.3716000
1991.249967	-30.3795000
1991.333367	-38.5414000
1991.416667	-41.7033000
1991.499967	-44.6345000
1991.583367	-45.1812000
1991.666667	-45.8818000
1991.749967	-42.1209000
1991.833367	-35.8217000
1991.916667	-29.6763000
1991.999967	-21.6848000
1992.083367	-14.9243000
1992.249967	-11.0186000
1992.333367	-12.3351000
1992.416667	-9.3440000
1992.499967	-6.8914000
1992.583367	4.7918000
1992.666667	-2.7557000
1992.749967	-7.6110000
1992.833367	-11.9280000
1992.916667	-15.3988000
1992.999967	-4.6389000
1993.083367	2.0440000
1993.166667	0.4960000
1993.249967	-6.5904000
1993.333367	-14.9078000
1993.416667	-24.1482000
1993.499967	-28.6964000
1993.583367	-30.4756000
1993.666667	-60.5623000
1993.749967	-61.4184000
1993.833367	-69.3516000
1993.916667	-69.8232000
1993.999967	-63.6026000
1994.083367	-71.4590000
1994.166667	-77.4693000
1994.249967	-75.7104000
1994.333367	-73.2594000
1994.416667	-59.1929000
1994.499967	-41.2804000
1994.583367	-41.9065000
1994.666667	-29.8402000
1994.749967	-12.0048000
1994.833367	-10.0927000
1994.916667	-1.7958000
1994.999967	5.2702000
1995.083367	9.0283000
1995.166667	16.3249000
1995.249967	21.1599000
1995.333367	26.1486000
1995.416667	29.5988000
1995.499967	19.2798000
1995.583367	-0.4240000
1995.666667	-20.8201000
1995.749967	-43.5240000
1995.833367	-51.9972000
1995.916667	-55.7781000
1995.999967	-52.0207000
1996.083367	-52.8787000
1996.249967	-56.9026000
1996.333367	-57.5301000
1996.416667	-56.5422000
1996.499967	-65.4774000
1996.583367	-75.7205000
1996.666667	-68.4251000
1996.749967	-60.7451000
1996.833367	-43.6038000
1996.916667	-37.2317000
1996.999967	-32.6288000
1997.083367	-31.1031000
1997.166667	-32.0389000
1997.249967	-22.6670000
1997.333367	-11.8338000
1997.416667	-14.3082000
1997.499967	-15.6289000
1997.583367	-10.4112000
1997.666667	-0.8089000
1997.749967	-11.3606000
1997.833367	-14.6816000
1997.916667	-20.6949000
1997.999967	-17.3236000
1998.083367	-7.9526000
1998.166667	3.0339000
1998.249967	5.7127000
1998.333367	9.0836000
1998.416667	1.9929000
1998.499967	9.9792000
1998.583367	12.3499000
1998.666667	15.4898000
1998.749967	5.2451000
1998.833367	5.8463000
1998.916667	4.2937000
1998.999967	6.2027000
1999.083367	7.1114000
1999.166667	1.8663000
1999.249967	-2.5327000
1999.333367	0.6066000
1999.416667	-5.1771000
1999.499967	2.1929000
1999.583367	1.1782000
1999.666667	5.0096000
1999.749967	-0.6975000
1999.833367	0.1337000
1999.916667	1.1188000
1999.999967	8.0269000
2000.083367	13.9349000
2000.166667	13.9967000
2000.249967	11.2123000
2000.333367	10.8123000
2000.416667	6.1047000
2000.499967	8.9354000
2000.583367	-2.6186000
2000.666667	-10.8649000
2000.749967	-22.4958000
2000.833367	-28.5885000
2000.916667	-29.7581000
2000.999967	-25.7739000
2001.083367	-24.8667000
2001.166667	-21.4211000
2001.249967	-12.8217000
2001.333367	-0.5302000
2001.416667	9.5306000
2001.499967	12.8990000
2001.583367	16.8058000
2001.666667	34.6356000
2001.749967	41.3115000
2001.833367	43.5257000
2001.916667	46.6630000
2001.999967	55.8003000
2002.083367	59.0912000
2002.166667	59.6129000
2002.249967	59.1346000
2002.333367	54.6561000
2002.416667	44.7161000
2002.499967	26.3145000
2002.583367	32.6050000
2002.666667	11.6648000
2002.749967	-9.9678000
2002.833367	-17.2159000
2002.916667	-19.1563000
2002.999967	-13.3276000
2003.083367	-12.4990000
2003.166667	-7.5165000
2003.249967	-5.2264000
2003.333367	-2.8596000
2003.416667	-6.8773000
2003.499967	-0.7413000
2003.583367	3.5484000
2003.666667	-3.7003000
2003.749967	1.0509000
2003.833367	0.0328000
2003.916667	2.0915000
2003.999967	6.0733000
2004.083367	2.8242000
2004.166667	0.7289000
2004.249967	4.0182000
2004.333367	5.4612000
2004.416667	8.5195000
2004.499967	18.1163000
2004.583367	22.7898000
2004.666667	22.1557000
2004.749967	12.9061000
2004.833367	19.7333000
2004.916667	33.4836000
2004.999967	41.4646000
2005.083367	30.6761000
2005.166667	25.0416000
2005.249967	14.4070000
2005.833367	-1.4220000
2005.916667	-11.1341000
2005.999967	-24.3078000
2006.083367	-34.3278000
2006.166667	-40.2708000
2006.249967	-30.3677000
2006.333367	-12.6956000
2006.416667	7.1304000
2006.499967	12.7255000
2006.583367	25.7051000
2006.666667	38.7617000
2006.749967	47.4336000
2006.833367	50.1053000
2006.916667	58.3924000
2006.999967	66.1410000
2007.083367	80.1202000
2007.166667	84.7918000
2007.249967	91.4632000
2007.333367	88.9807000
2007.416667	89.9597000
2007.499967	73.8618000
2007.583367	68.9175000
2007.666667	58.3578000
2007.749967	68.3366000
2007.833367	65.3152000
2007.916667	67.9092000
2007.999967	66.7339000
2008.083367	64.8662000
2008.166667	58.6908000
2008.249967	52.5153000
2008.333367	53.2627000
2008.416667	57.7794000
2008.499967	46.8345000
2008.583367	41.3509000
2008.666667	32.1751000
2008.749967	19.1530000
2008.833367	-3.1000000
2008.916667	-7.7375000
2008.999967	-4.9136000
2009.083367	-3.1668000
2009.166667	-2.1122000
2009.249967	-1.0578000
2009.333367	5.3042000
2009.416667	-2.7184000
2009.499967	-9.5872000
2009.583367	-17.3023000
2009.666667	-24.0174000
2009.749967	-25.0402000
2009.833367	-28.5248000
2009.916667	-20.0093000
2009.999967	-15.4170000
2010.083367	-11.5171000
2010.166667	-9.0019000
2010.249967	-7.0251000
2010.333367	-8.0485000
2010.416667	-2.8412000
2010.499967	-4.0954000
2010.583367	-6.1190000
2010.666667	-5.9888000
2010.749967	-7.7816000
2010.833367	-8.6516000
2010.916667	-3.4447000
2010.999967	0.3007000
2011.083367	2.5075000
2011.166667	3.0988000
2011.249967	3.8440000
2011.333367	5.8198000
2011.416667	6.7956000
2011.499967	13.0790000
2011.583367	13.5930000
2011.666667	6.7994000
2011.749967	9.1596000
2011.833367	16.0580000
2011.916667	15.8026000
2011.999967	19.3934000
2012.083367	20.1377000
2012.166667	22.4206000
2012.249967	31.4727000
2012.333367	32.6784000
2012.416667	35.8073000
2012.499967	30.8591000
2012.583367	15.9877000
2012.666667	7.3471000
2012.749967	3.5526000
2012.833367	0.9118000
2012.916667	-3.0367000
2012.999967	-3.4468000
2013.083367	-2.2417000
2013.166667	-1.5750000
2013.249967	-0.9083000
2013.333367	-12.1650000
2013.416667	-11.1908000
2013.499967	-7.3705000
2013.583367	-10.8581000
2013.666667	-11.5764000
2013.749967	-7.2948000
2013.833367	-0.5518000
2013.916667	1.1912000
2013.999967	4.9342000
2014.083367	10.5231000
2014.166667	11.4197000
2014.249967	10.7779000
2014.333367	9.8281000
2014.416667	8.1861000
2014.499967	4.9287000
2014.583367	-1.0982000
2014.666667	-5.3558000
2014.749967	-11.5365000
2014.833367	-13.4097000
2014.916667	-10.5906000
2014.999967	-5.7715000
2015.083367	1.0474000
2015.166667	2.1740000
2015.249967	1.9929000
2015.333367	0.5808000
2015.416667	10.5533000
2015.499967	19.6028000
2015.583367	11.6520000
2015.666667	3.0090000
2015.749967	0.3659000
2015.833367	2.2611000
2015.916667	1.7718000
2015.999967	-1.9484000
2016.083367	2.1773000
2016.166667	2.9955000
2016.249967	9.1212000
2016.333367	8.1699000
2016.416667	8.5263000
2016.499967	2.8826000
2016.583367	-6.8382000
2016.666667	-10.3282000
2016.749967	-14.4336000
2016.833367	-6.1546000
2016.916667	-5.7217000
2016.999967	1.8650000
2017.083367	9.6823000
2017.166667	11.8073000
2017.249967	9.6245000
2017.333367	15.5185000
2017.416667	23.9510000
2017.499967	28.8450000
2017.583367	22.8349000
2017.666667	27.1151000
2017.749967	37.5725000
2017.833367	50.8217000
2017.916667	61.1598000
2017.999967	77.9105000
