1880 -177.000
1880.083333 -12.000
1880.166667 -74.000
1880.250000 -57.000
1880.333333 -150.000
1880.416667 -80.000
1880.500000 -58.000
1880.583333 -25.000
1880.666667 -29.000
1880.750000 112.000
1880.833333 11.000
1880.916667 -5.000
1881 49.000
1881.083333 -6.000
1881.166667 4.000
1881.250000 43.000
1881.333333 -119.000
1881.416667 -91.000
1881.500000 -122.000
1881.583333 -12.000
1881.666667 3.000
1881.750000 6.000
1881.833333 87.000
1881.916667 -22.000
1882 -154.000
1882.083333 -113.000
1882.166667 -126.000
1882.250000 -17.000
1882.333333 -38.000
1882.416667 -46.000
1882.500000 -17.000
1882.583333 -86.000
1882.666667 -25.000
1882.750000 110.000
1882.833333 99.000
1882.916667 92.000
1883 77.000
1883.083333 11.000
1883.166667 -52.000
1883.250000 -74.000
1883.333333 -46.000
1883.416667 -68.000
1883.500000 -63.000
1883.583333 -101.000
1883.666667 16.000
1883.750000 -57.000
1883.833333 23.000
1883.916667 -142.000
1884 -100.000
1884.083333 29.000
1884.166667 -13.000
1884.250000 40.000
1884.333333 -131.000
1884.416667 -152.000
1884.500000 -68.000
1884.583333 -48.000
1884.666667 -55.000
1884.750000 -92.000
1884.833333 -67.000
1884.916667 -31.000
1885 13.000
1885.083333 82.000
1885.166667 -100.000
1885.250000 -44.000
1885.333333 1.000
1885.416667 -113.000
1885.500000 -150.000
1885.583333 -67.000
1885.666667 -36.000
1885.750000 23.000
1885.833333 37.000
1885.916667 -101.000
1886 -8.000
1886.083333 -134.000
1886.166667 -18.000
1886.250000 -51.000
1886.333333 -3.000
1886.416667 -40.000
1886.500000 -42.000
1886.583333 -54.000
1886.666667 -42.000
1886.750000 115.000
1886.833333 7.000
1886.916667 79.000
1887 -59.000
1887.083333 -135.000
1887.166667 -122.000
1887.250000 -144.000
1887.333333 -152.000
1887.416667 -135.000
1887.500000 -114.000
1887.583333 -58.000
1887.666667 -73.000
1887.750000 -101.000
1887.833333 68.000
1887.916667 -70.000
1888 -167.000
1888.083333 -180.000
1888.166667 -51.000
1888.250000 -125.000
1888.333333 -130.000
1888.416667 -71.000
1888.500000 -33.000
1888.583333 -67.000
1888.666667 -118.000
1888.750000 -54.000
1888.833333 80.000
1888.916667 61.000
1889 -197.000
1889.083333 -199.000
1889.166667 -119.000
1889.250000 -101.000
1889.333333 -45.000
1889.416667 -114.000
1889.500000 -96.000
1889.583333 -91.000
1889.666667 -125.000
1889.750000 44.000
1889.833333 -115.000
1889.916667 -138.000
1890 -53.000
1890.083333 -121.000
1890.166667 -75.000
1890.250000 -90.000
1890.333333 -33.000
1890.416667 -164.000
1890.500000 -134.000
1890.583333 -108.000
1890.666667 -135.000
1890.750000 -149.000
1890.833333 -74.000
1890.916667 -61.000
1891 -188.000
1891.083333 -298.000
1891.166667 -88.000
1891.250000 -110.000
1891.333333 -69.000
1891.416667 -84.000
1891.500000 -103.000
1891.583333 -66.000
1891.666667 -84.000
1891.750000 99.000
1891.833333 2.000
1891.916667 -22.000
1892 -64.000
1892.083333 -13.000
1892.166667 -93.000
1892.250000 -123.000
1892.333333 -107.000
1892.416667 -112.000
1892.500000 -94.000
1892.583333 -81.000
1892.666667 -117.000
1892.750000 31.000
1892.833333 6.000
1892.916667 -38.000
1893 -92.000
1893.083333 20.000
1893.166667 -114.000
1893.250000 -76.000
1893.333333 -32.000
1893.416667 -85.000
1893.500000 -77.000
1893.583333 -57.000
1893.666667 -26.000
1893.750000 -4.000
1893.833333 -95.000
1893.916667 -88.000
1894 -55.000
1894.083333 -207.000
1894.166667 -129.000
1894.250000 -5.000
1894.333333 -138.000
1894.416667 -147.000
1894.500000 -65.000
1894.583333 -96.000
1894.666667 -94.000
1894.750000 26.000
1894.833333 28.000
1894.916667 -64.000
1895 1.000
1895.083333 -91.000
1895.166667 -85.000
1895.250000 -76.000
1895.333333 -167.000
1895.416667 -135.000
1895.500000 -62.000
1895.583333 -51.000
1895.666667 -72.000
1895.750000 40.000
1895.833333 120.000
1895.916667 69.000
1896 -139.000
1896.083333 -150.000
1896.166667 -119.000
1896.250000 -231.000
1896.333333 -199.000
1896.416667 -79.000
1896.500000 -118.000
1896.583333 -132.000
1896.666667 -24.000
1896.750000 19.000
1896.833333 -87.000
1896.916667 25.000
1897 -35.000
1897.083333 -96.000
1897.166667 -6.000
1897.250000 -39.000
1897.333333 -82.000
1897.416667 -113.000
1897.500000 -119.000
1897.583333 -10.000
1897.666667 -93.000
1897.750000 -45.000
1897.833333 -27.000
1897.916667 23.000
1898 -146.000
1898.083333 -142.000
1898.166667 -123.000
1898.250000 -120.000
1898.333333 -44.000
1898.416667 -130.000
1898.500000 -178.000
1898.583333 -145.000
1898.666667 -99.000
1898.750000 64.000
1898.833333 24.000
1898.916667 -60.000
1899 33.000
1899.083333 57.000
1899.166667 -122.000
1899.250000 -97.000
1899.333333 -98.000
1899.416667 -95.000
1899.500000 -129.000
1899.583333 -63.000
1899.666667 -29.000
1899.750000 -11.000
1899.833333 -49.000
1899.916667 38.000
1900 -116.000
1900.083333 99.000
1900.166667 -79.000
1900.250000 -141.000
1900.333333 -63.000
1900.416667 -82.000
1900.500000 -137.000
1900.583333 -67.000
1900.666667 -103.000
1900.750000 -57.000
1900.833333 29.000
1900.916667 -36.000
1901 -48.000
1901.083333 -146.000
1901.166667 -107.000
1901.250000 -83.000
1901.333333 -177.000
1901.416667 -129.000
1901.500000 -115.000
1901.583333 -127.000
1901.666667 28.000
1901.750000 -35.000
1901.833333 -84.000
1901.916667 15.000
1902 -195.000
1902.083333 -46.000
1902.166667 -112.000
1902.250000 -92.000
1902.333333 -200.000
1902.416667 -48.000
1902.500000 -124.000
1902.583333 -63.000
1902.666667 -48.000
1902.750000 -2.000
1902.833333 87.000
1902.916667 -72.000
1903 16.000
1903.083333 -130.000
1903.166667 -39.000
1903.250000 -96.000
1903.333333 -35.000
1903.416667 -84.000
1903.500000 -75.000
1903.583333 -36.000
1903.666667 -25.000
1903.750000 139.000
1903.833333 -49.000
1903.916667 113.000
1904 -82.000
1904.083333 95.000
1904.166667 -59.000
1904.250000 -134.000
1904.333333 -134.000
1904.416667 -96.000
1904.500000 -72.000
1904.583333 -119.000
1904.666667 -52.000
1904.750000 -80.000
1904.833333 -61.000
1904.916667 -30.000
1905 -155.000
1905.083333 -239.000
1905.166667 -101.000
1905.250000 -34.000
1905.333333 -159.000
1905.416667 -33.000
1905.500000 -104.000
1905.583333 -21.000
1905.666667 -44.000
1905.750000 -86.000
1905.833333 13.000
1905.916667 -89.000
1906 -39.000
1906.083333 -108.000
1906.166667 -137.000
1906.250000 -166.000
1906.333333 -43.000
1906.416667 -140.000
1906.500000 -132.000
1906.583333 -92.000
1906.666667 -135.000
1906.750000 0.000
1906.833333 12.000
1906.916667 -94.000
1907 -245.000
1907.083333 -222.000
1907.166667 -193.000
1907.250000 -38.000
1907.333333 36.000
1907.416667 -27.000
1907.500000 -118.000
1907.583333 -147.000
1907.666667 -123.000
1907.750000 78.000
1907.833333 23.000
1907.916667 91.000
1908 -78.000
1908.083333 -223.000
1908.166667 -70.000
1908.250000 -173.000
1908.333333 -76.000
1908.416667 -84.000
1908.500000 -77.000
1908.583333 -44.000
1908.666667 -82.000
1908.750000 22.000
1908.833333 16.000
1908.916667 -13.000
1909 -130.000
1909.083333 -93.000
1909.166667 115.000
1909.250000 -56.000
1909.333333 -73.000
1909.416667 -85.000
1909.500000 -132.000
1909.583333 -90.000
1909.666667 -80.000
1909.750000 50.000
1909.833333 -46.000
1909.916667 80.000
1910 -11.000
1910.083333 21.000
1910.166667 -150.000
1910.250000 -55.000
1910.333333 -19.000
1910.416667 -57.000
1910.500000 -42.000
1910.583333 -63.000
1910.666667 -92.000
1910.750000 44.000
1910.833333 130.000
1910.916667 200.000
1911 -151.000
1911.083333 -124.000
1911.166667 -114.000
1911.250000 -49.000
1911.333333 -46.000
1911.416667 -35.000
1911.500000 -90.000
1911.583333 -17.000
1911.666667 -23.000
1911.750000 87.000
1911.833333 93.000
1911.916667 160.000
1912 100.000
1912.083333 262.000
1912.166667 74.000
1912.250000 -200.000
1912.333333 -221.000
1912.416667 11.000
1912.500000 -6.000
1912.583333 60.000
1912.666667 -30.000
1912.750000 67.000
1912.833333 -19.000
1912.916667 66.000
1913 159.000
1913.083333 10.000
1913.166667 11.000
1913.250000 40.000
1913.333333 22.000
1913.416667 -31.000
1913.500000 -34.000
1913.583333 -6.000
1913.666667 87.000
1913.750000 246.000
1913.833333 167.000
1913.916667 -16.000
1914 -15.000
1914.083333 212.000
1914.166667 118.000
1914.250000 1.000
1914.333333 -9.000
1914.416667 21.000
1914.500000 18.000
1914.583333 -14.000
1914.666667 7.000
1914.750000 46.000
1914.833333 118.000
1914.916667 302.000
1915 91.000
1915.083333 155.000
1915.166667 -5.000
1915.250000 -115.000
1915.333333 20.000
1915.416667 26.000
1915.500000 14.000
1915.583333 -7.000
1915.666667 33.000
1915.750000 62.000
1915.833333 112.000
1915.916667 252.000
1916 -33.000
1916.083333 68.000
1916.166667 181.000
1916.250000 -26.000
1916.333333 42.000
1916.416667 -10.000
1916.500000 -57.000
1916.583333 41.000
1916.666667 -10.000
1916.750000 102.000
1916.833333 193.000
1916.916667 219.000
1917 0.0
1917.083333 -14.000
1917.166667 -4.000
1917.250000 -99.000
1917.333333 0.000
1917.416667 -41.000
1917.500000 -35.000
1917.583333 -30.000
1917.666667 -42.000
1917.750000 65.000
1917.833333 -80.000
1917.916667 -140.000
1918 49.000
1918.083333 -101.000
1918.166667 -41.000
1918.250000 -28.000
1918.333333 -66.000
1918.416667 -86.000
1918.500000 -7.000
1918.583333 -46.000
1918.666667 65.000
1918.750000 0.000
1918.833333 61.000
1918.916667 79.000
1919 -11.000
1919.083333 109.000
1919.166667 -2.000
1919.250000 -116.000
1919.333333 -82.000
1919.416667 -138.000
1919.500000 -113.000
1919.583333 -62.000
1919.666667 -1.000
1919.750000 -83.000
1919.833333 32.000
1919.916667 -35.000
1920 -83.000
1920.083333 -90.000
1920.166667 7.000
1920.250000 95.000
1920.333333 -31.000
1920.416667 -12.000
1920.500000 -7.000
1920.583333 -77.000
1920.666667 -62.000
1920.750000 151.000
1920.833333 83.000
1920.916667 74.000
1921 30.000
1921.083333 -72.000
1921.166667 -69.000
1921.250000 -100.000
1921.333333 -57.000
1921.416667 -113.000
1921.500000 -82.000
1921.583333 -67.000
1921.666667 -60.000
1921.750000 3.000
1921.833333 42.000
1921.916667 -81.000
1922 0.000
1922.083333 13.000
1922.166667 4.000
1922.250000 2.000
1922.333333 -123.000
1922.416667 -99.000
1922.500000 -81.000
1922.583333 -81.000
1922.666667 -110.000
1922.750000 28.000
1922.833333 -118.000
1922.916667 -18.000
1923 -215.000
1923.083333 72.000
1923.166667 -77.000
1923.250000 47.000
1923.333333 -69.000
1923.416667 -208.000
1923.500000 -101.000
1923.583333 -103.000
1923.666667 -109.000
1923.750000 56.000
1923.833333 0.000
1923.916667 -68.000
1924 29.000
1924.083333 -62.000
1924.166667 68.000
1924.250000 -30.000
1924.333333 23.000
1924.416667 -61.000
1924.500000 -8.000
1924.583333 -14.000
1924.666667 48.000
1924.750000 114.000
1924.833333 85.000
1924.916667 92.000
1925 17.000
1925.083333 98.000
1925.166667 -179.000
1925.250000 -45.000
1925.333333 28.000
1925.416667 -74.000
1925.500000 -12.000
1925.583333 -27.000
1925.666667 -46.000
1925.750000 73.000
1925.833333 73.000
1925.916667 177.000
1926 110.000
1926.083333 127.000
1926.166667 -71.000
1926.250000 21.000
1926.333333 -6.000
1926.416667 2.000
1926.500000 -37.000
1926.583333 -34.000
1926.666667 -26.000
1926.750000 81.000
1926.833333 227.000
1926.916667 -146.000
1927 8.000
1927.083333 -21.000
1927.166667 64.000
1927.250000 -67.000
1927.333333 -26.000
1927.416667 -5.000
1927.500000 20.000
1927.583333 56.000
1927.666667 43.000
1927.750000 34.000
1927.833333 111.000
1927.916667 163.000
1928 17.000
1928.083333 -48.000
1928.166667 143.000
1928.250000 116.000
1928.333333 16.000
1928.416667 45.000
1928.500000 -61.000
1928.583333 24.000
1928.666667 0.000
1928.750000 75.000
1928.833333 47.000
1928.916667 -47.000
1929 -108.000
1929.083333 -42.000
1929.166667 -143.000
1929.250000 -100.000
1929.333333 -78.000
1929.416667 -91.000
1929.500000 -76.000
1929.583333 -105.000
1929.666667 -72.000
1929.750000 4.000
1929.833333 126.000
1929.916667 146.000
1930 124.000
1930.083333 -55.000
1930.166667 -63.000
1930.250000 40.000
1930.333333 -37.000
1930.416667 -93.000
1930.500000 13.000
1930.583333 12.000
1930.666667 63.000
1930.750000 82.000
1930.833333 130.000
1930.916667 103.000
1931 10.000
1931.083333 -66.000
1931.166667 71.000
1931.250000 9.000
1931.333333 47.000
1931.416667 5.000
1931.500000 50.000
1931.583333 49.000
1931.666667 -50.000
1931.750000 -11.000
1931.833333 166.000
1931.916667 -101.000
1932 -4.000
1932.083333 -132.000
1932.166667 5.000
1932.250000 0.000
1932.333333 -3.000
1932.416667 -11.000
1932.500000 9.000
1932.583333 -8.000
1932.666667 73.000
1932.750000 119.000
1932.833333 49.000
1932.916667 94.000
1933 8.000
1933.083333 -12.000
1933.166667 51.000
1933.250000 -65.000
1933.333333 -6.000
1933.416667 0.000
1933.500000 -59.000
1933.583333 -54.000
1933.666667 32.000
1933.750000 83.000
1933.833333 61.000
1933.916667 -48.000
1934 -94.000
1934.083333 -256.000
1934.166667 -4.000
1934.250000 63.000
1934.333333 -76.000
1934.416667 -60.000
1934.500000 -51.000
1934.583333 -31.000
1934.666667 25.000
1934.750000 -38.000
1934.833333 9.000
1934.916667 235.000
1935 -176.000
1935.083333 -16.000
1935.166667 -113.000
1935.250000 -6.000
1935.333333 -67.000
1935.416667 41.000
1935.500000 -74.000
1935.583333 -25.000
1935.666667 37.000
1935.750000 40.000
1935.833333 189.000
1935.916667 145.000
1936 293.000
1936.083333 281.000
1936.166667 144.000
1936.250000 39.000
1936.333333 -22.000
1936.416667 -4.000
1936.500000 62.000
1936.583333 -63.000
1936.666667 -18.000
1936.750000 -32.000
1936.833333 31.000
1936.916667 -26.000
1937 171.000
1937.083333 152.000
1937.166667 154.000
1937.250000 58.000
1937.333333 -6.000
1937.416667 -52.000
1937.500000 -40.000
1937.583333 -67.000
1937.666667 20.000
1937.750000 46.000
1937.833333 239.000
1937.916667 58.000
1938 18.000
1938.083333 -125.000
1938.166667 -95.000
1938.250000 -140.000
1938.333333 -22.000
1938.416667 -56.000
1938.500000 -34.000
1938.583333 -59.000
1938.666667 -59.000
1938.750000 63.000
1938.833333 160.000
1938.916667 151.000
1939 253.000
1939.083333 -112.000
1939.166667 -75.000
1939.250000 -23.000
1939.333333 -68.000
1939.416667 -8.000
1939.500000 -62.000
1939.583333 -27.000
1939.666667 -5.000
1939.750000 108.000
1939.833333 69.000
1939.916667 33.000
1940 56.000
1940.083333 101.000
1940.166667 69.000
1940.250000 9.000
1940.333333 -7.000
1940.416667 33.000
1940.500000 -108.000
1940.583333 -71.000
1940.666667 -8.000
1940.750000 147.000
1940.833333 149.000
1940.916667 -51.000
1941 94.000
1941.083333 156.000
1941.166667 155.000
1941.250000 22.000
1941.333333 3.000
1941.416667 9.000
1941.500000 -121.000
1941.583333 46.000
1941.666667 -21.000
1941.750000 -12.000
1941.833333 134.000
1941.916667 -93.000
1942 -42.000
1942.083333 -96.000
1942.166667 54.000
1942.250000 44.000
1942.333333 86.000
1942.416667 -7.000
1942.500000 -20.000
1942.583333 23.000
1942.666667 111.000
1942.750000 162.000
1942.833333 71.000
1942.916667 175.000
1943 236.000
1943.083333 -67.000
1943.166667 15.000
1943.250000 -17.000
1943.333333 23.000
1943.416667 0.000
1943.500000 55.000
1943.583333 38.000
1943.666667 77.000
1943.750000 177.000
1943.833333 55.000
1943.916667 9.000
1944 0.0
1944.083333 0.0
1944.166667 0.0
1944.250000 0.0
1944.333333 0.0
1944.416667 0.0
1944.500000 0.0
1944.583333 0.0
1944.666667 0.0
1944.750000 0.0
1944.833333 0.0
1944.916667 0.0
1945 0.0
1945.083333 0.0
1945.166667 0.0
1945.250000 0.0
1945.333333 0.0
1945.416667 0.0
1945.500000 0.0
1945.583333 0.0
1945.666667 0.0
1945.750000 0.0
1945.833333 0.0
1945.916667 0.0
1946 0.0
1946.083333 0.0
1946.166667 0.0
1946.250000 0.0
1946.333333 0.0
1946.416667 0.0
1946.500000 0.0
1946.583333 0.0
1946.666667 0.0
1946.750000 0.0
1946.833333 0.0
1946.916667 0.0
1947 0.0
1947.083333 0.0
1947.166667 0.0
1947.250000 0.0
1947.333333 0.0
1947.416667 0.0
1947.500000 0.0
1947.583333 0.0
1947.666667 0.0
1947.750000 0.0
1947.833333 0.0
1947.916667 0.0
1948 0.0
1948.083333 0.0
1948.166667 0.0
1948.250000 0.0
1948.333333 0.0
1948.416667 0.0
1948.500000 0.0
1948.583333 0.0
1948.666667 0.0
1948.750000 0.0
1948.833333 0.0
1948.916667 0.0
1949 0.0
1949.083333 0.0
1949.166667 0.0
1949.250000 0.0
1949.333333 0.0
1949.416667 0.0
1949.500000 0.0
1949.583333 0.0
1949.666667 0.0
1949.750000 0.0
1949.833333 0.0
1949.916667 0.0
1950 0.0
1950.083333 0.0
1950.166667 0.0
1950.250000 0.0
1950.333333 0.0
1950.416667 0.0
1950.500000 0.0
1950.583333 0.0
1950.666667 0.0
1950.750000 0.0
1950.833333 0.0
1950.916667 0.0
1951 0.0
1951.083333 0.0
1951.166667 0.0
1951.250000 0.0
1951.333333 0.0
1951.416667 0.0
1951.500000 0.0
1951.583333 0.0
1951.666667 0.0
1951.750000 0.0
1951.833333 0.0
1951.916667 0.0
1952 0.0
1952.083333 0.0
1952.166667 0.0
1952.250000 0.0
1952.333333 0.0
1952.416667 0.0
1952.500000 0.0
1952.583333 0.0
1952.666667 0.0
1952.750000 87.000
1952.833333 91.000
1952.916667 97.000
1953 -57.000
1953.083333 -78.000
1953.166667 -128.000
1953.250000 48.000
1953.333333 3.000
1953.416667 27.000
1953.500000 -19.000
1953.583333 -5.000
1953.666667 20.000
1953.750000 24.000
1953.833333 18.000
1953.916667 126.000
1954 -83.000
1954.083333 21.000
1954.166667 115.000
1954.250000 -150.000
1954.333333 -50.000
1954.416667 -1.000
1954.500000 9.000
1954.583333 38.000
1954.666667 17.000
1954.750000 49.000
1954.833333 184.000
1954.916667 31.000
1955 176.000
1955.083333 191.000
1955.166667 16.000
1955.250000 -74.000
1955.333333 40.000
1955.416667 39.000
1955.500000 11.000
1955.583333 13.000
1955.666667 39.000
1955.750000 90.000
1955.833333 115.000
1955.916667 126.000
1956 72.000
1956.083333 -129.000
1956.166667 8.000
1956.250000 -85.000
1956.333333 -138.000
1956.416667 -119.000
1956.500000 -13.000
1956.583333 28.000
1956.666667 96.000
1956.750000 -19.000
1956.833333 -15.000
1956.916667 56.000
1957 -54.000
1957.083333 156.000
1957.166667 112.000
1957.250000 -105.000
1957.333333 -22.000
1957.416667 -22.000
1957.500000 -17.000
1957.583333 -16.000
1957.666667 14.000
1957.750000 9.000
1957.833333 73.000
1957.916667 157.000
1958 79.000
1958.083333 58.000
1958.166667 47.000
1958.250000 -100.000
1958.333333 -31.000
1958.416667 27.000
1958.500000 25.000
1958.583333 80.000
1958.666667 147.000
1958.750000 32.000
1958.833333 -16.000
1958.916667 225.000
1959 154.000
1959.083333 -69.000
1959.166667 100.000
1959.250000 59.000
1959.333333 -42.000
1959.416667 -24.000
1959.500000 -23.000
1959.583333 -30.000
1959.666667 10.000
1959.750000 107.000
1959.833333 106.000
1959.916667 198.000
1960 28.000
1960.083333 167.000
1960.166667 203.000
1960.250000 20.000
1960.333333 24.000
1960.416667 -8.000
1960.500000 59.000
1960.583333 82.000
1960.666667 67.000
1960.750000 257.000
1960.833333 302.000
1960.916667 134.000
1961 117.000
1961.083333 39.000
1961.166667 -64.000
1961.250000 119.000
1961.333333 33.000
1961.416667 -50.000
1961.500000 -12.000
1961.583333 9.000
1961.666667 106.000
1961.750000 183.000
1961.833333 123.000
1961.916667 209.000
1962 138.000
1962.083333 -84.000
1962.166667 74.000
1962.250000 -14.000
1962.333333 -28.000
1962.416667 -56.000
1962.500000 33.000
1962.583333 14.000
1962.666667 56.000
1962.750000 30.000
1962.833333 101.000
1962.916667 -15.000
1963 2.000
1963.083333 77.000
1963.166667 43.000
1963.250000 43.000
1963.333333 -66.000
1963.416667 31.000
1963.500000 -22.000
1963.583333 6.000
1963.666667 -20.000
1963.750000 8.000
1963.833333 337.000
1963.916667 159.000
1964 -21.000
1964.083333 35.000
1964.166667 97.000
1964.250000 -11.000
1964.333333 -21.000
1964.416667 -6.000
1964.500000 -89.000
1964.583333 -58.000
1964.666667 -8.000
1964.750000 35.000
1964.833333 25.000
1964.916667 131.000
1965 14.000
1965.083333 -99.000
1965.166667 52.000
1965.250000 -39.000
1965.333333 30.000
1965.416667 13.000
1965.500000 47.000
1965.583333 8.000
1965.666667 109.000
1965.750000 163.000
1965.833333 241.000
1965.916667 189.000
1966 229.000
1966.083333 422.000
1966.166667 10.000
1966.250000 149.000
1966.333333 11.000
1966.416667 88.000
1966.500000 12.000
1966.583333 61.000
1966.666667 100.000
1966.750000 248.000
1966.833333 70.000
1966.916667 42.000
1967 51.000
1967.083333 94.000
1967.166667 -13.000
1967.250000 -44.000
1967.333333 142.000
1967.416667 -26.000
1967.500000 -1.000
1967.583333 57.000
1967.666667 92.000
1967.750000 171.000
1967.833333 137.000
1967.916667 -5.000
1968 -11.000
1968.083333 164.000
1968.166667 21.000
1968.250000 74.000
1968.333333 44.000
1968.416667 34.000
1968.500000 8.000
1968.583333 12.000
1968.666667 132.000
1968.750000 146.000
1968.833333 268.000
1968.916667 229.000
1969 212.000
1969.083333 128.000
1969.166667 131.000
1969.250000 -6.000
1969.333333 116.000
1969.416667 75.000
1969.500000 -41.000
1969.583333 2.000
1969.666667 53.000
1969.750000 82.000
1969.833333 207.000
1969.916667 41.000
1970 250.000
1970.083333 96.000
1970.166667 -11.000
1970.250000 -17.000
1970.333333 -29.000
1970.416667 32.000
1970.500000 -38.000
1970.583333 10.000
1970.666667 28.000
1970.750000 -8.000
1970.833333 153.000
1970.916667 -9.000
1971 178.000
1971.083333 -45.000
1971.166667 -5.000
1971.250000 44.000
1971.333333 38.000
1971.416667 30.000
1971.500000 11.000
1971.583333 56.000
1971.666667 -5.000
1971.750000 14.000
1971.833333 1.000
1971.916667 -51.000
1972 99.000
1972.083333 137.000
1972.166667 85.000
1972.250000 0.000
1972.333333 7.000
1972.416667 21.000
1972.500000 -34.000
1972.583333 -51.000
1972.666667 -17.000
1972.750000 78.000
1972.833333 68.000
1972.916667 155.000
1973 10.000
1973.083333 -42.000
1973.166667 -119.000
1973.250000 -83.000
1973.333333 50.000
1973.416667 -48.000
1973.500000 26.000
1973.583333 4.000
1973.666667 67.000
1973.750000 31.000
1973.833333 9.000
1973.916667 41.000
1974 141.000
1974.083333 124.000
1974.166667 23.000
1974.250000 11.000
1974.333333 44.000
1974.416667 30.000
1974.500000 -16.000
1974.583333 11.000
1974.666667 105.000
1974.750000 -12.000
1974.833333 115.000
1974.916667 -13.000
1975 74.000
1975.083333 30.000
1975.166667 27.000
1975.250000 -77.000
1975.333333 -50.000
1975.416667 -33.000
1975.500000 -6.000
1975.583333 15.000
1975.666667 46.000
1975.750000 8.000
1975.833333 43.000
1975.916667 -83.000
1976 -77.000
1976.083333 -34.000
1976.166667 -30.000
1976.250000 -93.000
1976.333333 -54.000
1976.416667 -54.000
1976.500000 -59.000
1976.583333 4.000
1976.666667 113.000
1976.750000 309.000
1976.833333 81.000
1976.916667 172.000
1977 135.000
1977.083333 250.000
1977.166667 152.000
1977.250000 1.000
1977.333333 -26.000
1977.416667 -8.000
1977.500000 -12.000
1977.583333 11.000
1977.666667 -52.000
1977.750000 114.000
1977.833333 64.000
1977.916667 133.000
1978 16.000
1978.083333 157.000
1978.166667 74.000
1978.250000 16.000
1978.333333 2.000
1978.416667 11.000
1978.500000 -13.000
1978.583333 -21.000
1978.666667 -46.000
1978.750000 -55.000
1978.833333 -21.000
1978.916667 317.000
1979 131.000
1979.083333 162.000
1979.166667 84.000
1979.250000 48.000
1979.333333 3.000
1979.416667 -22.000
1979.500000 -60.000
1979.583333 -6.000
1979.666667 -32.000
1979.750000 149.000
1979.833333 20.000
1979.916667 99.000
1980 0.0
1980.083333 40.000
1980.166667 50.000
1980.250000 -57.000
1980.333333 23.000
1980.416667 81.000
1980.500000 41.000
1980.583333 38.000
1980.666667 45.000
1980.750000 147.000
1980.833333 51.000
1980.916667 -68.000
1981 -134.000
1981.083333 -42.000
1981.166667 165.000
1981.250000 6.000
1981.333333 142.000
1981.416667 12.000
1981.500000 -3.000
1981.583333 -38.000
1981.666667 41.000
1981.750000 184.000
1981.833333 66.000
1981.916667 293.000
1982 177.000
1982.083333 114.000
1982.166667 -62.000
1982.250000 -32.000
1982.333333 0.0
1982.416667 42.000
1982.500000 19.000
1982.583333 25.000
1982.666667 88.000
1982.750000 178.000
1982.833333 183.000
1982.916667 1.000
1983 -16.000
1983.083333 46.000
1983.166667 12.000
1983.250000 137.000
1983.333333 179.000
1983.416667 37.000
1983.500000 33.000
1983.583333 3.000
1983.666667 93.000
1983.750000 83.000
1983.833333 168.000
1983.916667 115.000
1984 126.000
1984.083333 4.000
1984.166667 37.000
1984.250000 8.000
1984.333333 87.000
1984.416667 42.000
1984.500000 -20.000
1984.583333 -43.000
1984.666667 72.000
1984.750000 118.000
1984.833333 270.000
1984.916667 121.000
1985 138.000
1985.083333 131.000
1985.166667 65.000
1985.250000 63.000
1985.333333 75.000
1985.416667 56.000
1985.500000 35.000
1985.583333 78.000
1985.666667 10.000
1985.750000 29.000
1985.833333 115.000
1985.916667 151.000
1986 108.000
1986.083333 84.000
1986.166667 22.000
1986.250000 48.000
1986.333333 28.000
1986.416667 21.000
1986.500000 -5.000
1986.583333 29.000
1986.666667 42.000
1986.750000 98.000
1986.833333 69.000
1986.916667 100.000
1987 -12.000
1987.083333 64.000
1987.166667 25.000
1987.250000 44.000
1987.333333 21.000
1987.416667 53.000
1987.500000 35.000
1987.583333 83.000
1987.666667 108.000
1987.750000 309.000
1987.833333 129.000
1987.916667 218.000
1988 233.000
1988.083333 83.000
1988.166667 17.000
1988.250000 59.000
1988.333333 133.000
1988.416667 79.000
1988.500000 102.000
1988.583333 47.000
1988.666667 51.000
1988.750000 199.000
1988.833333 151.000
1988.916667 18.000
1989 11.000
1989.083333 100.000
1989.166667 66.000
1989.250000 92.000
1989.333333 61.000
1989.416667 56.000
1989.500000 1.000
1989.583333 64.000
1989.666667 54.000
1989.750000 110.000
1989.833333 247.000
1989.916667 335.000
1990 160.000
1990.083333 220.000
1990.166667 -53.000
1990.250000 -18.000
1990.333333 45.000
1990.416667 81.000
1990.500000 49.000
1990.583333 43.000
1990.666667 48.000
1990.750000 222.000
1990.833333 154.000
1990.916667 45.000
1991 69.000
1991.083333 33.000
1991.166667 93.000
1991.250000 -11.000
1991.333333 -130.000
1991.416667 66.000
1991.500000 79.000
1991.583333 17.000
1991.666667 120.000
1991.750000 133.000
1991.833333 138.000
1991.916667 0.000
1992 -43.000
1992.083333 -47.000
1992.166667 -57.000
1992.250000 8.000
1992.333333 -13.000
1992.416667 40.000
1992.500000 30.000
1992.583333 135.000
1992.666667 125.000
1992.750000 152.000
1992.833333 158.000
1992.916667 162.000
1993 138.000
1993.083333 -47.000
1993.166667 -17.000
1993.250000 110.000
1993.333333 106.000
1993.416667 49.000
1993.500000 12.000
1993.583333 0.000
1993.666667 190.000
1993.750000 198.000
1993.833333 123.000
1993.916667 135.000
1994 91.000
1994.083333 171.000
1994.166667 12.000
1994.250000 4.000
1994.333333 149.000
1994.416667 20.000
1994.500000 41.000
1994.583333 103.000
1994.666667 157.000
1994.750000 191.000
1994.833333 194.000
1994.916667 201.000
1995 164.000
1995.083333 192.000
1995.166667 55.000
1995.250000 0.000
1995.333333 50.000
1995.416667 -11.000
1995.500000 80.000
1995.583333 25.000
1995.666667 128.000
1995.750000 171.000
1995.833333 245.000
1995.916667 226.000
1996 370.000
1996.083333 85.000
1996.166667 113.000
1996.250000 59.000
1996.333333 114.000
1996.416667 -13.000
1996.500000 20.000
1996.583333 44.000
1996.666667 57.000
1996.750000 109.000
1996.833333 144.000
1996.916667 143.000
1997 106.000
1997.083333 69.000
1997.166667 -31.000
1997.250000 -23.000
1997.333333 136.000
1997.416667 195.000
1997.500000 4.000
1997.583333 98.000
1997.666667 71.000
1997.750000 174.000
1997.833333 347.000
1997.916667 214.000
1998 182.000
1998.083333 36.000
1998.166667 -1.000
1998.250000 222.000
1998.333333 55.000
1998.416667 100.000
1998.500000 72.000
1998.583333 13.000
1998.666667 168.000
1998.750000 144.000
1998.833333 108.000
1998.916667 78.000
1999 148.000
1999.083333 -39.000
1999.166667 73.000
1999.250000 76.000
1999.333333 82.000
1999.416667 50.000
1999.500000 48.000
1999.583333 148.000
1999.666667 221.000
1999.750000 212.000
1999.833333 96.000
1999.916667 158.000
2000 -12.000
2000.083333 48.000
2000.166667 -24.000
2000.250000 215.000
2000.333333 109.000
2000.416667 24.000
2000.500000 76.000
2000.583333 47.000
2000.666667 144.000
2000.750000 161.000
2000.833333 357.000
2000.916667 426.000
2001 355.000
2001.083333 116.000
2001.166667 310.000
2001.250000 74.000
2001.333333 39.000
2001.416667 17.000
2001.500000 77.000
2001.583333 84.000
2001.666667 87.000
2001.750000 254.000
2001.833333 27.000
2001.916667 45.000
2002 147.000
2002.083333 148.000
2002.166667 75.000
2002.250000 74.000
2002.333333 118.000
2002.416667 39.000
2002.500000 29.000
2002.583333 44.000
2002.666667 101.000
2002.750000 219.000
2002.833333 342.000
2002.916667 282.000
2003 145.000
2003.083333 94.000
2003.166667 122.000
2003.250000 148.000
2003.333333 90.000
2003.416667 108.000
2003.500000 85.000
2003.583333 75.000
2003.666667 78.000
2003.750000 174.000
2003.833333 217.000
2003.916667 144.000
2004 173.000
2004.083333 70.000
2004.166667 68.000
2004.250000 114.000
2004.333333 92.000
2004.416667 65.000
2004.500000 65.000
2004.583333 189.000
2004.666667 95.000
2004.750000 327.000
2004.833333 47.000
2004.916667 66.000
2005 -8.000
2005.083333 -57.000
2005.166667 48.000
2005.250000 85.000
2005.333333 54.000
2005.416667 65.000
2005.500000 71.000
2005.583333 40.000
2005.666667 89.000
2005.750000 177.000
2005.833333 155.000
2005.916667 84.000
2006 8.000
2006.083333 40.000
2006.166667 115.000
2006.250000 27.000
2006.333333 72.000
2006.416667 31.000
2006.500000 53.000
2006.583333 61.000
2006.666667 173.000
2006.750000 310.000
2006.833333 258.000
2006.916667 135.000
2007 106.000
2007.083333 230.000
2007.166667 61.000
2007.250000 18.000
2007.333333 111.000
2007.416667 176.000
2007.500000 142.000
2007.583333 91.000
2007.666667 51.000
2007.750000 105.000
2007.833333 67.000
2007.916667 89.000
2008 175.000
2008.083333 110.000
2008.166667 124.000
2008.250000 146.000
2008.333333 168.000
2008.416667 83.000
2008.500000 127.000
2008.583333 132.000
2008.666667 137.000
2008.750000 141.000
2008.833333 138.000
2008.916667 86.000
2009 182.000
2009.083333 117.000
2009.166667 57.000
2009.250000 103.000
2009.333333 44.000
2009.416667 132.000
2009.500000 135.000
2009.583333 92.000
2009.666667 43.000
2009.750000 164.000
2009.833333 321.000
2009.916667 300.000
2010 161.000
2010.083333 273.000
2010.166667 137.000
2010.250000 77.000
2010.333333 72.000
2010.416667 93.000
2010.500000 85.000
2010.583333 95.000
2010.666667 135.000
2010.750000 228.000
2010.833333 291.000
2010.916667 186.000
2011 123.000
2011.083333 150.000
2011.166667 44.000
2011.250000 72.000
2011.333333 64.000
2011.416667 93.000
2011.500000 88.000
2011.583333 108.000
2011.666667 127.000
2011.750000 141.000
2011.833333 218.000
2011.916667 128.000
2012 26.000
2012.083333 -125.000
2012.166667 -58.000
2012.250000 190.000
2012.333333 114.000
2012.416667 156.000
2012.500000 124.000
2012.583333 178.000
2012.666667 129.000
2012.750000 264.000
2012.833333 256.000
2012.916667 196.000
2013 187.000
2013.083333 61.000
2013.166667 238.000
2013.250000 142.000
2013.333333 100.000
2013.416667 61.000
2013.500000 94.000
2013.583333 105.000
2013.666667 113.000
2013.750000 271.000
2013.833333 0.0
2013.916667 198.000
2014 339.000
2014.083333 360.000
2014.166667 113.000
2014.250000 170.000
2014.333333 118.000
2014.416667 110.000
2014.500000 112.000
2014.583333 137.000
2014.666667 165.000
2014.750000 253.000
2014.833333 400.000
2014.916667 103.000
2015 117.000
2015.083333 50.000
2015.166667 -1.000
2015.250000 60.000
2015.333333 114.000
2015.416667 49.000
2015.500000 120.000
2015.583333 156.000
2015.666667 152.000
2015.750000 215.000
2015.833333 187.000
2015.916667 249.000
2016 309.000
2016.083333 197.000
2016.166667 87.000
2016.250000 166.000
2016.333333 167.000
2016.416667 134.000
2016.500000 93.000
2016.583333 95.000
2016.666667 129.000
2016.750000 154.000
2016.833333 203.000
2016.916667 98.000
2017 62.000
2017.083333 165.000
2017.166667 109.000
2017.250000 33.000
2017.333333 168.000
2017.416667 149.000
2017.500000 142.000
2017.583333 125.000
2017.666667 163.000
2017.750000 145.000
2017.833333 136.000
2017.916667 145.000
2018 198.000
2018.083333 71.000
2018.166667 339.000
2018.250000 208.000
2018.333333 114.000
2018.416667 124.000
2018.500000 126.000
2018.583333 106.000
2018.666667 100.000
2018.750000 141.000
2018.833333 305.000
2018.916667 220.000
2019 79.000
2019.083333 119.000
2019.166667 100.000
2019.250000 202.000
2019.333333 115.000
2019.416667 157.000
2019.500000 158.000
2019.583333 153.000
2019.666667 138.000
2019.750000 287.000
2019.833333 384.000
2019.916667 326.000
2020 211.000
2020.083333 232.000
2020.166667 160.000
2020.250000 198.000
2020.333333 123.000
2020.416667 230.000
2020.500000 117.000
2020.583333 209.000
2020.666667 150.000
2020.750000 0.0
2020.833333 0.0
2020.916667 359.000
2021 223.000
2021.083333 305.000
2021.166667 99.000
2021.250000 113.000
2021.333333 203.000
2021.416667 135.000
2021.500000 170.000
2021.583333 140.000
2021.666667 190.000
2021.750000 234.000
2021.833333 153.000
2021.916667 230.000
2022 82.000
2022.083333 114.000
2022.166667 120.000
