1880	0
1880.083333	0
1880.166667	0
1880.25	0
1880.333333	0
1880.416667	0
1880.5	0
1880.583333	0
1880.666667	0
1880.75	0
1880.833333	0
1880.916667	0
1881	0
1881.083333	0
1881.166667	0
1881.25	0
1881.333333	0
1881.416667	0
1881.5	0
1881.583333	0
1881.666667	0
1881.75	0
1881.833333	0
1881.916667	0
1882	0
1882.083333	0
1882.166667	0
1882.25	0
1882.333333	0
1882.416667	0
1882.5	0
1882.583333	0
1882.666667	0
1882.75	0
1882.833333	0
1882.916667	0
1883	0
1883.083333	0
1883.166667	0
1883.25	0
1883.333333	0
1883.416667	0
1883.5	0
1883.583333	0
1883.666667	0
1883.75	0
1883.833333	0
1883.916667	0
1884	0
1884.083333	0
1884.166667	0
1884.25	0
1884.333333	0
1884.416667	0
1884.5	0
1884.583333	0
1884.666667	0
1884.75	0
1884.833333	0
1884.916667	0
1885	0
1885.083333	0
1885.166667	0
1885.25	0
1885.333333	0
1885.416667	0
1885.5	0
1885.583333	0
1885.666667	0
1885.75	0
1885.833333	0
1885.916667	0
1886	-1.81
1886.083333	-0.58
1886.166667	-0.2
1886.25	-0.42
1886.333333	0.15
1886.416667	-1.08
1886.5	-1.35
1886.583333	-0.55
1886.666667	-1.16
1886.75	-0.28
1886.833333	-0.84
1886.916667	-1.62
1887	-0.52
1887.083333	-0.93
1887.166667	-0.39
1887.25	-0.57
1887.333333	0.07
1887.416667	0.55
1887.5	-0.65
1887.583333	-1.46
1887.666667	-0.58
1887.75	-0.8
1887.833333	-1.39
1887.916667	-1.15
1888	-0.78
1888.083333	-0.83
1888.166667	-0.07
1888.25	-0.8
1888.333333	-0.54
1888.416667	-0.94
1888.5	-0.33
1888.583333	-0.85
1888.666667	-1.95
1888.75	-0.47
1888.833333	-0.59
1888.916667	-1.15
1889	-0.68
1889.083333	-0.51
1889.166667	-0.49
1889.25	-1.36
1889.333333	-0.09
1889.416667	1.13
1889.5	-0.82
1889.583333	-0.72
1889.666667	-0.54
1889.75	-0.85
1889.833333	-0.64
1889.916667	0.21
1890	-1.44
1890.083333	-1.18
1890.166667	-0.58
1890.25	-0.31
1890.333333	-0.59
1890.416667	0.16
1890.5	-0.4
1890.583333	-0.7
1890.666667	-0.3
1890.75	0.47
1890.833333	-0.21
1890.916667	-0.28
1891	-0.25
1891.083333	-0.65
1891.166667	-0.35
1891.25	-0.34
1891.333333	-1.12
1891.416667	0.47
1891.5	0.02
1891.583333	-0.59
1891.666667	-0.61
1891.75	-0.79
1891.833333	-0.81
1891.916667	-0.09
1892	-0.56
1892.083333	-0.9
1892.166667	0.22
1892.25	0.52
1892.333333	-0.33
1892.416667	0.2
1892.5	-0.8
1892.583333	-0.73
1892.666667	-0.75
1892.75	-0.83
1892.833333	-0.28
1892.916667	0.15
1893	0.05
1893.083333	0.28
1893.166667	-0.5
1893.25	0.56
1893.333333	0.21
1893.416667	-0.34
1893.5	0.32
1893.583333	-0.4
1893.666667	-0.45
1893.75	-0.48
1893.833333	-0.56
1893.916667	-0.18
1894	-0.86
1894.083333	-0.76
1894.166667	-0.48
1894.25	-0.58
1894.333333	0.48
1894.416667	0.18
1894.5	-0.1
1894.583333	-0.7
1894.666667	-1.19
1894.75	-1.31
1894.833333	-0.5
1894.916667	-1.19
1895	-0.93
1895.083333	0.02
1895.166667	-0.37
1895.25	-0.89
1895.333333	-0.54
1895.416667	0.03
1895.5	-0.4
1895.583333	-0.79
1895.666667	-0.56
1895.75	-1.06
1895.833333	-0.86
1895.916667	0.12
1896	-0.14
1896.083333	-0.68
1896.166667	-0.02
1896.25	0.06
1896.333333	-0.3
1896.416667	0.1
1896.5	-0.42
1896.583333	-0.94
1896.666667	-1.17
1896.75	-1.1
1896.833333	-1.45
1896.916667	-1.02
1897	0.58
1897.083333	-0.92
1897.166667	0.07
1897.25	0.12
1897.333333	0.21
1897.416667	-1.12
1897.5	-0.2
1897.583333	-0.8
1897.666667	-0.67
1897.75	-0.68
1897.833333	-0.38
1897.916667	-0.79
1898	-0.45
1898.083333	-0.59
1898.166667	-0.36
1898.25	0.02
1898.333333	0.71
1898.416667	-0.32
1898.5	-0.26
1898.583333	-1.43
1898.666667	-0.61
1898.75	-0.69
1898.833333	0.13
1898.916667	-0.5
1899	0.24
1899.083333	-1.24
1899.166667	-0.87
1899.25	0.16
1899.333333	-0.02
1899.416667	-0.2
1899.5	-0.82
1899.583333	-0.99
1899.666667	-1.01
1899.75	-0.61
1899.833333	-0.52
1899.916667	-0.13
1900	-0.7
1900.083333	-0.46
1900.166667	0.28
1900.25	0.19
1900.333333	-0.04
1900.416667	0.5
1900.5	0.14
1900.583333	-0.15
1900.666667	-0.71
1900.75	-0.36
1900.833333	-0.96
1900.916667	-0.63
1901	-0.18
1901.083333	-0.66
1901.166667	-0.66
1901.25	0.38
1901.333333	-0.33
1901.416667	0.1
1901.5	-0.72
1901.583333	-1.14
1901.666667	-1.14
1901.75	-0.63
1901.833333	-1.33
1901.916667	-0.36
1902	0.07
1902.083333	-0.14
1902.166667	-0.19
1902.25	-0.39
1902.333333	-0.76
1902.416667	-1.01
1902.5	-1.1
1902.583333	-1.65
1902.666667	-0.91
1902.75	-1.41
1902.833333	-1.45
1902.916667	-0.75
1903	-0.3
1903.083333	-0.82
1903.166667	-0.24
1903.25	0.22
1903.333333	-0.14
1903.416667	-0.87
1903.5	-0.91
1903.583333	-1.39
1903.666667	-1.18
1903.75	-1.13
1903.833333	-1.53
1903.916667	-0.71
1904	-1.06
1904.083333	-0.29
1904.166667	-0.81
1904.25	-1.1
1904.333333	-0.53
1904.416667	-0.16
1904.5	-0.51
1904.583333	-0.93
1904.666667	-1.03
1904.75	-1.19
1904.833333	-0.33
1904.916667	-0.1
1905	-0.66
1905.083333	-0.84
1905.166667	-0.16
1905.25	-0.65
1905.333333	0.22
1905.416667	0.1
1905.5	-0.15
1905.583333	-0.7
1905.666667	-0.37
1905.75	-0.89
1905.833333	-0.56
1905.916667	-1.08
1906	-1.31
1906.083333	-1.14
1906.166667	-1.17
1906.25	-0.03
1906.333333	-0.21
1906.416667	0.28
1906.5	-0.18
1906.583333	-1.48
1906.666667	-1.28
1906.75	-0.73
1906.833333	-0.3
1906.916667	-0.99
1907	-0.64
1907.083333	-0.59
1907.166667	-0.07
1907.25	0.29
1907.333333	-0.52
1907.416667	-0.4
1907.5	-0.39
1907.583333	-0.11
1907.666667	-0.61
1907.75	-0.55
1907.833333	-1.2
1907.916667	-0.69
1908	-1.53
1908.083333	-1.17
1908.166667	0.13
1908.25	-0.08
1908.333333	0.36
1908.416667	0.14
1908.5	-0.88
1908.583333	-0.58
1908.666667	-0.48
1908.75	-0.64
1908.833333	-0.82
1908.916667	0.13
1909	-0.08
1909.083333	-0.06
1909.166667	-0.16
1909.25	0.49
1909.333333	0.4
1909.416667	0.03
1909.5	-0.44
1909.583333	-1.06
1909.666667	-0.52
1909.75	-0.32
1909.833333	-0.49
1909.916667	-0.38
1910	-0.19
1910.083333	-0.48
1910.166667	-0.49
1910.25	-0.23
1910.333333	0.83
1910.416667	0.66
1910.5	0.8
1910.583333	0.01
1910.666667	-0.29
1910.75	-0.03
1910.833333	-0.55
1910.916667	0.76
1911	0.12
1911.083333	-0.18
1911.166667	0.79
1911.25	1.25
1911.333333	0.46
1911.416667	0.34
1911.5	-0.19
1911.583333	-0.64
1911.666667	-0.11
1911.75	-0.44
1911.833333	-0.07
1911.916667	0.95
1912	0.23
1912.083333	-0.47
1912.166667	-0.27
1912.25	0.29
1912.333333	-0.21
1912.416667	-0.39
1912.5	-0.32
1912.583333	-0.27
1912.666667	0
1912.75	-0.72
1912.833333	-0.83
1912.916667	-0.26
1913	-0.35
1913.083333	-0.79
1913.166667	-0.21
1913.25	-0.02
1913.333333	0.74
1913.416667	-0.01
1913.5	-0.53
1913.583333	-0.43
1913.666667	-0.46
1913.75	-0.59
1913.833333	0.23
1913.916667	0.1
1914	0.21
1914.083333	-1.1
1914.166667	-0.61
1914.25	0.61
1914.333333	0.33
1914.416667	0.38
1914.5	-0.49
1914.583333	-0.87
1914.666667	-0.84
1914.75	-1.43
1914.833333	-0.48
1914.916667	-0.09
1915	0.32
1915.083333	0.78
1915.166667	0.66
1915.25	0.23
1915.333333	0.32
1915.416667	0.6
1915.5	-0.1
1915.583333	-0.8
1915.666667	-0.13
1915.75	-0.22
1915.833333	0.11
1915.916667	-0.89
1916	-1.02
1916.083333	-0.71
1916.166667	-0.19
1916.25	-0.71
1916.333333	-0.99
1916.416667	-1.38
1916.5	-1.96
1916.583333	-0.77
1916.666667	-1.17
1916.75	-0.47
1916.833333	-0.19
1916.916667	-0.74
1917	0.17
1917.083333	-0.41
1917.166667	-0.01
1917.25	0.6
1917.333333	0.54
1917.416667	-0.16
1917.5	0.72
1917.583333	-0.89
1917.666667	-0.22
1917.75	-0.59
1917.833333	-0.89
1917.916667	-0.68
1918	-0.8
1918.083333	-0.38
1918.166667	-0.47
1918.25	-0.89
1918.333333	-0.22
1918.416667	0.32
1918.5	-0.71
1918.583333	-1.05
1918.666667	-1.05
1918.75	-0.16
1918.833333	-0.86
1918.916667	-0.83
1919	-0.13
1919.083333	-1.17
1919.166667	-0.41
1919.25	-0.44
1919.333333	0.29
1919.416667	-0.35
1919.5	-0.74
1919.583333	-0.32
1919.666667	-0.47
1919.75	-0.47
1919.833333	-1.05
1919.916667	-1.08
1920	-0.59
1920.083333	-1.11
1920.166667	-0.44
1920.25	-0.47
1920.333333	-0.1
1920.416667	0.2
1920.5	-0.44
1920.583333	-0.56
1920.666667	-1.05
1920.75	-0.96
1920.833333	-0.65
1920.916667	0.17
1921	-1.02
1921.083333	-0.71
1921.166667	-0.01
1921.25	0.87
1921.333333	-0.07
1921.416667	-0.19
1921.5	0.57
1921.583333	-0.65
1921.666667	-1.05
1921.75	-0.13
1921.833333	0.63
1921.916667	0.84
1922	0.96
1922.083333	0.36
1922.166667	0.39
1922.25	0.14
1922.333333	-0.19
1922.416667	-0.16
1922.5	-0.89
1922.583333	-0.5
1922.666667	-1.63
1922.75	-0.53
1922.833333	-0.25
1922.916667	-0.56
1923	0.02
1923.083333	-1.08
1923.166667	-0.96
1923.25	-1.47
1923.333333	1
1923.416667	0.51
1923.5	-0.41
1923.583333	-1.66
1923.666667	-0.56
1923.75	-0.92
1923.833333	-0.62
1923.916667	-1.47
1924	-0.44
1924.083333	-0.77
1924.166667	-0.99
1924.25	0.32
1924.333333	-0.5
1924.416667	-0.16
1924.5	-1.41
1924.583333	-1.47
1924.666667	-0.83
1924.75	-0.44
1924.833333	-0.77
1924.916667	-0.8
1925	-1.11
1925.083333	-0.22
1925.166667	-0.71
1925.25	-0.89
1925.333333	-0.44
1925.416667	-0.65
1925.5	-0.19
1925.583333	-1.2
1925.666667	-1.02
1925.75	-1.23
1925.833333	-1.87
1925.916667	-1.14
1926	-1.02
1926.083333	-0.71
1926.166667	-1.41
1926.25	0.11
1926.333333	0.6
1926.416667	-0.62
1926.5	-0.74
1926.583333	-0.99
1926.666667	-1.84
1926.75	-0.28
1926.833333	-1.75
1926.916667	-1.14
1927	-0.89
1927.083333	-0.41
1927.166667	-0.53
1927.25	0.02
1927.333333	-0.04
1927.416667	-1.11
1927.5	-0.86
1927.583333	-0.8
1927.666667	-1.69
1927.75	-1.9
1927.833333	-1.6
1927.916667	-1.72
1928	-1.5
1928.083333	-1.2
1928.166667	-1.29
1928.25	-0.56
1928.333333	-0.13
1928.416667	-0.13
1928.5	-0.74
1928.583333	-0.86
1928.666667	-0.25
1928.75	-0.35
1928.833333	-1.05
1928.916667	-1.08
1929	0.2
1929.083333	-1.29
1929.166667	-0.86
1929.25	0.39
1929.333333	-0.19
1929.416667	-0.28
1929.5	-0.74
1929.583333	-1.29
1929.666667	-1.93
1929.75	-1.41
1929.833333	-0.62
1929.916667	0.05
1930	-0.77
1930.083333	-1.35
1930.166667	-1.5
1930.25	-0.89
1930.333333	-1.14
1930.416667	-0.86
1930.5	-0.19
1930.583333	0.26
1930.666667	-0.59
1930.75	-1.47
1930.833333	-0.47
1930.916667	-1.05
1931	-0.56
1931.083333	-0.86
1931.166667	-0.71
1931.25	-0.65
1931.333333	0.05
1931.416667	-0.44
1931.5	0.32
1931.583333	-0.68
1931.666667	-0.47
1931.75	-1.14
1931.833333	-1.26
1931.916667	-0.8
1932	0.02
1932.083333	-0.62
1932.166667	-0.65
1932.25	-0.32
1932.333333	-1.11
1932.416667	-0.01
1932.5	-0.62
1932.583333	-1.41
1932.666667	-1.63
1932.75	-1.26
1932.833333	-1.23
1932.916667	-0.35
1933	-0.32
1933.083333	0.11
1933.166667	-0.19
1933.25	0.05
1933.333333	-0.16
1933.416667	-0.5
1933.5	-0.56
1933.583333	-1.17
1933.666667	-0.99
1933.75	-0.86
1933.833333	-1.41
1933.916667	-1.35
1934	-1.17
1934.083333	-0.28
1934.166667	-0.41
1934.25	0.23
1934.333333	-0.22
1934.416667	-0.04
1934.5	-0.38
1934.583333	-0.59
1934.666667	-0.41
1934.75	-0.99
1934.833333	-0.71
1934.916667	-0.07
1935	-0.16
1935.083333	-0.25
1935.166667	-0.1
1935.25	-0.19
1935.333333	-0.04
1935.416667	0.48
1935.5	-0.41
1935.583333	-1.23
1935.666667	-1.05
1935.75	-0.86
1935.833333	-0.56
1935.916667	-0.07
1936	-0.96
1936.083333	-1.11
1936.166667	-0.68
1936.25	0.02
1936.333333	-0.5
1936.416667	-0.22
1936.5	-1.08
1936.583333	-0.38
1936.666667	-1.35
1936.75	-0.83
1936.833333	-0.25
1936.916667	-1.05
1937	-0.44
1937.083333	-0.92
1937.166667	-0.86
1937.25	0.48
1937.333333	0.72
1937.416667	-0.38
1937.5	-1.2
1937.583333	-1.14
1937.666667	-0.83
1937.75	-1.23
1937.833333	-1.26
1937.916667	-0.59
1938	-0.59
1938.083333	-0.19
1938.166667	-0.19
1938.25	0.11
1938.333333	-0.38
1938.416667	0.05
1938.5	-0.77
1938.583333	-0.77
1938.666667	-1.05
1938.75	-0.74
1938.833333	-1.02
1938.916667	0.08
1939	-0.56
1939.083333	-1.26
1939.166667	-0.25
1939.25	-0.62
1939.333333	-0.04
1939.416667	0.48
1939.5	-0.25
1939.583333	0.02
1939.666667	-0.92
1939.75	-1.53
1939.833333	-1.02
1939.916667	-0.16
1940	-0.32
1940.083333	0.42
1940.166667	-0.89
1940.25	-0.77
1940.333333	0.02
1940.416667	-0.71
1940.5	-1.5
1940.583333	-1.66
1940.666667	-1.29
1940.75	-1.29
1940.833333	-0.41
1940.916667	-1.29
1941	-1.38
1941.083333	-1.2
1941.166667	-0.62
1941.25	-0.99
1941.333333	-0.38
1941.416667	-0.13
1941.5	-0.19
1941.583333	-1.11
1941.666667	-1.08
1941.75	-0.83
1941.833333	-1.29
1941.916667	-0.92
1942	-0.53
1942.083333	-1.14
1942.166667	-0.41
1942.25	-0.74
1942.333333	-0.1
1942.416667	-0.47
1942.5	-0.44
1942.583333	-0.32
1942.666667	-0.68
1942.75	-1.02
1942.833333	-0.25
1942.916667	-1.5
1943	-0.53
1943.083333	-0.32
1943.166667	-0.53
1943.25	0.2
1943.333333	-0.16
1943.416667	-0.22
1943.5	-0.53
1943.583333	-1.23
1943.666667	-0.89
1943.75	-1.53
1943.833333	-1.17
1943.916667	-0.47
1944	-0.68
1944.083333	-0.41
1944.166667	-0.71
1944.25	0.23
1944.333333	-0.41
1944.416667	-1.32
1944.5	-1.47
1944.583333	-1.53
1944.666667	-1.87
1944.75	-1.05
1944.833333	-0.86
1944.916667	-0.28
1945	-0.68
1945.083333	-0.5
1945.166667	-0.1
1945.25	-0.25
1945.333333	-0.28
1945.416667	-0.32
1945.5	-0.83
1945.583333	-0.77
1945.666667	-0.65
1945.75	-1.29
1945.833333	-1.05
1945.916667	-0.44
1946	-0.47
1946.083333	-0.68
1946.166667	-0.77
1946.25	-0.16
1946.333333	0.14
1946.416667	0.69
1946.5	-0.41
1946.583333	-0.59
1946.666667	-1.5
1946.75	-1.26
1946.833333	-1.29
1946.916667	-1.02
1947	-0.96
1947.083333	-1.66
1947.166667	-0.65
1947.25	-0.41
1947.333333	-0.68
1947.416667	0.14
1947.5	-0.32
1947.583333	-0.86
1947.666667	-1.08
1947.75	-1.14
1947.833333	-0.74
1947.916667	-1.08
1948	-0.53
1948.083333	-0.65
1948.166667	-0.47
1948.25	-0.32
1948.333333	0.39
1948.416667	-0.44
1948.5	-0.65
1948.583333	-0.96
1948.666667	-0.77
1948.75	-0.35
1948.833333	-1.26
1948.916667	-0.89
1949	-0.53
1949.083333	-0.01
1949.166667	-0.53
1949.25	-0.41
1949.333333	-0.38
1949.416667	-0.07
1949.5	-0.62
1949.583333	-1.05
1949.666667	-0.89
1949.75	-0.19
1949.833333	-0.53
1949.916667	0.05
1950	0.39
1950.083333	-0.8
1950.166667	-0.71
1950.25	-0.65
1950.333333	0.29
1950.416667	0.48
1950.5	-0.32
1950.583333	-1.02
1950.666667	-0.83
1950.75	0.08
1950.833333	1.03
1950.916667	-0.16
1951	-0.32
1951.083333	-0.47
1951.166667	0.29
1951.25	1.3
1951.333333	0.02
1951.416667	0.14
1951.5	0.14
1951.583333	-0.1
1951.666667	-0.5
1951.75	-0.47
1951.833333	0.48
1951.916667	-0.28
1952	-0.16
1952.083333	0.08
1952.166667	-0.47
1952.25	0.39
1952.333333	0.29
1952.416667	0.93
1952.5	-0.71
1952.583333	-0.04
1952.666667	-0.83
1952.75	-0.8
1952.833333	-0.07
1952.916667	-0.13
1953	-0.99
1953.083333	-0.38
1953.166667	-0.62
1953.25	0.29
1953.333333	1.06
1953.416667	0.6
1953.5	-0.1
1953.583333	-0.47
1953.666667	-1.44
1953.75	-1.41
1953.833333	-0.53
1953.916667	-0.25
1954	-1.5
1954.083333	-0.01
1954.166667	0.45
1954.25	0.29
1954.333333	0.26
1954.416667	0.14
1954.5	-0.53
1954.583333	-0.93
1954.666667	-1.41
1954.75	-1.08
1954.833333	-0.01
1954.916667	-0.01
1955	-0.04
1955.083333	-0.25
1955.166667	-0.1
1955.25	0.23
1955.333333	0.75
1955.416667	0.54
1955.5	-0.16
1955.583333	0.57
1955.666667	-0.8
1955.75	-0.1
1955.833333	0.6
1955.916667	0.14
1956	-0.13
1956.083333	0.02
1956.166667	-0.59
1956.25	1.09
1956.333333	1.45
1956.416667	1.33
1956.5	0.17
1956.583333	0.14
1956.666667	-0.86
1956.75	-0.41
1956.833333	0.29
1956.916667	0.87
1957	-0.07
1957.083333	-0.5
1957.166667	-0.13
1957.25	0.51
1957.333333	0.23
1957.416667	-0.71
1957.5	-0.04
1957.583333	-0.8
1957.666667	-0.59
1957.75	-0.41
1957.833333	0.05
1957.916667	-0.04
1958	-0.53
1958.083333	0.23
1958.166667	1.15
1958.25	0.54
1958.333333	1.3
1958.416667	0.42
1958.5	0.17
1958.583333	-0.68
1958.666667	-0.8
1958.75	-0.25
1958.833333	-0.86
1958.916667	-0.22
1959	-0.16
1959.083333	-0.68
1959.166667	-0.29
1959.25	0.29
1959.333333	0.81
1959.416667	-0.01
1959.5	-0.13
1959.583333	-0.56
1959.666667	-1.05
1959.75	-0.68
1959.833333	-0.96
1959.916667	0.48
1960	-0.74
1960.083333	0.23
1960.166667	-0.65
1960.25	0.36
1960.333333	1
1960.416667	0.02
1960.5	-0.32
1960.583333	0.2
1960.666667	-0.44
1960.75	-0.25
1960.833333	0.05
1960.916667	-0.74
1961	-1.26
1961.083333	-0.59
1961.166667	-0.07
1961.25	-0.35
1961.333333	0.42
1961.416667	0.51
1961.5	-0.19
1961.583333	-0.62
1961.666667	-0.8
1961.75	-0.59
1961.833333	-0.77
1961.916667	-0.32
1962	-0.16
1962.083333	0.42
1962.166667	-0.35
1962.25	-0.16
1962.333333	1.03
1962.416667	0.32
1962.5	-0.38
1962.583333	-0.41
1962.666667	-0.5
1962.75	0.08
1962.833333	0.02
1962.916667	-0.56
1963	-1.35
1963.083333	-0.04
1963.166667	-0.32
1963.25	0.23
1963.333333	0.54
1963.416667	0.9
1963.5	1
1963.583333	-0.16
1963.666667	-0.1
1963.75	-1.53
1963.833333	-0.77
1963.916667	-0.83
1964	0.75
1964.083333	0.05
1964.166667	-0.22
1964.25	0.05
1964.333333	0.69
1964.416667	0.96
1964.5	1.21
1964.583333	-0.22
1964.666667	-0.89
1964.75	-0.22
1964.833333	0.14
1964.916667	0.51
1965	-0.01
1965.083333	-0.47
1965.166667	0.02
1965.25	0.2
1965.333333	0.02
1965.416667	0.69
1965.5	-0.13
1965.583333	-0.65
1965.666667	-0.35
1965.75	-0.82
1965.833333	-0.5
1965.916667	-0.93
1966	-0.82
1966.083333	0.51
1966.166667	0.35
1966.25	0.99
1966.333333	0.63
1966.416667	0.08
1966.5	-0.16
1966.583333	-1.14
1966.666667	-0.65
1966.75	-0.8
1966.833333	-0.62
1966.916667	-0.74
1967	-0.09
1967.083333	-1.01
1967.166667	-0.45
1967.25	-0.49
1967.333333	-0.03
1967.416667	-0.23
1967.5	-0.2
1967.583333	-0.19
1967.666667	-0.24
1967.75	-0.72
1967.833333	0.08
1967.916667	-0.24
1968	-0.06
1968.083333	-0.67
1968.166667	-0.01
1968.25	1.01
1968.333333	1.43
1968.416667	0.49
1968.5	-0.51
1968.583333	0.17
1968.666667	-0.74
1968.75	-0.64
1968.833333	0.03
1968.916667	-0.61
1969	-0.02
1969.083333	-1.48
1969.166667	-0.97
1969.25	0.37
1969.333333	-0.2
1969.416667	0.51
1969.5	-0.93
1969.583333	-1.15
1969.666667	-0.42
1969.75	-1.23
1969.833333	-0.58
1969.916667	0.2
1970	-0.44
1970.083333	-0.59
1970.166667	0.14
1970.25	0.51
1970.333333	0.51
1970.416667	0.08
1970.5	-0.25
1970.583333	-0.86
1970.666667	-0.57
1970.75	-0.44
1970.833333	-0.84
1970.916667	-0.13
1971	0.32
1971.083333	-0.15
1971.166667	-1.17
1971.25	0.1
1971.333333	0.72
1971.416667	0.34
1971.5	-0.23
1971.583333	-0.2
1971.666667	-0.41
1971.75	0.17
1971.833333	-0.1
1971.916667	-0.54
1972	-0.19
1972.083333	-0.69
1972.166667	0.11
1972.25	0.51
1972.333333	-0.09
1972.416667	-0.59
1972.5	0.51
1972.583333	-0.19
1972.666667	-0.69
1972.75	-1.09
1972.833333	-0.79
1972.916667	0.01
1973	-0.19
1973.083333	-0.49
1973.166667	0.01
1973.25	0.91
1973.333333	0.91
1973.416667	0.51
1973.5	-0.49
1973.583333	0.51
1973.666667	-0.29
1973.75	-0.19
1973.833333	0.01
1973.916667	-0.09
1974	-0.19
1974.083333	0.01
1974.166667	-0.39
1974.25	0.91
1974.333333	1.21
1974.416667	1.41
1974.5	0.91
1974.583333	0.21
1974.666667	0.01
1974.75	-0.19
1974.833333	0.31
1974.916667	0.71
1975	0.21
1975.083333	-0.79
1975.166667	0.21
1975.25	0.51
1975.333333	0.71
1975.416667	0.81
1975.5	0.41
1975.583333	0.21
1975.666667	-0.59
1975.75	-0.19
1975.833333	0.11
1975.916667	-0.29
1976	0.11
1976.083333	-0.39
1976.166667	0.61
1976.25	0.91
1976.333333	0.51
1976.416667	0.51
1976.5	0.51
1976.583333	0.41
1976.666667	0.01
1976.75	0.31
1976.833333	0.51
1976.916667	0.91
1977	0.21
1977.083333	-0.09
1977.166667	0.61
1977.25	0.81
1977.333333	0.51
1977.416667	0.81
1977.5	-0.29
1977.583333	-0.99
1977.666667	-0.99
1977.75	-0.59
1977.833333	-0.79
1977.916667	-0.09
1978	0.21
1978.083333	0.01
1978.166667	0.01
1978.25	1.31
1978.333333	0.61
1978.416667	1.81
1978.5	1.21
1978.583333	0.01
1978.666667	-0.79
1978.75	-0.89
1978.833333	-0.79
1978.916667	0.11
1979	-0.99
1979.083333	-0.69
1979.166667	0.21
1979.25	0.61
1979.333333	0.71
1979.416667	0.21
1979.5	0.01
1979.583333	-0.59
1979.666667	-1.09
1979.75	-0.89
1979.833333	-1.09
1979.916667	0.81
1980	0.31
1980.083333	0.21
1980.166667	0.01
1980.25	0.01
1980.333333	0.41
1980.416667	0.71
1980.5	0.01
1980.583333	-0.39
1980.666667	0.31
1980.75	-0.69
1980.833333	-0.39
1980.916667	-0.59
1981	-0.39
1981.083333	0.31
1981.166667	0.01
1981.25	0.81
1981.333333	0.31
1981.416667	1.21
1981.5	0.31
1981.583333	0.11
1981.666667	-0.79
1981.75	-0.49
1981.833333	-0.49
1981.916667	0.51
1982	-0.29
1982.083333	-0.59
1982.166667	-0.39
1982.25	0.01
1982.333333	0.51
1982.416667	0.41
1982.5	-0.49
1982.583333	-1.69
1982.666667	-0.99
1982.75	-0.09
1982.833333	-0.79
1982.916667	-0.19
1983	-0.19
1983.083333	-0.89
1983.166667	-0.99
1983.25	0.61
1983.333333	-1.59
1983.416667	-0.09
1983.5	-0.59
1983.583333	-1.09
1983.666667	-0.29
1983.75	-0.49
1983.833333	-0.59
1983.916667	-0.89
1984	-0.69
1984.083333	0.61
1984.166667	0.51
1984.25	0.41
1984.333333	0.51
1984.416667	0.71
1984.5	0.31
1984.583333	0.21
1984.666667	-0.29
1984.75	-0.99
1984.833333	-0.49
1984.916667	0.91
1985	0.51
1985.083333	-0.39
1985.166667	-0.59
1985.25	0.31
1985.333333	0.51
1985.416667	0.91
1985.5	0.21
1985.583333	-0.49
1985.666667	0.31
1985.75	-0.39
1985.833333	-0.09
1985.916667	0.41
1986	0.51
1986.083333	0.51
1986.166667	0.01
1986.25	0.61
1986.333333	-0.09
1986.416667	0.71
1986.5	-0.19
1986.583333	0.11
1986.666667	-0.39
1986.75	-0.19
1986.833333	-0.29
1986.916667	-0.39
1987	-0.19
1987.083333	-0.39
1987.166667	0.01
1987.25	-0.39
1987.333333	0.01
1987.416667	-0.09
1987.5	-0.19
1987.583333	-0.29
1987.666667	-0.69
1987.75	-0.29
1987.833333	-0.19
1987.916667	-0.29
1988	-0.79
1988.083333	0.11
1988.166667	-0.49
1988.25	0.01
1988.333333	0.91
1988.416667	0.91
1988.5	0.31
1988.583333	0.11
1988.666667	0.21
1988.75	1.11
1988.833333	0.21
1988.916667	-0.19
1989	0.01
1989.083333	0.01
1989.166667	-0.09
1989.25	-0.09
1989.333333	0.71
1989.416667	0.81
1989.5	0.61
1989.583333	0.21
1989.666667	0.21
1989.75	0.41
1989.833333	-0.59
1989.916667	0.01
1990	-0.19
1990.083333	0.71
1990.166667	-0.09
1990.25	0.91
1990.333333	1.31
1990.416667	1.01
1990.5	0.31
1990.583333	1.31
1990.666667	-0.59
1990.75	0.01
1990.833333	0.11
1990.916667	0.31
1991	0.11
1991.083333	0.51
1991.166667	0.81
1991.25	0.71
1991.333333	0.01
1991.416667	0.21
1991.5	1.11
1991.583333	0.21
1991.666667	-0.29
1991.75	-0.79
1991.833333	-0.89
1991.916667	-0.29
1992	-0.29
1992.083333	-0.19
1992.166667	-0.59
1992.25	0.11
1992.333333	0.31
1992.416667	1.01
1992.5	0.71
1992.583333	0.41
1992.666667	0.01
1992.75	-0.49
1992.833333	0.21
1992.916667	-0.59
1993	-0.59
1993.083333	-0.59
1993.166667	-0.29
1993.25	-0.09
1993.333333	0.01
1993.416667	0.41
1993.5	0.11
1993.583333	-0.29
1993.666667	-0.89
1993.75	-0.29
1993.833333	-0.69
1993.916667	-0.19
1994	0.89
1994.083333	-0.55
1994.166667	-0.21
1994.25	0.2
1994.333333	0.44
1994.416667	0.07
1994.5	-0.15
1994.583333	-0.56
1994.666667	-0.23
1994.75	-0.76
1994.833333	-0.22
1994.916667	-1.16
1995	-0.75
1995.083333	-0.82
1995.166667	0.39
1995.25	0.8
1995.333333	0.37
1995.416667	0.2
1995.5	0.23
1995.583333	-1.01
1995.666667	-0.6
1995.75	-0.44
1995.833333	-0.3
1995.916667	0.31
1996	-0.27
1996.083333	0.21
1996.166667	-0.62
1996.25	0.6
1996.333333	0.04
1996.416667	0.52
1996.5	0.69
1996.583333	-0.08
1996.666667	0.3
1996.75	-1.12
1996.833333	0.07
1996.916667	-0.51
1997	-1.07
1997.083333	-0.85
1997.166667	-0.25
1997.25	-0.11
1997.333333	0.45
1997.416667	-0.18
1997.5	-0.7
1997.583333	-0.14
1997.666667	-0.99
1997.75	-0.57
1997.833333	-0.92
1997.916667	-0.46
1998	-1.52
1998.083333	-0.25
1998.166667	0.47
1998.25	0.9
1998.333333	0.87
1998.416667	0.92
1998.5	0.23
1998.583333	-0.34
1998.666667	-0.4
1998.75	1.11
1998.833333	-0.6
1998.916667	0.61
1999	0.12
1999.083333	-0.43
1999.166667	-0.02
1999.25	0.84
1999.333333	0.56
1999.416667	0.62
1999.5	0.33
1999.583333	-0.45
1999.666667	-0.41
1999.75	0.05
1999.833333	-0.26
1999.916667	-0.22
2000	-0.23
2000.083333	-0.23
2000.166667	-0.24
2000.25	0.75
2000.333333	1.19
2000.416667	0.06
2000.5	0.49
2000.583333	-0.04
2000.666667	0.12
2000.75	0.4
2000.833333	-0.71
2000.916667	0.99
2001	0.45
2001.083333	-0.07
2001.166667	0.95
2001.25	1.35
2001.333333	1.18
2001.416667	0.41
2001.5	0.48
2001.583333	1.31
2001.666667	-0.03
2001.75	1.26
2001.833333	0.24
2001.916667	0.82
2002	0.73
2002.083333	0.59
2002.166667	0.44
2002.25	0.07
2002.333333	0.64
2002.416667	0.86
2002.5	-0.08
2002.583333	-0.55
2002.666667	0.05
2002.75	-0.42
2002.833333	-0.55
2002.916667	-0.13
2003	-0.29
2003.083333	-0.45
2003.166667	-0.07
2003.25	0.28
2003.333333	0.66
2003.416667	1.41
2003.5	-0.06
2003.583333	0.2
2003.666667	0.58
2003.75	-0.09
2003.833333	-0.79
2003.916667	-0.31
2004	0.14
2004.083333	0.22
2004.166667	0.01
2004.25	-0.12
2004.333333	1.29
2004.416667	0.53
2004.5	-0.51
2004.583333	0.12
2004.666667	-0.63
2004.75	-0.33
2004.833333	-0.22
2004.916667	0.08
2005	-0.34
2005.083333	0.25
2005.166667	0.25
2005.25	-0.63
2005.333333	0.65
2005.416667	0.51
2005.5	0.5
2005.583333	-0.45
2005.666667	-0.08
2005.75	-0.03
2005.833333	0.3
2005.916667	1.37
2006	0.03
2006.083333	0.23
2006.166667	-0.01
2006.25	1.99
2006.333333	0.79
2006.416667	0.11
2006.5	-0.49
2006.583333	-0.32
2006.666667	-0.44
2006.75	-0.52
2006.833333	-0.27
2006.916667	-0.93
2007	-0.37
2007.083333	-0.68
2007.166667	0.89
2007.25	0.4
2007.333333	0.9
2007.416667	1.56
2007.5	0.83
2007.583333	-0.08
2007.666667	-0.12
2007.75	0.32
2007.833333	-0.57
2007.916667	-0.01
2008	0.02
2008.083333	0.61
2008.166667	0.18
2008.25	0.61
2008.333333	0.39
2008.416667	0.55
2008.5	0.53
2008.583333	-0.12
2008.666667	-0.36
2008.75	-0.67
2008.833333	-0.05
2008.916667	0.77
2009	0.18
2009.083333	-0.16
2009.166667	0.12
2009.25	0.3
2009.333333	0.87
2009.416667	0.95
2009.5	0.84
2009.583333	0.25
2009.666667	0.11
2009.75	-0.21
2009.833333	0.07
2009.916667	0.09
2010	0.06
2010.083333	-0.19
2010.166667	-0.43
2010.25	0.18
2010.333333	1.59
2010.416667	1.42
2010.5	0.3
2010.583333	0.89
2010.666667	0.31
2010.75	-0.3
2010.833333	-0.12
2010.916667	0.32
2011	0.17
2011.083333	0.71
2011.166667	0.41
2011.25	1.13
2011.333333	1.64
2011.416667	1.22
2011.5	0.79
2011.583333	0.17
2011.666667	0.08
2011.75	-0.1
2011.833333	0.35
2011.916667	0.18
2012	0.12
2012.083333	0.27
2012.166667	0.67
2012.25	1.12
2012.333333	1.03
2012.416667	0.66
2012.5	0.1
2012.583333	0.25
2012.666667	-0.09
2012.75	-0.03
2012.833333	-0.23
2012.916667	0.33
2013	0.62
2013.083333	0.01
2013.166667	1
2013.25	1.92
2013.333333	1.47
2013.416667	1.75
2013.5	0.58
2013.583333	0.8
2013.666667	0.32
2013.75	1.26
2013.833333	0.28
2013.916667	0.64
2014	0.22
2014.083333	0.21
2014.166667	0.01
2014.25	0.75
2014.333333	1.46
2014.416667	1.72
2014.5	1.11
2014.583333	-0.06
2014.666667	0.51
2014.75	0.21
2014.833333	0.45
2014.916667	0.66
2015	0.54
2015.083333	0.1
2015.166667	1.18
2015.25	1.13
2015.333333	1.79
2015.416667	0.97
2015.5	0.17
2015.583333	-0.1
2015.666667	0.2
2015.75	-0.39
2015.833333	-0.01
2015.916667	0.09
2016	0.12
2016.083333	0.56
2016.166667	0.56
2016.25	0.81
2016.333333	1.98
2016.416667	1.72
2016.5	1.45
2016.583333	0.66
2016.666667	0.9
2016.75	1.21
2016.833333	1.11
2016.916667	0.63
2017	1.08
2017.083333	1.22
2017.166667	0.62
2017.25	0.98
2017.333333	1.4
2017.416667	0.82
2017.5	0.73
2017.583333	1.07
2017.666667	0.57
2017.75	0.12
2017.833333	-0.34
2017.916667	0.93
2018	0.74
2018.083333	0.69
2018.166667	0.65
2018.25	0.71
2018.333333	0.87
2018.416667	0.92
2018.5	0.94
2018.583333	0.15
2018.666667	-0.83
2018.75	-0.71
2018.833333	0.4
2018.916667	-0.04
2019	0.02
2019.083333	0.43
2019.166667	1.02
2019.25	0.6
2019.333333	1.34
2019.416667	1.09
2019.5	0.79
2019.583333	0.41
2019.666667	0.13
2019.75	0.16
2019.833333	0.49
2019.916667	0.38
2020	0.41
2020.083333	0.75
2020.166667	0.31
2020.25	1.18
2020.333333	1.35
2020.416667	0.99
2020.5	0.98
2020.583333	0.75
2020.666667	0.07
2020.75	-0.2
2020.833333	0.33
2020.916667	0.54
2021	0.38
2021.083333	0.65
2021.166667	0.95
2021.25	2.13
2021.333333	1.24
2021.416667	1.32
2021.5	1.32
2021.583333	0.69
2021.666667	0.39
2021.75	0.72
2021.833333	0.62
2021.916667	1.05
2022	-0.12
2022.083333	0.58
2022.166667	1.69
2022.25	0.91
2022.333333	1.76
2022.416667	1.94
2022.5	1.18
2022.583333	0.85
2022.666667	0.89
2022.75	0.98
2022.833333	1.14
2022.916667	1.17
2023	0.48
2023.083333	1.27
2023.166667	1.44
2023.25	1.74
2023.333333	2.14
2023.416667	1.74
2023.5	0.67
2023.583333	0.66
2023.666667	0.23
2023.75	0.48
2023.833333	0.14
2023.916667	0.98
2024	0.42
2024.083333	0.5
2024.166667	0.29
2024.25	1.51
2024.333333	0.61
2024.416667	2.2
2024.5	1.23
2024.583333	0.63
2024.666667	0.94
2024.75	0.54
2024.833333	0.76
2024.916667	1.34
2025	1.62
