1905.416667000	0.409789825
1905.500000000	0.425753128
1905.583333000	1.810122389
1905.666667000	-1.076660366
1905.750000000	1.031498174
1905.833333000	-3.784399291
1905.916667000	-5.222480222
1906.000000000	-4.213104938
1906.083333000	-1.471815137
1906.166667000	-4.110337053
1906.250000000	-6.995118692
1906.333333000	-9.756164802
1906.416667000	-3.044064328
1906.500000000	-1.828101025
1906.583333000	-1.643731763
1906.666667000	0.269485481
1906.750000000	3.877644021
1906.833333000	-0.838253443
1906.916667000	-0.876334374
1907.000000000	-0.06695909
1907.083333000	4.47433071
1907.166667000	2.435808794
1907.250000000	5.051027155
1907.333333000	4.689981045
1907.416667000	4.70208152
1907.500000000	-1.081955177
1907.583333000	-0.897585915
1907.666667000	-5.084368671
1907.750000000	4.323789869
1907.833333000	6.307892404
1907.916667000	5.369811474
1908.000000000	4.979186757
1908.083333000	2.520476558
1908.166667000	1.681954642
1908.250000000	-1.202826997
1908.333333000	-1.563873107
1908.416667000	-1.251772633
1908.500000000	0.86419067
1908.583333000	4.748559932
1908.666667000	0.561777176
1908.750000000	5.469935716
1908.833333000	5.254038252
1908.916667000	0.315957321
1909.000000000	-0.974667395
1909.083333000	-2.233377595
1909.166667000	-2.071899511
1909.250000000	-6.256681149
1909.333333000	-7.517727259
1909.416667000	-7.805626785
1909.500000000	-8.089663482
1909.583333000	-3.70529422
1909.666667000	-2.392076976
1909.750000000	-9.983918436
1909.833333000	-11.3998159
1909.916667000	-7.437896831
1910.000000000	-11.52852155
1910.083333000	-12.18723175
1910.166667000	-12.02575366
1910.250000000	-14.0105353
1910.333333000	-9.471581412
1910.416667000	-15.25948094
1910.500000000	-10.14351763
1910.583333000	-11.45914837
1910.666667000	-4.645931128
1910.750000000	-6.737772589
1910.833333000	-8.753670053
1910.916667000	-4.791750984
1911.000000000	-2.1823757
1911.083333000	3.8589141
1911.166667000	6.720392185
1911.250000000	2.535610546
1911.333333000	-3.525435564
1911.416667000	-2.61333509
1911.500000000	-5.097371787
1911.583333000	-3.713002525
1911.666667000	-6.599785281
1911.750000000	-12.39162674
1911.833333000	-10.80752421
1911.916667000	-5.245605136
1912.000000000	-6.836229853
1912.083333000	-9.394940052
1912.166667000	-5.933461968
1912.250000000	-6.418243607
1912.333333000	-5.479289717
1912.416667000	-4.967189243
1912.500000000	-1.851225939
1912.583333000	-7.766856678
1912.666667000	-5.553639433
1912.750000000	-2.545480894
1912.833333000	0.338621642
1912.916667000	-3.899459289
1913.000000000	-8.290084005
1913.083333000	-6.248794205
1913.166667000	-4.88731612
1913.250000000	-0.772097759
1913.333333000	0.766856131
1913.416667000	-3.521043395
1913.500000000	-1.405080092
1913.583333000	3.37928917
1913.666667000	-1.407493586
1913.750000000	3.100664954
1913.833333000	3.28476749
1913.916667000	0.546686559
1914.000000000	-5.443938157
1914.083333000	-4.902648357
1914.166667000	-2.541170273
1914.250000000	-1.825951912
1914.333333000	-1.886998022
1914.416667000	-0.074897547
1914.500000000	-0.058934244
1914.583333000	3.225435017
1914.666667000	6.938652262
1914.750000000	9.346810802
1914.833333000	7.930913337
1914.916667000	7.992832406
1915.000000000	5.10220769
1915.083333000	1.743497491
1915.166667000	-1.795024425
1915.250000000	1.620193936
1915.333333000	6.859147826
1915.416667000	0.9712483
1915.500000000	4.687211603
1915.583333000	7.271580865
1915.666667000	6.184798109
1915.750000000	2.792956649
1915.833333000	8.477059185
1915.916667000	14.83897825
1916.000000000	13.44835354
1916.083333000	12.18964334
1916.166667000	5.051121422
1916.250000000	0.566339783
1916.333333000	7.005293673
1916.416667000	9.117394148
1916.500000000	7.533357451
1916.583333000	3.817726713
1916.666667000	2.030943957
1916.750000000	2.339102497
1916.833333000	0.923205032
1916.916667000	-2.414875898
1917.000000000	-6.205500615
1917.083333000	3.535789186
1917.166667000	5.19726727
1917.250000000	-1.687514369
1917.333333000	1.051439521
1917.416667000	1.063539995
1917.500000000	3.179503298
1917.583333000	0.26387256
1917.666667000	-13.9229102
1917.750000000	-3.914751656
1917.833333000	1.06935088
1917.916667000	2.331269949
1918.000000000	-0.559354767
1918.083333000	-2.718064967
1918.166667000	4.443413117
1918.250000000	3.358631479
1918.333333000	4.797585368
1918.416667000	3.609685843
1918.500000000	0.825649146
1918.583333000	-6.289981592
1918.666667000	-3.776764348
1918.750000000	-4.368605808
1918.833333000	-8.484503273
1918.916667000	-9.722584203
1919.000000000	-7.71320892
1919.083333000	-6.571919119
1919.166667000	-3.010441035
1919.250000000	-5.395222674
1919.333333000	-4.456268784
1919.416667000	-3.54416831
1919.500000000	-3.828205007
1919.583333000	0.856164255
1919.666667000	4.3693815
1919.750000000	2.477540039
1919.833333000	1.361642575
1919.916667000	0.523561644
1920.000000000	1.832936928
1920.083333000	9.474226728
1920.166667000	8.735704813
1920.250000000	6.350923174
1920.333333000	7.889877064
1920.416667000	10.90197754
1920.500000000	10.01794084
1920.583333000	11.7023101
1920.666667000	11.81552735
1920.750000000	13.02368589
1920.833333000	15.60778842
1920.916667000	18.96970749
1921.000000000	15.17908278
1921.083333000	7.820372576
1921.166667000	5.48185066
1921.250000000	0.397069021
1921.333333000	3.436022911
1921.416667000	4.048123385
1921.500000000	10.46408669
1921.583333000	12.14845595
1921.666667000	9.861673195
1921.750000000	9.269831734
1921.833333000	7.55393427
1921.916667000	3.515853339
1922.000000000	2.525228623
1922.083333000	4.566518423
1922.166667000	0.127996508
1922.250000000	0.843214869
1922.333333000	2.082168759
1922.416667000	1.794269233
1922.500000000	2.410232536
1922.583333000	0.394601798
1922.666667000	-1.292180958
1922.750000000	2.715977582
1922.833333000	3.100080118
1922.916667000	0.961999187
1923.000000000	1.77137447
1923.083333000	3.512664271
1923.166667000	-0.625857645
1923.250000000	2.889360716
1923.333333000	0.428314606
1923.416667000	0.440415081
1923.500000000	-2.043621616
1923.583333000	3.040747645
1923.666667000	0.35396489
1923.750000000	-0.237876571
1923.833333000	-1.653774035
1923.916667000	-0.991854966
1924.000000000	0.917520318
1924.083333000	0.358810118
1924.166667000	0.820288203
1924.250000000	-0.364493436
1924.333333000	1.774460454
1924.416667000	0.286560928
1924.500000000	-2.197475769
1924.583333000	-3.813106507
1924.666667000	-0.399889263
1924.750000000	-0.091730723
1924.833333000	0.292371813
1924.916667000	-3.645709118
1925.000000000	-5.036333834
1925.083333000	-5.295044034
1925.166667000	-6.13356595
1925.250000000	-2.018347589
1925.333333000	0.720606301
1925.416667000	0.432706776
1925.500000000	1.348670079
1925.583333000	0.83303934
1925.666667000	1.546256585
1925.750000000	4.354415125
1925.833333000	3.53851766
1925.916667000	4.500436729
1926.000000000	4.309812013
1926.083333000	-0.648898186
1926.166667000	4.112579898
1926.250000000	1.127798259
1926.333333000	2.966752149
1926.416667000	-0.021147377
1926.500000000	0.894815926
1926.583333000	2.279185188
1926.666667000	4.492402432
1926.750000000	5.400560972
1926.833333000	6.384663508
1926.916667000	1.246582577
1927.000000000	-0.744042139
1927.083333000	-0.402752339
1927.166667000	-4.541274255
1927.250000000	-5.726055894
1927.333333000	0.712897996
1927.416667000	-4.475001529
1927.500000000	-4.459038226
1927.583333000	-4.574668964
1927.666667000	-3.56145172
1927.750000000	-4.45329318
1927.833333000	-4.669190645
1927.916667000	-0.107271575
1928.000000000	2.802103708
1928.083333000	2.443393509
1928.166667000	-4.695128407
1928.250000000	-0.679910046
1928.333333000	-0.340956156
1928.416667000	-2.528855682
1928.500000000	0.587107621
1928.583333000	4.671476883
1928.666667000	6.284694128
1928.750000000	2.692852667
1928.833333000	-4.823044797
1928.916667000	-9.761125728
1929.000000000	-10.45175044
1929.083333000	-8.110460644
1929.166667000	-10.64898256
1929.250000000	-10.2337642
1929.333333000	-10.29481031
1929.416667000	-2.082709834
1929.500000000	-3.266746531
1929.583333000	-7.682377269
1929.666667000	-8.769160025
1929.750000000	-5.161001485
1929.833333000	-2.57689895
1929.916667000	-1.01497988
1930.000000000	-2.405604597
1930.083333000	-3.664314796
1930.166667000	-1.402836712
1930.250000000	-0.387618351
1930.333333000	1.451335539
1930.416667000	1.463436013
1930.500000000	-1.920600683
1930.583333000	-2.636231422
1930.666667000	-6.223014177
1930.750000000	-1.014855638
1930.833333000	1.869246898
1930.916667000	5.231165967
1931.000000000	0.540541251
1931.083333000	5.681831051
1931.166667000	1.243309136
1931.250000000	0.958527497
1931.333333000	-2.602518613
1931.416667000	2.209581861
1931.500000000	-0.574454836
1931.583333000	4.509914426
1931.666667000	3.42313167
1931.750000000	4.33129021
1931.833333000	1.415392745
1931.916667000	0.177311815
1932.000000000	-2.713312902
1932.083333000	-3.372023101
1932.166667000	2.589454983
1932.250000000	3.004673344
1932.333333000	0.843627234
1932.416667000	-4.344272292
1932.500000000	-4.328308988
1932.583333000	1.956060273
1932.666667000	-0.730722482
1932.750000000	0.477436057
1932.833333000	0.961538593
1932.916667000	-1.776542338
1933.000000000	0.832832946
1933.083333000	1.974122746
1933.166667000	2.435600831
1933.250000000	6.150819192
1933.333333000	4.689773082
1933.416667000	-1.398126444
1933.500000000	-1.782163141
1933.583333000	-0.997793879
1933.666667000	4.015423365
1933.750000000	3.423581905
1933.833333000	0.207684441
1933.916667000	-2.23039649
1934.000000000	-5.421021206
1934.083333000	-3.979731406
1934.166667000	-1.418253322
1934.250000000	-1.003034961
1934.333333000	0.835918929
1934.416667000	0.848019404
1934.500000000	-3.136017293
1934.583333000	-0.851648032
1934.666667000	-1.038430787
1934.750000000	-4.030272247
1934.833333000	-6.346169712
1934.916667000	-9.384250643
1935.000000000	-9.574875359
1935.083333000	-4.133585558
1935.166667000	-4.572107474
1935.250000000	-3.256889113
1935.333333000	-7.517935223
1935.416667000	-3.605834749
1935.500000000	-4.189871446
1935.583333000	-0.005502184
1935.666667000	6.80771506
1935.750000000	4.9158736
1935.833333000	-0.100023864
1935.916667000	-3.438104795
1936.000000000	1.871270489
1936.083333000	2.412560289
1936.166667000	4.074038373
1936.250000000	1.789256734
1936.333333000	0.528210624
1936.416667000	1.740311099
1936.500000000	4.456274402
1936.583333000	-1.759356336
1936.666667000	4.453860908
1936.750000000	3.562019448
1936.833333000	-0.253878017
1936.916667000	-1.191958947
1937.000000000	2.017416336
1937.083333000	-0.141293863
1937.166667000	-1.879815779
1937.250000000	2.235402582
1937.333333000	2.174356472
1937.416667000	1.586456946
1937.500000000	-1.797579751
1937.583333000	-6.713210489
1937.666667000	1.600006755
1937.750000000	-1.491834705
1937.833333000	-4.707732169
1937.916667000	-5.0458131
1938.000000000	-3.636437816
1938.083333000	-2.495148016
1938.166667000	3.166330068
1938.250000000	-1.91845157
1938.333333000	-3.079497681
1938.416667000	-3.767397206
1938.500000000	-0.051433903
1938.583333000	-0.467064641
1938.666667000	0.546152603
1938.750000000	1.154311143
1938.833333000	0.338413678
1938.916667000	-1.799667252
1939.000000000	-3.190291969
1939.083333000	2.850997832
1939.166667000	0.312475916
1939.250000000	-3.872305723
1939.333333000	-8.133351833
1939.416667000	-7.821251359
1939.500000000	-3.905288055
1939.583333000	1.779081206
1939.666667000	4.292298451
1939.750000000	3.70045699
1939.833333000	-2.315440474
1939.916667000	2.346478595
1940.000000000	-0.844146121
1940.083333000	-5.802856321
1940.166667000	-7.741378236
1940.250000000	-1.926159875
1940.333333000	0.812794015
1940.416667000	8.424894489
1940.500000000	6.940857792
1940.583333000	7.125227054
1940.666667000	1.138444298
1940.750000000	1.146602838
1940.833333000	5.830705373
1940.916667000	10.99262444
1941.000000000	8.701999726
1941.083333000	3.843289527
1941.166667000	6.704767611
1941.250000000	7.119985972
1941.333333000	4.658939862
1941.416667000	4.071040336
1941.500000000	4.68700364
1941.583333000	4.471372901
1941.666667000	4.284590146
1941.750000000	8.292748685
1941.833333000	5.976851221
1941.916667000	-2.86122971
1942.000000000	2.148145574
1942.083333000	1.489435374
1942.166667000	-2.249086541
1942.250000000	3.26613182
1942.333333000	3.30508571
1942.416667000	6.917186184
1942.500000000	9.033149487
1942.583333000	2.817518749
1942.666667000	0.530735993
1942.750000000	-2.561105467
1942.833333000	-3.377002931
1942.916667000	-2.415083862
1943.000000000	-1.305708578
1943.083333000	0.735581222
1943.166667000	8.197059306
1943.250000000	5.512277667
1943.333333000	7.051231557
1943.416667000	4.363332032
1943.500000000	3.379295335
1943.583333000	16.3636646
1943.666667000	8.876881841
1943.750000000	2.785040381
1943.833333000	1.069142916
1943.916667000	3.831061985
1944.000000000	12.24043727
1944.083333000	11.88172707
1944.166667000	9.843205154
1944.250000000	8.758423515
1944.333333000	8.497377405
1944.416667000	6.009477879
1944.500000000	9.925441182
1944.583333000	10.70981044
1944.666667000	3.223027688
1944.750000000	-0.068813772
1944.833333000	3.615288764
1944.916667000	5.477207833
1945.000000000	1.086583117
1945.083333000	-0.472127083
1945.166667000	1.189351001
1945.250000000	0.104569362
1945.333333000	-0.256476748
1945.416667000	4.055623727
1945.500000000	4.67158703
1945.583333000	-0.344043709
1945.666667000	1.269173536
1945.750000000	1.277332076
1945.833333000	-2.238565389
1945.916667000	-3.476646319
1946.000000000	-7.267271036
1946.083333000	-3.725981235
1946.166667000	-0.764503151
1946.250000000	1.45071521
1946.333333000	3.8896691
1946.416667000	2.001769574
1946.500000000	4.217732877
1946.583333000	1.902102139
1946.666667000	2.315319383
1946.750000000	-0.676522077
1946.833333000	1.807580459
1946.916667000	0.569499528
1947.000000000	0.778874812
1947.083333000	1.320164612
1947.166667000	-1.218357304
1947.250000000	-0.203138942
1947.333333000	4.635814947
1947.416667000	-0.852084578
1947.500000000	-3.036121275
1947.583333000	-0.951752013
1947.666667000	-3.338534769
1947.750000000	-2.430376229
1947.833333000	1.053726306
1947.916667000	4.415645376
1948.000000000	4.625020659
1948.083333000	1.46631046
1948.166667000	9.627788544
1948.250000000	2.343006905
1948.333333000	0.481960795
1948.416667000	2.394061269
1948.500000000	-0.689975428
1948.583333000	-3.605606166
1948.666667000	-5.592388921
1948.750000000	-7.384230382
1948.833333000	-2.700127846
1948.916667000	-3.938208777
1949.000000000	-5.028833493
1949.083333000	-4.187543693
1949.166667000	0.273934391
1949.250000000	4.589152753
1949.333333000	4.328106643
1949.416667000	11.94020712
1949.500000000	6.15617042
1949.583333000	5.140539682
1949.666667000	1.553756926
1949.750000000	3.961915466
1949.833333000	-1.053981999
1949.916667000	-3.192062929
1950.000000000	-3.082687646
1950.083333000	-5.241397845
1950.166667000	-4.479919761
1950.250000000	-4.3647014
1950.333333000	-5.52574751
1950.416667000	-1.013647036
1950.500000000	-0.097683732
1950.583333000	0.086685529
1950.666667000	1.999902774
1950.750000000	1.108061313
1950.833333000	-1.807836151
1950.916667000	-0.945917082
1951.000000000	0.463458202
1951.083333000	0.404748002
1951.166667000	0.266226087
1951.250000000	1.881444448
1951.333333000	5.220398338
1951.416667000	-4.167501188
1951.500000000	-1.451537885
1951.583333000	-0.067168623
1951.666667000	-4.553951379
1951.750000000	-0.245792839
1951.833333000	0.438309697
1951.916667000	-0.499771234
1952.000000000	3.009604049
1952.083333000	3.05089385
1952.166667000	4.712371934
1952.250000000	2.327590295
1952.333333000	-2.533455815
1952.416667000	-2.821355341
1952.500000000	3.294607963
1952.583333000	4.378977224
1952.666667000	2.892194469
1952.750000000	2.000353008
1952.833333000	-1.515544456
1952.916667000	-1.253625387
1953.000000000	0.455749897
1953.083333000	0.097039697
1953.166667000	0.258517782
1953.250000000	2.773736143
1953.333333000	1.012690033
1953.416667000	-2.375209493
1953.500000000	-1.15924619
1953.583333000	-3.474876928
1953.666667000	-3.061659684
1953.750000000	0.646498856
1953.833333000	-2.869398608
1953.916667000	1.092520461
1954.000000000	6.101895745
1954.083333000	-0.956814455
1954.166667000	-1.395336371
1954.250000000	-0.68011801
1954.333333000	1.45883588
1954.416667000	1.470936355
1954.500000000	3.886899658
1954.583333000	-1.128731081
1954.666667000	1.384486164
1954.750000000	-0.107355296
1954.833333000	-4.923252761
1954.916667000	-2.761333692
1955.000000000	1.048041592
1955.083333000	2.589331393
1955.166667000	2.750809477
1955.250000000	2.766027838
1955.333333000	2.504981728
1955.416667000	-5.782917798
1955.500000000	0.033045505
1955.583333000	-1.882585233
1955.666667000	-7.869367989
1955.750000000	-7.861209449
1955.833333000	-17.87710691
1955.916667000	-15.11518784
1956.000000000	-8.20581256
1956.083333000	-4.26452276
1956.166667000	-1.403044676
1956.250000000	-1.587826315
1956.333333000	-9.248872425
1956.416667000	-8.33677195
1956.500000000	-6.820808647
1956.583333000	-6.336439385
1956.666667000	-2.923222141
1956.750000000	-1.915063601
1956.833333000	-3.030961066
1956.916667000	-6.069041996
1957.000000000	-5.659666713
1957.083333000	-2.618376912
1957.166667000	-1.856898828
1957.250000000	2.458319533
1957.333333000	2.797273423
1957.416667000	3.409373897
1957.500000000	4.6253372
1957.583333000	1.409706462
1957.666667000	-0.277076293
1957.750000000	-1.168917754
1957.833333000	-0.784815218
1957.916667000	-0.422896149
1958.000000000	0.286479135
1958.083333000	-3.672231065
1958.166667000	-6.910752981
1958.250000000	-4.395534619
1958.333333000	-6.156580729
1958.416667000	-8.644480255
1958.500000000	-1.028516952
1958.583333000	1.25585231
1958.666667000	-4.730930446
1958.750000000	-1.022771906
1958.833333000	-2.438669371
1958.916667000	3.623249699
1959.000000000	1.932624982
1959.083333000	3.773914783
1959.166667000	9.435392867
1959.250000000	10.15061123
1959.333333000	8.889565118
1959.416667000	8.601665592
1959.500000000	6.417628896
1959.583333000	6.301998157
1959.666667000	7.915215402
1959.750000000	10.42337394
1959.833333000	11.10747648
1959.916667000	6.869395546
1960.000000000	12.17877083
1960.083333000	8.22006063
1960.166667000	2.881538715
1960.250000000	1.696757076
1960.333333000	3.235710966
1960.416667000	-1.05218856
1960.500000000	0.163774743
1960.583333000	-0.851855995
1960.666667000	-4.138638751
1960.750000000	-5.630480211
1960.833333000	-3.646377676
1960.916667000	-6.084458606
1961.000000000	-7.475083323
1961.083333000	-6.933793522
1961.166667000	-2.772315438
1961.250000000	-1.457097077
1961.333333000	1.281856813
1961.416667000	2.193957287
1961.500000000	-0.890079409
1961.583333000	-1.005710148
1961.666667000	4.307507097
1961.750000000	-0.884334364
1961.833333000	8.999768172
1961.916667000	10.76168724
1962.000000000	8.871062525
1962.083333000	10.01235233
1962.166667000	7.07383041
1962.250000000	-3.410951229
1962.333333000	-4.371997339
1962.416667000	9.040103135
1962.500000000	8.456066438
1962.583333000	4.9404357
1962.666667000	2.253652944
1962.750000000	4.461811484
1962.833333000	4.84591402
1962.916667000	3.307833089
1963.000000000	-2.282791627
1963.083333000	-2.041501827
1963.166667000	-4.880023743
1963.250000000	-0.264805382
1963.333333000	4.274148508
1963.416667000	4.586248983
1963.500000000	1.902212286
1963.583333000	1.386581547
1963.666667000	-0.600201208
1963.750000000	3.707957332
1963.833333000	2.292059867
1963.916667000	-1.646021064
1964.000000000	5.16335422
1964.083333000	4.204644021
1964.166667000	2.866122105
1964.250000000	1.981340466
1964.333333000	1.420294356
1964.416667000	-5.26760517
1964.500000000	-4.351641867
1964.583333000	0.032727395
1964.666667000	1.345944639
1964.750000000	0.454103179
1964.833333000	-0.361794285
1964.916667000	7.300124784
1965.000000000	2.309500068
1965.083333000	1.350789868
1965.166667000	-3.387732048
1965.250000000	-1.172513687
1965.333333000	2.466440203
1965.416667000	0.378540678
1965.500000000	-3.605496019
1965.583333000	0.178873243
1965.666667000	-7.007909513
1965.750000000	-5.499750973
1965.833333000	-6.015648438
1965.916667000	0.446270632
1966.000000000	-3.944354085
1966.083333000	-3.403064284
1966.166667000	0.7584138
1966.250000000	6.573632161
1966.333333000	2.912586051
1966.416667000	0.224686525
1966.500000000	0.840649828
1966.583333000	0.62501909
1966.666667000	-1.361763666
1966.750000000	-4.753605126
1966.833333000	-3.66950259
1966.916667000	0.292416479
1967.000000000	3.501791763
1967.083333000	-0.556918437
1967.166667000	-1.295440353
1967.250000000	1.519778009
1967.333333000	-0.841268102
1967.416667000	-2.129167627
1967.500000000	0.386795676
1967.583333000	-4.028835062
1967.666667000	-7.915617818
1967.750000000	-10.30745928
1967.833333000	-8.723356743
1967.916667000	-10.26143767
1968.000000000	-6.15206239
1968.083333000	-2.510772589
1968.166667000	-0.249294505
1968.250000000	1.665923856
1968.333333000	2.604877746
1968.416667000	3.51697822
1968.500000000	3.532941523
1968.583333000	-2.082689215
1968.666667000	-8.66947197
1968.750000000	-6.861313431
1968.833333000	-2.777210895
1968.916667000	2.984708174
1969.000000000	7.794083458
1969.083333000	5.235373258
1969.166667000	5.096851343
1969.250000000	6.112069704
1969.333333000	7.051023594
1969.416667000	9.763124068
1969.500000000	4.879087371
1969.583333000	6.263456633
1969.666667000	-0.023326123
1969.750000000	5.184832417
1969.833333000	6.868934952
1969.916667000	4.730854022
1970.000000000	-2.459770695
1970.083333000	2.381519106
1970.166667000	1.04299719
1970.250000000	-0.441784449
1970.333333000	-3.502830559
1970.416667000	0.509269915
1970.500000000	-0.774766781
1970.583333000	-5.39039752
1970.666667000	-7.177180275
1970.750000000	-5.369021736
1970.833333000	-5.7849192
1970.916667000	-6.123000131
1971.000000000	-5.013624847
1971.083333000	0.127664953
1971.166667000	-2.810856962
1971.250000000	-0.595638601
1971.333333000	-4.256684711
1971.416667000	-2.444584237
1971.500000000	-8.228620934
1971.583333000	-6.244251672
1971.666667000	-6.131034428
1971.750000000	-4.522875888
1971.833333000	-0.838773352
1971.916667000	1.623145717
1972.000000000	-0.967479
1972.083333000	-6.426189199
1972.166667000	-7.264711115
1972.250000000	-4.049492754
1972.333333000	-4.410538864
1972.416667000	-4.398438389
1972.500000000	-2.582475086
1972.583333000	-0.598105825
1972.666667000	-4.98488858
1972.750000000	-6.276730041
1972.833333000	-7.392627505
1972.916667000	-3.730708436
1973.000000000	-0.821333152
1973.083333000	-0.480043352
1973.166667000	-3.718565267
1973.250000000	-8.503346906
1973.333333000	-4.864393016
1973.416667000	-8.852292542
1973.500000000	-0.936329239
1973.583333000	-3.151959977
1973.666667000	3.961257267
1973.750000000	0.969415807
1973.833333000	-2.946481657
1973.916667000	0.415437412
1974.000000000	-0.075187304
1974.083333000	-0.333897504
1974.166667000	-0.47241942
1974.250000000	2.642798941
1974.333333000	3.281752831
1974.416667000	9.293853306
1974.500000000	5.009816609
1974.583333000	3.09418587
1974.666667000	1.707403115
1974.750000000	5.615561655
1974.833333000	2.39966419
1974.916667000	0.86158326
1975.000000000	11.37095854
1975.083333000	6.512248344
1975.166667000	2.973726428
1975.250000000	3.688944789
1975.333333000	0.627898679
1975.416667000	-0.560000847
1975.500000000	-1.544037544
1975.583333000	-1.059668282
1975.666667000	-0.646451038
1975.750000000	-2.138292498
1975.833333000	-3.254189962
1975.916667000	-5.992270893
1976.000000000	-5.182895609
1976.083333000	-7.041605809
1976.166667000	-8.180127725
1976.250000000	-6.564909363
1976.333333000	-5.625955474
1976.416667000	-1.013854999
1976.500000000	-6.197891696
1976.583333000	-6.313522434
1976.666667000	-4.40030519
1976.750000000	-2.89214665
1976.833333000	-2.508044115
1976.916667000	-4.346125045
1977.000000000	-1.136749762
1977.083333000	2.204540039
1977.166667000	-0.033981877
1977.250000000	3.081236484
1977.333333000	1.520190374
1977.416667000	4.632290848
1977.500000000	-4.551745849
1977.583333000	-8.367376587
1977.666667000	-3.954159342
1977.750000000	-4.546000803
1977.833333000	-0.761898267
1977.916667000	-0.199979198
1978.000000000	3.009396086
1978.083333000	-0.349314114
1978.166667000	-0.48783603
1978.250000000	4.127382332
1978.333333000	7.466336222
1978.416667000	1.978436696
1978.500000000	4.394399999
1978.583333000	1.278769261
1978.666667000	7.791986505
1978.750000000	6.200145045
1978.833333000	-2.51575242
1978.916667000	7.84616665
1979.000000000	-2.044458067
1979.083333000	-4.503168266
1979.166667000	3.858309818
1979.250000000	3.073528179
1979.333333000	-1.787517931
1979.416667000	-1.775417457
1979.500000000	-5.759454153
1979.583333000	-1.675084892
1979.666667000	2.738132353
1979.750000000	4.846290892
1979.833333000	-0.169606572
1979.916667000	-1.407687503
1980.000000000	-0.598312219
1980.083333000	-0.957022419
1980.166667000	1.904455666
1980.250000000	-1.080325973
1980.333333000	1.358627917
1980.416667000	8.970728391
1980.500000000	8.386691694
1980.583333000	3.071060956
1980.666667000	1.6842782
1980.750000000	0.79243674
1980.833333000	2.076539275
1980.916667000	6.338458345
1981.000000000	2.247833628
1981.083333000	-1.110876571
1981.166667000	-0.049398487
1981.250000000	3.365819874
1981.333333000	7.604773764
1981.416667000	4.316874238
1981.500000000	8.232837542
1981.583333000	4.717206803
1981.666667000	10.33042405
1981.750000000	2.438582587
1981.833333000	1.622685123
1981.916667000	6.484604192
1982.000000000	9.093979476
1982.083333000	13.33526928
1982.166667000	9.796747361
1982.250000000	1.711965722
1982.333333000	3.250919612
1982.416667000	1.363020086
1982.500000000	2.278983389
1982.583333000	-0.836647349
1982.666667000	-5.023430105
1982.750000000	-4.715271565
1982.833333000	-3.731169029
1982.916667000	-4.26924996
1983.000000000	-5.659874676
1983.083333000	-5.718584876
1983.166667000	-3.457106792
1983.250000000	-0.641888431
1983.333333000	-0.902934541
1983.416667000	3.709165934
1983.500000000	5.525129237
1983.583333000	3.209498498
1983.666667000	0.622715743
1983.750000000	0.030874283
1983.833333000	-0.785023182
1983.916667000	-0.223104113
1984.000000000	0.286271171
1984.083333000	-4.372439028
1984.166667000	-4.810960944
1984.250000000	-8.995742583
1984.333333000	-9.256788693
1984.416667000	-6.844688219
1984.500000000	-2.628724916
1984.583333000	-3.044355654
1984.666667000	-2.63113841
1984.750000000	2.57702013
1984.833333000	5.461122666
1984.916667000	4.523041735
1985.000000000	5.932417019
1985.083333000	7.073706819
1985.166667000	9.035184903
1985.250000000	9.150403264
1985.333333000	10.08935715
1985.416667000	9.801457629
1985.500000000	7.917420932
1985.583333000	-1.998209806
1985.666667000	-3.384992562
1985.750000000	-3.076834022
1985.833333000	4.707268513
1985.916667000	0.969187583
1986.000000000	-0.321437134
1986.083333000	-0.380147333
1986.166667000	0.381330751
1986.250000000	-3.203450888
1986.333333000	-7.764496998
1986.416667000	-5.652396524
1986.500000000	-1.336433221
1986.583333000	-2.452063959
1986.666667000	-6.238846715
1986.750000000	-7.830688175
1986.833333000	-7.646585639
1986.916667000	-10.38466657
1987.000000000	-7.475291286
1987.083333000	-7.834001486
1987.166667000	-8.572523402
1987.250000000	-2.15730504
1987.333333000	-6.71835115
1987.416667000	-3.306250676
1987.500000000	-1.190287373
1987.583333000	-1.005918111
1987.666667000	-2.792700867
1987.750000000	-3.984542327
1987.833333000	-4.200439792
1987.916667000	-9.038520722
1988.000000000	-5.829145439
1988.083333000	-8.587855638
1988.166667000	-9.726377554
1988.250000000	1.388840807
1988.333333000	6.527794697
1988.416667000	3.839895171
1988.500000000	12.05585847
1988.583333000	7.040227736
1988.666667000	8.653444981
1988.750000000	9.86160352
1988.833333000	6.045706056
1988.916667000	6.907625125
1989.000000000	4.017000409
1989.083333000	2.458290209
1989.166667000	1.119768294
1989.250000000	0.634986655
1989.333333000	2.173940545
1989.416667000	-0.513958981
1989.500000000	1.402004322
1989.583333000	2.186373584
1989.666667000	-0.100409172
1989.750000000	-3.092250632
1989.833333000	0.491851903
1989.916667000	-2.246229027
1990.000000000	-7.136853744
1990.083333000	-1.695563943
1990.166667000	-5.234085859
1990.250000000	-3.318867498
1990.333333000	-5.179913608
1990.416667000	-4.667813134
1990.500000000	-15.75184983
1990.583333000	-11.96748057
1990.666667000	-8.254263324
1990.750000000	-8.246104785
1990.833333000	-6.662002249
1990.916667000	-8.40008318
1991.000000000	-7.290707896
1991.083333000	-3.849418096
1991.166667000	-2.387940011
1991.250000000	-2.47272165
1991.333333000	-7.33376776
1991.416667000	-2.421667286
1991.500000000	-1.805703983
1991.583333000	-5.621334721
1991.666667000	-4.908117477
1991.750000000	-5.499958937
1991.833333000	-4.815856401
1991.916667000	-0.253937332
1992.000000000	1.155437952
1992.083333000	-3.403272248
1992.166667000	-5.441794164
1992.250000000	3.773424197
1992.333333000	-0.487621913
1992.416667000	-1.675521438
1992.500000000	1.940441865
1992.583333000	5.824811126
1992.666667000	3.138028371
1992.750000000	-3.253813089
1992.833333000	-0.069710554
1992.916667000	-2.807791485
1993.000000000	-1.998416201
1993.083333000	3.7428736
1993.166667000	-0.095648316
1993.250000000	6.119570045
1993.333333000	6.758523935
1993.416667000	2.770624409
1993.500000000	0.886587712
1993.583333000	5.370956974
1993.666667000	4.584174218
1993.750000000	4.292332758
1993.833333000	3.176435294
1993.916667000	-1.461645637
1994.000000000	-2.752270353
1994.083333000	-5.010980553
1994.166667000	-1.749502469
1994.250000000	-7.134284108
1994.333333000	-8.095330218
1994.416667000	-4.683229743
1994.500000000	-5.06726644
1994.583333000	-7.882897178
1994.666667000	-3.269679934
1994.750000000	-1.361521394
1994.833333000	-1.277418859
1994.916667000	4.784500211
1995.000000000	2.793875494
1995.083333000	0.635165295
1995.166667000	2.996643379
1995.250000000	-1.18813826
1995.333333000	-1.54918437
1995.416667000	-0.637083896
1995.500000000	0.578879407
1995.583333000	9.263248669
1995.666667000	12.17646591
1995.750000000	1.184624453
1995.833333000	6.468726989
1995.916667000	9.530646058
1996.000000000	-1.259978658
1996.083333000	1.081311142
1996.166667000	3.442789226
1996.250000000	5.958007588
1996.333333000	10.19696148
1996.416667000	4.409061952
1996.500000000	-1.274974745
1996.583333000	-0.290605483
1996.666667000	3.622611761
1996.750000000	1.930770301
1996.833333000	-1.785127164
1996.916667000	6.676791906
1997.000000000	3.086167189
1997.083333000	3.82745699
1997.166667000	7.088935074
1997.250000000	6.704153435
1997.333333000	0.543107325
1997.416667000	-0.444792201
1997.500000000	3.371171102
1997.583333000	4.155540364
1997.666667000	6.068757609
1997.750000000	5.676916148
1997.833333000	0.861018684
1997.916667000	1.822937753
1998.000000000	0.832313037
1998.083333000	2.373602837
1998.166667000	-0.164919078
1998.250000000	-5.649700717
1998.333333000	-4.310746827
1998.416667000	-5.098646353
1998.500000000	-8.88268305
1998.583333000	-2.998313788
1998.666667000	-3.185096544
1998.750000000	-3.976938004
1998.833333000	-6.892835469
1998.916667000	-11.6309164
1999.000000000	-4.021541116
1999.083333000	-1.480251315
1999.166667000	-9.118773231
1999.250000000	-6.20355487
1999.333333000	-7.86460098
1999.416667000	-2.152500506
1999.500000000	-2.636537202
1999.583333000	-1.952167941
1999.666667000	-2.838950696
1999.750000000	-4.230792157
1999.833333000	-0.646689621
1999.916667000	-2.184770552
2000.000000000	-1.475395268
2000.083333000	4.165894532
2000.166667000	1.527372617
2000.250000000	1.042590978
2000.333333000	-0.718455132
2000.416667000	-4.506354658
2000.500000000	-6.990391355
2000.583333000	-3.406022093
2000.666667000	-2.292804849
2000.750000000	-0.084646309
2000.833333000	0.199456227
2000.916667000	-2.038624704
2001.000000000	-6.729249421
2001.083333000	-6.18795962
2001.166667000	-8.426481536
2001.250000000	-9.611263175
2001.333333000	-4.272309285
2001.416667000	-4.66020881
2001.500000000	-1.044245507
2001.583333000	-5.859876246
2001.666667000	-2.646659001
2001.750000000	-1.138500462
2001.833333000	-1.954397926
2001.916667000	0.107521143
2002.000000000	-1.883103573
2002.083333000	-2.641813773
2002.166667000	-8.280335688
2002.250000000	-4.565117327
2002.333333000	-3.426163437
2002.416667000	-1.514062963
2002.500000000	-8.49809966
2002.583333000	-4.713730398
2002.666667000	-1.600513154
2002.750000000	-3.592354614
2002.833333000	-2.408252078
2002.916667000	-5.246333009
2003.000000000	-10.63695773
2003.083333000	-0.895667925
2003.166667000	0.565810159
2003.250000000	-3.21897148
2003.333333000	-4.68001759
2003.416667000	-1.267917115
2003.500000000	-6.751953812
2003.583333000	2.632415449
2003.666667000	0.845632694
2003.750000000	5.653791234
2003.833333000	9.937893769
2003.916667000	3.999812838
2004.000000000	6.009188122
2004.083333000	12.35047792
2004.166667000	8.911956007
2004.250000000	1.027174368
2004.333333000	-4.133871742
2004.416667000	-0.721771268
2004.500000000	4.994192035
2004.583333000	-0.421438703
2004.666667000	1.491778541
2004.750000000	11.69993708
2004.833333000	7.184039617
2004.916667000	-0.154041314
2005.000000000	-1.94466603
2005.083333000	1.79662377
2005.166667000	4.758101854
2005.250000000	5.573320215
2005.333333000	3.412274105
2005.416667000	2.12437458
2005.500000000	4.740337883
2005.583333000	3.924707145
2005.666667000	-0.962075611
2005.750000000	4.546082929
2005.833333000	1.430185464
2005.916667000	-3.407895466
2006.000000000	-3.798520183
2006.083333000	1.042769618
2006.166667000	-5.495752298
2006.250000000	-4.980533937
2006.333333000	0.158419953
2006.416667000	4.470520427
2006.500000000	-0.31351627
2006.583333000	3.170852992
2006.666667000	1.884070237
2006.750000000	-2.107771224
2006.833333000	2.076331312
2006.916667000	5.738250381
2007.000000000	8.147625665
2007.083333000	1.088915465
2007.166667000	2.950393549
2007.250000000	6.065611911
2007.333333000	-0.895434199
2007.416667000	0.116666275
2007.500000000	-3.467370422
2007.583333000	0.71699884
2007.666667000	-3.869783916
2007.750000000	-1.661625376
2007.833333000	-1.077522841
2007.916667000	0.784396229
2008.000000000	2.093771512
2008.083333000	-4.864938687
2008.166667000	-7.103460603
2008.250000000	1.311757758
2008.333333000	2.350711648
2008.416667000	-3.437187878
2008.500000000	-1.221224574
2008.583333000	-2.436855313
2008.666667000	-3.623638068
2008.750000000	0.184520471
2008.833333000	3.268623007
2008.916667000	3.630542076
2009.000000000	4.73991736
2009.083333000	0.08120716
2009.166667000	-3.657314755
2009.250000000	-2.742096394
2009.333333000	-1.803142504
2009.416667000	-4.59104203
2009.500000000	-7.275078727
2009.583333000	-5.890709465
2009.666667000	-7.177492221
2009.750000000	-8.469333681
2009.833333000	-6.385231146
2009.916667000	-2.623312076
2010.000000000	-0.413936793
2010.083333000	-2.672646992
2010.166667000	-5.011168908
2010.250000000	-8.695950547
2010.333333000	-6.256996657
2010.416667000	-6.144896183
2010.500000000	-10.02893288
2010.583333000	-8.244563618
2010.666667000	-8.431346373
2010.750000000	-5.123187834
2010.833333000	-2.739085298
2010.916667000	2.722833771
2011.000000000	-0.367790945
2011.083333000	0.273498855
2011.166667000	-0.76502306
2011.250000000	-2.749804699
2011.333333000	1.489149191
2011.416667000	-0.498750335
2011.500000000	-4.182787032
2011.583333000	-5.89841777
2011.666667000	-0.385200526
2011.750000000	-2.377041986
2011.833333000	-1.79293945
2011.916667000	0.968979619
2012.000000000	-1.721645097
2012.083333000	-5.780355297
2012.166667000	-6.118877213
2012.250000000	-6.903658852
2012.333333000	-10.56470496
2012.416667000	-8.252604487
2012.500000000	-4.836641184
2012.583333000	-1.552271923
2012.666667000	-0.239054678
2012.750000000	-1.530896138
2012.833333000	-3.146793603
2012.916667000	-6.184874534
2013.000000000	-9.07549925
2013.083333000	-4.734209449
2013.166667000	-4.972731365
2013.250000000	0.442486996
2013.333333000	0.981440886
2013.416667000	-3.40645864
2013.500000000	-3.790495337
2013.583333000	-2.406126075
2013.666667000	-8.392908831
2013.750000000	-2.084750291
2013.833333000	1.299352245
2013.916667000	-1.538728686
2014.000000000	-3.429353402
2014.083333000	-0.488063602
2014.166667000	0.973414482
2014.250000000	-2.011367157
2014.333333000	-4.072413267
2014.416667000	-2.660312792
2014.500000000	-3.544349489
2014.583333000	-3.359980227
2014.666667000	-4.146762983
2014.750000000	-6.238604443
2014.833333000	4.945498092
2014.916667000	-0.192582838
2015.000000000	1.416792445
2015.083333000	6.658082246
2015.166667000	3.31956033
2015.250000000	-2.265221309
2015.333333000	-1.826267419
2015.416667000	-4.814166945
2015.500000000	3.201796358
2015.583333000	1.58616562
2015.666667000	1.699382864
2015.750000000	4.507541404
2015.833333000	2.99164394
2015.916667000	-5.846436991
2016.000000000	-5.337061707
2016.083333000	-3.095771907
2016.166667000	-1.034293823
2016.250000000	-3.619075461
2016.333333000	-2.180121572
2016.416667000	3.131978903
2016.500000000	5.647942206
2016.583333000	-1.167688532
2016.666667000	6.145528712
2016.750000000	5.853687252
2016.833333000	6.737789787
2016.916667000	4.399708857
2017.000000000	2.10908414
2017.083333000	5.750373941
2017.166667000	6.111852025
2017.250000000	2.327070386
2017.333333000	3.366024276
2017.416667000	0.77812475
2017.500000000	5.594088054
2017.583333000	7.978457315
2017.666667000	15.89167456
2017.750000000	15.0998331
2017.833333000	7.883935635
2017.916667000	4.645854704
2018.000000000	15.05522999
2018.083333000	7.796519788
2018.166667000	5.757997873
2018.250000000	5.373216234
2018.333333000	6.112170124
2018.416667000	6.324270598
2018.500000000	1.740233901
2018.583333000	-0.075396837
2018.666667000	0.437820407
2018.750000000	-1.254021053
2018.833333000	2.830081482
2018.916667000	3.492000552
2019.000000000	5.601375835
2019.083333000	4.042665636
2019.166667000	1.80414372
2019.250000000	-1.680637919
2019.333333000	-3.541684029
2019.416667000	-0.329583555
2019.500000000	-4.313620251
2019.583333000	-4.42925099
2019.666667000	0.383966255
2019.750000000	2.992124794
2019.833333000	-2.12377267
2019.916667000	4.738146399
2020.000000000	7.247521683
2020.083333000	1.888811483
2020.166667000	4.650289568
2020.250000000	8.265507929
2020.333333000	12.30446182
2020.416667000	3.716562293
2020.500000000	-0.367474404
2020.583333000	5.216894858
2020.666667000	6.930112102
2020.750000000	9.038270642
2020.833333000	13.42237318
2020.916667000	16.28429225
2021.000000000	11.19366753
2021.083333000	10.93495733
2021.166667000	12.69643542
2021.250000000	10.21165378
2021.333333000	9.250607666
2021.416667000	6.262708141
2021.500000000	8.178671444
2021.583333000	5.063040705
2021.666667000	2.87625795
2021.750000000	2.484416489
2021.833333000	3.768519025
2021.916667000	-1.069561906
2022.000000000	2.939813378
2022.083333000	-1.418896822
2022.166667000	-3.657418737
2022.250000000	-1.642200376
2022.333333000	0.996753514
2022.416667000	-0.191146012
2022.500000000	0.924817291
2022.583333000	-1.190813447
2022.666667000	1.022403797
2022.750000000	1.230562337
2022.833333000	-2.485335127
2022.916667000	-4.323416058
2023.000000000	-3.214040774
2023.083333000	-0.472750974
2023.166667000	0.38872711
2023.250000000	-4.696054529
2023.333333000	-2.557100639
2023.416667000	-2.545000164
2023.500000000	-4.629036861
2023.583333000	-4.4446676
2023.666667000	-4.531450355
2023.750000000	-4.423291815
2023.833333000	-7.83918928
2023.916667000	1.52272979
2024.000000000	5.132105073
2024.083333000	1.573394874
2024.166667000	3.934872958
2024.250000000	2.750091319
2024.333333000	-0.310954791
