1885	0
1885.083333	-122
1885.166667	-167
1885.25	-150
1885.333333	-159
1885.416667	-192
1885.5	-181
1885.583333	-128
1885.666667	-175
1885.75	-123
1885.833333	-59
1885.916667	-184
1886	-115
1886.083333	-201
1886.166667	-212
1886.25	-208
1886.333333	-190
1886.416667	-170
1886.5	-195
1886.583333	-177
1886.666667	-153
1886.75	-96
1886.833333	-64
1886.916667	-53
1887	-181
1887.083333	-285
1887.166667	-260
1887.25	-175
1887.333333	-208
1887.416667	-184
1887.5	-157
1887.583333	-147
1887.666667	-144
1887.75	-132
1887.833333	24
1887.916667	-94
1888	-206
1888.083333	-121
1888.166667	-82
1888.25	-126
1888.333333	-190
1888.416667	-188
1888.5	-178
1888.583333	-197
1888.666667	-146
1888.75	-135
1888.833333	-98
1888.916667	-113
1889	-163
1889.083333	-209
1889.166667	-105
1889.25	-131
1889.333333	-124
1889.416667	-128
1889.5	-201
1889.583333	-207
1889.666667	-178
1889.75	-32
1889.833333	-219
1889.916667	-209
1890	-240
1890.083333	-195
1890.166667	-184
1890.25	-106
1890.333333	-102
1890.416667	-245
1890.5	-235
1890.583333	-216
1890.666667	-224
1890.75	-234
1890.833333	-118
1890.916667	-32
1891	-187
1891.083333	-334
1891.166667	-162
1891.25	-172
1891.333333	-117
1891.416667	-148
1891.5	-186
1891.583333	-209
1891.666667	-207
1891.75	-72
1891.833333	-10
1891.916667	-190
1892	-105
1892.083333	-87
1892.166667	-109
1892.25	-170
1892.333333	-162
1892.416667	-184
1892.5	-172
1892.583333	-152
1892.666667	-209
1892.75	-63
1892.833333	-98
1892.916667	-172
1893	-109
1893.083333	-180
1893.166667	-227
1893.25	-205
1893.333333	-139
1893.416667	-172
1893.5	-173
1893.583333	-167
1893.666667	-110
1893.75	-110
1893.833333	-14
1893.916667	-142
1894	-174
1894.083333	-287
1894.166667	-240
1894.25	-169
1894.333333	-146
1894.416667	-207
1894.5	-191
1894.583333	-203
1894.666667	-164
1894.75	-70
1894.833333	-112
1894.916667	-127
1895	38
1895.083333	-54
1895.166667	-124
1895.25	-114
1895.333333	-187
1895.416667	-152
1895.5	-147
1895.583333	-189
1895.666667	-200
1895.75	-59
1895.833333	-72
1895.916667	-62
1896	-207
1896.083333	-289
1896.166667	-249
1896.25	-239
1896.333333	-173
1896.416667	-138
1896.5	-164
1896.583333	-158
1896.666667	-169
1896.75	-70
1896.833333	-12
1896.916667	-18
1897	-45
1897.083333	-208
1897.166667	-185
1897.25	-167
1897.333333	-114
1897.416667	-150
1897.5	-127
1897.583333	-171
1897.666667	-185
1897.75	-93
1897.833333	-182
1897.916667	-170
1898	-248
1898.083333	-215
1898.166667	-81
1898.25	-129
1898.333333	-116
1898.416667	-122
1898.5	-168
1898.583333	-191
1898.666667	-165
1898.75	5
1898.833333	45
1898.916667	-152
1899	-138
1899.083333	-102
1899.166667	-213
1899.25	-163
1899.333333	-147
1899.416667	-148
1899.5	-153
1899.583333	-127
1899.666667	-101
1899.75	-53
1899.833333	-128
1899.916667	-13
1900	-90
1900.083333	38
1900.166667	-89
1900.25	-169
1900.333333	-64
1900.416667	-110
1900.5	-143
1900.583333	-112
1900.666667	-125
1900.75	-102
1900.833333	-20
1900.916667	-102
1901	-117
1901.083333	-107
1901.166667	-86
1901.25	-118
1901.333333	-172
1901.416667	-155
1901.5	-149
1901.583333	-172
1901.666667	-73
1901.75	-55
1901.833333	-23
1901.916667	-13
1902	-175
1902.083333	-6
1902.166667	-115
1902.25	-66
1902.333333	-187
1902.416667	-123
1902.5	-161
1902.583333	-114
1902.666667	-138
1902.75	-12
1902.833333	-44
1902.916667	-87
1903	-139
1903.083333	-293
1903.166667	-200
1903.25	-130
1903.333333	-122
1903.416667	-73
1903.5	-134
1903.583333	-167
1903.666667	-139
1903.75	-88
1903.833333	-100
1903.916667	34
1904	-121
1904.083333	-23
1904.166667	-95
1904.25	-154
1904.333333	-188
1904.416667	-115
1904.5	-131
1904.583333	-135
1904.666667	-113
1904.75	-128
1904.833333	-118
1904.916667	-81
1905	-159
1905.083333	-244
1905.166667	-157
1905.25	-127
1905.333333	-137
1905.416667	-96
1905.5	-125
1905.583333	-144
1905.666667	-135
1905.75	-102
1905.833333	22
1905.916667	-187
1906	-168
1906.083333	-148
1906.166667	-164
1906.25	-182
1906.333333	-127
1906.416667	-144
1906.5	-140
1906.583333	-155
1906.666667	-158
1906.75	-76
1906.833333	-41
1906.916667	-99
1907	-210
1907.083333	-191
1907.166667	-260
1907.25	-143
1907.333333	-154
1907.416667	-170
1907.5	-174
1907.583333	-173
1907.666667	-137
1907.75	11
1907.833333	0
1907.916667	-74
1908	-159
1908.083333	-274
1908.166667	-181
1908.25	-157
1908.333333	-190
1908.416667	-109
1908.5	-175
1908.583333	-146
1908.666667	-220
1908.75	-120
1908.833333	-78
1908.916667	-19
1909	-215
1909.083333	-193
1909.166667	-64
1909.25	-204
1909.333333	-216
1909.416667	-208
1909.5	-203
1909.583333	-165
1909.666667	-126
1909.75	-123
1909.833333	-5
1909.916667	-19
1910	-136
1910.083333	-106
1910.166667	-195
1910.25	-130
1910.333333	-86
1910.416667	-130
1910.5	-158
1910.583333	-180
1910.666667	-152
1910.75	-85
1910.833333	-55
1910.916667	17
1911	-200
1911.083333	-253
1911.166667	-163
1911.25	-122
1911.333333	-103
1911.416667	-141
1911.5	-146
1911.583333	-84
1911.666667	-138
1911.75	-56
1911.833333	-13
1911.916667	-82
1912	-88
1912.083333	-28
1912.166667	-161
1912.25	-186
1912.333333	-194
1912.416667	-144
1912.5	-145
1912.583333	-179
1912.666667	-148
1912.75	-118
1912.833333	-131
1912.916667	-172
1913	-148
1913.083333	-196
1913.166667	-233
1913.25	-144
1913.333333	-155
1913.416667	-191
1913.5	-152
1913.583333	-126
1913.666667	-45
1913.75	5
1913.833333	-78
1913.916667	-159
1914	-155
1914.083333	-160
1914.166667	-167
1914.25	-231
1914.333333	-192
1914.416667	-142
1914.5	-157
1914.583333	-163
1914.666667	-177
1914.75	-83
1914.833333	22
1914.916667	-27
1915	-52
1915.083333	-81
1915.166667	-139
1915.25	-169
1915.333333	-117
1915.416667	-104
1915.5	-145
1915.583333	-144
1915.666667	-150
1915.75	-85
1915.833333	-30
1915.916667	-14
1916	-231
1916.083333	130
1916.166667	98
1916.25	-129
1916.333333	-90
1916.416667	-143
1916.5	-144
1916.583333	-90
1916.666667	-93
1916.75	-106
1916.833333	42
1916.916667	45
1917	-90
1917.083333	-113
1917.166667	-113
1917.25	-133
1917.333333	-100
1917.416667	-163
1917.5	-143
1917.583333	-141
1917.666667	-176
1917.75	-163
1917.833333	-153
1917.916667	-148
1918	-108
1918.083333	-266
1918.166667	-182
1918.25	-53
1918.333333	-134
1918.416667	-132
1918.5	-107
1918.583333	-148
1918.666667	-76
1918.75	-50
1918.833333	-37
1918.916667	-89
1919	-25
1919.083333	-33
1919.166667	-100
1919.25	-116
1919.333333	-156
1919.416667	-146
1919.5	-144
1919.583333	-121
1919.666667	-98
1919.75	-85
1919.833333	10
1919.916667	-128
1920	-146
1920.083333	-249
1920.166667	-188
1920.25	-96
1920.333333	-139
1920.416667	-135
1920.5	-141
1920.583333	-123
1920.666667	-109
1920.75	12
1920.833333	-18
1920.916667	-68
1921	-226
1921.083333	-134
1921.166667	-254
1921.25	-129
1921.333333	-135
1921.416667	-123
1921.5	-132
1921.583333	-116
1921.666667	-107
1921.75	-87
1921.833333	-59
1921.916667	-73
1922	-91
1922.083333	-99
1922.166667	-82
1922.25	-97
1922.333333	-174
1922.416667	-120
1922.5	-182
1922.583333	-134
1922.666667	-128
1922.75	-8
1922.833333	-130
1922.916667	-82
1923	-164
1923.083333	-85
1923.166667	-102
1923.25	-77
1923.333333	-185
1923.416667	-187
1923.5	-175
1923.583333	-135
1923.666667	-180
1923.75	-137
1923.833333	-51
1923.916667	-77
1924	-87
1924.083333	-95
1924.166667	-116
1924.25	-152
1924.333333	-148
1924.416667	-157
1924.5	-137
1924.583333	-167
1924.666667	-128
1924.75	-113
1924.833333	-81
1924.916667	-134
1925	-254
1925.083333	-182
1925.166667	-147
1925.25	-154
1925.333333	-106
1925.416667	-120
1925.5	-133
1925.583333	-160
1925.666667	-165
1925.75	-66
1925.833333	-24
1925.916667	-70
1926	-125
1926.083333	-98
1926.166667	-186
1926.25	-133
1926.333333	-84
1926.416667	-113
1926.5	-130
1926.583333	-146
1926.666667	-118
1926.75	-14
1926.833333	127
1926.916667	-98
1927	-93
1927.083333	-133
1927.166667	-121
1927.25	-96
1927.333333	-129
1927.416667	-105
1927.5	-116
1927.583333	-127
1927.666667	-117
1927.75	-91
1927.833333	49
1927.916667	88
1928	-163
1928.083333	-212
1928.166667	-85
1928.25	8
1928.333333	-74
1928.416667	-92
1928.5	-102
1928.583333	-41
1928.666667	-76
1928.75	-80
1928.833333	-46
1928.916667	-94
1929	-155
1929.083333	-150
1929.166667	-166
1929.25	-137
1929.333333	-153
1929.416667	-141
1929.5	-149
1929.583333	-139
1929.666667	-86
1929.75	-63
1929.833333	-60
1929.916667	-69
1930	-133
1930.083333	-41
1930.166667	-142
1930.25	-29
1930.333333	-91
1930.416667	-95
1930.5	-91
1930.583333	-149
1930.666667	-102
1930.75	-84
1930.833333	-81
1930.916667	-66
1931	-111
1931.083333	-147
1931.166667	-40
1931.25	-112
1931.333333	-118
1931.416667	-135
1931.5	-135
1931.583333	-123
1931.666667	-136
1931.75	-68
1931.833333	-11
1931.916667	-174
1932	-193
1932.083333	-224
1932.166667	-106
1932.25	-145
1932.333333	-149
1932.416667	-130
1932.5	-99
1932.583333	-116
1932.666667	-30
1932.75	-46
1932.833333	-75
1932.916667	-63
1933	-101
1933.083333	-90
1933.166667	-134
1933.25	-189
1933.333333	-106
1933.416667	-79
1933.5	-136
1933.583333	-128
1933.666667	-29
1933.75	18
1933.833333	45
1933.916667	38
1934	-166
1934.083333	-235
1934.166667	-49
1934.25	-9
1934.333333	-74
1934.416667	-93
1934.5	-95
1934.583333	-121
1934.666667	-132
1934.75	-159
1934.833333	35
1934.916667	40
1935	-106
1935.083333	-89
1935.166667	-158
1935.25	-149
1935.333333	-92
1935.416667	-136
1935.5	-136
1935.583333	-113
1935.666667	-144
1935.75	-57
1935.833333	44
1935.916667	32
1936	46
1936.083333	37
1936.166667	-11
1936.25	-27
1936.333333	-53
1936.416667	-74
1936.5	-103
1936.583333	-147
1936.666667	-95
1936.75	-66
1936.833333	-25
1936.916667	-135
1937	-75
1937.083333	-17
1937.166667	30
1937.25	-55
1937.333333	-111
1937.416667	-98
1937.5	-117
1937.583333	-81
1937.666667	-30
1937.75	18
1937.833333	50
1937.916667	41
1938	-134
1938.083333	-186
1938.166667	-263
1938.25	-168
1938.333333	-116
1938.416667	-169
1938.5	-170
1938.583333	-122
1938.666667	-69
1938.75	-63
1938.833333	-54
1938.916667	9
1939	6
1939.083333	-146
1939.166667	-163
1939.25	-105
1939.333333	-66
1939.416667	-72
1939.5	-89
1939.583333	-84
1939.666667	-35
1939.75	31
1939.833333	-76
1939.916667	6
1940	-16
1940.083333	-48
1940.166667	-76
1940.25	-123
1940.333333	-24
1940.416667	-71
1940.5	-102
1940.583333	-131
1940.666667	-131
1940.75	52
1940.833333	31
1940.916667	-133
1941	72
1941.083333	58
1941.166667	-102
1941.25	-11
1941.333333	-87
1941.416667	-101
1941.5	-57
1941.583333	-111
1941.666667	-119
1941.75	-95
1941.833333	-17
1941.916667	-194
1942	-138
1942.083333	-70
1942.166667	-51
1942.25	-77
1942.333333	-121
1942.416667	-83
1942.5	-119
1942.583333	-104
1942.666667	-70
1942.75	4
1942.833333	18
1942.916667	-47
1943	-90
1943.083333	-214
1943.166667	-150
1943.25	-178
1943.333333	-145
1943.416667	-137
1943.5	-102
1943.583333	-84
1943.666667	-40
1943.75	63
1943.833333	3
1943.916667	-36
1944	-194
1944.083333	-99
1944.166667	-102
1944.25	-96
1944.333333	-110
1944.416667	-66
1944.5	-67
1944.583333	4
1944.666667	-88
1944.75	-12
1944.833333	-46
1944.916667	-75
1945	-68
1945.083333	-230
1945.166667	-245
1945.25	-154
1945.333333	-148
1945.416667	-135
1945.5	-116
1945.583333	-113
1945.666667	-148
1945.75	-99
1945.833333	1
1945.916667	-49
1946	-129
1946.083333	-216
1946.166667	-55
1946.25	-113
1946.333333	-8
1946.416667	-126
1946.5	-120
1946.583333	-111
1946.666667	-99
1946.75	-6
1946.833333	31
1946.916667	-74
1947	-129
1947.083333	49
1947.166667	26
1947.25	-174
1947.333333	-94
1947.416667	-118
1947.5	-88
1947.583333	-71
1947.666667	-63
1947.75	-63
1947.833333	-42
1947.916667	4
1948	-15
1948.083333	-116
1948.166667	-253
1948.25	-123
1948.333333	-14
1948.416667	-86
1948.5	-97
1948.583333	-72
1948.666667	-58
1948.75	-34
1948.833333	-72
1948.916667	-46
1949	-171
1949.083333	-233
1949.166667	-173
1949.25	-202
1949.333333	-89
1949.416667	-106
1949.5	-66
1949.583333	-93
1949.666667	-17
1949.75	-10
1949.833333	68
1949.916667	-34
1950	-92
1950.083333	-115
1950.166667	-144
1950.25	-79
1950.333333	-108
1950.416667	-125
1950.5	-127
1950.583333	-101
1950.666667	-125
1950.75	-76
1950.833333	-23
1950.916667	38
1951	-18
1951.083333	30
1951.166667	-12
1951.25	-112
1951.333333	-30
1951.416667	-74
1951.5	-98
1951.583333	7
1951.666667	213
1951.75	283
1951.833333	365
1951.916667	165
1952	165
1952.083333	148
1952.166667	80
1952.25	31
1952.333333	83
1952.416667	69
1952.5	55
1952.583333	39
1952.666667	46
1952.75	87
1952.833333	-29
1952.916667	-29
1953	-29
1953.083333	-102
1953.166667	-251
1953.25	-90
1953.333333	-103
1953.416667	-14
1953.5	-14
1953.583333	-104
1953.666667	-30
1953.75	23
1953.833333	-91
1953.916667	-42
1954	-102
1954.083333	-11
1954.166667	-18
1954.25	-152
1954.333333	-42
1954.416667	-83
1954.5	-109
1954.583333	-101
1954.666667	-134
1954.75	-98
1954.833333	13
1954.916667	-66
1955	21
1955.083333	52
1955.166667	-44
1955.25	-99
1955.333333	-124
1955.416667	-56
1955.5	-30
1955.583333	-14
1955.666667	-21
1955.75	50
1955.833333	88
1955.916667	5
1956	-7
1956.083333	-18
1956.166667	-39
1956.25	-38
1956.333333	-108
1956.416667	-104
1956.5	-63
1956.583333	-55
1956.666667	-7
1956.75	-77
1956.833333	-16
1956.916667	-66
1957	-122
1957.083333	-56
1957.166667	-88
1957.25	-76
1957.333333	-28
1957.416667	-35
1957.5	-66
1957.583333	-65
1957.666667	-68
1957.75	11
1957.833333	108
1957.916667	115
1958	15
1958.083333	-34
1958.166667	35
1958.25	10
1958.333333	-60
1958.416667	-32
1958.5	-42
1958.583333	-16
1958.666667	-12
1958.75	3
1958.833333	11
1958.916667	246
1959	33
1959.083333	-160
1959.166667	-18
1959.25	-24
1959.333333	12
1959.416667	5
1959.5	-14
1959.583333	-11
1959.666667	51
1959.75	59
1959.833333	114
1959.916667	156
1960	55
1960.083333	56
1960.166667	25
1960.25	-80
1960.333333	-45
1960.416667	-58
1960.5	-73
1960.583333	-38
1960.666667	-6
1960.75	142
1960.833333	79
1960.916667	53
1961	-11
1961.083333	-153
1961.166667	-199
1961.25	-62
1961.333333	-36
1961.416667	-37
1961.5	-92
1961.583333	-93
1961.666667	-56
1961.75	29
1961.833333	134
1961.916667	62
1962	5
1962.083333	-141
1962.166667	15
1962.25	-89
1962.333333	-105
1962.416667	-81
1962.5	-72
1962.583333	-90
1962.666667	-37
1962.75	27
1962.833333	127
1962.916667	8
1963	96
1963.083333	53
1963.166667	-106
1963.25	-27
1963.333333	-99
1963.416667	-23
1963.5	-77
1963.583333	-91
1963.666667	-42
1963.75	-31
1963.833333	177
1963.916667	120
1964	-165
1964.083333	-50
1964.166667	34
1964.25	-50
1964.333333	-98
1964.416667	-16
1964.5	-85
1964.583333	-55
1964.666667	-70
1964.75	-2
1964.833333	-28
1964.916667	6
1965	-22
1965.083333	-40
1965.166667	-83
1965.25	-102
1965.333333	-83
1965.416667	-70
1965.5	-81
1965.583333	-89
1965.666667	8
1965.75	79
1965.833333	93
1965.916667	-3
1966	-1
1966.083333	78
1966.166667	-121
1966.25	-55
1966.333333	-96
1966.416667	-52
1966.5	-55
1966.583333	-59
1966.666667	-23
1966.75	146
1966.833333	105
1966.916667	-25
1967	-72
1967.083333	-107
1967.166667	-162
1967.25	-65
1967.333333	-37
1967.416667	-98
1967.5	-89
1967.583333	-63
1967.666667	-57
1967.75	-32
1967.833333	38
1967.916667	-46
1968	-120
1968.083333	-15
1968.166667	-109
1968.25	-98
1968.333333	-78
1968.416667	-46
1968.5	-78
1968.583333	-61
1968.666667	-55
1968.75	-55
1968.833333	134
1968.916667	106
1969	26
1969.083333	14
1969.166667	47
1969.25	-90
1969.333333	-41
1969.416667	-37
1969.5	-113
1969.583333	-50
1969.666667	3
1969.75	-4
1969.833333	30
1969.916667	20
1970	20
1970.083333	-104
1970.166667	-47
1970.25	30
1970.333333	-2
1970.416667	-53
1970.5	-59
1970.583333	-34
1970.666667	-51
1970.75	-93
1970.833333	-7
1970.916667	-115
1971	-115
1971.083333	-104
1971.166667	-47
1971.25	30
1971.333333	-2
1971.416667	-53
1971.5	-59
1971.583333	-34
1971.666667	-34
1971.75	-93
1971.833333	-7
1971.916667	-115
1972	-1
1972.083333	32
1972.166667	-34
1972.25	-48
1972.333333	-38
1972.416667	-42
1972.5	-59
1972.583333	-75
1972.666667	12
1972.75	23
1972.833333	-67
1972.916667	-82
1973	-78
1973.083333	-68
1973.166667	-133
1973.25	-121
1973.333333	-74
1973.416667	-70
1973.5	-56
1973.583333	-89
1973.666667	-26
1973.75	-29
1973.833333	-90
1973.916667	-28
1974	-114
1974.083333	-3
1974.166667	-62
1974.25	-45
1974.333333	-47
1974.416667	-53
1974.5	-69
1974.583333	-94
1974.666667	-51
1974.75	-91
1974.833333	-61
1974.916667	-140
1975	-134
1975.083333	-121
1975.166667	-60
1975.25	-129
1975.333333	-97
1975.416667	-76
1975.5	-87
1975.583333	-64
1975.666667	-53
1975.75	-76
1975.833333	-23
1975.916667	-40
1976	-133
1976.083333	-58
1976.166667	-140
1976.25	-78
1976.333333	-128
1976.416667	-98
1976.5	-75
1976.583333	-41
1976.666667	-44
1976.75	96
1976.833333	32
1976.916667	65
1977	10
1977.083333	21
1977.166667	-81
1977.25	-108
1977.333333	-34
1977.416667	-15
1977.5	-59
1977.583333	-44
1977.666667	-55
1977.75	1
1977.833333	-45
1977.916667	-25
1978	-2
1978.083333	55
1978.166667	-62
1978.25	-6
1978.333333	-9
1978.416667	-44
1978.5	-82
1978.583333	-77
1978.666667	-85
1978.75	-69
1978.833333	-143
1978.916667	87
1979	31
1979.083333	65
1979.166667	-38
1979.25	-46
1979.333333	-114
1979.416667	-68
1979.5	-56
1979.583333	-40
1979.666667	-66
1979.75	106
1979.833333	-12
1979.916667	-46
1980	-46
1980.083333	-119
1980.166667	-69
1980.25	-79
1980.333333	-25
1980.416667	-53
1980.5	-65
1980.583333	-46
1980.666667	-61
1980.75	7
1980.833333	19
1980.916667	-138
1981	-162
1981.083333	-148
1981.166667	-97
1981.25	-81
1981.333333	-61
1981.416667	-71
1981.5	-119
1981.583333	-65
1981.666667	-13
1981.75	-17
1981.833333	-120
1981.916667	70
1982	-1
1982.083333	-111
1982.166667	-149
1982.25	-77
1982.333333	-157
1982.416667	-105
1982.5	-43
1982.583333	-69
1982.666667	-42
1982.75	2
1982.833333	25
1982.916667	19
1983	-170
1983.083333	-59
1983.166667	-103
1983.25	-26
1983.333333	-15
1983.416667	-83
1983.5	-13
1983.583333	-26
1983.666667	-63
1983.75	-50
1983.833333	56
1983.916667	25
1984	-105
1984.083333	-132
1984.166667	-56
1984.25	-75
1984.333333	22
1984.416667	-59
1984.5	-110
1984.583333	-68
1984.666667	-58
1984.75	-20
1984.833333	62
1984.916667	-110
1985	-35
1985.083333	-80
1985.166667	-80
1985.25	-70
1985.333333	-13
1985.416667	-56
1985.5	-35
1985.583333	-91
1985.666667	-94
1985.75	-56
1985.833333	5
1985.916667	-51
1986	-39
1986.083333	68
1986.166667	-110
1986.25	-23
1986.333333	-83
1986.416667	-74
1986.5	-32
1986.583333	-44
1986.666667	-44
1986.75	-38
1986.833333	-82
1986.916667	-124
1987	-49
1987.083333	-31
1987.166667	-103
1987.25	-82
1987.333333	-88
1987.416667	-102
1987.5	-47
1987.583333	-33
1987.666667	-37
1987.75	91
1987.833333	12
1987.916667	47
1988	-17
1988.083333	-80
1988.166667	-99
1988.25	-77
1988.333333	-23
1988.416667	-12
1988.5	-59
1988.583333	-83
1988.666667	-56
1988.75	-14
1988.833333	-11
1988.916667	-86
1989	-204
1989.083333	-200
1989.166667	-99
1989.25	-6
1989.333333	-58
1989.416667	-64
1989.5	-59
1989.583333	-39
1989.666667	-40
1989.75	-56
1989.833333	54
1989.916667	85
1990	-158
1990.083333	-78
1990.166667	-216
1990.25	-62
1990.333333	-106
1990.416667	-42
1990.5	-31
1990.583333	15
1990.666667	-43
1990.75	95
1990.833333	5
1990.916667	12
1991	-102
1991.083333	-24
1991.166667	135
1991.25	-43
1991.333333	-74
1991.416667	-64
1991.5	-62
1991.583333	-55
1991.666667	4
1991.75	32
1991.833333	5
1991.916667	-133
1992	-107
1992.083333	-213
1992.166667	-184
1992.25	-5
1992.333333	-109
1992.416667	-109
1992.5	-109
1992.583333	-109
1992.666667	-109
1992.75	-109
1992.833333	-46
1992.916667	3
1993	-180
1993.083333	-175
1993.166667	-151
1993.25	-34
1993.333333	-5
1993.416667	-37
1993.5	-142
1993.583333	-3
1993.666667	64
1993.75	150
1993.833333	38
1993.916667	-38
1994	-54
1994.083333	-63
1994.166667	-191
1994.25	-81
1994.333333	-32
1994.416667	-32
1994.5	-57
1994.583333	-57
1994.666667	-7
1994.75	45
1994.833333	43
1994.916667	-29
1995	-68
1995.083333	-73
1995.166667	-135
1995.25	-90
1995.333333	-67
1995.416667	-44
1995.5	-25
1995.583333	-9
1995.666667	-9
1995.75	-19
1995.833333	55
1995.916667	108
1996	156
1996.083333	4
1996.166667	5
1996.25	-32
1996.333333	17
1996.416667	-72
1996.5	-52
1996.583333	-43
1996.666667	10
1996.75	29
1996.833333	78
1996.916667	145
1997	145
1997.083333	145
1997.166667	145
1997.25	145
1997.333333	145
1997.416667	145
1997.5	145
1997.583333	145
1997.666667	145
1997.75	145
1997.833333	145
1997.916667	145
1998	145
1998.083333	145
1998.166667	145
1998.25	145
1998.333333	145
1998.416667	145
1998.5	145
1998.583333	145
1998.666667	145
1998.75	145
1998.833333	-30
1998.916667	-103
1999	-102
1999.083333	-123
1999.166667	-61
1999.25	-69
1999.333333	-38
1999.416667	-75
1999.5	-40
1999.583333	31
1999.666667	107
1999.75	119
1999.833333	59
1999.916667	0
2000	-97
2000.083333	-138
2000.166667	-136
2000.25	79
2000.333333	-22
2000.416667	-82
2000.5	-32
2000.583333	-37
2000.666667	-8
2000.75	48
2000.833333	190
2000.916667	114
2001	87
2001.083333	-41
2001.166667	87
2001.25	-74
2001.333333	-12
2001.416667	-51
2001.5	-21
2001.583333	-29
2001.666667	16
2001.75	41
2001.833333	-13
2001.916667	-66
2002	-138
2002.083333	-88
2002.166667	-69
2002.25	-10
2002.333333	-38
2002.416667	-34
2002.5	-50
2002.583333	-8
2002.666667	76
2002.75	58
2002.833333	170
2002.916667	170
2003	-26
2003.083333	-79
2003.166667	-121
2003.25	-18
2003.333333	-59
2003.416667	-12
2003.5	-26
2003.583333	4
2003.666667	-12
2003.75	102
2003.833333	96
2003.916667	89
2004	92
2004.083333	-17
2004.166667	-57
2004.25	9
2004.333333	37
2004.416667	-42
2004.5	-46
2004.583333	21
2004.666667	-14
2004.75	139
2004.833333	35
2004.916667	-8
2005	-110
2005.083333	-83
2005.166667	-45
2005.25	-45
2005.333333	-52
2005.416667	-4
2005.5	-32
2005.583333	-7
2005.666667	13
2005.75	22
2005.833333	34
2005.916667	-7
2006	-100
2006.083333	-53
2006.166667	-35
2006.25	-65
2006.333333	-98
2006.416667	-41
2006.5	-3
2006.583333	-15
2006.666667	35
2006.75	106
2006.833333	19
2006.916667	-66
2007	-96
2007.083333	-23
2007.166667	-60
2007.25	-67
2007.333333	7
2007.416667	22
2007.5	-41
2007.583333	-8
2007.666667	-12
2007.75	57
2007.833333	26
2007.916667	-60
2008	-29
2008.083333	-156
2008.166667	-40
2008.25	30
2008.333333	33
2008.416667	0
2008.5	-28
2008.583333	-37
2008.666667	27
2008.75	-2
2008.833333	127
2008.916667	104
2009	17
2009.083333	85
2009.166667	-22
2009.25	26
2009.333333	7
2009.416667	72
2009.5	72
2009.583333	7
2009.666667	22
2009.75	89
2009.833333	95
2009.916667	210
2010	126
2010.083333	88
2010.166667	88
2010.25	88
2010.333333	88
2010.416667	88
2010.5	88
2010.583333	88
2010.666667	88
2010.75	88
2010.833333	251
2010.916667	271
2011	66
2011.083333	24
2011.166667	-9
2011.25	-44
2011.333333	-2
2011.416667	4
2011.5	41
2011.583333	15
2011.666667	14
2011.75	58
2011.833333	187
2011.916667	56
2012	-34
2012.083333	-70
2012.166667	-118
2012.25	158
2012.333333	60
2012.416667	-25
2012.5	-21
2012.583333	30
2012.666667	43
2012.75	131
2012.833333	133
2012.916667	63
2013	49
2013.083333	32
2013.166667	153
2013.25	43
2013.333333	30
2013.416667	-26
2013.5	6
2013.583333	21
2013.666667	-11
2013.75	88
2013.833333	89
2013.916667	-11
2014	130
2014.083333	164
2014.166667	15
2014.25	83
2014.333333	29
2014.416667	50
2014.5	70
2014.583333	46
2014.666667	131
2014.75	113
2014.833333	241
2014.916667	91
2015	-13
2015.083333	40
2015.166667	-34
2015.25	-64
2015.333333	3
2015.416667	2
2015.5	20
2015.583333	42
2015.666667	61
2015.75	155
2015.833333	0
2015.916667	-73
2016	39
2016.083333	39
2016.166667	39
2016.25	36
2016.333333	36
2016.416667	0
2016.5	-19
2016.583333	-28
2016.666667	26
2016.75	90
2016.833333	114
2016.916667	-63
2017	-63
2017.083333	-23
2017.166667	-56
2017.25	-61
2017.333333	5
2017.416667	-3
2017.5	-3
2017.583333	-3
2017.666667	-14
2017.75	-11
2017.833333	39
2017.916667	1
2018	7
2018.083333	-26
2018.166667	195
2018.25	48
2018.333333	39
2018.416667	21
2018.5	28
2018.583333	28
2018.666667	28
2018.75	151
2018.833333	226
2018.916667	43
2019	37
2019.083333	-34
2019.166667	-87
2019.25	48
2019.333333	3
2019.416667	33
2019.5	65
2019.583333	65
2019.666667	31
2019.75	101
2019.833333	239
2019.916667	120
2020	-18
2020.083333	-99
2020.166667	3
2020.25	4
2020.333333	34
2020.416667	34
2020.5	36
2020.583333	51
2020.666667	39
2020.75	90
2020.833333	59
2020.916667	180
2021	123
2021.083333	85
2021.166667	-128
2021.25	-19
2021.333333	-38
2021.416667	42
2021.5	19
2021.583333	28
2021.666667	67
2021.75	55
2021.833333	139
2021.916667	81
2022	-60
2022.083333	-110
2022.166667	-125
