1880.000000000	0.30
1880.083333000	0.27
1880.166667000	0.30
1880.250000000	0.31
1880.333333000	0.25
1880.416667000	0.16
1880.500000000	0.10
1880.583333000	0.12
1880.666667000	0.17
1880.750000000	0.23
1880.833333000	0.25
1880.916667000	0.18
1881.000000000	0.05
1881.083333000	-0.02
1881.166667000	-0.01
1881.250000000	0.01
1881.333333000	-0.07
1881.416667000	-0.21
1881.500000000	-0.31
1881.583333000	-0.36
1881.666667000	-0.38
1881.750000000	-0.38
1881.833333000	-0.37
1881.916667000	-0.36
1882.000000000	-0.38
1882.083333000	-0.38
1882.166667000	-0.33
1882.250000000	-0.27
1882.333333000	-0.26
1882.416667000	-0.28
1882.500000000	-0.32
1882.583333000	-0.40
1882.666667000	-0.50
1882.750000000	-0.54
1882.833333000	-0.51
1882.916667000	-0.48
1883.000000000	-0.50
1883.083333000	-0.53
1883.166667000	-0.51
1883.250000000	-0.47
1883.333333000	-0.49
1883.416667000	-0.53
1883.500000000	-0.57
1883.583333000	-0.63
1883.666667000	-0.70
1883.750000000	-0.74
1883.833333000	-0.74
1883.916667000	-0.70
1884.000000000	-0.63
1884.083333000	-0.51
1884.166667000	-0.36
1884.250000000	-0.27
1884.333333000	-0.26
1884.416667000	-0.27
1884.500000000	-0.25
1884.583333000	-0.22
1884.666667000	-0.21
1884.750000000	-0.22
1884.833333000	-0.24
1884.916667000	-0.27
1885.000000000	-0.32
1885.083333000	-0.30
1885.166667000	-0.21
1885.250000000	-0.11
1885.333333000	-0.09
1885.416667000	-0.10
1885.500000000	-0.09
1885.583333000	-0.04
1885.666667000	0.00
1885.750000000	0.02
1885.833333000	0.03
1885.916667000	0.01
1886.000000000	-0.01
1886.083333000	-0.02
1886.166667000	-0.04
1886.250000000	-0.13
1886.333333000	-0.27
1886.416667000	-0.34
1886.500000000	-0.27
1886.583333000	-0.19
1886.666667000	-0.22
1886.750000000	-0.31
1886.833333000	-0.33
1886.916667000	-0.23
1887.000000000	-0.06
1887.083333000	0.05
1887.166667000	0.05
1887.250000000	-0.02
1887.333333000	-0.06
1887.416667000	0.05
1887.500000000	0.26
1887.583333000	0.41
1887.666667000	0.45
1887.750000000	0.47
1887.833333000	0.57
1887.916667000	0.70
1888.000000000	0.73
1888.083333000	0.65
1888.166667000	0.54
1888.250000000	0.46
1888.333333000	0.40
1888.416667000	0.36
1888.500000000	0.35
1888.583333000	0.34
1888.666667000	0.35
1888.750000000	0.39
1888.833333000	0.43
1888.916667000	0.37
1889.000000000	0.23
1889.083333000	0.10
1889.166667000	0.06
1889.250000000	0.05
1889.333333000	0.00
1889.416667000	-0.09
1889.500000000	-0.17
1889.583333000	-0.21
1889.666667000	-0.24
1889.750000000	-0.28
1889.833333000	-0.33
1889.916667000	-0.41
1890.000000000	-0.49
1890.083333000	-0.46
1890.166667000	-0.30
1890.250000000	-0.11
1890.333333000	-0.01
1890.416667000	0.02
1890.500000000	0.01
1890.583333000	-0.01
1890.666667000	-0.03
1890.750000000	-0.03
1890.833333000	-0.01
1890.916667000	0.00
1891.000000000	-0.01
1891.083333000	0.04
1891.166667000	0.17
1891.250000000	0.31
1891.333333000	0.35
1891.416667000	0.30
1891.500000000	0.23
1891.583333000	0.14
1891.666667000	0.07
1891.750000000	0.04
1891.833333000	0.05
1891.916667000	0.03
1892.000000000	-0.06
1892.083333000	-0.18
1892.166667000	-0.28
1892.250000000	-0.36
1892.333333000	-0.43
1892.416667000	-0.47
1892.500000000	-0.48
1892.583333000	-0.53
1892.666667000	-0.62
1892.750000000	-0.67
1892.833333000	-0.62
1892.916667000	-0.55
1893.000000000	-0.55
1893.083333000	-0.65
1893.166667000	-0.77
1893.250000000	-0.86
1893.333333000	-0.89
1893.416667000	-0.85
1893.500000000	-0.80
1893.583333000	-0.81
1893.666667000	-0.89
1893.750000000	-0.94
1893.833333000	-0.90
1893.916667000	-0.82
1894.000000000	-0.79
1894.083333000	-0.79
1894.166667000	-0.76
1894.250000000	-0.71
1894.333333000	-0.67
1894.416667000	-0.61
1894.500000000	-0.51
1894.583333000	-0.42
1894.666667000	-0.35
1894.750000000	-0.30
1894.833333000	-0.25
1894.916667000	-0.21
1895.000000000	-0.20
1895.083333000	-0.18
1895.166667000	-0.17
1895.250000000	-0.23
1895.333333000	-0.34
1895.416667000	-0.41
1895.500000000	-0.36
1895.583333000	-0.25
1895.666667000	-0.20
1895.750000000	-0.19
1895.833333000	-0.17
1895.916667000	-0.10
1896.000000000	-0.02
1896.083333000	0.04
1896.166667000	0.06
1896.250000000	0.02
1896.333333000	-0.04
1896.416667000	-0.03
1896.500000000	0.04
1896.583333000	0.07
1896.666667000	0.02
1896.750000000	-0.05
1896.833333000	-0.05
1896.916667000	-0.01
1897.000000000	0.01
1897.083333000	-0.01
1897.166667000	-0.03
1897.250000000	-0.07
1897.333333000	-0.11
1897.416667000	-0.12
1897.500000000	-0.09
1897.583333000	-0.08
1897.666667000	-0.12
1897.750000000	-0.20
1897.833333000	-0.27
1897.916667000	-0.34
1898.000000000	-0.39
1898.083333000	-0.40
1898.166667000	-0.37
1898.250000000	-0.38
1898.333333000	-0.47
1898.416667000	-0.59
1898.500000000	-0.65
1898.583333000	-0.66
1898.666667000	-0.67
1898.750000000	-0.70
1898.833333000	-0.77
1898.916667000	-0.89
1899.000000000	-1.00
1899.083333000	-0.97
1899.166667000	-0.78
1899.250000000	-0.57
1899.333333000	-0.47
1899.416667000	-0.49
1899.500000000	-0.52
1899.583333000	-0.50
1899.666667000	-0.43
1899.750000000	-0.31
1899.833333000	-0.19
1899.916667000	-0.13
1900.000000000	-0.10
1900.083333000	-0.04
1900.166667000	0.06
1900.250000000	0.13
1900.333333000	0.11
1900.416667000	0.06
1900.500000000	0.04
1900.583333000	0.03
1900.666667000	0.03
1900.750000000	0.06
1900.833333000	0.17
1900.916667000	0.30
1901.000000000	0.38
1901.083333000	0.38
1901.166667000	0.35
1901.250000000	0.29
1901.333333000	0.24
1901.416667000	0.24
1901.500000000	0.27
1901.583333000	0.28
1901.666667000	0.24
1901.750000000	0.21
1901.833333000	0.24
1901.916667000	0.26
1902.000000000	0.25
1902.083333000	0.21
1902.166667000	0.21
1902.250000000	0.21
1902.333333000	0.19
1902.416667000	0.17
1902.500000000	0.19
1902.583333000	0.19
1902.666667000	0.12
1902.750000000	0.02
1902.833333000	-0.07
1902.916667000	-0.11
1903.000000000	-0.10
1903.083333000	-0.03
1903.166667000	0.06
1903.250000000	0.09
1903.333333000	0.04
1903.416667000	0.00
1903.500000000	0.01
1903.583333000	0.04
1903.666667000	0.02
1903.750000000	-0.05
1903.833333000	-0.10
1903.916667000	-0.12
1904.000000000	-0.13
1904.083333000	-0.11
1904.166667000	-0.08
1904.250000000	-0.10
1904.333333000	-0.16
1904.416667000	-0.20
1904.500000000	-0.15
1904.583333000	-0.05
1904.666667000	0.04
1904.750000000	0.10
1904.833333000	0.16
1904.916667000	0.20
1905.000000000	0.23
1905.083333000	0.28
1905.166667000	0.30
1905.250000000	0.24
1905.333333000	0.11
1905.416667000	0.03
1905.500000000	0.06
1905.583333000	0.13
1905.666667000	0.11
1905.750000000	0.03
1905.833333000	-0.05
1905.916667000	-0.09
1906.000000000	-0.11
1906.083333000	-0.12
1906.166667000	-0.11
1906.250000000	-0.11
1906.333333000	-0.10
1906.416667000	-0.06
1906.500000000	-0.01
1906.583333000	-0.02
1906.666667000	-0.06
1906.750000000	-0.05
1906.833333000	0.02
1906.916667000	0.06
1907.000000000	-0.02
1907.083333000	-0.14
1907.166667000	-0.21
1907.250000000	-0.20
1907.333333000	-0.18
1907.416667000	-0.20
1907.500000000	-0.25
1907.583333000	-0.31
1907.666667000	-0.33
1907.750000000	-0.27
1907.833333000	-0.14
1907.916667000	-0.05
1908.000000000	-0.05
1908.083333000	-0.05
1908.166667000	-0.01
1908.250000000	0.02
1908.333333000	-0.01
1908.416667000	-0.08
1908.500000000	-0.14
1908.583333000	-0.19
1908.666667000	-0.28
1908.750000000	-0.37
1908.833333000	-0.46
1908.916667000	-0.55
1909.000000000	-0.63
1909.083333000	-0.64
1909.166667000	-0.58
1909.250000000	-0.51
1909.333333000	-0.51
1909.416667000	-0.57
1909.500000000	-0.64
1909.583333000	-0.71
1909.666667000	-0.78
1909.750000000	-0.85
1909.833333000	-0.90
1909.916667000	-0.99
1910.000000000	-1.11
1910.083333000	-1.17
1910.166667000	-1.12
1910.250000000	-1.01
1910.333333000	-0.93
1910.416667000	-0.89
1910.500000000	-0.87
1910.583333000	-0.85
1910.666667000	-0.82
1910.750000000	-0.74
1910.833333000	-0.60
1910.916667000	-0.49
1911.000000000	-0.48
1911.083333000	-0.53
1911.166667000	-0.59
1911.250000000	-0.61
1911.333333000	-0.58
1911.416667000	-0.47
1911.500000000	-0.33
1911.583333000	-0.24
1911.666667000	-0.23
1911.750000000	-0.20
1911.833333000	-0.08
1911.916667000	0.10
1912.000000000	0.20
1912.083333000	0.19
1912.166667000	0.09
1912.250000000	-0.06
1912.333333000	-0.17
1912.416667000	-0.18
1912.500000000	-0.11
1912.583333000	-0.07
1912.666667000	-0.13
1912.750000000	-0.21
1912.833333000	-0.24
1912.916667000	-0.22
1913.000000000	-0.17
1913.083333000	-0.12
1913.166667000	-0.06
1913.250000000	-0.04
1913.333333000	-0.07
1913.416667000	-0.07
1913.500000000	0.03
1913.583333000	0.15
1913.666667000	0.22
1913.750000000	0.24
1913.833333000	0.24
1913.916667000	0.25
1914.000000000	0.29
1914.083333000	0.36
1914.166667000	0.41
1914.250000000	0.39
1914.333333000	0.31
1914.416667000	0.25
1914.500000000	0.26
1914.583333000	0.28
1914.666667000	0.25
1914.750000000	0.21
1914.833333000	0.23
1914.916667000	0.26
1915.000000000	0.26
1915.083333000	0.23
1915.166667000	0.21
1915.250000000	0.20
1915.333333000	0.18
1915.416667000	0.14
1915.500000000	0.10
1915.583333000	0.02
1915.666667000	-0.06
1915.750000000	-0.07
1915.833333000	-0.04
1915.916667000	-0.06
1916.000000000	-0.16
1916.083333000	-0.25
1916.166667000	-0.25
1916.250000000	-0.19
1916.333333000	-0.18
1916.416667000	-0.23
1916.500000000	-0.26
1916.583333000	-0.27
1916.666667000	-0.27
1916.750000000	-0.29
1916.833333000	-0.34
1916.916667000	-0.42
1917.000000000	-0.49
1917.083333000	-0.45
1917.166667000	-0.34
1917.250000000	-0.26
1917.333333000	-0.29
1917.416667000	-0.37
1917.500000000	-0.42
1917.583333000	-0.45
1917.666667000	-0.51
1917.750000000	-0.59
1917.833333000	-0.67
1917.916667000	-0.73
1918.000000000	-0.75
1918.083333000	-0.69
1918.166667000	-0.55
1918.250000000	-0.41
1918.333333000	-0.33
1918.416667000	-0.29
1918.500000000	-0.24
1918.583333000	-0.18
1918.666667000	-0.11
1918.750000000	0.02
1918.833333000	0.19
1918.916667000	0.35
1919.000000000	0.45
1919.083333000	0.50
1919.166667000	0.51
1919.250000000	0.47
1919.333333000	0.38
1919.416667000	0.32
1919.500000000	0.37
1919.583333000	0.45
1919.666667000	0.51
1919.750000000	0.54
1919.833333000	0.59
1919.916667000	0.63
1920.000000000	0.63
1920.083333000	0.58
1920.166667000	0.48
1920.250000000	0.34
1920.333333000	0.18
1920.416667000	0.09
1920.500000000	0.08
1920.583333000	0.05
1920.666667000	-0.07
1920.750000000	-0.23
1920.833333000	-0.37
1920.916667000	-0.46
1921.000000000	-0.54
1921.083333000	-0.58
1921.166667000	-0.60
1921.250000000	-0.64
1921.333333000	-0.70
1921.416667000	-0.73
1921.500000000	-0.70
1921.583333000	-0.70
1921.666667000	-0.78
1921.750000000	-0.88
1921.833333000	-0.90
1921.916667000	-0.81
1922.000000000	-0.66
1922.083333000	-0.48
1922.166667000	-0.33
1922.250000000	-0.28
1922.333333000	-0.28
1922.416667000	-0.26
1922.500000000	-0.16
1922.583333000	-0.05
1922.666667000	0.02
1922.750000000	0.07
1922.833333000	0.13
1922.916667000	0.18
1923.000000000	0.19
1923.083333000	0.19
1923.166667000	0.22
1923.250000000	0.24
1923.333333000	0.18
1923.416667000	0.09
1923.500000000	0.04
1923.583333000	0.06
1923.666667000	0.10
1923.750000000	0.14
1923.833333000	0.12
1923.916667000	0.00
1924.000000000	-0.15
1924.083333000	-0.21
1924.166667000	-0.14
1924.250000000	-0.06
1924.333333000	-0.06
1924.416667000	-0.13
1924.500000000	-0.17
1924.583333000	-0.19
1924.666667000	-0.23
1924.750000000	-0.27
1924.833333000	-0.30
1924.916667000	-0.32
1925.000000000	-0.33
1925.083333000	-0.29
1925.166667000	-0.17
1925.250000000	-0.01
1925.333333000	0.13
1925.416667000	0.25
1925.500000000	0.34
1925.583333000	0.36
1925.666667000	0.36
1925.750000000	0.41
1925.833333000	0.56
1925.916667000	0.71
1926.000000000	0.74
1926.083333000	0.67
1926.166667000	0.55
1926.250000000	0.44
1926.333333000	0.32
1926.416667000	0.23
1926.500000000	0.16
1926.583333000	0.08
1926.666667000	-0.02
1926.750000000	-0.07
1926.833333000	-0.06
1926.916667000	-0.03
1927.000000000	-0.05
1927.083333000	-0.10
1927.166667000	-0.17
1927.250000000	-0.25
1927.333333000	-0.35
1927.416667000	-0.40
1927.500000000	-0.39
1927.583333000	-0.37
1927.666667000	-0.40
1927.750000000	-0.46
1927.833333000	-0.50
1927.916667000	-0.54
1928.000000000	-0.60
1928.083333000	-0.60
1928.166667000	-0.51
1928.250000000	-0.37
1928.333333000	-0.24
1928.416667000	-0.14
1928.500000000	-0.05
1928.583333000	0.03
1928.666667000	0.09
1928.750000000	0.16
1928.833333000	0.25
1928.916667000	0.27
1929.000000000	0.21
1929.083333000	0.16
1929.166667000	0.19
1929.250000000	0.27
1929.333333000	0.32
1929.416667000	0.33
1929.500000000	0.34
1929.583333000	0.34
1929.666667000	0.33
1929.750000000	0.35
1929.833333000	0.41
1929.916667000	0.47
1930.000000000	0.47
1930.083333000	0.41
1930.166667000	0.32
1930.250000000	0.21
1930.333333000	0.10
1930.416667000	0.06
1930.500000000	0.11
1930.583333000	0.13
1930.666667000	0.06
1930.750000000	-0.02
1930.833333000	-0.02
1930.916667000	0.07
1931.000000000	0.16
1931.083333000	0.19
1931.166667000	0.14
1931.250000000	0.02
1931.333333000	-0.10
1931.416667000	-0.16
1931.500000000	-0.14
1931.583333000	-0.15
1931.666667000	-0.25
1931.750000000	-0.39
1931.833333000	-0.46
1931.916667000	-0.49
1932.000000000	-0.50
1932.083333000	-0.49
1932.166667000	-0.46
1932.250000000	-0.44
1932.333333000	-0.46
1932.416667000	-0.48
1932.500000000	-0.45
1932.583333000	-0.43
1932.666667000	-0.43
1932.750000000	-0.45
1932.833333000	-0.45
1932.916667000	-0.45
1933.000000000	-0.46
1933.083333000	-0.45
1933.166667000	-0.40
1933.250000000	-0.37
1933.333333000	-0.39
1933.416667000	-0.43
1933.500000000	-0.44
1933.583333000	-0.42
1933.666667000	-0.41
1933.750000000	-0.36
1933.833333000	-0.28
1933.916667000	-0.24
1934.000000000	-0.25
1934.083333000	-0.26
1934.166667000	-0.20
1934.250000000	-0.09
1934.333333000	-0.03
1934.416667000	-0.03
1934.500000000	-0.06
1934.583333000	-0.08
1934.666667000	-0.07
1934.750000000	-0.01
1934.833333000	0.06
1934.916667000	0.04
1935.000000000	-0.08
1935.083333000	-0.18
1935.166667000	-0.18
1935.250000000	-0.16
1935.333333000	-0.18
1935.416667000	-0.23
1935.500000000	-0.24
1935.583333000	-0.23
1935.666667000	-0.25
1935.750000000	-0.29
1935.833333000	-0.31
1935.916667000	-0.31
1936.000000000	-0.27
1936.083333000	-0.21
1936.166667000	-0.15
1936.250000000	-0.15
1936.333333000	-0.19
1936.416667000	-0.19
1936.500000000	-0.12
1936.583333000	-0.07
1936.666667000	-0.11
1936.750000000	-0.18
1936.833333000	-0.21
1936.916667000	-0.19
1937.000000000	-0.15
1937.083333000	-0.10
1937.166667000	-0.02
1937.250000000	0.05
1937.333333000	0.06
1937.416667000	0.06
1937.500000000	0.09
1937.583333000	0.15
1937.666667000	0.21
1937.750000000	0.27
1937.833333000	0.31
1937.916667000	0.31
1938.000000000	0.27
1938.083333000	0.24
1938.166667000	0.21
1938.250000000	0.11
1938.333333000	-0.09
1938.416667000	-0.27
1938.500000000	-0.32
1938.583333000	-0.29
1938.666667000	-0.29
1938.750000000	-0.33
1938.833333000	-0.37
1938.916667000	-0.37
1939.000000000	-0.31
1939.083333000	-0.23
1939.166667000	-0.18
1939.250000000	-0.18
1939.333333000	-0.22
1939.416667000	-0.19
1939.500000000	-0.08
1939.583333000	0.00
1939.666667000	-0.03
1939.750000000	-0.07
1939.833333000	-0.02
1939.916667000	0.13
1940.000000000	0.29
1940.083333000	0.44
1940.166667000	0.55
1940.250000000	0.61
1940.333333000	0.65
1940.416667000	0.71
1940.500000000	0.79
1940.583333000	0.82
1940.666667000	0.79
1940.750000000	0.75
1940.833333000	0.79
1940.916667000	0.85
1941.000000000	0.90
1941.083333000	0.92
1941.166667000	0.94
1941.250000000	0.92
1941.333333000	0.85
1941.416667000	0.75
1941.500000000	0.68
1941.583333000	0.64
1941.666667000	0.62
1941.750000000	0.61
1941.833333000	0.57
1941.916667000	0.43
1942.000000000	0.21
1942.083333000	0.05
1942.166667000	0.06
1942.250000000	0.13
1942.333333000	0.14
1942.416667000	0.05
1942.500000000	-0.04
1942.583333000	-0.09
1942.666667000	-0.07
1942.750000000	-0.03
1942.833333000	-0.03
1942.916667000	-0.12
1943.000000000	-0.23
1943.083333000	-0.22
1943.166667000	-0.09
1943.250000000	0.05
1943.333333000	0.10
1943.416667000	0.08
1943.500000000	0.08
1943.583333000	0.08
1943.666667000	0.04
1943.750000000	-0.03
1943.833333000	-0.06
1943.916667000	-0.04
1944.000000000	-0.01
1944.083333000	0.02
1944.166667000	0.03
1944.250000000	0.01
1944.333333000	-0.03
1944.416667000	-0.02
1944.500000000	0.05
1944.583333000	0.10
1944.666667000	0.08
1944.750000000	0.07
1944.833333000	0.14
1944.916667000	0.23
1945.000000000	0.24
1945.083333000	0.15
1945.166667000	-0.01
1945.250000000	-0.19
1945.333333000	-0.33
1945.416667000	-0.38
1945.500000000	-0.37
1945.583333000	-0.37
1945.666667000	-0.41
1945.750000000	-0.44
1945.833333000	-0.40
1945.916667000	-0.35
1946.000000000	-0.35
1946.083333000	-0.40
1946.166667000	-0.44
1946.250000000	-0.46
1946.333333000	-0.45
1946.416667000	-0.40
1946.500000000	-0.33
1946.583333000	-0.30
1946.666667000	-0.32
1946.750000000	-0.34
1946.833333000	-0.32
1946.916667000	-0.31
1947.000000000	-0.35
1947.083333000	-0.39
1947.166667000	-0.36
1947.250000000	-0.30
1947.333333000	-0.25
1947.416667000	-0.22
1947.500000000	-0.21
1947.583333000	-0.19
1947.666667000	-0.18
1947.750000000	-0.13
1947.833333000	-0.07
1947.916667000	-0.04
1948.000000000	-0.05
1948.083333000	-0.04
1948.166667000	0.04
1948.250000000	0.11
1948.333333000	0.10
1948.416667000	0.05
1948.500000000	0.02
1948.583333000	0.00
1948.666667000	-0.03
1948.750000000	-0.06
1948.833333000	-0.07
1948.916667000	-0.06
1949.000000000	-0.05
1949.083333000	-0.05
1949.166667000	-0.05
1949.250000000	-0.08
1949.333333000	-0.14
1949.416667000	-0.18
1949.500000000	-0.18
1949.583333000	-0.22
1949.666667000	-0.34
1949.750000000	-0.46
1949.833333000	-0.49
1949.916667000	-0.45
1950.000000000	-0.43
1950.083333000	-0.46
1950.166667000	-0.54
1950.250000000	-0.62
1950.333333000	-0.68
1950.416667000	-0.69
1950.500000000	-0.67
1950.583333000	-0.68
1950.666667000	-0.75
1950.750000000	-0.79
1950.833333000	-0.77
1950.916667000	-0.72
1951.000000000	-0.71
1951.083333000	-0.70
1951.166667000	-0.62
1951.250000000	-0.52
1951.333333000	-0.45
1951.416667000	-0.38
1951.500000000	-0.26
1951.583333000	-0.12
1951.666667000	0.00
1951.750000000	0.09
1951.833333000	0.15
1951.916667000	0.18
1952.000000000	0.20
1952.083333000	0.27
1952.166667000	0.39
1952.250000000	0.48
1952.333333000	0.47
1952.416667000	0.44
1952.500000000	0.46
1952.583333000	0.52
1952.666667000	0.56
1952.750000000	0.58
1952.833333000	0.61
1952.916667000	0.61
1953.000000000	0.55
1953.083333000	0.50
1953.166667000	0.50
1953.250000000	0.52
1953.333333000	0.51
1953.416667000	0.49
1953.500000000	0.47
1953.583333000	0.46
1953.666667000	0.46
1953.750000000	0.52
1953.833333000	0.61
1953.916667000	0.66
1954.000000000	0.59
1954.083333000	0.47
1954.166667000	0.35
1954.250000000	0.24
1954.333333000	0.13
1954.416667000	0.07
1954.500000000	0.07
1954.583333000	0.07
1954.666667000	0.02
1954.750000000	-0.07
1954.833333000	-0.11
1954.916667000	-0.11
1955.000000000	-0.08
1955.083333000	-0.06
1955.166667000	-0.05
1955.250000000	-0.12
1955.333333000	-0.22
1955.416667000	-0.29
1955.500000000	-0.30
1955.583333000	-0.33
1955.666667000	-0.44
1955.750000000	-0.59
1955.833333000	-0.72
1955.916667000	-0.81
1956.000000000	-0.83
1956.083333000	-0.76
1956.166667000	-0.58
1956.250000000	-0.42
1956.333333000	-0.36
1956.416667000	-0.36
1956.500000000	-0.34
1956.583333000	-0.26
1956.666667000	-0.17
1956.750000000	-0.08
1956.833333000	0.00
1956.916667000	0.08
1957.000000000	0.17
1957.083333000	0.33
1957.166667000	0.49
1957.250000000	0.52
1957.333333000	0.43
1957.416667000	0.33
1957.500000000	0.34
1957.583333000	0.40
1957.666667000	0.40
1957.750000000	0.36
1957.833333000	0.36
1957.916667000	0.44
1958.000000000	0.54
1958.083333000	0.61
1958.166667000	0.60
1958.250000000	0.52
1958.333333000	0.42
1958.416667000	0.38
1958.500000000	0.39
1958.583333000	0.36
1958.666667000	0.24
1958.750000000	0.13
1958.833333000	0.10
1958.916667000	0.09
1959.000000000	0.04
1959.083333000	-0.04
1959.166667000	-0.10
1959.250000000	-0.11
1959.333333000	-0.12
1959.416667000	-0.14
1959.500000000	-0.14
1959.583333000	-0.14
1959.666667000	-0.15
1959.750000000	-0.13
1959.833333000	-0.08
1959.916667000	-0.09
1960.000000000	-0.15
1960.083333000	-0.19
1960.166667000	-0.14
1960.250000000	-0.07
1960.333333000	-0.04
1960.416667000	-0.05
1960.500000000	-0.05
1960.583333000	-0.02
1960.666667000	0.01
1960.750000000	0.05
1960.833333000	0.07
1960.916667000	0.02
1961.000000000	-0.10
1961.083333000	-0.19
1961.166667000	-0.18
1961.250000000	-0.15
1961.333333000	-0.18
1961.416667000	-0.25
1961.500000000	-0.31
1961.583333000	-0.33
1961.666667000	-0.36
1961.750000000	-0.39
1961.833333000	-0.42
1961.916667000	-0.46
1962.000000000	-0.48
1962.083333000	-0.45
1962.166667000	-0.37
1962.250000000	-0.34
1962.333333000	-0.40
1962.416667000	-0.45
1962.500000000	-0.41
1962.583333000	-0.34
1962.666667000	-0.31
1962.750000000	-0.34
1962.833333000	-0.36
1962.916667000	-0.36
1963.000000000	-0.33
1963.083333000	-0.28
1963.166667000	-0.22
1963.250000000	-0.19
1963.333333000	-0.17
1963.416667000	-0.10
1963.500000000	0.02
1963.583333000	0.12
1963.666667000	0.16
1963.750000000	0.20
1963.833333000	0.30
1963.916667000	0.38
1964.000000000	0.38
1964.083333000	0.31
1964.166667000	0.22
1964.250000000	0.16
1964.333333000	0.13
1964.416667000	0.14
1964.500000000	0.14
1964.583333000	0.08
1964.666667000	-0.01
1964.750000000	-0.04
1964.833333000	0.05
1964.916667000	0.18
1965.000000000	0.25
1965.083333000	0.24
1965.166667000	0.22
1965.250000000	0.22
1965.333333000	0.24
1965.416667000	0.28
1965.500000000	0.32
1965.583333000	0.32
1965.666667000	0.28
1965.750000000	0.27
1965.833333000	0.32
1965.916667000	0.38
1966.000000000	0.39
1966.083333000	0.38
1966.166667000	0.40
1966.250000000	0.40
1966.333333000	0.33
1966.416667000	0.24
1966.500000000	0.18
1966.583333000	0.13
1966.666667000	0.07
1966.750000000	0.00
1966.833333000	-0.07
1966.916667000	-0.16
1967.000000000	-0.26
1967.083333000	-0.30
1967.166667000	-0.24
1967.250000000	-0.19
1967.333333000	-0.20
1967.416667000	-0.26
1967.500000000	-0.31
1967.583333000	-0.36
1967.666667000	-0.42
1967.750000000	-0.47
1967.833333000	-0.46
1967.916667000	-0.44
1968.000000000	-0.44
1968.083333000	-0.44
1968.166667000	-0.39
1968.250000000	-0.31
1968.333333000	-0.22
1968.416667000	-0.09
1968.500000000	0.05
1968.583333000	0.14
1968.666667000	0.17
1968.750000000	0.24
1968.833333000	0.39
1968.916667000	0.54
1969.000000000	0.61
1969.083333000	0.60
1969.166667000	0.54
1969.250000000	0.47
1969.333333000	0.41
1969.416667000	0.39
1969.500000000	0.43
1969.583333000	0.45
1969.666667000	0.42
1969.750000000	0.35
1969.833333000	0.28
1969.916667000	0.18
1970.000000000	0.05
1970.083333000	-0.04
1970.166667000	-0.08
1970.250000000	-0.13
1970.333333000	-0.24
1970.416667000	-0.33
1970.500000000	-0.34
1970.583333000	-0.31
1970.666667000	-0.32
1970.750000000	-0.39
1970.833333000	-0.49
1970.916667000	-0.57
1971.000000000	-0.62
1971.083333000	-0.59
1971.166667000	-0.53
1971.250000000	-0.51
1971.333333000	-0.55
1971.416667000	-0.57
1971.500000000	-0.52
1971.583333000	-0.45
1971.666667000	-0.40
1971.750000000	-0.33
1971.833333000	-0.20
1971.916667000	-0.07
1972.000000000	-0.02
1972.083333000	-0.02
1972.166667000	-0.03
1972.250000000	-0.01
1972.333333000	0.01
1972.416667000	0.03
1972.500000000	0.04
1972.583333000	0.06
1972.666667000	0.09
1972.750000000	0.20
1972.833333000	0.35
1972.916667000	0.44
1973.000000000	0.41
1973.083333000	0.31
1973.166667000	0.23
1973.250000000	0.14
1973.333333000	0.03
1973.416667000	-0.08
1973.500000000	-0.14
1973.583333000	-0.19
1973.666667000	-0.29
1973.750000000	-0.42
1973.833333000	-0.53
1973.916667000	-0.57
1974.000000000	-0.52
1974.083333000	-0.39
1974.166667000	-0.23
1974.250000000	-0.14
1974.333333000	-0.14
1974.416667000	-0.16
1974.500000000	-0.16
1974.583333000	-0.19
1974.666667000	-0.31
1974.750000000	-0.48
1974.833333000	-0.59
1974.916667000	-0.63
1975.000000000	-0.58
1975.083333000	-0.45
1975.166667000	-0.25
1975.250000000	-0.09
1975.333333000	-0.04
1975.416667000	-0.04
1975.500000000	-0.04
1975.583333000	0.00
1975.666667000	0.03
1975.750000000	0.07
1975.833333000	0.14
1975.916667000	0.21
1976.000000000	0.27
1976.083333000	0.33
1976.166667000	0.36
1976.250000000	0.29
1976.333333000	0.13
1976.416667000	0.01
1976.500000000	0.01
1976.583333000	0.09
1976.666667000	0.13
1976.750000000	0.14
1976.833333000	0.15
1976.916667000	0.17
1977.000000000	0.18
1977.083333000	0.19
1977.166667000	0.21
1977.250000000	0.24
1977.333333000	0.26
1977.416667000	0.32
1977.500000000	0.42
1977.583333000	0.52
1977.666667000	0.57
1977.750000000	0.61
1977.833333000	0.65
1977.916667000	0.64
1978.000000000	0.54
1978.083333000	0.44
1978.166667000	0.42
1978.250000000	0.45
1978.333333000	0.46
1978.416667000	0.46
1978.500000000	0.47
1978.583333000	0.47
1978.666667000	0.46
1978.750000000	0.45
1978.833333000	0.47
1978.916667000	0.49
1979.000000000	0.47
1979.083333000	0.44
1979.166667000	0.40
1979.250000000	0.32
1979.333333000	0.22
1979.416667000	0.16
1979.500000000	0.18
1979.583333000	0.21
1979.666667000	0.20
1979.750000000	0.18
1979.833333000	0.21
1979.916667000	0.26
1980.000000000	0.29
1980.083333000	0.31
1980.166667000	0.35
1980.250000000	0.37
1980.333333000	0.34
1980.416667000	0.31
1980.500000000	0.33
1980.583333000	0.38
1980.666667000	0.41
1980.750000000	0.44
1980.833333000	0.44
1980.916667000	0.40
1981.000000000	0.36
1981.083333000	0.40
1981.166667000	0.52
1981.250000000	0.63
1981.333333000	0.64
1981.416667000	0.57
1981.500000000	0.52
1981.583333000	0.50
1981.666667000	0.46
1981.750000000	0.39
1981.833333000	0.30
1981.916667000	0.18
1982.000000000	0.05
1982.083333000	-0.01
1982.166667000	0.01
1982.250000000	0.06
1982.333333000	0.08
1982.416667000	0.08
1982.500000000	0.06
1982.583333000	-0.01
1982.666667000	-0.11
1982.750000000	-0.15
1982.833333000	-0.08
1982.916667000	0.02
1983.000000000	0.05
1983.083333000	0.00
1983.166667000	-0.07
1983.250000000	-0.13
1983.333333000	-0.17
1983.416667000	-0.19
1983.500000000	-0.21
1983.583333000	-0.29
1983.666667000	-0.42
1983.750000000	-0.47
1983.833333000	-0.38
1983.916667000	-0.23
1984.000000000	-0.14
1984.083333000	-0.13
1984.166667000	-0.17
1984.250000000	-0.24
1984.333333000	-0.30
1984.416667000	-0.30
1984.500000000	-0.26
1984.583333000	-0.23
1984.666667000	-0.25
1984.750000000	-0.27
1984.833333000	-0.26
1984.916667000	-0.25
1985.000000000	-0.28
1985.083333000	-0.31
1985.166667000	-0.32
1985.250000000	-0.32
1985.333333000	-0.34
1985.416667000	-0.35
1985.500000000	-0.30
1985.583333000	-0.23
1985.666667000	-0.20
1985.750000000	-0.19
1985.833333000	-0.18
1985.916667000	-0.18
1986.000000000	-0.21
1986.083333000	-0.19
1986.166667000	-0.08
1986.250000000	0.06
1986.333333000	0.17
1986.416667000	0.25
1986.500000000	0.33
1986.583333000	0.39
1986.666667000	0.41
1986.750000000	0.44
1986.833333000	0.49
1986.916667000	0.51
1987.000000000	0.46
1987.083333000	0.39
1987.166667000	0.34
1987.250000000	0.30
1987.333333000	0.25
1987.416667000	0.21
1987.500000000	0.22
1987.583333000	0.24
1987.666667000	0.22
1987.750000000	0.20
1987.833333000	0.20
1987.916667000	0.17
1988.000000000	0.08
1988.083333000	-0.04
1988.166667000	-0.17
1988.250000000	-0.32
1988.333333000	-0.50
1988.416667000	-0.61
1988.500000000	-0.64
1988.583333000	-0.64
1988.666667000	-0.67
1988.750000000	-0.74
1988.833333000	-0.80
1988.916667000	-0.85
1989.000000000	-0.87
1989.083333000	-0.84
1989.166667000	-0.74
1989.250000000	-0.64
1989.333333000	-0.58
1989.416667000	-0.50
1989.500000000	-0.39
1989.583333000	-0.28
1989.666667000	-0.23
1989.750000000	-0.20
1989.833333000	-0.12
1989.916667000	-0.02
1990.000000000	0.09
1990.083333000	0.20
1990.166667000	0.32
1990.250000000	0.41
1990.333333000	0.43
1990.416667000	0.43
1990.500000000	0.45
1990.583333000	0.46
1990.666667000	0.47
1990.750000000	0.54
1990.833333000	0.65
1990.916667000	0.74
1991.000000000	0.75
1991.083333000	0.71
1991.166667000	0.71
1991.250000000	0.72
1991.333333000	0.68
1991.416667000	0.59
1991.500000000	0.50
1991.583333000	0.43
1991.666667000	0.41
1991.750000000	0.43
1991.833333000	0.48
1991.916667000	0.50
1992.000000000	0.47
1992.083333000	0.46
1992.166667000	0.48
1992.250000000	0.46
1992.333333000	0.37
1992.416667000	0.28
1992.500000000	0.24
1992.583333000	0.19
1992.666667000	0.05
1992.750000000	-0.14
1992.833333000	-0.26
1992.916667000	-0.25
1993.000000000	-0.12
1993.083333000	0.04
1993.166667000	0.17
1993.250000000	0.21
1993.333333000	0.20
1993.416667000	0.23
1993.500000000	0.30
1993.583333000	0.31
1993.666667000	0.22
1993.750000000	0.10
1993.833333000	0.06
1993.916667000	0.07
1994.000000000	0.09
1994.083333000	0.12
1994.166667000	0.18
1994.250000000	0.24
1994.333333000	0.24
1994.416667000	0.24
1994.500000000	0.30
1994.583333000	0.42
1994.666667000	0.56
1994.750000000	0.67
1994.833333000	0.74
1994.916667000	0.72
1995.000000000	0.64
1995.083333000	0.60
1995.166667000	0.60
1995.250000000	0.55
1995.333333000	0.41
1995.416667000	0.27
1995.500000000	0.24
1995.583333000	0.31
1995.666667000	0.36
1995.750000000	0.34
1995.833333000	0.26
1995.916667000	0.14
1996.000000000	0.02
1996.083333000	-0.05
1996.166667000	-0.04
1996.250000000	-0.03
1996.333333000	-0.03
1996.416667000	-0.02
1996.500000000	0.03
1996.583333000	0.08
1996.666667000	0.11
1996.750000000	0.14
1996.833333000	0.20
1996.916667000	0.27
1997.000000000	0.29
1997.083333000	0.29
1997.166667000	0.30
1997.250000000	0.29
1997.333333000	0.27
1997.416667000	0.28
1997.500000000	0.35
1997.583333000	0.42
1997.666667000	0.44
1997.750000000	0.47
1997.833333000	0.56
1997.916667000	0.71
1998.000000000	0.83
1998.083333000	0.90
1998.166667000	0.91
1998.250000000	0.84
1998.333333000	0.73
1998.416667000	0.66
1998.500000000	0.63
1998.583333000	0.57
1998.666667000	0.46
1998.750000000	0.34
1998.833333000	0.26
1998.916667000	0.18
1999.000000000	0.04
1999.083333000	-0.07
1999.166667000	-0.11
1999.250000000	-0.11
1999.333333000	-0.16
1999.416667000	-0.28
1999.500000000	-0.45
1999.583333000	-0.61
1999.666667000	-0.74
1999.750000000	-0.80
1999.833333000	-0.86
1999.916667000	-0.97
2000.000000000	-1.11
2000.083333000	-1.14
2000.166667000	-1.01
2000.250000000	-0.83
2000.333333000	-0.74
2000.416667000	-0.75
2000.500000000	-0.78
2000.583333000	-0.79
2000.666667000	-0.78
2000.750000000	-0.76
2000.833333000	-0.70
2000.916667000	-0.64
2001.000000000	-0.57
2001.083333000	-0.47
2001.166667000	-0.33
2001.250000000	-0.20
2001.333333000	-0.11
2001.416667000	-0.02
2001.500000000	0.09
2001.583333000	0.16
2001.666667000	0.16
2001.750000000	0.17
2001.833333000	0.28
2001.916667000	0.43
2002.000000000	0.54
2002.083333000	0.56
2002.166667000	0.52
2002.250000000	0.44
2002.333333000	0.38
2002.416667000	0.39
2002.500000000	0.44
2002.583333000	0.46
2002.666667000	0.40
2002.750000000	0.36
2002.833333000	0.42
2002.916667000	0.52
2003.000000000	0.54
2003.083333000	0.48
2003.166667000	0.38
2003.250000000	0.29
2003.333333000	0.24
2003.416667000	0.29
2003.500000000	0.42
2003.583333000	0.53
2003.666667000	0.57
2003.750000000	0.59
2003.833333000	0.62
2003.916667000	0.64
2004.000000000	0.59
2004.083333000	0.50
2004.166667000	0.42
2004.250000000	0.34
2004.333333000	0.26
2004.416667000	0.23
2004.500000000	0.26
2004.583333000	0.29
2004.666667000	0.28
2004.750000000	0.23
2004.833333000	0.17
2004.916667000	0.10
2005.000000000	0.02
2005.083333000	-0.01
2005.166667000	0.04
2005.250000000	0.11
2005.333333000	0.12
2005.416667000	0.10
2005.500000000	0.11
2005.583333000	0.13
2005.666667000	0.16
2005.750000000	0.19
2005.833333000	0.22
2005.916667000	0.20
2006.000000000	0.14
2006.083333000	0.12
2006.166667000	0.16
2006.250000000	0.21
2006.333333000	0.21
2006.416667000	0.19
2006.500000000	0.20
2006.583333000	0.23
2006.666667000	0.27
2006.750000000	0.32
2006.833333000	0.39
2006.916667000	0.44
2007.000000000	0.42
2007.083333000	0.36
2007.166667000	0.30
2007.250000000	0.24
2007.333333000	0.16
2007.416667000	0.08
2007.500000000	0.01
2007.583333000	-0.10
2007.666667000	-0.24
2007.750000000	-0.36
2007.833333000	-0.41
2007.916667000	-0.43
2008.000000000	-0.47
2008.083333000	-0.49
2008.166667000	-0.46
2008.250000000	-0.38
2008.333333000	-0.33
2008.416667000	-0.31
2008.500000000	-0.30
2008.583333000	-0.32
2008.666667000	-0.37
2008.750000000	-0.39
2008.833333000	-0.36
2008.916667000	-0.30
2009.000000000	-0.22
2009.083333000	-0.10
2009.166667000	0.05
2009.250000000	0.15
2009.333333000	0.14
2009.416667000	0.10
2009.500000000	0.10
2009.583333000	0.13
2009.666667000	0.15
2009.750000000	0.17
2009.833333000	0.22
2009.916667000	0.26
2010.000000000	0.29
2010.083333000	0.33
2010.166667000	0.38
2010.250000000	0.38
2010.333333000	0.31
2010.416667000	0.23
2010.500000000	0.20
2010.583333000	0.18
2010.666667000	0.13
2010.750000000	0.08
2010.833333000	0.09
2010.916667000	0.13
2011.000000000	0.16
2011.083333000	0.15
2011.166667000	0.09
2011.250000000	-0.03
2011.333333000	-0.16
2011.416667000	-0.20
2011.500000000	-0.13
2011.583333000	-0.09
2011.666667000	-0.16
2011.750000000	-0.28
2011.833333000	-0.32
2011.916667000	-0.25
2012.000000000	-0.14
2012.083333000	-0.07
2012.166667000	-0.06
2012.250000000	-0.09
2012.333333000	-0.11
2012.416667000	-0.06
2012.500000000	0.06
2012.583333000	0.18
2012.666667000	0.22
2012.750000000	0.22
2012.833333000	0.19
2012.916667000	0.10
2013.000000000	-0.03
2013.083333000	-0.12
2013.166667000	-0.10
2013.250000000	-0.04
2013.333333000	-0.04
2013.416667000	-0.10
2013.500000000	-0.11
2013.583333000	-0.03
2013.666667000	0.10
2013.750000000	0.20
2013.833333000	0.21
2013.916667000	0.12
2014.000000000	0.04
2014.083333000	0.06
2014.166667000	0.17
2014.250000000	0.24
2014.333333000	0.19
2014.416667000	0.10
2014.500000000	0.10
2014.583333000	0.17
2014.666667000	0.23
2014.750000000	0.26
2014.833333000	0.28
2014.916667000	0.32
2015.000000000	0.39
2015.083333000	0.50
2015.166667000	0.61
2015.250000000	0.69
2015.333333000	0.71
2015.416667000	0.72
2015.500000000	0.76
2015.583333000	0.79
2015.666667000	0.78
2015.750000000	0.78
2015.833333000	0.83
2015.916667000	0.88
2016.000000000	0.87
2016.083333000	0.81
2016.166667000	0.75
2016.250000000	0.65
2016.333333000	0.50
2016.416667000	0.35
2016.500000000	0.23
2016.583333000	0.10
2016.666667000	-0.05
2016.750000000	-0.19
2016.833333000	-0.26
2016.916667000	-0.28
2017.000000000	-0.31
2017.083333000	-0.33
2017.166667000	-0.33
2017.250000000	-0.31
2017.333333000	-0.31
2017.416667000	-0.30
2017.500000000	-0.31
2017.583333000	-0.37
2017.666667000	-0.45
2017.750000000	-0.48
2017.833333000	-0.41
2017.916667000	-0.32
2018.000000000	-0.28
2018.083333000	-0.25
2018.166667000	-0.13
2018.250000000	0.04
2018.333333000	0.20
2018.416667000	0.29
2018.500000000	0.33
2018.583333000	0.34
2018.666667000	0.37
2018.750000000	0.45
2018.833333000	0.57
2018.916667000	0.66
2019.000000000	0.68
2019.083333000	0.72
2019.166667000	0.80
2019.250000000	0.85
2019.333333000	0.81
2019.416667000	0.75
2019.500000000	0.74
2019.583333000	0.77
2019.666667000	0.75
2019.750000000	0.68
2019.833333000	0.59
2019.916667000	0.51
2020.000000000	0.45
2020.083333000	0.42
2020.166667000	0.40
2020.250000000	0.35
2020.333333000	0.28
2020.416667000	0.28
2020.500000000	0.36
2020.583333000	0.42
2020.666667000	0.40
2020.750000000	0.35
2020.833333000	0.34
2020.916667000	0.36
2021.000000000	0.34
2021.083333000	0.27
2021.166667000	0.17
2021.250000000	0.10
2021.333333000	0.07
2021.416667000	0.11
2021.500000000	0.19
2021.583333000	0.23
2021.666667000	0.22
2021.750000000	0.22
2021.833333000	0.30
2021.916667000	0.38
2022.000000000	0.36
2022.083333000	0.24
2022.166667000	0.10
2022.250000000	-0.04
2022.333333000	-0.14
2022.416667000	-0.16
2022.500000000	-0.10
2022.583333000	-0.03
2022.666667000	-0.03
2022.750000000	-0.04
2022.833333000	-0.04
2022.916667000	-0.04
2023.000000000	-0.07
2023.083333000	-0.11
2023.166667000	-0.15
2023.250000000	-0.22
2023.333333000	-0.33
2023.416667000	-0.42
2023.500000000	-0.44
2023.583333000	-0.43
2023.666667000	-0.46
2023.750000000	-0.51
2023.833333000	-0.57
2023.916667000	-0.64
2024.000000000	-0.68
2024.083333000	-0.62
2024.166667000	-0.44
