1880	0
1880.083333	0
1880.166667	0
1880.25	0
1880.333333	0
1880.416667	0
1880.5	0
1880.583333	0
1880.666667	0
1880.75	0
1880.833333	0
1880.916667	0
1881	0.002899777
1881.083333	0.036664425
1881.166667	0.030226642
1881.25	0.024654017
1881.333333	0.02254904
1881.416667	0.022130235
1881.5	0.025374539
1881.583333	0.03964443
1881.666667	0.069526179
1881.75	0.041543761
1881.833333	0.008193645
1881.916667	-0.034330539
1882	-0.091905938
1882.083333	-0.158800203
1882.166667	-0.152397999
1882.25	-0.12295336
1882.333333	-0.088223304
1882.416667	-0.054625228
1882.5	-0.026473466
1882.583333	-0.005217197
1882.666667	-0.015784163
1882.75	0.001501027
1882.833333	0.012051882
1882.916667	0.017886253
1883	0.021142939
1883.083333	0.036571896
1883.166667	0.028489493
1883.25	0.022006863
1883.333333	0.019489883
1883.416667	0.020899778
1883.5	0.026571711
1883.583333	0.032464674
1883.666667	0.029538688
1883.75	-0.155958775
1883.833333	-0.385126058
1883.916667	-0.653093951
1884	-0.931847301
1884.083333	-1.167430195
1884.166667	-1.141047214
1884.25	-1.019366817
1884.333333	-0.823985093
1884.416667	-0.602663285
1884.5	-0.402946871
1884.583333	-0.251530726
1884.666667	-0.148985843
1884.75	-0.092035761
1884.833333	-0.033978646
1884.916667	0.003157115
1885	0.037068547
1885.083333	0.042629879
1885.166667	0.048700186
1885.25	0.055055588
1885.333333	0.070004757
1885.416667	0.088316196
1885.5	0.112795817
1885.583333	0.136676738
1885.666667	0.166562496
1885.75	0.190156259
1885.833333	0.232816928
1885.916667	0.276925103
1886	0.326870095
1886.083333	0.34521777
1886.166667	0.338574499
1886.25	0.303764673
1886.333333	0.242976376
1886.416667	0.173490835
1886.5	0.109505935
1886.583333	0.063360796
1886.666667	0.032273767
1886.75	0.009166329
1886.833333	-0.031359732
1886.916667	-0.055619984
1887	-0.068358844
1887.083333	-0.054018989
1887.166667	-0.04904612
1887.25	-0.050925277
1887.333333	-0.040887179
1887.416667	-0.032554288
1887.5	-0.022429993
1887.583333	-0.019591967
1887.666667	0.0041684
1887.75	0.086671755
1887.833333	0.182616236
1887.916667	0.270874153
1888	0.305000762
1888.083333	0.318893337
1888.166667	0.309704165
1888.25	0.276593843
1888.333333	0.211619238
1888.416667	0.1445711
1888.5	0.085845614
1888.583333	0.054602931
1888.666667	0.03025815
1888.75	0.011999063
1888.833333	0.043025765
1888.916667	0.062792194
1889	0.081160934
1889.083333	0.059436717
1889.166667	0.050015135
1889.25	0.046440091
1889.333333	0.05278524
1889.416667	0.060968632
1889.5	0.07295913
1889.583333	0.087602926
1889.666667	0.107694166
1889.75	0.209141491
1889.833333	-0.322742958
1889.916667	-0.955753261
1890	-1.726937519
1890.083333	-1.827069996
1890.166667	-1.78929166
1890.25	-1.601102543
1890.333333	-1.29268475
1890.416667	-0.940117867
1890.5	-0.61759512
1890.583333	-0.375601952
1890.666667	-0.216085394
1890.75	-0.128338336
1890.833333	-0.094998818
1890.916667	-0.072815922
1891	-0.050319836
1891.083333	-0.017530709
1891.166667	0.006392707
1891.25	0.026161082
1891.333333	0.036154347
1891.416667	0.044685685
1891.5	0.051825829
1891.583333	0.063695058
1891.666667	0.074092146
1891.75	0.101161671
1891.833333	0.038743632
1891.916667	-0.034663648
1892	-0.13338525
1892.083333	-0.138809736
1892.166667	-0.135078042
1892.25	-0.121684343
1892.333333	-0.096933369
1892.416667	-0.068825986
1892.5	-0.042959917
1892.583333	-0.026196186
1892.666667	-0.015070738
1892.75	-0.063144334
1892.833333	-0.067389235
1892.916667	-0.07254993
1893	-0.025026916
1893.083333	-0.01850468
1893.166667	-0.013590038
1893.25	-0.008817292
1893.333333	-0.012399766
1893.416667	-0.017528489
1893.5	-0.026278321
1893.583333	-0.026767676
1893.666667	-0.018570257
1893.75	-0.000471886
1893.833333	-0.101855857
1893.916667	-0.229815672
1894	-0.374497487
1894.083333	-0.390668989
1894.166667	-0.378939327
1894.25	-0.33847775
1894.333333	-0.25741543
1894.416667	-0.172744347
1894.5	-0.098609638
1894.583333	-0.061310605
1894.666667	-0.033568058
1894.75	-0.05993135
1894.833333	-0.0662263
1894.916667	-0.072693282
1895	-0.037296881
1895.083333	-0.026895332
1895.166667	-0.022538832
1895.25	-0.019870168
1895.333333	-0.028909987
1895.416667	-0.037784889
1895.5	-0.048373218
1895.583333	-0.050470653
1895.666667	-0.060659553
1895.75	-0.130336032
1895.833333	-0.178343985
1895.916667	-0.227787467
1896	-0.218946124
1896.083333	-0.230577317
1896.166667	-0.221802427
1896.25	-0.193891742
1896.333333	-0.156647602
1896.416667	-0.116557688
1896.5	-0.081996191
1896.583333	-0.053147686
1896.666667	-0.03304948
1896.75	-0.008925622
1896.833333	0.03082437
1896.916667	0.056463629
1897	0.065906855
1897.083333	0.052161463
1897.166667	0.04478851
1897.25	0.041278903
1897.333333	0.041376311
1897.416667	0.04561014
1897.5	0.053741104
1897.583333	0.063810972
1897.666667	0.073773119
1897.75	0.085634021
1897.833333	0.062972823
1897.916667	0.035703463
1898	0.002241415
1898.083333	0.002521091
1898.166667	0.003572743
1898.25	0.004285108
1898.333333	0.005382133
1898.416667	0.004199702
1898.5	0.001144981
1898.583333	-0.003375179
1898.666667	-0.005055477
1898.75	-0.030711074
1898.833333	-0.066311658
1898.916667	-0.088537088
1899	-0.080600356
1899.083333	-0.060043496
1899.166667	-0.051865591
1899.25	-0.05087772
1899.333333	-0.052212013
1899.416667	-0.055216993
1899.5	-0.058666589
1899.583333	-0.056563166
1899.666667	-0.039825288
1899.75	-0.043734369
1899.833333	0.200588671
1899.916667	0.472187361
1900	0.788353242
1900.083333	0.831043767
1900.166667	0.812542449
1900.25	0.728046827
1900.333333	0.579063786
1900.416667	0.412858965
1900.5	0.261483762
1900.583333	0.158493738
1900.666667	0.088353903
1900.75	0.084126915
1900.833333	0.052120521
1900.916667	0.034494757
1901	-0.012790867
1901.083333	-0.014996811
1901.166667	-0.017984162
1901.25	-0.023688967
1901.333333	-0.01617129
1901.416667	-0.009998498
1901.5	-0.002138728
1901.583333	-0.007967052
1901.666667	-0.021334968
1901.75	0.045273446
1901.833333	0.116219116
1901.916667	0.207838116
1902	0.222379898
1902.083333	0.233843158
1902.166667	0.225274128
1902.25	0.197782437
1902.333333	0.15552521
1902.416667	0.111304677
1902.5	0.072949342
1902.583333	0.047095992
1902.666667	0.028954038
1902.75	0.036382896
1902.833333	0.089170572
1902.916667	0.12193145
1903	0.128811523
1903.083333	0.093253707
1903.166667	0.075577567
1903.25	0.06858611
1903.333333	0.064818954
1903.416667	0.065585824
1903.5	0.069707304
1903.583333	0.081082906
1903.666667	0.102749643
1903.75	0.12091711
1903.833333	-0.267248319
1903.916667	-0.735459852
1904	-1.239822329
1904.083333	-1.314275359
1904.166667	-1.288677213
1904.25	-1.153150623
1904.333333	-0.932477311
1904.416667	-0.679685276
1904.5	-0.448903014
1904.583333	-0.273692311
1904.666667	-0.15898007
1904.75	-0.100725759
1904.833333	0.000472907
1904.916667	0.06529202
1905	0.123989784
1905.083333	0.109017987
1905.166667	0.10825645
1905.25	0.116843611
1905.333333	0.126007534
1905.416667	0.139824806
1905.5	0.15883699
1905.583333	0.195458679
1905.666667	0.252860395
1905.75	0.313926243
1905.833333	0.362089581
1905.916667	0.401587818
1906	0.438430093
1906.083333	0.467028224
1906.166667	0.455753319
1906.25	0.40250716
1906.333333	0.339518293
1906.416667	0.261662496
1906.5	0.189283555
1906.583333	0.114221502
1906.666667	0.066847222
1906.75	0.019028184
1906.833333	-0.024718031
1906.916667	-0.053924976
1907	-0.058580381
1907.083333	-0.053659545
1907.166667	-0.054068981
1907.25	-0.055727143
1907.333333	-0.07134815
1907.416667	-0.089168548
1907.5	-0.11238324
1907.583333	-0.130494857
1907.666667	-0.166798286
1907.75	-0.269761993
1907.833333	-0.21642665
1907.916667	-0.134646026
1908	0.025905685
1908.083333	0.029467548
1908.166667	0.033029195
1908.25	0.033976744
1908.333333	0.03694543
1908.416667	0.033751918
1908.5	0.027050076
1908.583333	0.014207082
1908.666667	0.007439366
1908.75	0.032164804
1908.833333	-0.037447645
1908.916667	-0.079456679
1909	-0.137352313
1909.083333	-0.101770729
1909.166667	-0.08502722
1909.25	-0.079485375
1909.333333	-0.07914591
1909.416667	-0.083991149
1909.5	-0.093618666
1909.583333	-0.113293683
1909.666667	-0.142497006
1909.75	-0.171777387
1909.833333	-0.23310641
1909.916667	-0.297785558
1910	-0.366621961
1910.083333	-0.388403986
1910.166667	-0.379108239
1910.25	-0.336512673
1910.333333	-0.268689578
1910.416667	-0.193982369
1910.5	-0.12737811
1910.583333	-0.078238529
1910.666667	-0.044801768
1910.75	-0.051603509
1910.833333	-0.086170315
1910.916667	-0.107858634
1911	-0.098596758
1911.083333	-0.06823081
1911.166667	-0.052779163
1911.25	-0.046203405
1911.333333	-0.040805587
1911.416667	-0.038218669
1911.5	-0.035870228
1911.583333	-0.030547306
1911.666667	-0.02056109
1911.75	-0.004207748
1911.833333	0.251122572
1911.916667	0.545541494
1912	0.856248961
1912.083333	0.902939831
1912.166667	0.88334173
1912.25	0.791624605
1912.333333	0.634618921
1912.416667	0.457170311
1912.5	0.294873017
1912.583333	0.1788656
1912.666667	0.100083069
1912.75	0.139263796
1912.833333	0.132113356
1912.916667	0.131690049
1913	0.051506545
1913.083333	0.032055473
1913.166667	0.019796549
1913.25	0.009582724
1913.333333	0.020450988
1913.416667	0.033043953
1913.5	0.051234807
1913.583333	0.055356372
1913.666667	0.056767009
1913.75	0.139016481
1913.833333	0.204119336
1913.916667	0.283520982
1914	0.281307481
1914.083333	0.293751125
1914.166667	0.282691374
1914.25	0.248893183
1914.333333	0.196089653
1914.416667	0.140363209
1914.5	0.09189742
1914.583333	0.058464019
1914.666667	0.034517737
1914.75	0.014910091
1914.833333	0.072029146
1914.916667	0.107269203
1915	0.138331369
1915.083333	0.100623668
1915.166667	0.082026541
1915.25	0.074365585
1915.333333	0.075139986
1915.416667	0.080894538
1915.5	0.092153084
1915.583333	0.106784314
1915.666667	0.127196648
1915.75	0.101758742
1915.833333	-0.114129772
1915.916667	-0.372858941
1916	-0.607806531
1916.083333	-0.647023738
1916.166667	-0.636262517
1916.25	-0.570372663
1916.333333	-0.466430014
1916.416667	-0.34428999
1916.5	-0.23124234
1916.583333	-0.140556361
1916.666667	-0.08278244
1916.75	0.022909062
1916.833333	-0.023628005
1916.916667	-0.047983087
1917	-0.134022722
1917.083333	-0.089542654
1917.166667	-0.061873226
1917.25	-0.045325477
1917.333333	-0.033169201
1917.416667	-0.028298487
1917.5	-0.027995002
1917.583333	-0.029949002
1917.666667	-0.030257681
1917.75	0.015738001
1917.833333	-0.548437486
1917.916667	-1.216743628
1918	-1.986856197
1918.083333	-2.101521884
1918.166667	-2.057456499
1918.25	-1.840326662
1918.333333	-1.479704959
1918.416667	-1.069712017
1918.5	-0.695625503
1918.583333	-0.420248517
1918.666667	-0.238364662
1918.75	-0.160617959
1918.833333	-0.042983022
1918.916667	0.030027342
1919	0.112358084
1919.083333	0.106096588
1919.166667	0.111430671
1919.25	0.126002799
1919.333333	0.134930197
1919.416667	0.149688865
1919.5	0.169276273
1919.583333	0.20149808
1919.666667	0.228385317
1919.75	0.315368506
1919.833333	0.55448059
1919.916667	0.840594655
1920	1.080543957
1920.083333	1.146275907
1920.166667	1.123174507
1920.25	1.002360569
1920.333333	0.818918077
1920.416667	0.604715635
1920.5	0.407862066
1920.583333	0.245257417
1920.666667	0.139756417
1920.75	0.063599079
1920.833333	0.001033862
1920.916667	-0.039762014
1921	-0.057369975
1921.083333	-0.05763604
1921.166667	-0.062614729
1921.25	-0.070393436
1921.333333	-0.083303604
1921.416667	-0.099130039
1921.5	-0.119932409
1921.583333	-0.144209944
1921.666667	-0.169536
1921.75	-0.178766809
1921.833333	-0.167125742
1921.916667	-0.154311095
1922	-0.152581185
1922.083333	-0.159901939
1922.166667	-0.153977257
1922.25	-0.135773159
1922.333333	-0.103557718
1922.416667	-0.070086277
1922.5	-0.040799133
1922.583333	-0.023918111
1922.666667	-0.011161413
1922.75	-0.02638419
1922.833333	-0.082002813
1922.916667	-0.1184269
1923	-0.12483526
1923.083333	-0.092810457
1923.166667	-0.077837899
1923.25	-0.072466821
1923.333333	-0.07616895
1923.416667	-0.083633676
1923.5	-0.094874106
1923.583333	-0.106196416
1923.666667	-0.128196779
1923.75	-0.114845881
1923.833333	-0.142650056
1923.916667	-0.169946235
1924	-0.236487655
1924.083333	-0.251122205
1924.166667	-0.242196792
1924.25	-0.210554277
1924.333333	-0.173503979
1924.416667	-0.131690007
1924.5	-0.09552892
1924.583333	-0.060561725
1924.666667	-0.037939291
1924.75	-0.020525219
1924.833333	-0.017152975
1924.916667	-0.013222752
1925	-0.011477876
1925.083333	-0.001240315
1925.166667	0.004233226
1925.25	0.00499239
1925.333333	0.023522684
1925.416667	0.042799725
1925.5	0.067660995
1925.583333	0.07789312
1925.666667	0.08329906
1925.75	0.148691593
1925.833333	0.224268662
1925.916667	0.31722906
1926	0.350298986
1926.083333	0.366636699
1926.166667	0.35452214
1926.25	0.313756735
1926.333333	0.242814987
1926.416667	0.168980512
1926.5	0.104710081
1926.583333	0.066230684
1926.666667	0.0385375
1926.75	0.04089048
1926.833333	0.098199013
1926.916667	0.134193102
1927	0.143244443
1927.083333	0.103553466
1927.166667	0.083651574
1927.25	0.074649741
1927.333333	0.075224901
1927.416667	0.080983711
1927.5	0.091443323
1927.583333	0.102075252
1927.666667	0.118422537
1927.75	0.074797447
1927.833333	-0.08625271
1927.916667	-0.279363115
1928	-0.42637538
1928.083333	-0.453025259
1928.166667	-0.445036596
1928.25	-0.399075748
1928.333333	-0.329190639
1928.416667	-0.245402492
1928.5	-0.167408058
1928.583333	-0.101626341
1928.666667	-0.059589105
1928.75	0.024011891
1928.833333	-0.024135756
1928.916667	-0.050902003
1929	-0.126681488
1929.083333	-0.087445215
1929.166667	-0.064327973
1929.25	-0.051598228
1929.333333	-0.043515657
1929.416667	-0.041939164
1929.5	-0.045257452
1929.583333	-0.051120131
1929.666667	-0.062081139
1929.75	-0.033313089
1929.833333	-0.296620944
1929.916667	-0.601507512
1930	-0.970755018
1930.083333	-1.024970276
1930.166667	-1.003981644
1930.25	-0.899524409
1930.333333	-0.725249082
1930.416667	-0.525044537
1930.5	-0.34089484
1930.583333	-0.20337971
1930.666667	-0.112254437
1930.75	-0.059358268
1930.833333	-0.005969217
1930.916667	0.026280279
1931	0.049623634
1931.083333	0.046100069
1931.166667	0.048962999
1931.25	0.057555777
1931.333333	0.055458496
1931.416667	0.055258363
1931.5	0.053796092
1931.583333	0.05966302
1931.666667	0.053207989
1931.75	0.097660263
1931.833333	0.2513509
1931.916667	0.444634015
1932	0.599291241
1932.083333	0.639244933
1932.166667	0.628524034
1932.25	0.561574447
1932.333333	0.463974483
1932.416667	0.347208581
1932.5	0.238678817
1932.583333	0.144034951
1932.666667	0.083954186
1932.75	0.044572461
1932.833333	-0.010124433
1932.916667	-0.045975191
1933	-0.06932188
1933.083333	-0.061236425
1933.166667	-0.06082606
1933.25	-0.064426408
1933.333333	-0.073930904
1933.416667	-0.086457325
1933.5	-0.104269345
1933.583333	-0.125042201
1933.666667	-0.149741153
1933.75	-0.151403138
1933.833333	-0.135465717
1933.916667	-0.113705159
1934	-0.10983657
1934.083333	-0.113075538
1934.166667	-0.108007039
1934.25	-0.094783998
1934.333333	-0.069613895
1934.416667	-0.044474023
1934.5	-0.023012877
1934.583333	-0.012512393
1934.666667	-0.003595183
1934.75	0.030756262
1934.833333	0.053826244
1934.916667	0.067381439
1935	0.048970695
1935.083333	0.034421208
1935.166667	0.025604771
1935.25	0.021898264
1935.333333	0.011780318
1935.416667	0.004808021
1935.5	-0.001208256
1935.583333	0.002599921
1935.666667	-0.003749218
1935.75	0.004108703
1935.833333	-0.441542127
1935.916667	-0.959939918
1936	-1.537416857
1936.083333	-1.625784106
1936.166667	-1.585839696
1936.25	-1.41028996
1936.333333	-1.135472531
1936.416667	-0.827754761
1936.5	-0.551427952
1936.583333	-0.341915335
1936.666667	-0.202071763
1936.75	-0.118895707
1936.833333	-0.215232519
1936.916667	-0.271394032
1937	-0.311550752
1937.083333	-0.211004609
1937.166667	-0.156495085
1937.25	-0.129673662
1937.333333	-0.109936893
1937.416667	-0.101124886
1937.5	-0.099429376
1937.583333	-0.119015066
1937.666667	-0.157864956
1937.75	-0.238283965
1937.833333	-0.326524295
1937.916667	-0.413141839
1938	-0.46388686
1938.083333	-0.492203752
1938.166667	-0.481103361
1938.25	-0.426683153
1938.333333	-0.350086327
1938.416667	-0.260564513
1938.5	-0.179295633
1938.583333	-0.107810266
1938.666667	-0.061888778
1938.75	-0.027639272
1938.833333	-0.076390177
1938.916667	-0.105451463
1939	-0.134053917
1939.083333	-0.092501088
1939.166667	-0.069654235
1939.25	-0.058494578
1939.333333	-0.046237325
1939.416667	-0.039203042
1939.5	-0.035048307
1939.583333	-0.038280487
1939.666667	-0.034530351
1939.75	-0.028546989
1939.833333	-0.005547163
1939.916667	0.014160273
1940	0.034567242
1940.083333	0.036640442
1940.166667	0.036182897
1940.25	0.03412443
1940.333333	0.023733725
1940.416667	0.013499851
1940.5	0.004048045
1940.583333	0.002711481
1940.666667	0.000193489
1940.75	0.037789399
1940.833333	0.064208171
1940.916667	0.083195884
1941	0.061107284
1941.083333	0.047540624
1941.166667	0.041298753
1941.25	0.038174561
1941.333333	0.048616605
1941.416667	0.060845728
1941.5	0.078145178
1941.583333	0.08977133
1941.666667	0.098605515
1941.75	0.171455759
1941.833333	-0.265037212
1941.916667	-0.777003214
1942	-1.40192682
1942.083333	-1.486203673
1942.166667	-1.458337546
1942.25	-1.306155146
1942.333333	-1.059103046
1942.416667	-0.773649109
1942.5	-0.5111711
1942.583333	-0.308522227
1942.666667	-0.17657593
1942.75	-0.070132268
1942.833333	-0.112066702
1942.916667	-0.135547181
1943	-0.182127821
1943.083333	-0.11949346
1943.166667	-0.079889197
1943.25	-0.052798409
1943.333333	-0.044850014
1943.416667	-0.045610736
1943.5	-0.056272289
1943.583333	-0.071466566
1943.666667	-0.10700244
1943.75	-0.176649253
1943.833333	-0.177981187
1943.916667	-0.156563267
1944	-0.094997125
1944.083333	-0.093471099
1944.166667	-0.087539949
1944.25	-0.077026362
1944.333333	-0.045257092
1944.416667	-0.017336452
1944.5	0.004871311
1944.583333	0.003216586
1944.666667	0.004594108
1944.75	0.002182682
1944.833333	-0.008639946
1944.916667	-0.01679896
1945	-0.020589129
1945.083333	-0.017028344
1945.166667	-0.016173394
1945.25	-0.015638478
1945.333333	-0.018962422
1945.416667	-0.022753008
1945.5	-0.028223371
1945.583333	-0.033233951
1945.666667	-0.037284685
1945.75	-0.02116855
1945.833333	-0.027030913
1945.916667	-0.035983084
1946	-0.065997089
1946.083333	-0.067747504
1946.166667	-0.064332002
1946.25	-0.056138641
1946.333333	-0.036263962
1946.416667	-0.018575769
1946.5	-0.004322447
1946.583333	-0.002979612
1946.666667	-0.001005101
1946.75	0.028431525
1946.833333	0.045440875
1946.916667	0.056397909
1947	0.03711826
1947.083333	0.025633537
1947.166667	0.0190368
1947.25	0.016639697
1947.333333	0.008601401
1947.416667	0.002919449
1947.5	-0.001612915
1947.583333	0.002927522
1947.666667	-0.004493321
1947.75	-0.060560138
1947.833333	-0.31612085
1947.916667	-0.605512866
1948	-0.869325254
1948.083333	-0.91891541
1948.166667	-0.894751093
1948.25	-0.794173784
1948.333333	-0.634057986
1948.416667	-0.458292236
1948.5	-0.302238368
1948.583333	-0.189666796
1948.666667	-0.113836598
1948.75	-0.077754396
1948.833333	-0.091142884
1948.916667	-0.097286379
1949	-0.091072189
1949.083333	-0.055711653
1949.166667	-0.036856032
1949.25	-0.028082123
1949.333333	-0.012711973
1949.416667	0.001433449
1949.5	0.017688336
1949.583333	0.019559883
1949.666667	0.010944061
1949.75	-0.039433023
1949.833333	-0.072425851
1949.916667	-0.102050541
1950	-0.09480499
1950.083333	-0.1040474
1950.166667	-0.102739061
1950.25	-0.08978577
1950.333333	-0.078865322
1950.416667	-0.063892595
1950.5	-0.050321021
1950.583333	-0.03158093
1950.666667	-0.021120754
1950.75	-0.004959058
1950.833333	-0.062501729
1950.916667	-0.096483732
1951	-0.131395197
1951.083333	-0.094819147
1951.166667	-0.075299149
1951.25	-0.066974303
1951.333333	-0.058438496
1951.416667	-0.055290462
1951.5	-0.054830481
1951.583333	-0.061531895
1951.666667	-0.063158583
1951.75	0.005107992
1951.833333	0.084872463
1951.916667	0.170628229
1952	0.191118361
1952.083333	0.201961938
1952.166667	0.198202058
1952.25	0.178453182
1952.333333	0.142204658
1952.416667	0.1014951
1952.5	0.064035173
1952.583333	0.038236161
1952.666667	0.019941913
1952.75	0.001654496
1952.833333	-0.013060231
1952.916667	-0.021430601
1953	-0.019390373
1953.083333	-0.013850929
1953.166667	-0.011313958
1953.25	-0.012411414
1953.333333	0.000258401
1953.416667	0.012480609
1953.5	0.027987007
1953.583333	0.029271061
1953.666667	0.021075455
1953.75	0.043181078
1953.833333	0.131145716
1953.916667	0.244259436
1954	0.331359147
1954.083333	0.346318166
1954.166667	0.334062638
1954.25	0.294891754
1954.333333	0.228550236
1954.416667	0.160160775
1954.5	0.101143027
1954.583333	0.06509946
1954.666667	0.038405839
1954.75	0.059040188
1954.833333	0.008916042
1954.916667	-0.021413032
1955	-0.08036447
1955.083333	-0.062698968
1955.166667	-0.051637982
1955.25	-0.045421808
1955.333333	-0.046775465
1955.416667	-0.053805571
1955.5	-0.067554412
1955.583333	-0.091517873
1955.666667	-0.126862916
1955.75	-0.098881181
1955.833333	-0.576129119
1955.916667	-1.129806734
1956	-1.79246622
1956.083333	-1.894225491
1956.166667	-1.852672724
1956.25	-1.655614087
1956.333333	-1.332100941
1956.416667	-0.964979093
1956.5	-0.630648917
1956.583333	-0.38316728
1956.666667	-0.219021526
1956.75	-0.129847068
1956.833333	-0.132539192
1956.916667	-0.133126387
1957	-0.126068464
1957.083333	-0.071961617
1957.166667	-0.036827011
1957.25	-0.012181317
1957.333333	0.000477478
1957.416667	0.008495174
1957.5	0.012900432
1957.583333	0.022091448
1957.666667	0.033212402
1957.75	0.018240074
1957.833333	0.038464049
1957.916667	0.060556187
1958	0.111709852
1958.083333	0.120297206
1958.166667	0.117637583
1958.25	0.102910213
1958.333333	0.089735455
1958.416667	0.072788655
1958.5	0.057099497
1958.583333	0.035865266
1958.666667	0.022509144
1958.75	0.011700283
1958.833333	-0.075164302
1958.916667	-0.13067342
1959	-0.171195763
1959.083333	-0.131263837
1959.166667	-0.110537855
1959.25	-0.10028342
1959.333333	-0.110666096
1959.416667	-0.128650945
1959.5	-0.157709461
1959.583333	-0.192840577
1959.666667	-0.25325554
1959.75	-0.387729593
1959.833333	-0.526449789
1959.916667	-0.664148305
1960	-0.730347208
1960.083333	-0.767260694
1960.166667	-0.744873941
1960.25	-0.661446765
1960.333333	-0.520227739
1960.416667	-0.367592349
1960.5	-0.232657363
1960.583333	-0.144022477
1960.666667	-0.08182259
1960.75	-0.045158946
1960.833333	-0.123749918
1960.916667	-0.172778277
1961	-0.208537339
1961.083333	-0.146897957
1961.166667	-0.115582661
1961.25	-0.101752671
1961.333333	-0.09891838
1961.416667	-0.102638678
1961.5	-0.112677843
1961.583333	-0.13450519
1961.666667	-0.174026847
1961.75	-0.223697315
1961.833333	-0.726519915
1961.916667	-1.308250533
1962	-1.927616255
1962.083333	-2.042834937
1962.166667	-1.997135702
1962.25	-1.779018749
1962.333333	-1.443478984
1962.416667	-1.059628884
1962.5	-0.711180021
1962.583333	-0.435176495
1962.666667	-0.253737722
1962.75	-0.165692753
1962.833333	-0.119105129
1962.916667	-0.087232036
1963	-0.042097702
1963.083333	-0.003318439
1963.166667	0.024140438
1963.25	0.044251876
1963.333333	0.066802292
1963.416667	0.089580077
1963.5	0.116116933
1963.583333	0.146258359
1963.666667	0.195606826
1963.75	0.300078762
1963.833333	0.423687046
1963.916667	0.546943208
1964	0.618669778
1964.083333	0.652959944
1964.166667	0.63704711
1964.25	0.567512465
1964.333333	0.453799837
1964.416667	0.326450464
1964.5	0.210533962
1964.583333	0.125777551
1964.666667	0.068907265
1964.75	0.028932622
1964.833333	-0.008619689
1964.916667	-0.03123586
1965	-0.040833511
1965.083333	-0.035318686
1965.166667	-0.034753666
1965.25	-0.038576063
1965.333333	-0.033496452
1965.416667	-0.030192631
1965.5	-0.026637144
1965.583333	-0.036639781
1965.666667	-0.059485522
1965.75	-0.026893368
1965.833333	0.019653032
1965.916667	0.086195189
1966	0.098408349
1966.083333	0.100123772
1966.166667	0.093598016
1966.25	0.080895322
1966.333333	0.052740503
1966.416667	0.028856178
1966.5	0.010805831
1966.583333	0.010660008
1966.666667	0.008109991
1966.75	0.036590398
1966.833333	-0.036430877
1966.916667	-0.080941709
1967	-0.14423258
1967.083333	-0.106502722
1967.166667	-0.084437671
1967.25	-0.072669942
1967.333333	-0.072578214
1967.416667	-0.081173819
1967.5	-0.099868399
1967.583333	-0.130103822
1967.666667	-0.173349068
1967.75	-0.177240678
1967.833333	-0.686314663
1967.916667	-1.274869028
1968	-1.948149615
1968.083333	-2.058696204
1968.166667	-2.014184103
1968.25	-1.800543751
1968.333333	-1.447492626
1968.416667	-1.047189875
1968.5	-0.682966704
1968.583333	-0.413848001
1968.666667	-0.234822654
1968.75	-0.139746947
1968.833333	-0.119327529
1968.916667	-0.105880779
1969	-0.085324013
1969.083333	-0.039627191
1969.166667	-0.008320611
1969.25	0.015861375
1969.333333	0.029311959
1969.416667	0.039842655
1969.5	0.048001213
1969.583333	0.063981458
1969.666667	0.086361396
1969.75	0.086054483
1969.833333	0.109953864
1969.916667	0.132082728
1970	0.178636769
1970.083333	0.19024492
1970.166667	0.185050123
1970.25	0.162918816
1970.333333	0.13436912
1970.416667	0.101610366
1970.5	0.072362663
1970.583333	0.045711629
1970.666667	0.028434754
1970.75	-0.017631513
1970.833333	-0.017243003
1970.916667	-0.019218374
1971	0.012073431
1971.083333	0.005309544
1971.166667	0.002283129
1971.25	0.002715418
1971.333333	-0.005293876
1971.416667	-0.014036522
1971.5	-0.027048704
1971.583333	-0.041176264
1971.666667	-0.072063967
1971.75	-0.132836136
1971.833333	-0.203745707
1971.916667	-0.267682506
1972	-0.303112901
1972.083333	-0.315616569
1972.166667	-0.305687286
1972.25	-0.272579491
1972.333333	-0.202440292
1972.416667	-0.131653324
1972.5	-0.070605732
1972.583333	-0.043849957
1972.666667	-0.022448806
1972.75	-0.022540905
1972.833333	0.019685977
1972.916667	0.044299749
1973	0.075260264
1973.083333	0.056792421
1973.166667	0.046063502
1973.25	0.041681396
1973.333333	0.036467165
1973.416667	0.036167923
1973.5	0.038601569
1973.583333	0.046331369
1973.666667	0.060788068
1973.75	0.036661452
1973.833333	-0.009552264
1973.916667	-0.072739537
1974	-0.102536039
1974.083333	-0.110052043
1974.166667	-0.106251171
1974.25	-0.092132419
1974.333333	-0.073680982
1974.416667	-0.055011707
1974.5	-0.039803683
1974.583333	-0.027165648
1974.666667	-0.018307345
1974.75	-0.000881332
1974.833333	-0.009038617
1974.916667	-0.012542372
1975	-0.025533157
1975.083333	-0.01681733
1975.166667	-0.012935228
1975.25	-0.011703875
1975.333333	-0.009593906
1975.416667	-0.007878339
1975.5	-0.005749691
1975.583333	-0.003412824
1975.666667	-0.003534507
1975.75	-0.014151109
1975.833333	-0.134800123
1975.916667	-0.275087395
1976	-0.41674992
1976.083333	-0.441698304
1976.166667	-0.430829877
1976.25	-0.38212786
1976.333333	-0.307399853
1976.416667	-0.22456642
1976.5	-0.150749824
1976.583333	-0.094129213
1976.666667	-0.056102503
1976.75	-0.042766755
1976.833333	0.008248002
1976.916667	0.041352549
1977	0.076637806
1977.083333	0.063836789
1977.166667	0.056968498
1977.25	0.05335607
1977.333333	0.06750304
1977.416667	0.086784709
1977.5	0.114509687
1977.583333	0.133431736
1977.666667	0.15387834
1977.75	0.195463337
1977.833333	0.293631544
1977.916667	0.40625162
1978	0.499012057
1978.083333	0.521929225
1978.166667	0.507069726
1978.25	0.452685474
1978.333333	0.353805127
1978.416667	0.247035571
1978.5	0.151463053
1978.583333	0.092549835
1978.666667	0.050243926
1978.75	0.065519375
1978.833333	0.161843588
1978.916667	0.22440367
1979	0.234380538
1979.083333	0.171949194
1979.166667	0.140699397
1979.25	0.126384057
1979.333333	0.135509844
1979.416667	0.153166118
1979.5	0.180898398
1979.583333	0.206364903
1979.666667	0.248143381
1979.75	0.319393633
1979.833333	-0.13790509
1979.916667	-0.692111756
1980	-1.326273906
1980.083333	-1.406230037
1980.166667	-1.380047365
1980.25	-1.236865125
1980.333333	-0.999976563
1980.416667	-0.728126684
1980.5	-0.478770434
1980.583333	-0.291292613
1980.666667	-0.16843086
1980.75	-0.096335026
1980.833333	-0.155547276
1980.916667	-0.190085554
1981	-0.216747215
1981.083333	-0.145594738
1981.166667	-0.103362765
1981.25	-0.077456963
1981.333333	-0.066089688
1981.416667	-0.06422665
1981.5	-0.07068176
1981.583333	-0.078371523
1981.666667	-0.083582585
1981.75	-0.110666343
1981.833333	-0.288371305
1981.916667	-0.501097669
1982	-0.705744022
1982.083333	-0.744479521
1982.166667	-0.72701585
1982.25	-0.648510854
1982.333333	-0.521072041
1982.416667	-0.376614722
1982.5	-0.244516697
1982.583333	-0.145914465
1982.666667	-0.081156134
1982.75	-0.05625277
1982.833333	0.0342899
1982.916667	0.090045131
1983	0.143900379
1983.083333	0.114693978
1983.166667	0.103559417
1983.25	0.104193663
1983.333333	0.108164807
1983.416667	0.11801585
1983.5	0.132654538
1983.583333	0.151790344
1983.666667	0.166080407
1983.75	0.212269463
1983.833333	0.136221292
1983.916667	0.052548052
1984	-0.07462653
1984.083333	-0.075194662
1984.166667	-0.071473487
1984.25	-0.064627038
1984.333333	-0.036180537
1984.416667	-0.011853211
1984.5	0.007417291
1984.583333	0.002117356
1984.666667	0.001306334
1984.75	-0.0049196
1984.833333	0.0015282
1984.916667	0.004479374
1985	0.01186601
1985.083333	0.005738506
1985.166667	0.000485493
1985.25	-0.002522461
1985.333333	-0.009451666
1985.416667	-0.014206342
1985.5	-0.019139473
1985.583333	-0.021256982
1985.666667	-0.018707046
1985.75	-0.054350644
1985.833333	-0.292184413
1985.916667	-0.580934187
1986	-0.85343074
1986.083333	-0.903913897
1986.166667	-0.880756164
1986.25	-0.781285105
1986.333333	-0.631400343
1986.416667	-0.463021582
1986.5	-0.311536493
1986.583333	-0.192925638
1986.666667	-0.114378011
1986.75	-0.039221534
1986.833333	-0.015930611
1986.916667	0.001646515
1987	-0.010699959
1987.083333	0.003909658
1987.166667	0.01333296
1987.25	0.019445919
1987.333333	0.03060748
1987.416667	0.042932556
1987.5	0.05915135
1987.583333	0.075415666
1987.666667	0.09503838
1987.75	0.090585467
1987.833333	0.091204914
1987.916667	0.088791281
1988	0.108862251
1988.083333	0.115178421
1988.166667	0.114345382
1988.25	0.104191788
1988.333333	0.083460645
1988.416667	0.058761621
1988.5	0.035280127
1988.583333	0.018902259
1988.666667	0.008258317
1988.75	-0.006247201
1988.833333	-0.028473707
1988.916667	-0.041959427
1989	-0.043664701
1989.083333	-0.034247647
1989.166667	-0.032003459
1989.25	-0.034479677
1989.333333	-0.028324379
1989.416667	-0.022046043
1989.5	-0.01403873
1989.583333	-0.019395393
1989.666667	-0.03289591
1989.75	-0.043477526
1989.833333	0.042083218
1989.916667	0.148286366
1990	0.257809358
1990.083333	0.269368954
1990.166667	0.263807569
1990.25	0.23890513
1990.333333	0.18292831
1990.416667	0.123221175
1990.5	0.068975005
1990.583333	0.041131555
1990.666667	0.020370685
1990.75	0.092778872
1990.833333	0.133095982
1990.916667	0.162412082
1991	0.105894527
1991.083333	0.07982794
1991.166667	0.066504911
1991.25	0.058634335
1991.333333	0.073310438
1991.416667	0.092551513
1991.5	0.11980473
1991.583333	0.139276734
1991.666667	0.186511085
1991.75	0.221070424
1991.833333	0.205064686
1991.916667	0.160048435
1992	0.123391086
1992.083333	0.127886032
1992.166667	0.12148769
1992.25	0.105219993
1992.333333	0.07771064
1992.416667	0.051413212
1992.5	0.029920539
1992.583333	0.019322794
1992.666667	0.010231672
1992.75	-0.028851673
1992.833333	0.043621476
1992.916667	0.087940015
1993	0.152971626
1993.083333	0.112564039
1993.166667	0.092471066
1993.25	0.083820813
1993.333333	0.086091882
1993.416667	0.094508357
1993.5	0.109872304
1993.583333	0.130686358
1993.666667	0.156860131
1993.75	0.227599251
1993.833333	0.0470509
1993.916667	-0.171808533
1994	-0.458703477
1994.083333	-0.487597824
1994.166667	-0.479347803
1994.25	-0.429998918
1994.333333	-0.35677043
1994.416667	-0.267758464
1994.5	-0.184320026
1994.583333	-0.111849709
1994.666667	-0.066191286
1994.75	0.035979397
1994.833333	0.065288348
1994.916667	0.087217664
1995	0.032404748
1995.083333	0.030646851
1995.166667	0.033708982
1995.25	0.039390722
1995.333333	0.04476579
1995.416667	0.050370907
1995.5	0.055270086
1995.583333	0.057114342
1995.666667	0.059207592
1995.75	0.017708296
1995.833333	-0.197909701
1995.916667	-0.448672842
1996	-0.672889383
1996.083333	-0.708055771
1996.166667	-0.692853655
1996.25	-0.622046354
1996.333333	-0.491693867
1996.416667	-0.34683366
1996.5	-0.215525973
1996.583333	-0.130410691
1996.666667	-0.072249155
1996.75	-0.055541888
1996.833333	-0.028748993
1996.916667	-0.013720247
1997	0.013089442
1997.083333	0.013880378
1997.166667	0.015994627
1997.25	0.020998631
1997.333333	0.014228926
1997.416667	0.008948899
1997.5	0.001883803
1997.583333	0.007341774
1997.666667	0.023383004
1997.75	0.018557837
1997.833333	0.301993559
1997.916667	0.625036389
1998	0.998379223
1998.083333	1.060317388
1998.166667	1.041511915
1998.25	0.93285379
1998.333333	0.757064292
1998.416667	0.553199787
1998.5	0.365679538
1998.583333	0.220100652
1998.666667	0.125439816
1998.75	0.101834819
1998.833333	0.108632243
1998.916667	0.112630201
1999	0.085737536
1999.083333	0.050308345
1999.166667	0.026786535
1999.25	0.010239798
1999.333333	-0.000903035
1999.416667	-0.007954976
1999.5	-0.012282265
1999.583333	-0.01234356
1999.666667	-0.008951949
1999.75	-0.013853841
1999.833333	-0.045325118
1999.916667	-0.085565026
2000	-0.119172229
2000.083333	-0.125970241
2000.166667	-0.12193727
2000.25	-0.107219643
2000.333333	-0.085327241
2000.416667	-0.062130961
2000.5	-0.042603433
2000.583333	-0.028258035
2000.666667	-0.017844039
2000.75	-0.019416485
2000.833333	0.00930316
2000.916667	0.027298549
2001	0.049157149
2001.083333	0.037644962
2001.166667	0.03014905
2001.25	0.025478336
2001.333333	0.024245304
2001.416667	0.026794879
2001.5	0.032865303
2001.583333	0.036948801
2001.666667	0.035900547
2001.75	0.013017046
2001.833333	0.149707678
2001.916667	0.315032127
2002	0.513338955
2002.083333	0.539945576
2002.166667	0.527669582
2002.25	0.473404562
2002.333333	0.373305592
2002.416667	0.262335493
2002.5	0.160937394
2002.583333	0.095506733
2002.666667	0.050692072
2002.75	0.097428697
2002.833333	0.122587459
2002.916667	0.142231759
2003	0.089788485
2003.083333	0.064714466
2003.166667	0.050700168
2003.25	0.041144496
2003.333333	0.053123455
2003.416667	0.06859595
2003.5	0.090698366
2003.583333	0.107888916
2003.666667	0.155451042
2003.75	0.193596993
2003.833333	0.195102213
2003.916667	0.168787514
2004	0.15052522
2004.083333	0.156444672
2004.166667	0.148447592
2004.25	0.128515615
2004.333333	0.097466572
2004.416667	0.067081201
2004.5	0.04164221
2004.583333	0.027172625
2004.666667	0.015326592
2004.75	0.05894215
2004.833333	0.152662173
2004.916667	0.213140453
2005	0.210126678
2005.083333	0.154596067
2005.166667	0.127137283
2005.25	0.116517731
2005.333333	0.114292263
2005.416667	0.120169822
2005.5	0.133622179
2005.583333	0.158461308
2005.666667	0.190531645
2005.75	0.223620329
2005.833333	-0.123478568
2005.916667	-0.538849767
2006	-0.993423909
2006.083333	-1.053780554
2006.166667	-1.033956944
2006.25	-0.925638179
2006.333333	-0.751029636
2006.416667	-0.55002199
2006.5	-0.366258407
2006.583333	-0.2247118
2006.666667	-0.132721146
2006.75	-0.001618105
2006.833333	0.048925215
2006.916667	0.085753639
2007	0.041720734
2007.083333	0.04544869
2007.166667	0.053392956
2007.25	0.063826707
2007.333333	0.07507122
2007.416667	0.086943312
2007.5	0.100311318
2007.583333	0.116006573
2007.666667	0.138172979
2007.75	0.153715787
2007.833333	-0.244762952
2007.916667	-0.718923952
2008	-1.226686208
2008.083333	-1.29711709
2008.166667	-1.271935836
2008.25	-1.140701874
2008.333333	-0.913381386
2008.416667	-0.656323046
2008.5	-0.42194601
2008.583333	-0.255744956
2008.666667	-0.1455441
2008.75	-0.0855056
2008.833333	0.041472763
2008.916667	0.120830391
2009	0.184753569
2009.083333	0.149711608
2009.166667	0.137358625
2009.25	0.140992935
2009.333333	0.14123929
2009.416667	0.149601015
2009.5	0.163752372
2009.583333	0.202096084
2009.666667	0.26641678
2009.75	0.355603165
2009.833333	0.448193937
2009.916667	0.531039446
2010	0.591860874
2010.083333	0.628894304
2010.166667	0.616644338
2010.25	0.550008688
2010.333333	0.457678042
2010.416667	0.345198023
2010.5	0.239653264
2010.583333	0.142132779
2010.666667	0.079112453
2010.75	0.06587631
2010.833333	0.026384186
2010.916667	0.002631566
2011	-0.037808592
2011.083333	-0.03726086
2011.166667	-0.039934321
2011.25	-0.043679486
2011.333333	-0.052763864
2011.416667	-0.063712808
2011.5	-0.077988822
2011.583333	-0.093053038
2011.666667	-0.117561879
2011.75	-0.121773055
2011.833333	-0.183659428
2011.916667	-0.247480799
2012	-0.336056946
2012.083333	-0.35333685
2012.166667	-0.343879709
2012.25	-0.30628544
2012.333333	-0.234665562
2012.416667	-0.159647845
2012.5	-0.093896096
2012.583333	-0.057680333
2012.666667	-0.031507406
2012.75	-0.017786962
2012.833333	0.012837297
2012.916667	0.031200791
2013	0.046518799
2013.083333	0.036364049
2013.166667	0.03085884
2013.25	0.029705904
2013.333333	0.022444615
2013.416667	0.01848415
2013.5	0.01570819
2013.583333	0.019482123
2013.666667	0.027428663
2013.75	0.038642282
2013.833333	-0.510581352
2013.916667	-1.168666988
2014	-1.886644899
2014.083333	-1.999115358
2014.166667	-1.953092036
2014.25	-1.738816352
2014.333333	-1.402181516
2014.416667	-1.022917997
2014.5	-0.68134436
2014.583333	-0.421265672
2014.666667	-0.249649082
2014.75	-0.151717116
2014.833333	-0.06961009
2014.916667	-0.013508161
2015	0.036484844
2015.083333	0.055051407
2015.166667	0.070635444
2015.25	0.083851879
2015.333333	0.115282156
2015.416667	0.151079615
2015.5	0.197975059
2015.583333	0.250053084
2015.666667	0.337384132
2015.75	0.456123106
2015.833333	0.462079109
2015.916667	0.431783107
2016	0.35885711
2016.083333	0.374453294
2016.166667	0.361724112
2016.25	0.320279604
2016.333333	0.252106078
2016.416667	0.178357612
2016.5	0.112485721
2016.583333	0.067091454
2016.666667	0.034288911
2016.75	0.090532608
2016.833333	0.177847435
2016.916667	0.236474081
2017	0.209377273
2017.083333	0.153110535
2017.166667	0.12468633
2017.25	0.112223675
2017.333333	0.11300688
2017.416667	0.122074584
2017.5	0.140368588
2017.583333	0.166131064
2017.666667	0.201174008
2017.75	0.230438983
2017.833333	0.157876703
2017.916667	0.064516852
2018	-0.035128958
2018.083333	-0.040992529
2018.166667	-0.043633481
2018.25	-0.04186384
2018.333333	-0.038057107
2018.416667	-0.030911875
2018.5	-0.022972933
2018.583333	-0.014980806
2018.666667	-0.011553296
2018.75	0.027955231
2018.833333	-0.037887055
2018.916667	-0.075889889
2019	-0.139830792
2019.083333	-0.101308959
2019.166667	-0.079222749
2019.25	-0.068176821
2019.333333	-0.061757243
2019.416667	-0.062917902
2019.5	-0.070748164
2019.583333	-0.090718474
2019.666667	-0.116567568
2019.75	-0.136416823
2019.833333	-0.723264819
2019.916667	-1.009561347
2020	-1.289777787
2020.083333	-1.515741676
2020.166667	-1.631704107
2020.25	-1.604767031
2020.333333	-1.447042566
2020.416667	-1.052209549
2020.5	-0.670415694
2020.583333	-0.383931048
2020.666667	-0.196842132
2020.75	-0.08582906
2020.833333	-0.015538384
2020.916667	0.026669999
2021	0.054012719
2021.083333	0.078844449
2021.166667	0.104592239
2021.25	0.135523531
2021.333333	0.179452673
2021.416667	0.207382016
2021.5	0.247980203
2021.583333	0.304087985
2021.666667	0.378498977
2021.75	0.47165348
2021.833333	0.578685876
2021.916667	0.691454258
2022	0.790844848
2022.083333	0.847136927
2022.166667	0.836597186
2022.25	0.749516879
2022.333333	0.608882305
2022.416667	0.441409097
2022.5	0.301003647
2022.583333	0.191818051
2022.666667	0.118928034
2022.75	0.075646784
2022.833333	0.052653965
2022.916667	0.035236962
2023	0.027622569
