1880	0
1880.083333	0
1880.166667	0
1880.25	-0.447695609
1880.333333	-0.465323514
1880.416667	-0.463148697
1880.5	-0.459786613
1880.583333	-0.346341509
1880.666667	-0.33868871
1880.75	-0.336535256
1880.833333	-0.33546405
1880.916667	-0.335101109
1881	-0.335075525
1881.083333	-0.334934591
1881.166667	-0.334256882
1881.25	-0.332764829
1881.333333	-0.330399062
1881.416667	-0.327334311
1881.5	-0.323932616
1881.583333	-0.223922513
1881.666667	-0.216867716
1881.75	-0.214740879
1881.833333	-0.213670858
1881.916667	-0.213307969
1882	-0.213282388
1882.083333	-0.213141454
1882.166667	-0.212463746
1882.25	-0.210971693
1882.333333	-0.208605925
1882.416667	-0.205541175
1882.5	-0.20213948
1882.583333	-0.632169579
1882.666667	-0.648707261
1882.75	-0.647630543
1882.833333	-0.646607264
1882.916667	-0.646246455
1883	-0.646220966
1883.083333	-0.646080037
1883.166667	-0.645402328
1883.25	-0.643910275
1883.333333	-0.641544508
1883.416667	-0.638479757
1883.5	-0.635078062
1883.583333	-0.467067681
1883.666667	-0.456986141
1883.75	-0.454724583
1883.833333	-0.453648565
1883.916667	-0.453285409
1884	-0.453259815
1884.083333	-0.453118881
1884.166667	-0.452441173
1884.25	-0.45094912
1884.333333	-0.448583352
1884.416667	-0.445518602
1884.5	-0.442116907
1884.583333	-0.431951976
1884.666667	-0.428896254
1884.75	-0.426947419
1884.833333	-0.425885321
1884.916667	-0.425522785
1885	-0.425497219
1885.083333	-0.425356286
1885.166667	-0.424678577
1885.25	-0.423186524
1885.333333	-0.420820757
1885.416667	-0.417756006
1885.5	-0.414354311
1885.583333	-0.416274282
1885.666667	-0.413756467
1885.75	-0.411831576
1885.833333	-0.410770543
1885.916667	-0.410408054
1886	-0.41038249
1886.083333	-0.410241558
1886.166667	-0.409563849
1886.25	-0.408071796
1886.333333	-0.405706028
1886.416667	-0.402641278
1886.5	-0.399239583
1886.583333	0.377088091
1886.666667	0.409039732
1886.75	0.408649101
1886.833333	0.407656359
1886.916667	0.40729691
1887	0.407271482
1887.083333	0.407130555
1887.166667	0.406452847
1887.25	0.404960794
1887.333333	0.402595026
1887.416667	0.399530276
1887.5	0.396128581
1887.583333	-0.430813504
1887.666667	-0.465018029
1887.75	-0.464727676
1887.833333	-0.463739398
1887.916667	-0.463380147
1888	-0.463354728
1888.083333	-0.463213801
1888.166667	-0.462536093
1888.25	-0.46104404
1888.333333	-0.458678272
1888.416667	-0.455613522
1888.5	-0.452211827
1888.583333	-0.515788699
1888.666667	-0.516015278
1888.75	-0.514212541
1888.833333	-0.513156946
1888.916667	-0.512794699
1889	-0.512769146
1889.083333	-0.512628214
1889.166667	-0.511950505
1889.25	-0.510458452
1889.333333	-0.508092684
1889.416667	-0.505027934
1889.5	-0.501626239
1889.583333	-0.735907763
1889.666667	-0.743732532
1889.75	-0.742267996
1889.833333	-0.741227455
1889.916667	-0.740865878
1890	-0.740840355
1890.083333	-0.740699424
1890.166667	-0.740021715
1890.25	-0.738529662
1890.333333	-0.736163894
1890.416667	-0.733099144
1890.5	-0.729697449
1890.583333	-0.780629431
1890.666667	-0.780293177
1890.75	-0.778465388
1890.833333	-0.777408677
1890.916667	-0.777046381
1891	-0.777020826
1891.083333	-0.776879894
1891.166667	-0.776202185
1891.25	-0.774710132
1891.333333	-0.772344364
1891.416667	-0.769279614
1891.5	-0.765877919
1891.583333	0.139873515
1891.666667	0.177585903
1891.75	0.177451687
1891.833333	0.176470359
1891.916667	0.176111418
1892	0.176086012
1892.083333	0.175945086
1892.166667	0.175267378
1892.25	0.173775325
1892.333333	0.171409557
1892.416667	0.168344807
1892.5	0.164943112
1892.583333	0.300664098
1892.666667	0.304101864
1892.75	0.30244206
1892.833333	0.301392826
1892.916667	0.301030863
1893	0.301005323
1893.083333	0.300864391
1893.166667	0.300186682
1893.25	0.298694629
1893.333333	0.296328861
1893.416667	0.293264111
1893.5	0.289862416
1893.583333	0.833189714
1893.666667	0.854770337
1893.75	0.853918084
1893.833333	0.852904795
1893.916667	0.852544432
1894	0.852518963
1894.083333	0.852378034
1894.166667	0.851700326
1894.25	0.850208273
1894.333333	0.847842505
1894.416667	0.844777755
1894.5	0.84137606
1894.583333	0.480489037
1894.666667	0.461822416
1894.75	0.459178729
1894.833333	0.458085702
1894.916667	0.45772179
1895	0.457696162
1895.083333	0.457555227
1895.166667	0.456877518
1895.25	0.455385465
1895.333333	0.453019697
1895.416667	0.449954947
1895.5	0.446553252
1895.583333	0.233075871
1895.666667	0.220970561
1895.75	0.218618923
1895.833333	0.217538896
1895.916667	0.217175562
1896	0.21714996
1896.083333	0.217009026
1896.166667	0.216331317
1896.25	0.214839264
1896.333333	0.212473496
1896.416667	0.209408746
1896.5	0.206007051
1896.583333	0.143339327
1896.666667	0.137946667
1896.75	0.135893813
1896.833333	0.134827085
1896.916667	0.134464343
1897	0.134438768
1897.083333	0.134297835
1897.166667	0.133620126
1897.25	0.132128073
1897.333333	0.129762305
1897.416667	0.126697555
1897.5	0.12329586
1897.583333	0.03710583
1897.666667	0.030666174
1897.75	0.028566718
1897.833333	0.027497916
1897.916667	0.027135081
1898	0.027109502
1898.083333	0.026968569
1898.166667	0.02629086
1898.25	0.024798807
1898.333333	0.022433039
1898.416667	0.019368289
1898.5	0.015966594
1898.583333	0.267150005
1898.666667	0.275727089
1898.75	0.274296039
1898.833333	0.273256988
1898.916667	0.272895478
1899	0.272869958
1899.083333	0.272729027
1899.166667	0.272051318
1899.25	0.270559265
1899.333333	0.268193497
1899.416667	0.265128747
1899.5	0.261727052
1899.583333	-0.148668645
1899.666667	-0.164332385
1899.75	-0.163216767
1899.833333	-0.162191756
1899.916667	-0.161830871
1900	-0.161805379
1900.083333	-0.161664449
1900.166667	-0.16098674
1900.25	-0.159494688
1900.333333	-0.15712892
1900.416667	-0.154064169
1900.5	-0.150662475
1900.583333	-0.154382693
1900.666667	-0.151945008
1900.75	-0.150023683
1900.833333	-0.148962809
1900.916667	-0.148600328
1901	-0.148574764
1901.083333	-0.148433832
1901.166667	-0.147756123
1901.25	-0.14626407
1901.333333	-0.143898302
1901.416667	-0.140833552
1901.5	-0.137431857
1901.583333	-0.613237694
1901.666667	-0.631812887
1901.75	-0.630826861
1901.833333	-0.629807618
1901.916667	-0.629446989
1902	-0.629421508
1902.083333	-0.629280579
1902.166667	-0.62860287
1902.25	-0.627110818
1902.333333	-0.62474505
1902.416667	-0.621680299
1902.5	-0.618278604
1902.583333	-0.287934428
1902.666667	-0.270627292
1902.75	-0.268044116
1902.833333	-0.266953783
1902.916667	-0.26658999
1903	-0.266564368
1903.083333	-0.266423433
1903.166667	-0.265745724
1903.25	-0.264253671
1903.333333	-0.261887904
1903.416667	-0.258823153
1903.5	-0.255421458
1903.583333	-0.339790474
1903.666667	-0.340942527
1903.75	-0.339180983
1903.833333	-0.338127222
1903.916667	-0.337765056
1904	-0.337739507
1904.083333	-0.337598575
1904.166667	-0.336920866
1904.25	-0.335428813
1904.333333	-0.333063046
1904.416667	-0.329998295
1904.5	-0.3265966
1904.583333	-0.302513745
1904.666667	-0.298838526
1904.75	-0.296862117
1904.833333	-0.295798791
1904.916667	-0.2954362
1905	-0.295410632
1905.083333	-0.295269699
1905.166667	-0.29459199
1905.25	-0.293099938
1905.333333	-0.29073417
1905.416667	-0.287669419
1905.5	-0.284267724
1905.583333	0.593490747
1905.666667	0.629957147
1905.75	0.629767471
1905.833333	0.628783675
1905.916667	0.628424624
1906	0.628399213
1906.083333	0.628258287
1906.166667	0.627580579
1906.25	0.626088526
1906.333333	0.623722758
1906.416667	0.620658008
1906.5	0.617256313
1906.583333	-0.148166867
1906.666667	-0.179633141
1906.75	-0.179220906
1906.833333	-0.178227203
1906.916667	-0.177867711
1907	-0.177842281
1907.083333	-0.177701354
1907.166667	-0.177023646
1907.25	-0.175531593
1907.333333	-0.173165825
1907.416667	-0.170101074
1907.5	-0.16669938
1907.583333	0.124155925
1907.666667	0.134498835
1907.75	0.133146383
1907.833333	0.13211083
1907.916667	0.131749476
1908	0.131723962
1908.083333	0.131583032
1908.166667	0.130905323
1908.25	0.12941327
1908.333333	0.127047503
1908.416667	0.123982752
1908.5	0.120581057
1908.583333	0.201460128
1908.666667	0.202456841
1908.75	0.200688383
1908.833333	0.199634314
1908.916667	0.199272135
1909	0.199246585
1909.083333	0.199105653
1909.166667	0.198427944
1909.25	0.196935891
1909.333333	0.194570123
1909.416667	0.191505373
1909.5	0.188103678
1909.583333	0.193835394
1909.666667	0.191487243
1909.75	0.189569903
1909.833333	0.188509207
1909.916667	0.188146733
1910	0.18812117
1910.083333	0.187980237
1910.166667	0.187302529
1910.25	0.185810476
1910.333333	0.183444708
1910.416667	0.180379958
1910.5	0.176978263
1910.583333	1.153905532
1910.666667	1.194786009
1910.75	1.194792807
1910.833333	1.193817755
1910.916667	1.193459093
1911	1.1934337
1911.083333	1.193292775
1911.166667	1.192615067
1911.25	1.191123014
1911.333333	1.188757246
1911.416667	1.185692495
1911.5	1.182290801
1911.583333	0.57737866
1911.666667	0.547850302
1911.75	0.544723151
1911.833333	0.543608605
1911.916667	0.543243734
1912	0.543218065
1912.083333	0.543077127
1912.166667	0.542399418
1912.25	0.540907365
1912.333333	0.538541597
1912.416667	0.535476847
1912.5	0.532075152
1912.583333	0.433133568
1912.666667	0.426126331
1912.75	0.424001612
1912.833333	0.422931685
1912.916667	0.4225688
1913	0.422543219
1913.083333	0.422402285
1913.166667	0.421724577
1913.25	0.420232524
1913.333333	0.417866756
1913.416667	0.414802005
1913.5	0.411400311
1913.583333	0.025259268
1913.666667	0.005468573
1913.75	0.002774852
1913.833333	0.001679599
1913.916667	0.001315587
1914	0.001289955
1914.083333	0.001149019
1914.166667	0.000471311
1914.25	-0.001020742
1914.333333	0.001212201
1914.416667	-0.001647858
1914.5	0.00149012
1914.583333	-0.05638222
1914.666667	-0.056354886
1914.75	-0.054540847
1914.833333	-0.053484749
1914.916667	-0.05312248
1915	-0.053096926
1915.083333	-0.052955994
1915.166667	-0.052278285
1915.25	-0.050786232
1915.333333	-0.048420464
1915.416667	-0.045355714
1915.5	-0.041954019
1915.583333	0.041686068
1915.666667	0.042805675
1915.75	0.041042688
1915.833333	0.039988862
1915.916667	0.039626694
1916	0.039601144
1916.083333	0.039460212
1916.166667	0.038782503
1916.25	0.037290451
1916.333333	0.034924683
1916.416667	0.031859932
1916.5	0.028458238
1916.583333	0.065602185
1916.666667	0.064652216
1916.75	0.06279711
1916.833333	0.061739184
1916.916667	0.061376833
1917	0.061351276
1917.083333	0.061210343
1917.166667	0.060532634
1917.25	0.059040582
1917.333333	0.056674814
1917.416667	0.053610063
1917.5	0.050208369
1917.583333	0.325215669
1917.666667	0.334853172
1917.75	0.333469322
1917.833333	0.332432372
1917.916667	0.332070955
1918	0.332045439
1918.083333	0.331904508
1918.166667	0.3312268
1918.25	0.329734747
1918.333333	0.327368979
1918.416667	0.324304228
1918.5	0.320902534
1918.583333	0.110016851
1918.666667	0.098026901
1918.75	0.095680397
1918.833333	0.094600598
1918.916667	0.094237274
1919	0.094211673
1919.083333	0.094070739
1919.166667	0.09339303
1919.25	0.091900977
1919.333333	0.08953521
1919.416667	0.086470459
1919.5	0.083068764
1919.583333	0.136482672
1919.666667	0.13625689
1919.75	0.134434018
1919.833333	0.133377527
1919.916667	0.13301524
1920	0.132989685
1920.083333	0.132848753
1920.166667	0.132171044
1920.25	0.130678992
1920.333333	0.128313224
1920.416667	0.125248473
1920.5	0.121846779
1920.583333	0.233906137
1920.666667	0.236290707
1920.75	0.234584024
1920.833333	0.233532704
1920.916667	0.233170648
1921	0.233145103
1921.083333	0.233004171
1921.166667	0.232326463
1921.25	0.23083441
1921.333333	0.228468642
1921.416667	0.225403892
1921.5	0.222002197
1921.583333	0.545118661
1921.666667	0.556897538
1921.75	0.555609003
1921.833333	0.554576295
1921.916667	0.554215067
1922	0.554189559
1922.083333	0.554048629
1922.166667	0.553370921
1922.25	0.551878868
1922.333333	0.5495131
1922.416667	0.546448349
1922.5	0.543046655
1922.583333	0.49670022
1922.666667	0.492034033
1922.75	0.490013515
1922.833333	0.488948226
1922.916667	0.488585548
1923	0.488559976
1923.083333	0.488419043
1923.166667	0.487741334
1923.25	0.486249281
1923.333333	0.483883513
1923.416667	0.480818763
1923.5	0.477417068
1923.583333	0.38601661
1923.666667	0.379345035
1923.75	0.377235256
1923.833333	0.376165994
1923.916667	0.375803139
1924	0.375777559
1924.083333	0.375636626
1924.166667	0.374958917
1924.25	0.373466864
1924.333333	0.371101096
1924.416667	0.368036346
1924.5	0.364634651
1924.583333	0.20259234
1924.666667	0.192776444
1924.75	0.190526709
1924.833333	0.189451218
1924.916667	0.189088085
1925	0.189062493
1925.083333	0.188921559
1925.166667	0.18824385
1925.25	0.186751797
1925.333333	0.184386029
1925.416667	0.181321279
1925.5	0.177919584
1925.583333	-0.640316326
1925.666667	-0.674133333
1925.75	-0.673825731
1925.833333	-0.672836685
1925.916667	-0.672477401
1926	-0.67245198
1926.083333	-0.672311053
1926.166667	-0.671633345
1926.25	-0.670141292
1926.333333	-0.667775524
1926.416667	-0.664710774
1926.5	-0.661309079
1926.583333	-0.129732944
1926.666667	-0.103468825
1926.75	-0.100486968
1926.833333	-0.099378889
1926.916667	-0.099014306
1927	-0.09898865
1927.083333	-0.098847713
1927.166667	-0.098170004
1927.25	-0.096677951
1927.333333	-0.094312183
1927.416667	-0.091247433
1927.5	-0.087845738
1927.583333	-0.618135347
1927.666667	-0.639135653
1927.75	-0.63825757
1927.833333	-0.637243132
1927.916667	-0.636882717
1928	-0.636857246
1928.083333	-0.636716317
1928.166667	-0.636038609
1928.25	-0.634546556
1928.333333	-0.632180788
1928.416667	-0.629116038
1928.5	-0.625714343
1928.583333	-0.615715136
1928.666667	-0.61266679
1928.75	-0.610718284
1928.833333	-0.609656201
1928.916667	-0.609293665
1929	-0.609268099
1929.083333	-0.609127166
1929.166667	-0.608449458
1929.25	-0.606957405
1929.333333	-0.604591637
1929.416667	-0.601526887
1929.5	-0.598125192
1929.583333	0.353893343
1929.666667	0.393665113
1929.75	0.393622562
1929.833333	0.392645314
1929.916667	0.392286554
1930	0.392261157
1930.083333	0.392120231
1930.166667	0.391442523
1930.25	0.38995047
1930.333333	0.387584702
1930.416667	0.384519952
1930.5	0.381118257
1930.583333	-0.028257777
1930.666667	-0.043876131
1930.75	-0.042758494
1930.833333	-0.041733392
1930.916667	-0.041372503
1931	-0.04134701
1931.083333	-0.041206081
1931.166667	-0.040528372
1931.25	-0.039036319
1931.333333	-0.036670552
1931.416667	-0.033605801
1931.5	-0.030204106
1931.583333	0.364062754
1931.666667	0.379008588
1931.75	0.377861016
1931.833333	0.376834582
1931.916667	0.376473634
1932	0.376448138
1932.083333	0.376307209
1932.166667	0.3756295
1932.25	0.374137447
1932.333333	0.371771679
1932.416667	0.368706929
1932.5	0.365305234
1932.583333	0.448479972
1932.666667	0.449578867
1932.75	0.447814957
1932.833333	0.44676109
1932.916667	0.44639892
1933	0.446373371
1933.083333	0.446232439
1933.166667	0.44555473
1933.25	0.444062677
1933.333333	0.441696909
1933.416667	0.438632159
1933.5	0.435230464
1933.583333	0.3331234
1933.666667	0.325975265
1933.75	0.323844275
1933.833333	0.322774069
1933.916667	0.322411171
1934	0.32238559
1934.083333	0.322244656
1934.166667	0.321566947
1934.25	0.320074894
1934.333333	0.317709127
1934.416667	0.314644376
1934.5	0.311242681
1934.583333	0.354702688
1934.666667	0.35403385
1934.75	0.352191258
1934.833333	0.351133889
1934.916667	0.350771563
1935	0.350746006
1935.083333	0.350605074
1935.166667	0.349927365
1935.25	0.348435312
1935.333333	0.346069545
1935.416667	0.343004794
1935.5	0.339603099
1935.583333	0.104198926
1935.666667	0.091117639
1935.75	0.088722559
1935.833333	0.087640598
1935.916667	0.087277178
1936	0.087251573
1936.083333	0.087110638
1936.166667	0.08643293
1936.25	0.084940877
1936.333333	0.082575109
1936.416667	0.079510359
1936.5	0.076108664
1936.583333	0.020988603
1936.666667	0.015931895
1936.75	0.013893995
1936.833333	0.012827932
1936.916667	0.01246522
1937	0.012439646
1937.083333	0.012298713
1937.166667	0.011621004
1937.25	0.010128951
1937.333333	0.007763183
1937.416667	0.004698433
1937.5	0.001296738
1937.583333	-0.117333277
1937.666667	-0.120010312
1937.75	-0.118316646
1937.833333	-0.117265906
1937.916667	-0.116903875
1938	-0.116878332
1938.083333	-0.1167374
1938.166667	-0.116059691
1938.25	-0.114567639
1938.333333	-0.112201871
1938.416667	-0.10913712
1938.5	-0.105735426
1938.583333	0.162696079
1938.666667	0.172040889
1938.75	0.170644011
1938.833333	0.169606481
1938.916667	0.169245038
1939	0.169219521
1939.083333	0.16907859
1939.166667	0.168400882
1939.25	0.166908829
1939.333333	0.164543061
1939.416667	0.161478311
1939.5	0.158076616
1939.583333	-0.614625818
1939.666667	-0.646416097
1939.75	-0.646018283
1939.833333	-0.645025222
1939.916667	-0.644665759
1940	-0.64464033
1940.083333	-0.644499403
1940.166667	-0.643821695
1940.25	-0.642329642
1940.333333	-0.639963874
1940.416667	-0.636899123
1940.5	-0.633497429
1940.583333	-0.698431255
1940.666667	-0.698718233
1940.75	-0.696918185
1940.833333	-0.695862709
1940.916667	-0.695500468
1941	-0.695474915
1941.083333	-0.695333983
1941.166667	-0.694656274
1941.25	-0.693164221
1941.333333	-0.690798453
1941.416667	-0.687733703
1941.5	-0.684332008
1941.583333	-0.73159404
1941.666667	-0.731094433
1941.75	-0.729259374
1941.833333	-0.728202339
1941.916667	-0.727840029
1942	-0.727814473
1942.083333	-0.727673541
1942.166667	-0.726995832
1942.25	-0.725503779
1942.333333	-0.723138011
1942.416667	-0.720073261
1942.5	-0.716671566
1942.583333	-0.747574277
1942.666667	-0.746346506
1942.75	-0.744479035
1942.833333	-0.743420558
1942.916667	-0.743058183
1943	-0.743032624
1943.083333	-0.742891692
1943.166667	-0.742213983
1943.25	-0.74072193
1943.333333	-0.738356162
1943.416667	-0.735291412
1943.5	-0.731889717
1943.583333	-0.136790465
1943.666667	-0.107698886
1943.75	-0.104591176
1943.833333	-0.103477496
1943.916667	-0.103112663
1944	-0.103086995
1944.083333	-0.102946058
1944.166667	-0.102268349
1944.25	-0.100776296
1944.333333	-0.098410528
1944.416667	-0.095345778
1944.5	-0.091944083
1944.583333	0.053272919
1944.666667	0.05713336
1944.75	0.05549237
1944.833333	0.054443974
1944.916667	0.054082047
1945	0.054056509
1945.083333	0.053915577
1945.166667	0.053237868
1945.25	0.051745815
1945.333333	0.049380048
1945.416667	0.046315297
1945.5	0.042913602
1945.583333	0.732873057
1945.666667	0.760980385
1945.75	0.760418641
1945.833333	0.759418283
1945.916667	0.759058495
1946	0.759033052
1946.083333	0.758892124
1946.166667	0.758214416
1946.25	0.756722363
1946.333333	0.754356595
1946.416667	0.751291845
1946.5	0.74789015
1946.583333	0.196103548
1946.666667	0.168939847
1946.75	0.165917948
1946.833333	0.164808087
1946.916667	0.164443425
1947	0.164417764
1947.083333	0.164276827
1947.166667	0.163599119
1947.25	0.162107066
1947.333333	0.159741298
1947.416667	0.156676547
1947.5	0.153274853
1947.583333	0.002624886
1947.666667	-0.006683928
1947.75	-0.005285448
1947.833333	-0.004247847
1947.916667	-0.003886401
1948	-0.003860884
1948.083333	-0.003719953
1948.166667	-0.003042245
1948.25	-0.001550192
1948.333333	0.000815576
1948.416667	-0.00203857
1948.5	0.00109967
1948.583333	-0.180866727
1948.666667	-0.186362911
1948.75	-0.184794728
1948.833333	-0.183749573
1948.916667	-0.183387791
1949	-0.183362259
1949.083333	-0.183221327
1949.166667	-0.182543619
1949.25	-0.181051566
1949.333333	-0.178685798
1949.416667	-0.175621048
1949.5	-0.172219353
1949.583333	-0.44618616
1949.666667	-0.45577735
1949.75	-0.454391439
1949.833333	-0.453354397
1949.916667	-0.452992976
1950	-0.45296746
1950.083333	-0.452826529
1950.166667	-0.45214882
1950.25	-0.450656768
1950.333333	-0.448291
1950.416667	-0.445226249
1950.5	-0.441824555
1950.583333	0.020321914
1950.666667	0.038289119
1950.75	0.03727603
1950.833333	0.036255583
1950.916667	0.0358949
1951	0.035869417
1951.083333	0.035728488
1951.166667	0.035050779
1951.25	0.033558726
1951.333333	0.031192959
1951.416667	0.028128208
1951.5	0.024726513
1951.583333	-0.612170394
1951.666667	-0.637915869
1951.75	-0.637248997
1951.833333	-0.63624396
1951.916667	-0.635883963
1952	-0.635858511
1952.083333	-0.635717583
1952.166667	-0.635039874
1952.25	-0.633547822
1952.333333	-0.631182054
1952.416667	-0.628117303
1952.5	-0.624715608
1952.583333	-0.597985572
1952.666667	-0.594192525
1952.75	-0.592210872
1952.833333	-0.591147313
1952.916667	-0.590784711
1953	-0.590759143
1953.083333	-0.59061821
1953.166667	-0.589940501
1953.25	-0.588448448
1953.333333	-0.58608268
1953.416667	-0.58301793
1953.5	-0.579616235
1953.583333	-0.474862346
1953.666667	-0.467596399
1953.75	-0.465460165
1953.833333	-0.464389725
1953.916667	-0.464026818
1954	-0.464001235
1954.083333	-0.463860302
1954.166667	-0.463182593
1954.25	-0.46169054
1954.333333	-0.459324772
1954.416667	-0.456260022
1954.5	-0.452858327
1954.583333	-0.598503157
1954.666667	-0.602382641
1954.75	-0.600742498
1954.833333	-0.59969414
1954.916667	-0.599332215
1955	-0.599306676
1955.083333	-0.599165745
1955.166667	-0.598488036
1955.25	-0.596995983
1955.333333	-0.594630215
1955.416667	-0.591565465
1955.5	-0.58816377
1955.583333	-0.488775559
1955.666667	-0.481748442
1955.75	-0.479622838
1955.833333	-0.478552872
1955.916667	-0.478189985
1956	-0.478164404
1956.083333	-0.47802347
1956.166667	-0.477345762
1956.25	-0.475853709
1956.333333	-0.473487941
1956.416667	-0.47042319
1956.5	-0.467021496
1956.583333	-0.457320146
1956.666667	-0.454285058
1956.75	-0.452337141
1956.833333	-0.451275084
1956.916667	-0.45091255
1957	-0.450886984
1957.083333	-0.450746051
1957.166667	-0.450068342
1957.25	-0.44857629
1957.333333	-0.446210522
1957.416667	-0.443145771
1957.5	-0.439744077
1957.583333	-0.032337731
1957.666667	-0.011600501
1957.75	-0.00886465
1957.833333	-0.007767521
1957.916667	-0.007403426
1958	-0.00737779
1958.083333	-0.007236854
1958.166667	-0.006559146
1958.25	-0.005067093
1958.333333	-0.002701325
1958.416667	0.000363426
1958.5	-0.002765441
1958.583333	-0.805556061
1958.666667	-0.838685587
1958.75	-0.838347384
1958.833333	-0.837356977
1958.916667	-0.836997631
1959	-0.836972208
1959.083333	-0.836831281
1959.166667	-0.836153573
1959.25	-0.83466152
1959.333333	-0.832295752
1959.416667	-0.829231002
1959.5	-0.825829307
1959.583333	-0.538425463
1959.666667	-0.523029632
1959.75	-0.520531531
1959.833333	-0.519444984
1959.916667	-0.51908136
1960	-0.519055745
1960.083333	-0.518914811
1960.166667	-0.518237102
1960.25	-0.516745049
1960.333333	-0.514379281
1960.416667	-0.511314531
1960.5	-0.507912836
1960.583333	-0.457887879
1960.666667	-0.453057957
1960.75	-0.451030152
1960.833333	-0.449964538
1960.916667	-0.449601846
1961	-0.449576273
1961.083333	-0.44943534
1961.166667	-0.448757631
1961.25	-0.447265578
1961.333333	-0.44489981
1961.416667	-0.44183506
1961.5	-0.438433365
1961.583333	-0.371969297
1961.666667	-0.366407658
1961.75	-0.364347284
1961.833333	-0.363280221
1961.916667	-0.362917464
1962	-0.362891888
1962.083333	-0.362750955
1962.166667	-0.362073246
1962.25	-0.360581193
1962.333333	-0.358215425
1962.416667	-0.355150675
1962.5	-0.35174898
1962.583333	0.330627826
1962.666667	0.358397645
1962.75	0.357820878
1962.833333	0.356819852
1962.916667	0.356460034
1963	0.356434589
1963.083333	0.356293662
1963.166667	0.355615953
1963.25	0.3541239
1963.333333	0.351758132
1963.416667	0.348693382
1963.5	0.345291687
1963.583333	-0.34539526
1963.666667	-0.37353497
1963.75	-0.372974667
1963.833333	-0.371974373
1963.916667	-0.371614588
1964	-0.371589144
1964.083333	-0.371448217
1964.166667	-0.370770509
1964.25	-0.369278456
1964.333333	-0.366912688
1964.416667	-0.363847938
1964.5	-0.360446243
1964.583333	-0.501683256
1964.666667	-0.505366545
1964.75	-0.503717669
1964.833333	-0.502668922
1964.916667	-0.50230698
1965	-0.502281441
1965.083333	-0.502140509
1965.166667	-0.501462801
1965.25	-0.499970748
1965.333333	-0.49760498
1965.416667	-0.494540229
1965.5	-0.491138535
1965.583333	-0.951025392
1965.666667	-0.96889202
1965.75	-0.967874455
1965.833333	-0.966853808
1965.916667	-0.966493117
1966	-0.966467633
1966.083333	-0.966326704
1966.166667	-0.965648995
1966.25	-0.964156942
1966.333333	-0.961791175
1966.416667	-0.958726424
1966.5	-0.955324729
1966.583333	-1.132480417
1966.666667	-1.137762473
1966.75	-1.136184759
1966.833333	-1.13513918
1966.916667	-1.134777379
1967	-1.134751846
1967.083333	-1.134610914
1967.166667	-1.133933206
1967.25	-1.132441153
1967.333333	-1.130075385
1967.416667	-1.127010635
1967.5	-1.12360894
1967.583333	-0.418711596
1967.666667	-0.384732823
1967.75	-0.381407581
1967.833333	-0.380284218
1967.916667	-0.379918954
1968	-0.379893267
1968.083333	-0.379752329
1968.166667	-0.37907462
1968.25	-0.377582567
1968.333333	-0.375216799
1968.416667	-0.372152049
1968.5	-0.368750354
1968.583333	-0.314033781
1968.666667	-0.308995032
1968.75	-0.306957931
1968.833333	-0.305891904
1968.916667	-0.305529193
1969	-0.30550362
1969.083333	-0.305362686
1969.166667	-0.304684978
1969.25	-0.303192925
1969.333333	-0.300827157
1969.416667	-0.297762407
1969.5	-0.294360712
1969.583333	0.241422328
1969.666667	0.26266715
1969.75	0.261799951
1969.833333	0.260785997
1969.916667	0.260425604
1970	0.260400133
1970.083333	0.260259205
1970.166667	0.259581496
1970.25	0.258089443
1970.333333	0.255723675
1970.416667	0.252658925
1970.5	0.24925723
1970.583333	-0.460758111
1970.666667	-0.489758141
1970.75	-0.489236132
1970.833333	-0.488237543
1970.916667	-0.487877833
1971	-0.487852393
1971.083333	-0.487711466
1971.166667	-0.487033758
1971.25	-0.485541705
1971.333333	-0.483175937
1971.416667	-0.480111186
1971.5	-0.476709492
1971.583333	-0.541439121
1971.666667	-0.54171701
1971.75	-0.539916557
1971.833333	-0.538861063
1971.916667	-0.538498821
1972	-0.538473268
1972.083333	-0.538332336
1972.166667	-0.537654628
1972.25	-0.536162575
1972.333333	-0.533796807
1972.416667	-0.530732056
1972.5	-0.527330362
1972.583333	-0.528002685
1972.666667	-0.525429337
1972.75	-0.523501973
1972.833333	-0.52244083
1972.916667	-0.522078337
1973	-0.522052773
1973.083333	-0.52191184
1973.166667	-0.521234131
1973.25	-0.519742078
1973.333333	-0.517376311
1973.416667	-0.51431156
1973.5	-0.510909865
1973.583333	-0.502186158
1973.666667	-0.499194585
1973.75	-0.497248606
1973.833333	-0.496186635
1973.916667	-0.495824104
1974	-0.495798539
1974.083333	-0.495657606
1974.166667	-0.494979897
1974.25	-0.493487844
1974.333333	-0.491122076
1974.416667	-0.488057326
1974.5	-0.484655631
1974.583333	-0.4979243
1974.666667	-0.495911624
1974.75	-0.494009216
1974.833333	-0.492949184
1974.916667	-0.49258674
1975	-0.492561178
1975.083333	-0.492420246
1975.166667	-0.491742537
1975.25	-0.490250484
1975.333333	-0.487884716
1975.416667	-0.484819966
1975.5	-0.481418271
1975.583333	-0.517169763
1975.666667	-0.516157814
1975.75	-0.514299949
1975.833333	-0.5132419
1975.916667	-0.512879544
1976	-0.512853986
1976.083333	-0.512713054
1976.166667	-0.512035345
1976.25	-0.510543292
1976.333333	-0.508177525
1976.416667	-0.505112774
1976.5	-0.501711079
1976.583333	-0.59021747
1976.666667	-0.59155368
1976.75	-0.589800334
1976.833333	-0.588746937
1976.916667	-0.588384788
1977	-0.588359239
1977.083333	-0.588218307
1977.166667	-0.587540599
1977.25	-0.586048546
1977.333333	-0.583682778
1977.416667	-0.580618027
1977.5	-0.577216333
1977.583333	-1.255868779
1977.666667	-1.283472824
1977.75	-1.282888679
1977.833333	-1.281887324
1977.916667	-1.281527491
1978	-1.281502046
1978.083333	-1.281361118
1978.166667	-1.28068341
1978.25	-1.279191357
1978.333333	-1.276825589
1978.416667	-1.273760839
1978.5	-1.270359144
1978.583333	-1.136421183
1978.666667	-1.127856232
1978.75	-1.125662178
1978.833333	-1.124589164
1978.916667	-1.124226142
1979	-1.124200555
1979.083333	-1.124059621
1979.166667	-1.123381912
1979.25	-1.12188986
1979.333333	-1.119524092
1979.416667	-1.116459341
1979.5	-1.113057646
1979.583333	-1.488677656
1979.666667	-1.502793505
1979.75	-1.501608989
1979.833333	-1.500580911
1979.916667	-1.50021989
1980	-1.500194391
1980.083333	-1.500053461
1980.166667	-1.499375753
1980.25	-1.4978837
1980.333333	-1.495517932
1980.416667	-1.492453182
1980.5	-1.489051487
1980.583333	-1.530821019
1980.666667	-1.530076938
1980.75	-1.528230996
1980.833333	-1.527173478
1980.916667	-1.526811146
1981	-1.526785589
1981.083333	-1.526644656
1981.166667	-1.525966948
1981.25	-1.524474895
1981.333333	-1.522109127
1981.416667	-1.519044377
1981.5	-1.515642682
1981.583333	-0.680706675
1981.666667	-0.640939786
1981.75	-0.637356911
1981.833333	-0.63622208
1981.916667	-0.635856306
1982	-0.635830597
1982.083333	-0.635689657
1982.166667	-0.635011948
1982.25	-0.633519895
1982.333333	-0.631154128
1982.416667	-0.628089377
1982.5	-0.624687682
1982.583333	-1.419247053
1982.666667	-1.452010201
1982.75	-1.45165569
1982.833333	-1.450664557
1982.916667	-1.450305179
1983	-1.450279754
1983.083333	-1.450138827
1983.166667	-1.449461119
1983.25	-1.447969066
1983.333333	-1.445603298
1983.416667	-1.442538548
1983.5	-1.439136853
1983.583333	-0.666292515
1983.666667	-0.629289372
1983.75	-0.625829513
1983.833333	-0.624700158
1983.916667	-0.624334628
1984	-0.624308929
1984.083333	-0.62416799
1984.166667	-0.623490281
1984.25	-0.621998228
1984.333333	-0.61963246
1984.416667	-0.61656771
1984.5	-0.613166015
1984.583333	-0.514881141
1984.666667	-0.507903135
1984.75	-0.505779717
1984.833333	-0.504709848
1984.916667	-0.504346966
1985	-0.504321384
1985.083333	-0.504180451
1985.166667	-0.503502742
1985.25	-0.502010689
1985.333333	-0.499644921
1985.416667	-0.496580171
1985.5	-0.493178476
1985.583333	-0.585624667
1985.666667	-0.587136241
1985.75	-0.5853907
1985.833333	-0.584337651
1985.916667	-0.583975517
1986	-0.583949969
1986.083333	-0.583809037
1986.166667	-0.583131329
1986.25	-0.581639276
1986.333333	-0.579273508
1986.416667	-0.576208758
1986.5	-0.572807063
1986.583333	-0.136459867
1986.666667	-0.114434459
1986.75	-0.111641269
1986.833333	-0.110541588
1986.916667	-0.110177379
1987	-0.110151739
1987.083333	-0.110010803
1987.166667	-0.109333094
1987.25	-0.107841041
1987.333333	-0.105475273
1987.416667	-0.102410523
1987.5	-0.099008828
1987.583333	-0.380558469
1987.666667	-0.390487176
1987.75	-0.389116288
1987.833333	-0.388079915
1987.916667	-0.387718523
1988	-0.387693008
1988.083333	-0.387552078
1988.166667	-0.386874369
1988.25	-0.385382316
1988.333333	-0.383016549
1988.416667	-0.379951798
1988.5	-0.376550103
1988.583333	-0.493294653
1988.666667	-0.495887764
1988.75	-0.494190364
1988.833333	-0.493139457
1988.916667	-0.492777419
1989	-0.492751875
1989.083333	-0.492610943
1989.166667	-0.491933235
1989.25	-0.490441182
1989.333333	-0.488075414
1989.416667	-0.485010663
1989.5	-0.481608969
1989.583333	-0.974905011
1989.666667	-0.994258706
1989.75	-0.993307331
1989.833333	-0.992289631
1989.916667	-0.991929071
1990	-0.991903593
1990.083333	-0.991762664
1990.166667	-0.991084955
1990.25	-0.989592903
1990.333333	-0.987227135
1990.416667	-0.984162384
1990.5	-0.98076069
1990.583333	-1.145729263
1990.666667	-1.150468861
1990.75	-1.148867002
1990.833333	-1.147820348
1990.916667	-1.147458499
1991	-1.147432964
1991.083333	-1.147292033
1991.166667	-1.146614324
1991.25	-1.145122271
1991.333333	-1.142756503
1991.416667	-1.139691753
1991.5	-1.136290058
1991.583333	-1.232429192
1991.666667	-1.234105142
1991.75	-1.232366918
1991.833333	-1.231314194
1991.916667	-1.230952075
1992	-1.230926528
1992.083333	-1.230785596
1992.166667	-1.230107887
1992.25	-1.228615834
1992.333333	-1.226250066
1992.416667	-1.223185316
1992.5	-1.219783621
1992.583333	-1.242422258
1992.666667	-1.240826646
1992.75	-1.238942802
1992.833333	-1.237883597
1992.916667	-1.237521189
1993	-1.237495629
1993.083333	-1.237354697
1993.166667	-1.236676988
1993.25	-1.235184935
1993.333333	-1.232819167
1993.416667	-1.229754417
1993.5	-1.226352722
1993.583333	-1.235555266
1993.666667	-1.233361604
1993.75	-1.231451141
1993.833333	-1.23039075
1993.916667	-1.23002829
1994	-1.230002728
1994.083333	-1.229861795
1994.166667	-1.229184086
1994.25	-1.227692033
1994.333333	-1.225326265
1994.416667	-1.222261515
1994.5	-1.21885982
1994.583333	-1.361935967
1994.666667	-1.365701117
1994.75	-1.364055885
1994.833333	-1.3630073
1994.916667	-1.362645365
1995	-1.362619826
1995.083333	-1.362478895
1995.166667	-1.361801186
1995.25	-1.360309133
1995.333333	-1.357943365
1995.416667	-1.354878615
1995.5	-1.35147692
1995.583333	-0.866432348
1995.666667	-0.842239383
1995.75	-0.839349715
1995.833333	-0.838245739
1995.916667	-0.837881339
1996	-0.83785569
1996.083333	-0.837714754
1996.166667	-0.837037045
1996.25	-0.835544992
1996.333333	-0.833179224
1996.416667	-0.830114474
1996.5	-0.826712779
1996.583333	-0.684692769
1996.666667	-0.67576808
1996.75	-0.673558014
1996.833333	-0.672484288
1996.916667	-0.672121234
1997	-0.672095645
1997.083333	-0.671954711
1997.166667	-0.671277003
1997.25	-0.66978495
1997.333333	-0.667419182
1997.416667	-0.664354432
1997.5	-0.660952737
1997.583333	-0.419131334
1997.666667	-0.405764412
1997.75	-0.403356618
1997.833333	-0.402274091
1997.916667	-0.401910646
1998	-0.40188504
1998.083333	-0.401744105
1998.166667	-0.401066396
1998.25	-0.399574343
1998.333333	-0.397208575
1998.416667	-0.394143825
1998.5	-0.39074213
1998.583333	-0.866310827
1998.666667	-0.884875465
1998.75	-0.883888969
1998.833333	-0.882869705
1998.916667	-0.882509075
1999	-0.882483594
1999.083333	-0.882342665
1999.166667	-0.881664957
1999.25	-0.880172904
1999.333333	-0.877807136
1999.416667	-0.874742386
1999.5	-0.871340691
1999.583333	-0.623946021
1999.666667	-0.610331028
1999.75	-0.607912193
1999.833333	-0.606829174
1999.916667	-0.606465707
2000	-0.6064401
2000.083333	-0.606299165
2000.166667	-0.605621456
2000.25	-0.604129403
2000.333333	-0.601763635
2000.416667	-0.598698885
2000.5	-0.59529719
2000.583333	-0.764658918
2000.666667	-0.769594059
2000.75	-0.768000903
2000.833333	-0.766954637
2000.916667	-0.766592805
2001	-0.766567271
2001.083333	-0.766426339
2001.166667	-0.76574863
2001.25	-0.764256578
2001.333333	-0.76189081
2001.416667	-0.758826059
2001.5	-0.755424365
2001.583333	-1.408592109
2001.666667	-1.435061811
2001.75	-1.434427175
2001.833333	-1.433423573
2001.916667	-1.43306364
2002	-1.43303819
2002.083333	-1.432897263
2002.166667	-1.432219554
2002.25	-1.430727501
2002.333333	-1.428361733
2002.416667	-1.425296983
2002.5	-1.421895288
2002.583333	-0.699630794
2002.666667	-0.664878997
2002.75	-0.661519347
2002.833333	-0.660394452
2002.916667	-0.660029121
2003	-0.66000343
2003.083333	-0.659862492
2003.166667	-0.659184783
2003.25	-0.65769273
2003.333333	-0.655326962
2003.416667	-0.652262212
2003.5	-0.648860517
2003.583333	-1.209173699
2003.666667	-1.231510376
2003.75	-1.230691776
2003.833333	-1.229679985
2003.916667	-1.229319688
2004	-1.229294222
2004.083333	-1.229153294
2004.166667	-1.228475585
2004.25	-1.226983532
2004.333333	-1.224617765
2004.416667	-1.221553014
2004.5	-1.218151319
2004.583333	-1.206963562
2004.666667	-1.203862313
2004.75	-1.201911452
2004.833333	-1.200849264
2004.916667	-1.200486723
2005	-1.200461157
2005.083333	-1.200320225
2005.166667	-1.199642516
2005.25	-1.198150463
2005.333333	-1.195784695
2005.416667	-1.192719945
2005.5	-1.18931825
2005.583333	-0.890357459
2005.666667	-0.87444722
2005.75	-0.871926222
2005.833333	-0.870838656
2005.916667	-0.870474986
2006	-0.87044937
2006.083333	-0.870308435
2006.166667	-0.869630726
2006.25	-0.868138673
2006.333333	-0.865772905
2006.416667	-0.862708155
2006.5	-0.85930646
2006.583333	-1.179580653
2006.666667	-1.191233019
2006.75	-1.189938852
2006.833333	-1.188905893
2006.916667	-1.188544654
2007	-1.188519146
2007.083333	-1.188378216
2007.166667	-1.187700507
2007.25	-1.186208454
2007.333333	-1.183842687
2007.416667	-1.180777936
2007.5	-1.177376241
2007.583333	-0.516652086
2007.666667	-0.484639494
2007.75	-0.481401768
2007.833333	-0.480282301
2007.916667	-0.479917211
2008	-0.479891531
2008.083333	-0.479750593
2008.166667	-0.479072885
2008.25	-0.477580832
2008.333333	-0.475215064
2008.416667	-0.472150313
2008.5	-0.468748619
2008.583333	-0.392793845
2008.666667	-0.386809768
2008.75	-0.384730591
2008.833333	-0.383662691
2008.916667	-0.383299896
2009	-0.383274319
2009.083333	-0.383133386
2009.166667	-0.382455677
2009.25	-0.380963624
2009.333333	-0.378597856
2009.416667	-0.375533106
2009.5	-0.372131411
2009.583333	-0.534252971
2009.666667	-0.538865847
2009.75	-0.537258347
2009.833333	-0.536211442
2009.916667	-0.535849582
2010	-0.535824046
2010.083333	-0.535683115
2010.166667	-0.535005406
2010.25	-0.533513353
2010.333333	-0.531147585
2010.416667	-0.528082835
2010.5	-0.52468114
2010.583333	-0.749127063
2010.666667	-0.756514042
2010.75	-0.75503002
2010.833333	-0.753988611
2010.916667	-0.753626996
2011	-0.753601471
2011.083333	-0.75346054
2011.166667	-0.752782831
2011.25	-0.751290778
2011.333333	-0.74892501
2011.416667	-0.74586026
2011.5	-0.742458565
2011.583333	-0.606560281
2011.666667	-0.597908074
2011.75	-0.595710136
2011.833333	-0.59463695
2011.916667	-0.594273921
2012	-0.594248333
2012.083333	-0.594107399
2012.166667	-0.59342969
2012.25	-0.591937637
2012.333333	-0.589571869
2012.416667	-0.586507119
2012.5	-0.583105424
2012.583333	-0.578999586
2012.666667	-0.576213558
2012.75	-0.574276728
2012.833333	-0.573215164
2012.916667	-0.572852651
2013	-0.572827087
2013.083333	-0.572686154
2013.166667	-0.572008445
2013.25	-0.570516392
2013.333333	-0.568150624
2013.416667	-0.565085874
2013.5	-0.561684179
2013.583333	-0.712680437
2013.666667	-0.716798118
2013.75	-0.715168577
2013.833333	-0.71412069
2013.916667	-0.713758787
2014	-0.713733249
2014.083333	-0.713592318
2014.166667	-0.712914609
2014.25	-0.711422556
2014.333333	-0.709056788
2014.416667	-0.705992038
2014.5	-0.702590343
2014.583333	-0.307436422
2014.666667	-0.287244556
2014.75	-0.28453298
2014.833333	-0.283436931
2014.916667	-0.283072884
2015	-0.283047251
2015.083333	-0.282906315
2015.166667	-0.282228606
2015.25	-0.280736553
2015.333333	-0.278370785
2015.416667	-0.275306035
2015.5	-0.27190434
2015.583333	-0.911212175
2015.666667	-0.937064963
2015.75	-0.936402867
2015.833333	-0.935398043
2015.916667	-0.935038056
2016	-0.935012603
2016.083333	-0.934871676
2016.166667	-0.934193967
2016.25	-0.932701914
2016.333333	-0.930336146
2016.416667	-0.927271396
2016.5	-0.923869701
2016.583333	-1.02934195
2016.666667	-1.031433323
2016.75	-1.02971359
2016.833333	-1.028661689
2016.916667	-1.028299607
2017	-1.028274061
2017.083333	-1.028133129
2017.166667	-1.027455421
2017.25	-1.025963368
2017.333333	-1.0235976
2017.416667	-1.02053285
2017.5	-1.017131155
2017.583333	-1.658104319
2017.666667	-1.684031231
2017.75	-1.683372435
2017.833333	-1.682367757
2017.916667	-1.682007777
2018	-1.681982325
2018.083333	-1.681841397
2018.166667	-1.681163689
2018.25	-1.679671636
2018.333333	-1.677305868
2018.416667	-1.674241118
2018.5	-1.670839423
2018.583333	-1.520525641
2018.666667	-1.51123179
2018.75	-1.509005292
2018.833333	-1.507930835
2018.916667	-1.507567748
2019	-1.507542158
2019.083333	-1.507401224
2019.166667	-1.506723515
2019.25	-1.505231462
2019.333333	-1.502865695
2019.416667	-1.499800944
2019.5	-1.496399249
2019.583333	-0.621309634
2019.666667	-0.579755479
2019.75	-0.57609305
2019.833333	-0.574954679
2019.916667	-0.574588748
2020	-0.574563031
2020.083333	-0.574422091
2020.166667	-0.573744382
2020.25	-0.572252329
2020.333333	-0.569886561
2020.416667	-0.566821811
2020.5	-0.563420116
2020.583333	-0.468077995
2020.666667	-0.461230973
2020.75	-0.459113385
2020.833333	-0.458043775
2020.916667	-0.457680905
2021	-0.457655324
2021.083333	-0.45751439
2021.166667	-0.456836682
2021.25	-0.455344629
2021.333333	-0.452978861
2021.416667	-0.44991411
2021.5	-0.446512416
2021.583333	0.157318901
2021.666667	0.181592602
2021.75	0.180860221
2021.833333	0.179852268
2021.916667	0.179492141
2022	0.179466683
2022.083333	0.179325755
2022.166667	0.178648046
2022.25	0.177155993
2022.333333	0.174790226
2022.416667	0.171725475
2022.5	0.037012388
2022.583333	0.027881295
2022.666667	0.024871589
2022.75	0.022924803
2022.833333	0.021862796
2022.916667	0.021500264
2023	0.021474698
2023.083333	0.021333765
2023.166667	0.020656057
2023.25	0.019164004
2023.333333	0.016798236
2023.416667	0.013733486
2023.5	-0.144431412
2023.583333	-0.148336533
2023.666667	-0.145907079
2023.75	-0.14398612
2023.833333	-0.142925263
2023.916667	-0.142562782
2024	-0.142537218
2024.083333	-0.142396286
2024.166667	-0.141718577
