1915.375	-1.017659574
1915.4583	-0.917659574
1915.5417	-1.167659574
1915.625	-1.097659574
1915.7083	-0.677659574
1915.7917	-0.687659574
1915.875	-0.127659574
1915.9583	1.102340426
1916.0417	-1.227659574
1916.125	-1.107659574
1916.2083	0.272340426
1916.2917	-1.887659574
1916.375	-0.807659574
1916.4583	-1.317659574
1916.5417	-2.007659574
1916.625	-0.657659574
1916.7083	-1.287659574
1916.7917	-0.127659574
1916.875	0.412340426
1916.9583	0.152340426
1917.0417	-0.937659574
1917.125	-1.517659574
1917.2083	-1.037659574
1917.2917	-2.127659574
1917.375	-0.977659574
1917.4583	-1.257659574
1917.5417	-1.057659574
1917.625	-0.497659574
1917.7083	-1.407659574
1917.7917	-0.717659574
1917.875	-1.907659574
1917.9583	-2.327659574
1918.0417	-0.347659574
1918.125	-0.287659574
1918.2083	-1.647659574
1918.2917	-1.537659574
1918.375	-1.847659574
1918.4583	-2.137659574
1918.5417	-1.097659574
1918.625	-1.457659574
1918.7083	-0.237659574
1918.7917	-1.337659574
1918.875	-0.567659574
1918.9583	-0.587659574
1919.0417	-0.537659574
1919.125	0.352340426
1919.2083	-1.157659574
1919.2917	-2.247659574
1919.375	-1.497659574
1919.4583	-2.017659574
1919.5417	-1.677659574
1919.625	-1.077659574
1919.7083	-0.667659574
1919.7917	-1.497659574
1919.875	-0.197659574
1919.9583	-0.947659574
1920.0417	-0.967659574
1920.125	-1.607659574
1920.2083	-1.517659574
1920.2917	-0.517659574
1920.375	-1.517659574
1920.4583	-1.167659574
1920.5417	-1.177659574
1920.625	-1.657659574
1920.7083	-1.267659574
1920.7917	0.542340426
1920.875	-0.217659574
1920.9583	-0.377659574
1921.0417	-0.817659574
1921.125	-1.757659574
1921.2083	-1.757659574
1921.2917	-2.247659574
1921.375	-1.587659574
1921.4583	-1.897659574
1921.5417	-1.247659574
1921.625	-1.177659574
1921.7083	-1.247659574
1921.7917	-1.287659574
1921.875	-0.027659574
1921.9583	-1.477659574
1922.0417	-0.717659574
1922.125	-0.637659574
1922.2083	-0.957659574
1922.2917	-0.967659574
1922.375	-1.997659574
1922.4583	-1.657659574
1922.5417	-1.457659574
1922.625	-1.457659574
1922.7083	-1.067659574
1922.7917	-0.257659574
1922.875	-1.287659574
1922.9583	-0.567659574
1923.0417	-2.757659574
1923.125	0.182340426
1923.2083	-0.717659574
1923.2917	-0.447659574
1923.375	-1.747659574
1923.4583	-2.577659574
1923.5417	-1.487659574
1923.625	-1.337659574
1923.7083	-1.477659574
1923.7917	-0.087659574
1923.875	-0.807659574
1923.9583	-1.767659574
1924.0417	-0.407659574
1924.125	-1.547659574
1924.2083	-0.127659574
1924.2917	-1.557659574
1924.375	-0.807659574
1924.4583	-1.507659574
1924.5417	-0.947659574
1924.625	-1.037659574
1924.7083	-0.347659574
1924.7917	-0.007659574
1924.875	-0.157659574
1924.9583	0.032340426
1925.0417	-0.757659574
1925.125	-0.207659574
1925.2083	-2.637659574
1925.2917	-1.267659574
1925.375	-0.517659574
1925.4583	-1.687659574
1925.5417	-1.547659574
1925.625	-0.817659574
1925.7083	-0.937659574
1925.7917	0.012340426
1925.875	0.042340426
1925.9583	0.872340426
1926.0417	0.192340426
1926.125	0.292340426
1926.2083	-1.767659574
1926.2917	-0.797659574
1926.375	-0.757659574
1926.4583	-0.897659574
1926.5417	-1.057659574
1926.625	-0.867659574
1926.7083	-0.937659574
1926.7917	0.142340426
1926.875	1.372340426
1926.9583	-2.187659574
1927.0417	-0.977659574
1927.125	-1.077659574
1927.2083	-0.327659574
1927.2917	-1.787659574
1927.375	-1.157659574
1927.4583	-0.917659574
1927.5417	-0.387659574
1927.625	-0.227659574
1927.7083	-0.357659574
1927.7917	-0.347659574
1927.875	0.012340426
1927.9583	0.822340426
1928.0417	-1.057659574
1928.125	-1.507659574
1928.2083	0.252340426
1928.2917	0.052340426
1928.375	-0.887659574
1928.4583	-0.307659574
1928.5417	-1.387659574
1928.625	-0.467659574
1928.7083	-0.757659574
1928.7917	0.152340426
1928.875	-0.157659574
1928.9583	-1.067659574
1929.0417	-1.287659574
1929.125	-0.787659574
1929.2083	-1.757659574
1929.2917	-1.437659574
1929.375	-1.057659574
1929.4583	-1.167659574
1929.5417	-0.897659574
1929.625	-1.157659574
1929.7083	-0.807659574
1929.7917	0.042340426
1929.875	0.392340426
1929.9583	0.702340426
1930.0417	0.552340426
1930.125	-1.147659574
1930.2083	-0.227659574
1930.2917	-0.697659574
1930.375	-1.277659574
1930.4583	-1.037659574
1930.5417	-0.637659574
1930.625	-0.547659574
1930.7083	-0.657659574
1930.7917	0.192340426
1930.875	0.432340426
1930.9583	-0.287659574
1931.0417	-0.927659574
1931.125	-1.917659574
1931.2083	-0.117659574
1931.2917	-1.227659574
1931.375	-0.187659574
1931.4583	-0.787659574
1931.5417	-0.317659574
1931.625	-0.207659574
1931.7083	-1.037659574
1931.7917	-0.557659574
1931.875	1.012340426
1931.9583	-1.627659574
1932.0417	-0.477659574
1932.125	-2.017659574
1932.2083	-0.677659574
1932.2917	-0.867659574
1932.375	-0.707659574
1932.4583	-0.837659574
1932.5417	-0.617659574
1932.625	-0.637659574
1932.7083	-0.017659574
1932.7917	0.212340426
1932.875	-0.297659574
1932.9583	0.402340426
1933.0417	-0.737659574
1933.125	-1.027659574
1933.2083	-0.277659574
1933.2917	-1.297659574
1933.375	-0.887659574
1933.4583	-0.577659574
1933.5417	-1.327659574
1933.625	-0.847659574
1933.7083	-0.077659574
1933.7917	0.182340426
1933.875	-0.117659574
1933.9583	-0.967659574
1934.0417	-1.387659574
1934.125	-3.077659574
1934.2083	-0.977659574
1934.2917	-0.507659574
1934.375	-1.647659574
1934.4583	-1.457659574
1934.5417	-1.067659574
1934.625	-0.847659574
1934.7083	-0.337659574
1934.7917	-0.947659574
1934.875	-0.577659574
1934.9583	1.652340426
1935.0417	-2.527659574
1935.125	-1.087659574
1935.2083	-1.907659574
1935.2917	-0.917659574
1935.375	-1.487659574
1935.4583	-0.327659574
1935.5417	-1.427659574
1935.625	-0.957659574
1935.7083	-0.097659574
1935.7917	-0.387659574
1935.875	0.872340426
1935.9583	0.412340426
1936.0417	1.782340426
1936.125	1.452340426
1936.2083	0.292340426
1936.2917	-0.467659574
1936.375	-0.957659574
1936.4583	-0.697659574
1936.5417	-0.377659574
1936.625	-1.547659574
1936.7083	-0.677659574
1936.7917	-0.807659574
1936.875	-0.517659574
1936.9583	-0.707659574
1937.0417	1.062340426
1937.125	0.432340426
1937.2083	0.532340426
1937.2917	-0.447659574
1937.375	-0.877659574
1937.4583	-1.257659574
1937.5417	-0.917659574
1937.625	-1.017659574
1937.7083	-0.097659574
1937.7917	0.002340426
1937.875	0.952340426
1937.9583	-0.127659574
1938.0417	-0.867659574
1938.125	-1.957659574
1938.2083	-1.637659574
1938.2917	-2.287659574
1938.375	-1.077659574
1938.4583	-1.327659574
1938.5417	-1.147659574
1938.625	-0.947659574
1938.7083	-0.647659574
1938.7917	-0.477659574
1938.875	0.712340426
1938.9583	-0.037659574
1939.0417	0.492340426
1939.125	-1.047659574
1939.2083	-1.637659574
1939.2917	-0.907659574
1939.375	-1.397659574
1939.4583	-0.917659574
1939.5417	-0.187659574
1939.625	-0.847659574
1939.7083	-0.367659574
1939.7917	0.332340426
1939.875	0.212340426
1939.9583	-0.417659574
1940.0417	-0.107659574
1940.125	0.292340426
1940.2083	-0.307659574
1940.2917	-1.017659574
1940.375	-0.797659574
1940.4583	-1.077659574
1940.5417	-0.687659574
1940.625	-1.447659574
1940.7083	-0.777659574
1940.7917	0.532340426
1940.875	0.482340426
1940.9583	-1.657659574
1941.0417	0.042340426
1941.125	0.232340426
1941.2083	-0.617659574
1941.2917	-0.987659574
1941.375	-1.087659574
1941.4583	-0.887659574
1941.5417	-0.567659574
1941.625	-0.427659574
1941.7083	-0.957659574
1941.7917	-0.827659574
1941.875	0.512340426
1941.9583	-1.647659574
1942.0417	-1.727659574
1942.125	-1.927659574
1942.2083	-0.357659574
1942.2917	-0.577659574
1942.375	-0.377659574
1942.4583	-1.307659574
1942.5417	-1.117659574
1942.625	-0.537659574
1942.7083	-0.157659574
1942.7917	0.152340426
1942.875	0.242340426
1942.9583	0.622340426
1943.0417	0.852340426
1943.125	-2.127659574
1943.2083	-1.237659574
1943.2917	-1.627659574
1943.375	-1.387659574
1943.4583	-1.397659574
1943.5417	-0.807659574
1943.625	-0.367659574
1943.7083	-0.577659574
1943.7917	0.542340426
1943.875	-0.727659574
1943.9583	-1.127659574
1944.0417	-1.437659574
1944.125	-1.907659574
1944.2083	-1.997659574
1944.2917	-1.357659574
1944.375	-1.787659574
1944.4583	-0.947659574
1944.5417	-0.387659574
1944.625	-0.427659574
1944.7083	-0.747659574
1944.7917	-0.357659574
1944.875	0.102340426
1944.9583	-0.627659574
1945.0417	-1.207659574
1945.125	-1.627659574
1945.2083	-2.127659574
1945.2917	-0.847659574
1945.375	-0.377659574
1945.4583	-0.857659574
1945.5417	-0.827659574
1945.625	-0.597659574
1945.7083	-0.557659574
1945.7917	0.342340426
1945.875	0.882340426
1945.9583	1.452340426
1946.0417	0.012340426
1946.125	-1.427659574
1946.2083	-0.247659574
1946.2917	-1.247659574
1946.375	0.182340426
1946.4583	-0.457659574
1946.5417	-0.987659574
1946.625	-0.327659574
1946.7083	0.032340426
1946.7917	0.612340426
1946.875	0.902340426
1946.9583	-0.717659574
1947.0417	-0.137659574
1947.125	0.582340426
1947.2083	1.552340426
1947.2917	-1.017659574
1947.375	-0.597659574
1947.4583	-0.267659574
1947.5417	-0.597659574
1947.625	-0.487659574
1947.7083	-0.327659574
1947.7917	-0.597659574
1947.875	0.342340426
1947.9583	-0.707659574
1948.0417	1.102340426
1948.125	-0.957659574
1948.2083	-1.287659574
1948.2917	-1.017659574
1948.375	-0.637659574
1948.4583	-0.787659574
1948.5417	-0.757659574
1948.625	-0.167659574
1948.7083	-0.657659574
1948.7917	0.032340426
1948.875	0.142340426
1948.9583	1.282340426
1949.0417	-1.407659574
1949.125	-1.427659574
1949.2083	-1.777659574
1949.2917	-1.127659574
1949.375	-0.977659574
1949.4583	-1.057659574
1949.5417	-0.797659574
1949.625	-0.597659574
1949.7083	0.522340426
1949.7917	1.002340426
1949.875	0.852340426
1949.9583	0.022340426
1950.0417	-0.477659574
1950.125	0.812340426
1950.2083	-0.857659574
1950.2917	-1.177659574
1950.375	-0.627659574
1950.4583	-0.477659574
1950.5417	-0.337659574
1950.625	-0.107659574
1950.7083	-0.057659574
1950.7917	-0.077659574
1950.875	1.012340426
1950.9583	0.132340426
1951.0417	0.502340426
1951.125	0.652340426
1951.2083	0.052340426
1951.2917	-1.047659574
1951.375	-0.197659574
1951.4583	-0.487659574
1951.5417	-0.857659574
1951.625	-0.167659574
1951.7083	0.242340426
1951.7917	-0.057659574
1951.875	1.812340426
1951.9583	0.362340426
1952.0417	-0.667659574
1952.125	-1.387659574
1952.2083	0.392340426
1952.2917	-0.887659574
1952.375	-0.127659574
1952.4583	-0.607659574
1952.5417	-1.027659574
1952.625	0.002340426
1952.7083	-0.247659574
1952.7917	0.662340426
1952.875	0.212340426
1952.9583	0.072340426
1953.0417	-1.197659574
1953.125	-1.437659574
1953.2083	-1.897659574
1953.2917	-0.247659574
1953.375	-0.777659574
1953.4583	-0.337659574
1953.5417	-0.587659574
1953.625	-0.587659574
1953.7083	-0.087659574
1953.7917	0.022340426
1953.875	-0.197659574
1953.9583	0.552340426
1954.0417	-1.327659574
1954.125	-0.597659574
1954.2083	0.452340426
1954.2917	-2.127659574
1954.375	-0.987659574
1954.4583	-0.567659574
1954.5417	-0.897659574
1954.625	-0.317659574
1954.7083	-0.167659574
1954.7917	0.832340426
1954.875	1.032340426
1954.9583	-0.357659574
1955.0417	1.192340426
1955.125	0.572340426
1955.2083	-0.757659574
1955.2917	-1.397659574
1955.375	-0.747659574
1955.4583	-0.207659574
1955.5417	-0.597659574
1955.625	-0.397659574
1955.7083	-0.227659574
1955.7917	0.012340426
1955.875	0.762340426
1955.9583	0.972340426
1956.0417	-0.157659574
1956.125	-2.147659574
1956.2083	-0.367659574
1956.2917	-1.467659574
1956.375	-2.007659574
1956.4583	-1.727659574
1956.5417	-0.627659574
1956.625	-0.307659574
1956.7083	0.232340426
1956.7917	-0.627659574
1956.875	-0.977659574
1956.9583	-0.137659574
1957.0417	-0.867659574
1957.125	0.902340426
1957.2083	0.332340426
1957.2917	-1.727659574
1957.375	-0.947659574
1957.4583	-0.767659574
1957.5417	-0.607659574
1957.625	-0.527659574
1957.7083	-0.217659574
1957.7917	-0.227659574
1957.875	-0.037659574
1957.9583	0.332340426
1958.0417	-0.017659574
1958.125	0.132340426
1958.2083	0.192340426
1958.2917	-1.287659574
1958.375	-0.767659574
1958.4583	-0.357659574
1958.5417	-0.147659574
1958.625	0.202340426
1958.7083	0.562340426
1958.7917	-0.167659574
1958.875	-0.657659574
1958.9583	1.592340426
1959.0417	0.502340426
1959.125	-1.677659574
1959.2083	0.452340426
1959.2917	-0.147659574
1959.375	-0.847659574
1959.4583	-0.827659574
1959.5417	-0.637659574
1959.625	-0.827659574
1959.7083	-0.087659574
1959.7917	0.372340426
1959.875	0.672340426
1959.9583	1.402340426
1960.0417	-0.117659574
1960.125	0.912340426
1960.2083	0.862340426
1960.2917	-1.017659574
1960.375	-0.327659574
1960.4583	-0.497659574
1960.5417	-0.177659574
1960.625	0.592340426
1960.7083	0.222340426
1960.7917	2.232340426
1960.875	2.142340426
1960.9583	0.122340426
1961.0417	0.092340426
1961.125	-0.497659574
1961.2083	-1.367659574
1961.2917	0.502340426
1961.375	-0.147659574
1961.4583	-0.537659574
1961.5417	-0.547659574
1961.625	-0.797659574
1961.7083	0.372340426
1961.7917	1.082340426
1961.875	0.552340426
1961.9583	1.592340426
1962.0417	0.352340426
1962.125	-1.977659574
1962.2083	0.012340426
1962.2917	-1.097659574
1962.375	-0.937659574
1962.4583	-1.267659574
1962.5417	-0.427659574
1962.625	-0.397659574
1962.7083	0.252340426
1962.7917	-0.047659574
1962.875	0.312340426
1962.9583	-0.297659574
1963.0417	-0.047659574
1963.125	0.682340426
1963.2083	-0.077659574
1963.2917	-0.357659574
1963.375	-1.547659574
1963.4583	-0.197659574
1963.5417	-0.567659574
1963.625	-0.267659574
1963.7083	-0.597659574
1963.7917	-0.047659574
1963.875	2.752340426
1963.9583	0.922340426
1964.0417	-0.447659574
1964.125	0.162340426
1964.2083	0.222340426
1964.2917	-0.627659574
1964.375	-0.417659574
1964.4583	-0.197659574
1964.5417	-0.907659574
1964.625	-0.537659574
1964.7083	0.102340426
1964.7917	0.042340426
1964.875	-0.267659574
1964.9583	-0.327659574
1965.0417	-0.227659574
1965.125	-1.697659574
1965.2083	-0.387659574
1965.2917	-1.447659574
1965.375	-0.657659574
1965.4583	-0.627659574
1965.5417	-0.417659574
1965.625	-0.627659574
1965.7083	0.282340426
1965.7917	0.832340426
1965.875	1.502340426
1965.9583	0.652340426
1966.0417	1.082340426
1966.125	2.512340426
1966.2083	-1.387659574
1966.2917	0.712340426
1966.375	-0.627659574
1966.4583	0.312340426
1966.5417	-0.417659574
1966.625	0.222340426
1966.7083	0.412340426
1966.7917	1.682340426
1966.875	-0.077659574
1966.9583	-0.357659574
1967.0417	-0.537659574
1967.125	0.252340426
1967.2083	-0.837659574
1967.2917	-1.207659574
1967.375	0.742340426
1967.4583	-0.807659574
1967.5417	-0.597659574
1967.625	0.042340426
1967.7083	0.402340426
1967.7917	0.922340426
1967.875	0.562340426
1967.9583	-0.877659574
1968.0417	-0.867659574
1968.125	0.502340426
1968.2083	-0.907659574
1968.2917	0.012340426
1968.375	-0.447659574
1968.4583	-0.357659574
1968.5417	-0.567659574
1968.625	-0.107659574
1968.7083	0.922340426
1968.7917	0.902340426
1968.875	2.202340426
1968.9583	1.592340426
1969.0417	1.472340426
1969.125	0.532340426
1969.2083	0.502340426
1969.2917	-0.907659574
1969.375	0.372340426
1969.4583	0.192340426
1969.5417	-0.867659574
1969.625	-0.167659574
1969.7083	0.162340426
1969.7917	0.472340426
1969.875	1.322340426
1969.9583	-0.197659574
1970.0417	1.992340426
1970.125	-0.227659574
1970.2083	-1.027659574
1970.2917	-0.837659574
1970.375	-0.807659574
1970.4583	-0.107659574
1970.5417	-0.657659574
1970.625	-0.167659574
1970.7083	0.012340426
1970.7917	-0.417659574
1970.875	1.082340426
1970.9583	-0.417659574
1971.0417	1.532340426
1971.125	-0.967659574
1971.2083	-0.867659574
1971.2917	-0.267659574
1971.375	-0.017659574
1971.4583	-0.107659574
1971.5417	-0.357659574
1971.625	0.132340426
1971.7083	-0.447659574
1971.7917	-0.107659574
1971.875	-0.507659574
1971.9583	-0.777659574
1972.0417	0.412340426
1972.125	0.772340426
1972.2083	0.002340426
1972.2917	-0.807659574
1972.375	-0.457659574
1972.4583	-0.347659574
1972.5417	-0.787659574
1972.625	-0.737659574
1972.7083	-0.407659574
1972.7917	0.512340426
1972.875	0.072340426
1972.9583	1.102340426
1973.0417	-0.297659574
1973.125	-1.077659574
1973.2083	-1.627659574
1973.2917	-1.477659574
1973.375	0.022340426
1973.4583	-1.127659574
1973.5417	-0.167659574
1973.625	-0.547659574
1973.7083	0.272340426
1973.7917	0.022340426
1973.875	-0.227659574
1973.9583	-0.027659574
1974.0417	1.172340426
1974.125	0.182340426
1974.2083	-0.757659574
1974.2917	-0.747659574
1974.375	-0.307659574
1974.4583	-0.337659574
1974.5417	-0.657659574
1974.625	-0.297659574
1974.7083	0.442340426
1974.7917	-0.807659574
1974.875	0.492340426
1974.9583	-0.547659574
1975.0417	0.382340426
1975.125	-0.097659574
1975.2083	-0.257659574
1975.2917	-1.217659574
1975.375	-0.977659574
1975.4583	-0.687659574
1975.5417	-0.207659574
1975.625	-0.297659574
1975.7083	0.242340426
1975.7917	0.112340426
1975.875	0.042340426
1975.9583	-1.137659574
1976.0417	-0.947659574
1976.125	-0.577659574
1976.2083	-1.017659574
1976.2917	-1.607659574
1976.375	-1.087659574
1976.4583	-1.117659574
1976.5417	-0.657659574
1976.625	-0.457659574
1976.7083	0.302340426
1976.7917	2.022340426
1976.875	0.172340426
1976.9583	1.122340426
1977.0417	0.532340426
1977.125	1.642340426
1977.2083	0.202340426
1977.2917	-1.087659574
1977.375	-0.707659574
1977.4583	-0.557659574
1977.5417	-0.507659574
1977.625	0.012340426
1977.7083	-0.497659574
1977.7917	1.132340426
1977.875	0.252340426
1977.9583	1.102340426
1978.0417	-0.377659574
1978.125	0.922340426
1978.2083	-0.057659574
1978.2917	-0.397659574
1978.375	-0.677659574
1978.4583	-0.307659574
1978.5417	-0.737659574
1978.625	-0.497659574
1978.7083	-0.607659574
1978.7917	-0.597659574
1978.875	-0.127659574
1978.9583	2.822340426
1979.0417	0.972340426
1979.125	0.972340426
1979.2083	0.082340426
1979.2917	-0.317659574
1979.375	-0.477659574
1979.4583	-0.697659574
1979.5417	-0.777659574
1979.625	-0.077659574
1979.7083	-0.307659574
1979.7917	1.402340426
1979.875	-0.057659574
1979.9583	0.502340426
1980.0417	0.322340426
1980.125	-0.057659574
1980.2083	0.002340426
1980.2917	-1.017659574
1980.375	-0.167659574
1980.4583	0.092340426
1980.5417	0.142340426
1980.625	0.112340426
1980.7083	0.092340426
1980.7917	0.832340426
1980.875	0.612340426
1980.9583	-0.877659574
1981.0417	-1.757659574
1981.125	-0.577659574
1981.2083	0.982340426
1981.2917	-0.987659574
1981.375	0.752340426
1981.4583	-0.437659574
1981.5417	-0.757659574
1981.625	-0.407659574
1981.7083	0.992340426
1981.7917	0.842340426
1981.875	0.132340426
1981.9583	2.392340426
1982.0417	0.852340426
1982.125	0.772340426
1982.2083	-0.727659574
1982.2917	-0.767659574
1982.375	-0.477659574
1982.4583	0.342340426
1982.5417	-0.107659574
1982.625	-0.097659574
1982.7083	0.672340426
1982.7917	1.392340426
1982.875	1.422340426
1982.9583	0.652340426
1983.0417	-0.317659574
1983.125	-0.197659574
1983.2083	-0.407659574
1983.2917	0.962340426
1983.375	1.352340426
1983.4583	-0.447659574
1983.5417	0.082340426
1983.625	-0.137659574
1983.7083	0.412340426
1983.7917	0.292340426
1983.875	1.472340426
1983.9583	1.502340426
1984.0417	0.362340426
1984.125	-0.887659574
1984.2083	-0.157659574
1984.2917	-0.167659574
1984.375	0.182340426
1984.4583	-0.397659574
1984.5417	-0.277659574
1984.625	-0.007659574
1984.7083	0.352340426
1984.7917	0.922340426
1984.875	2.312340426
1984.9583	0.602340426
1985.0417	0.792340426
1985.125	0.552340426
1985.2083	-0.057659574
1985.2917	-0.907659574
1985.375	0.152340426
1985.4583	0.022340426
1985.5417	-0.117659574
1985.625	0.342340426
1985.7083	-0.237659574
1985.7917	0.102340426
1985.875	0.812340426
1985.9583	1.232340426
1986.0417	0.232340426
1986.125	0.282340426
1986.2083	-0.397659574
1986.2917	-0.237659574
1986.375	-0.027659574
1986.4583	-0.567659574
1986.5417	-0.537659574
1986.625	0.052340426
1986.7083	-0.257659574
1986.7917	0.282340426
1986.875	0.212340426
1986.9583	0.242340426
1987.0417	-0.477659574
1987.125	0.062340426
1987.2083	-0.337659574
1987.2917	0.222340426
1987.375	-0.747659574
1987.4583	-0.097659574
1987.5417	-0.007659574
1987.625	0.152340426
1987.7083	0.832340426
1987.7917	2.012340426
1987.875	0.672340426
1987.9583	1.632340426
1988.0417	1.702340426
1988.125	-0.067659574
1988.2083	-0.487659574
1988.2917	-0.007659574
1988.375	0.572340426
1988.4583	0.092340426
1988.5417	0.422340426
1988.625	0.252340426
1988.7083	0.082340426
1988.7917	1.322340426
1988.875	1.162340426
1988.9583	-0.297659574
1989.0417	-0.207659574
1989.125	0.322340426
1989.2083	0.212340426
1989.2917	0.122340426
1989.375	-0.227659574
1989.4583	-0.137659574
1989.5417	-0.417659574
1989.625	0.212340426
1989.7083	0.142340426
1989.7917	0.742340426
1989.875	1.982340426
1989.9583	2.912340426
1990.0417	0.992340426
1990.125	1.522340426
1990.2083	-1.007659574
1990.2917	-0.717659574
1990.375	-0.217659574
1990.4583	0.112340426
1990.5417	-0.067659574
1990.625	-0.027659574
1990.7083	0.042340426
1990.7917	1.682340426
1990.875	0.932340426
1990.9583	-0.137659574
1991.0417	0.012340426
1991.125	-0.387659574
1991.2083	0.222340426
1991.2917	-0.627659574
1991.375	-1.677659574
1991.4583	0.102340426
1991.5417	0.062340426
1991.625	-0.347659574
1991.7083	0.682340426
1991.7917	0.772340426
1991.875	0.642340426
1991.9583	-0.507659574
1992.0417	-0.867659574
1992.125	-0.937659574
1992.2083	-1.207659574
1992.2917	-0.517659574
1992.375	-0.617659574
1992.4583	-0.077659574
1992.5417	-0.087659574
1992.625	0.422340426
1992.7083	0.002340426
1992.7917	0.172340426
1992.875	0.452340426
1992.9583	0.412340426
1993.0417	0.152340426
1993.125	-1.577659574
1993.2083	-1.027659574
1993.2917	0.172340426
1993.375	0.192340426
1993.4583	-0.287659574
1993.5417	-0.477659574
1993.625	-0.477659574
1993.7083	1.392340426
1993.7917	1.212340426
1993.875	0.672340426
1993.9583	0.432340426
1994.0417	0.002340426
1994.125	0.802340426
1994.2083	-0.887659574
1994.2917	-1.067659574
1994.375	0.582340426
1994.4583	-0.687659574
1994.5417	-0.247659574
1994.625	0.452340426
1994.7083	0.802340426
1994.7917	1.212340426
1994.875	1.372340426
1994.9583	1.132340426
1995.0417	0.672340426
1995.125	0.952340426
1995.2083	-0.347659574
1995.2917	-0.647659574
1995.375	0.072340426
1995.4583	-0.527659574
1995.5417	0.532340426
1995.625	0.072340426
1995.7083	0.912340426
1995.7917	1.172340426
1995.875	2.152340426
1995.9583	1.842340426
1996.0417	2.812340426
1996.125	-0.037659574
1996.2083	0.632340426
1996.2917	0.282340426
1996.375	0.642340426
1996.4583	-0.367659574
1996.5417	-0.027659574
1996.625	0.272340426
1996.7083	0.282340426
1996.7917	0.622340426
1996.875	0.602340426
1996.9583	0.612340426
1997.0417	0.132340426
1997.125	0.012340426
1997.2083	-1.027659574
1997.2917	-1.107659574
1997.375	0.552340426
1997.4583	1.022340426
1997.5417	-0.597659574
1997.625	0.532340426
1997.7083	0.232340426
1997.7917	1.312340426
1997.875	2.742340426
1997.9583	0.962340426
1998.0417	0.912340426
1998.125	-0.357659574
1998.2083	-0.877659574
1998.2917	1.182340426
1998.375	-0.267659574
1998.4583	0.162340426
1998.5417	0.062340426
1998.625	-0.357659574
1998.7083	1.072340426
1998.7917	0.722340426
1998.875	0.252340426
1998.9583	0.312340426
1999.0417	0.572340426
1999.125	-1.097659574
1999.2083	-0.217659574
1999.2917	-0.137659574
1999.375	0.012340426
1999.4583	-0.327659574
1999.5417	-0.177659574
1999.625	0.932340426
1999.7083	1.582340426
1999.7917	1.202340426
1999.875	0.072340426
1999.9583	0.592340426
2000.0417	-0.907659574
2000.125	-0.507659574
2000.2083	-1.157659574
2000.2917	0.992340426
2000.375	0.012340426
2000.4583	-0.497659574
2000.5417	0.262340426
2000.625	0.042340426
2000.7083	0.982340426
2000.7917	0.742340426
2000.875	2.182340426
2000.9583	3.062340426
2001.0417	2.042340426
2001.125	-0.117659574
2001.2083	2.112340426
2001.2917	-0.297659574
2001.375	-0.577659574
2001.4583	-0.467659574
2001.5417	0.102340426
2001.625	0.232340426
2001.7083	0.292340426
2001.7917	1.832340426
2001.875	-0.517659574
2001.9583	-0.207659574
2002.0417	0.972340426
2002.125	0.422340426
2002.2083	-0.037659574
2002.2917	-0.367659574
2002.375	1.152340426
2002.4583	0.542340426
2002.5417	0.452340426
2002.625	0.742340426
2002.7083	1.442340426
2002.7917	2.292340426
2002.875	2.902340426
2002.9583	2.002340426
2003.0417	0.752340426
2003.125	0.292340426
2003.2083	0.532340426
2003.2917	0.792340426
2003.375	0.362340426
2003.4583	0.912340426
2003.5417	0.782340426
2003.625	0.762340426
2003.7083	0.762340426
2003.7917	1.442340426
2003.875	1.782340426
2003.9583	1.022340426
2004.0417	1.062340426
2004.125	0.012340426
2004.2083	-0.177659574
2004.2917	0.262340426
2004.375	0.192340426
2004.4583	0.072340426
2004.5417	0.172340426
2004.625	1.522340426
2004.7083	0.582340426
2004.7917	2.722340426
2004.875	0.052340426
2004.9583	0.292340426
2005.0417	-0.427659574
2005.125	-1.057659574
2005.2083	0.082340426
2005.2917	0.422340426
2005.375	0.202340426
2005.4583	0.232340426
2005.5417	0.442340426
2005.625	0.202340426
2005.7083	0.762340426
2005.7917	1.512340426
2005.875	1.182340426
2005.9583	0.502340426
2006.0417	-0.147659574
2006.125	0.362340426
2006.2083	1.222340426
2006.2917	-0.317659574
2006.375	0.262340426
2006.4583	-0.087659574
2006.5417	0.262340426
2006.625	0.462340426
2006.7083	1.652340426
2006.7917	2.662340426
2006.875	2.292340426
2006.9583	0.892340426
2007.0417	0.392340426
2007.125	1.522340426
2007.2083	-0.107659574
2007.2917	-0.407659574
2007.375	0.492340426
2007.4583	1.312340426
2007.5417	0.962340426
2007.625	0.962340426
2007.7083	0.962340426
2007.7917	0.962340426
2007.875	0.802340426
2007.9583	0.722340426
2008.0417	1.442340426
2008.125	0.722340426
2008.2083	0.662340426
2008.2917	0.942340426
2008.375	1.152340426
2008.4583	0.372340426
2008.5417	0.952340426
2008.625	1.012340426
2008.7083	1.202340426
2008.7917	1.202340426
2008.875	0.872340426
2008.9583	0.462340426
2009.0417	1.552340426
2009.125	0.472340426
2009.2083	-0.037659574
2009.2917	0.662340426
2009.375	0.152340426
2009.4583	0.962340426
2009.5417	1.122340426
2009.625	0.762340426
2009.7083	0.262340426
2009.7917	1.552340426
2009.875	2.482340426
2009.9583	2.552340426
2010.0417	1.462340426
2010.125	1.462340426
2010.2083	1.462340426
2010.2917	1.462340426
2010.375	1.462340426
2010.4583	1.462340426
2010.5417	1.462340426
2010.625	0.892340426
2010.7083	0.982340426
2010.7917	1.782340426
2010.875	1.982340426
2010.9583	1.092340426
2011.0417	0.482340426
2011.125	0.672340426
2011.2083	-0.507659574
2011.2917	-0.057659574
2011.375	-0.007659574
2011.4583	0.322340426
2011.5417	0.462340426
2011.625	0.642340426
2011.7083	0.732340426
2011.7917	0.882340426
2011.875	1.712340426
2011.9583	0.492340426
2012.0417	-0.417659574
2012.125	-1.907659574
2012.2083	-1.327659574
2012.2917	0.952340426
2012.375	0.322340426
2012.4583	0.852340426
2012.5417	0.472340426
2012.625	1.502340426
2012.7083	0.822340426
2012.7917	2.202340426
2012.875	1.932340426
2012.9583	1.542340426
2013.0417	1.202340426
2013.125	-0.037659574
2013.2083	1.672340426
2013.2917	0.592340426
2013.375	0.192340426
2013.4583	0.092340426
2013.5417	0.672340426
2013.625	0.752340426
2013.7083	0.892340426
2013.7917	2.292340426
2013.875	0.182340426
2013.9583	1.602340426
2014.0417	2.432340426
2014.125	2.202340426
2014.2083	0.362340426
2014.2917	1.032340426
2014.375	0.522340426
2014.4583	0.672340426
2014.5417	0.812340426
2014.625	1.172340426
2014.7083	1.452340426
2014.7917	2.172340426
2014.875	3.202340426
2014.9583	0.292340426
2015.0417	0.392340426
2015.125	-0.537659574
2015.2083	-0.837659574
2015.2917	-0.157659574
2015.375	0.292340426
2015.4583	0.462340426
2015.5417	0.462340426
2015.625	0.462340426
2015.7083	0.462340426
2015.7917	1.692340426
2015.875	1.312340426
2015.9583	2.132340426
2016.0417	2.162340426
2016.125	1.012340426
2016.2083	-0.057659574
2016.2917	1.002340426
2016.375	0.982340426
2016.4583	0.772340426
2016.5417	0.502340426
2016.625	0.702340426
2016.7083	1.242340426
2016.7917	1.332340426
2016.875	1.552340426
2016.9583	0.942340426
2017.0417	0.382340426
2017.125	1.192340426
2017.2083	0.542340426
2017.2917	-0.187659574
2017.375	1.252340426
2017.4583	1.012340426
2017.5417	1.102340426
2017.625	0.962340426
2017.7083	1.412340426
2017.7917	1.322340426
2017.875	1.062340426
2017.9583	0.832340426
2018.0417	1.252340426
2018.125	0.032340426
2018.2083	2.482340426
2018.2917	1.372340426
2018.375	0.532340426
2018.4583	0.612340426
2018.5417	1.052340426
2018.625	0.862340426
2018.7083	0.902340426
2018.7917	1.352340426
2018.875	2.952340426
2018.9583	1.782340426
2019.0417	0.532340426
2019.125	0.832340426
2019.2083	0.472340426
2019.2917	1.582340426
2019.375	0.912340426
2019.4583	1.332340426
2019.5417	1.352340426
2019.625	1.242340426
2019.7083	1.462340426
2019.7917	2.452340426
2019.875	3.322340426
2019.9583	2.832340426
2020.0417	1.412340426
2020.125	1.392340426
2020.2083	0.812340426
2020.2917	1.032340426
2020.375	1.162340426
2020.4583	1.512340426
2020.5417	0.752340426
2020.625	1.832340426
2020.7083	1.322340426
2020.7917	0.462340426
2020.875	0.462340426
2020.9583	0.462340426
2021.0417	0.462340426
2021.125	0.462340426
2021.2083	-0.097659574
2021.2917	0.642340426
2021.375	1.332340426
2021.4583	1.042340426
2021.5417	1.442340426
2021.625	1.242340426
2021.7083	1.692340426
2021.7917	2.042340426
2021.875	1.102340426
2021.9583	1.912340426
2022.0417	0.502340426
2022.125	0.652340426
2022.2083	0.672340426
2022.2917	0.972340426
2022.375	0.692340426
2022.4583	0.662340426
2022.5417	0.652340426
2022.625	1.052340426
2022.7083	2.072340426
2022.7917	2.722340426
2022.875	3.462340426
2022.9583	3.022340426
2023.0417	1.782340426
2023.125	-0.027659574
2023.2083	2.302340426
2023.2917	1.292340426
2023.375	0.622340426
2023.4583	1.852340426
2023.5417	1.902340426
2023.625	1.752340426
2023.7083	2.532340426
2023.7917	3.742340426
2023.875	3.222340426
2023.9583	2.502340426
2024.0417	1.952340426
2024.125	2.362340426
2024.2083	2.702340426
2024.2917	2.232340426
2024.375	1.832340426
2024.4583	1.302340426
2024.5417	1.642340426
2024.625	1.822340426
2024.7083	2.052340426
2024.7917	2.932340426
2024.875	2.372340426
2024.9583	0.912340426
