 1870.0000 -0.346298    
 1870.0834  -1.12030    
 1870.1666 -0.937609    
 1870.2500 -0.895107    
 1870.3334 -0.992754    
 1870.4166 -0.966412    
 1870.5000 -0.818213    
 1870.5834 -0.667648    
 1870.6666 -0.236816    
 1870.7500 -0.345449    
 1870.8334 -0.470858    
 1870.9166 -0.546637    
 1871.0000 -0.413328    
 1871.0834 -0.365461    
 1871.1666 -0.369728    
 1871.2500 -0.299078    
 1871.3334 -0.613674    
 1871.4166 -0.562962    
 1871.5000 -0.700073    
 1871.5834 -0.363407    
 1871.6666 -0.255718    
 1871.7500 -0.265278    
 1871.8334 -0.361788    
 1871.9166 -0.600515    
 1872.0000 -0.626858    
 1872.0834 -0.467031    
 1872.1666 -0.313580    
 1872.2500 -0.577387    
 1872.3334 -0.521894    
 1872.4166 -0.642853    
 1872.5000 -0.580772    
 1872.5834 -0.939268    
 1872.6666 -0.949928    
 1872.7500 -0.738989    
 1872.8334 -0.586098    
 1872.9166 -0.707235    
 1873.0000 -0.632998    
 1873.0834 -0.819613    
 1873.1666  -1.01384    
 1873.2500 -0.622768    
 1873.3334 -0.451054    
 1873.4166 -0.613033    
 1873.5000 -0.546072    
 1873.5834 -0.426947    
 1873.6666 -0.417078    
 1873.7500 -0.620419    
 1873.8334 -0.547989    
 1873.9166 -0.346657    
 1874.0000 -0.474627    
 1874.0834 -0.635162    
 1874.1666 -0.902100    
 1874.2500 -0.535458    
 1874.3334 -0.525984    
 1874.4166 -0.522732    
 1874.5000 -0.668743    
 1874.5834 -0.686028    
 1874.6666  -1.00970    
 1874.7500  -1.10878    
 1874.8334  -1.06334    
 1874.9166 -0.832315    
 1875.0000 -0.513557    
 1875.0834 -0.371283    
 1875.1666 -0.609138    
 1875.2500 -0.891487    
 1875.3334  -1.02013    
 1875.4166 -0.901953    
 1875.5000  -1.01876    
 1875.5834 -0.941437    
 1875.6666 -0.986767    
 1875.7500 -0.760939    
 1875.8334 -0.505117    
 1875.9166 -0.713865    
 1876.0000 -0.874657    
 1876.0834 -0.912241    
 1876.1666 -0.682848    
 1876.2500 -0.767197    
 1876.3334 -0.626574    
 1876.4166 -0.442593    
 1876.5000 -0.496273    
 1876.5834 -0.279398    
 1876.6666 -0.187267    
 1876.7500 -0.104069    
 1876.8334 -0.654984E-01
 1876.9166  0.129032E-01
 1877.0000  0.300236E-01
 1877.0834  0.515299    
 1877.1666  0.318621    
 1877.2500  0.244383    
 1877.3334  0.303417    
 1877.4166  0.615917    
 1877.5000  0.697697    
 1877.5834  0.741253    
 1877.6666  0.796703    
 1877.7500  0.968241    
 1877.8334   1.06338    
 1877.9166   1.27571    
 1878.0000   1.18825    
 1878.0834   1.22438    
 1878.1666  0.784552    
 1878.2500  0.609142    
 1878.3334  0.457956    
 1878.4166  0.792847    
 1878.5000  0.137197    
 1878.5834 -0.112637    
 1878.6666 -0.305067    
 1878.7500 -0.448788    
 1878.8334 -0.325148    
 1878.9166 -0.333157    
 1879.0000 -0.140547    
 1879.0834 -0.437813E-01
 1879.1666 -0.127087E-01
 1879.2500 -0.215727    
 1879.3334 -0.601503    
 1879.4166 -0.862093    
 1879.5000 -0.866873    
 1879.5834 -0.672108    
 1879.6666 -0.645018    
 1879.7500 -0.836988    
 1879.8334 -0.995607    
 1879.9166 -0.717436    
 1880.0000 -0.436928    
 1880.0834 -0.298882    
 1880.1666 -0.336699    
 1880.2500 -0.332987    
 1880.3334 -0.515734    
 1880.4166 -0.569103    
 1880.5000 -0.491053    
 1880.5834 -0.433788    
 1880.6666 -0.357277    
 1880.7500 -0.130878    
 1880.8334  0.120722    
 1880.9166  0.178844    
 1881.0000  0.189762    
 1881.0834  0.186718    
 1881.1666  0.310972    
 1881.2500  0.499233    
 1881.3334  0.338837    
 1881.4166  0.219597    
 1881.5000 -0.168152    
 1881.5834  0.107632E-01
 1881.6666 -0.153147    
 1881.7500 -0.215719    
 1881.8334 -0.306547    
 1881.9166 -0.189085    
 1882.0000 -0.219618    
 1882.0834 -0.371712    
 1882.1666 -0.289688    
 1882.2500  0.171963    
 1882.3334  0.139776    
 1882.4166 -0.140820E-01
 1882.5000 -0.178362    
 1882.5834  0.590420E-01
 1882.6666 -0.404617    
 1882.7500 -0.399059    
 1882.8334 -0.660137    
 1882.9166 -0.584196    
 1883.0000 -0.130257    
 1883.0834 -0.101063    
 1883.1666 -0.159929    
 1883.2500 -0.125347    
 1883.3334 -0.299564    
 1883.4166 -0.238743    
 1883.5000 -0.926437E-01
 1883.5834 -0.177067    
 1883.6666 -0.168716    
 1883.7500 -0.157776E-01
 1883.8334  0.492325E-01
 1883.9166 -0.215855E-01
 1884.0000  0.848427E-01
 1884.0834  0.210098    
 1884.1666  0.216492    
 1884.2500  0.316862    
 1884.3334  0.627426    
 1884.4166 -0.632133E-01
 1884.5000  0.221907    
 1884.5834  0.202093    
 1884.6666  0.150152    
 1884.7500  0.633907E-01
 1884.8334 -0.191574E-01
 1884.9166  0.696735E-01
 1885.0000 -0.843468E-01
 1885.0834  0.120598    
 1885.1666  0.210901    
 1885.2500  0.744820E-01
 1885.3334  0.548386    
 1885.4166  0.211548    
 1885.5000  0.960274E-01
 1885.5834  0.340633    
 1885.6666  0.404222    
 1885.7500  0.625511    
 1885.8334  0.567682    
 1885.9166  0.569754    
 1886.0000  0.340723    
 1886.0834  0.234478    
 1886.1666  0.417391    
 1886.2500  0.139153    
 1886.3334 -0.402924    
 1886.4166 -0.576912    
 1886.5000 -0.766092    
 1886.5834 -0.791407    
 1886.6666 -0.892517    
 1886.7500 -0.783859    
 1886.8334 -0.894758    
 1886.9166  -1.12879    
 1887.0000 -0.573196    
 1887.0834 -0.324291    
 1887.1666 -0.640848    
 1887.2500 -0.813997    
 1887.3334 -0.884693    
 1887.4166 -0.471323    
 1887.5000 -0.371462    
 1887.5834 -0.361477    
 1887.6666 -0.355637    
 1887.7500 -0.178328    
 1887.8334  0.386925E-01
 1887.9166 -0.655365E-01
 1888.0000 -0.108858    
 1888.0834  0.399408    
 1888.1666  0.389721    
 1888.2500  0.370832    
 1888.3334  0.222227    
 1888.4166  0.192558    
 1888.5000  0.285276    
 1888.5834  0.473333    
 1888.6666 -0.804367E-01
 1888.7500  0.933302    
 1888.8334   1.36380    
 1888.9166  0.915504    
 1889.0000  0.966913    
 1889.0834  0.803009    
 1889.1666  0.492691    
 1889.2500  0.244673    
 1889.3334  0.215796    
 1889.4166 -0.261543    
 1889.5000 -0.450132    
 1889.5834 -0.492138    
 1889.6666 -0.638458    
 1889.7500  -1.06417    
 1889.8334 -0.923698    
 1889.9166  -1.03726    
 1890.0000  -1.80877    
 1890.0834  -1.55332    
 1890.1666 -0.814379    
 1890.2500 -0.691088    
 1890.3334 -0.667414    
 1890.4166 -0.910683    
 1890.5000 -0.911383    
 1890.5834  -1.33992    
 1890.6666  -1.32270    
 1890.7500  -1.09670    
 1890.8334 -0.970247    
 1890.9166 -0.600857    
 1891.0000 -0.335217    
 1891.0834 -0.675526E-01
 1891.1666 -0.215893E-01
 1891.2500  0.494919E-01
 1891.3334  0.209465E-01
 1891.4166 -0.269432E-01
 1891.5000 -0.207113    
 1891.5834 -0.986767E-01
 1891.6666 -0.144466    
 1891.7500  0.138092E-02
 1891.8334  0.109201    
 1891.9166  0.459938E-01
 1892.0000 -0.379066    
 1892.0834 -0.250362    
 1892.1666 -0.489479    
 1892.2500 -0.643467    
 1892.3334 -0.412745    
 1892.4166 -0.472603    
 1892.5000 -0.599533    
 1892.5834 -0.684208    
 1892.6666  -1.02779    
 1892.7500  -1.29526    
 1892.8334  -1.24312    
 1892.9166 -0.651646    
 1893.0000 -0.463078    
 1893.0834 -0.484552    
 1893.1666 -0.711458    
 1893.2500  -1.04913    
 1893.3334  -1.13171    
 1893.4166  -1.22053    
 1893.5000  -1.53551    
 1893.5834  -1.46591    
 1893.6666  -1.39973    
 1893.7500  -1.35773    
 1893.8334  -1.20170    
 1893.9166 -0.981186    
 1894.0000  -1.05516    
 1894.0834  -1.20046    
 1894.1666  -1.02220    
 1894.2500 -0.906637    
 1894.3334 -0.908014    
 1894.4166 -0.841772    
 1894.5000 -0.800493    
 1894.5834 -0.652897    
 1894.6666  -1.07708    
 1894.7500 -0.819408    
 1894.8334 -0.824179    
 1894.9166 -0.481836    
 1895.0000 -0.653618    
 1895.0834 -0.420042    
 1895.1666 -0.407379    
 1895.2500 -0.340038    
 1895.3334 -0.335434    
 1895.4166 -0.430742    
 1895.5000 -0.377342    
 1895.5834  0.190052    
 1895.6666  0.101112    
 1895.7500 -0.864277E-01
 1895.8334  0.116652    
 1895.9166  0.130865    
 1896.0000 -0.368671E-01
 1896.0834 -0.110302    
 1896.1666  0.760918E-01
 1896.2500 -0.524368E-01
 1896.3334  0.182266E-01
 1896.4166 -0.307182    
 1896.5000  0.309368    
 1896.5834  0.685472    
 1896.6666  0.673603    
 1896.7500  0.569462    
 1896.8334  0.699982    
 1896.9166  0.733805    
 1897.0000  0.717703    
 1897.0834  0.594238    
 1897.1666  0.273682    
 1897.2500 -0.128998    
 1897.3334 -0.165215    
 1897.4166 -0.109772    
 1897.5000  0.865173E-01
 1897.5834  0.105753    
 1897.6666  0.498219E-01
 1897.7500 -0.312458    
 1897.8334 -0.532328    
 1897.9166 -0.465395    
 1898.0000 -0.584677    
 1898.0834 -0.456621    
 1898.1666 -0.473488    
 1898.2500 -0.254438    
 1898.3334 -0.394543    
 1898.4166 -0.315533    
 1898.5000 -0.444572    
 1898.5834 -0.655317    
 1898.6666 -0.480047    
 1898.7500 -0.300768    
 1898.8334 -0.556318    
 1898.9166 -0.713387    
 1899.0000 -0.889196    
 1899.0834 -0.768162    
 1899.1666 -0.633739    
 1899.2500 -0.367498    
 1899.3334 -0.176414    
 1899.4166 -0.246443    
 1899.5000  0.295067E-01
 1899.5834  0.224022    
 1899.6666  0.113335E-01
 1899.7500  0.643642    
 1899.8334  0.884302    
 1899.9166   1.01121    
 1900.0000  0.760653    
 1900.0834  0.620508    
 1900.1666  0.543701    
 1900.2500  0.470922    
 1900.3334  0.360247    
 1900.4166  0.319618    
 1900.5000  0.386467    
 1900.5834  0.453922    
 1900.6666  0.371473    
 1900.7500  0.420992    
 1900.8334  0.329391    
 1900.9166  0.675823    
 1901.0000  0.719822    
 1901.0834  0.286938    
 1901.1666  0.188850    
 1901.2500  0.145582    
 1901.3334 -0.654221E-03
 1901.4166 -0.202202    
 1901.5000 -0.158133    
 1901.5834 -0.202866E-01
 1901.6666 -0.294327    
 1901.7500 -0.201029    
 1901.8334 -0.318737    
 1901.9166 -0.286097    
 1902.0000 -0.405998    
 1902.0834 -0.204111    
 1902.1666 -0.342169    
 1902.2500  0.291063    
 1902.3334  0.578176    
 1902.4166  0.581697    
 1902.5000  0.730846    
 1902.5834  0.630463    
 1902.6666  0.977163    
 1902.7500  0.821102    
 1902.8334  0.769682    
 1902.9166  0.582874    
 1903.0000  0.738672    
 1903.0834  0.864809    
 1903.1666  0.738121    
 1903.2500  0.466063    
 1903.3334  0.144037    
 1903.4166  0.528698    
 1903.5000 -0.913219E-01
 1903.5834  0.282652    
 1903.6666 -0.116877    
 1903.7500 -0.106049    
 1903.8334 -0.253258    
 1903.9166 -0.445795    
 1904.0000 -0.827118    
 1904.0834 -0.499332    
 1904.1666 -0.396858    
 1904.2500 -0.293608    
 1904.3334 -0.530024    
 1904.4166 -0.122133    
 1904.5000  0.180857    
 1904.5834  0.247782    
 1904.6666  0.785027E-01
 1904.7500  0.588442    
 1904.8334 -0.185078    
 1904.9166  0.579235    
 1905.0000  0.431313    
 1905.0834  0.719088    
 1905.1666  0.606291    
 1905.2500  0.375433    
 1905.3334  0.681316    
 1905.4166  0.341599    
 1905.5000  0.745626    
 1905.5834  0.752642    
 1905.6666   1.11557    
 1905.7500  0.568441    
 1905.8334  0.502071    
 1905.9166  0.669844    
 1906.0000  0.241312    
 1906.0834  0.422897    
 1906.1666  0.888802    
 1906.2500  0.339262    
 1906.3334  0.529766E-01
 1906.4166  0.106447    
 1906.5000  0.293465E-01
 1906.5834  0.262993    
 1906.6666 -0.611368    
 1906.7500 -0.661768    
 1906.8334 -0.221577E-01
 1906.9166 -0.209187    
 1907.0000 -0.230097    
 1907.0834 -0.163702    
 1907.1666 -0.233130    
 1907.2500 -0.293938    
 1907.3334 -0.193184    
 1907.4166 -0.117302    
 1907.5000 -0.248114    
 1907.5834 -0.123657    
 1907.6666  0.350723E-01
 1907.7500 -0.429789    
 1907.8334 -0.163307    
 1907.9166 -0.151525    
 1908.0000 -0.312286    
 1908.0834 -0.214024E-01
 1908.1666 -0.321798    
 1908.2500 -0.182678    
 1908.3334 -0.868130E-01
 1908.4166 -0.396982    
 1908.5000 -0.499622    
 1908.5834 -0.344568    
 1908.6666 -0.335938    
 1908.7500 -0.412188    
 1908.8334 -0.664167    
 1908.9166 -0.763445    
 1909.0000 -0.388817    
 1909.0834 -0.592472    
 1909.1666 -0.392769    
 1909.2500 -0.349428    
 1909.3334  0.190773E-01
 1909.4166 -0.708603    
 1909.5000 -0.761393    
 1909.5834 -0.887438    
 1909.6666 -0.678358    
 1909.7500  -1.00115    
 1909.8334  -1.08155    
 1909.9166 -0.817905    
 1910.0000 -0.954958    
 1910.0834 -0.700262    
 1910.1666 -0.821508    
 1910.2500  -1.09538    
 1910.3334  -1.03747    
 1910.4166  -1.08340    
 1910.5000 -0.945482    
 1910.5834 -0.888128    
 1910.6666  -1.22201    
 1910.7500  -1.03221    
 1910.8334 -0.814537    
 1910.9166 -0.718876    
 1911.0000 -0.507048    
 1911.0834 -0.424742    
 1911.1666 -0.682079    
 1911.2500 -0.916927    
 1911.3334 -0.587063    
 1911.4166 -0.758642    
 1911.5000 -0.583452    
 1911.5834 -0.846308    
 1911.6666 -0.429527    
 1911.7500 -0.332039    
 1911.8334  0.354782    
 1911.9166  0.186634E-01
 1912.0000  0.567253    
 1912.0834  0.490328    
 1912.1666  0.530621    
 1912.2500  0.499443    
 1912.3334 -0.155413    
 1912.4166 -0.142893    
 1912.5000  0.434780E-01
 1912.5834 -0.147568    
 1912.6666 -0.258675E-01
 1912.7500 -0.215748    
 1912.8334 -0.604477E-01
 1912.9166 -0.379366    
 1913.0000 -0.353018    
 1913.0834  0.213198    
 1913.1666  0.190321    
 1913.2500 -0.350998    
 1913.3334 -0.274035    
 1913.4166 -0.450733    
 1913.5000 -0.516233    
 1913.5834 -0.454727    
 1913.6666 -0.463371E-01
 1913.7500 -0.265459    
 1913.8334  0.115143    
 1913.9166  0.171875    
 1914.0000  0.157127E-01
 1914.0834  0.486158    
 1914.1666  0.237350    
 1914.2500  0.508892    
 1914.3334  0.189856    
 1914.4166  0.439873E-01
 1914.5000  0.227427    
 1914.5834  0.525503    
 1914.6666  0.328043    
 1914.7500  0.216002    
 1914.8334  0.194773    
 1914.9166  0.347883    
 1915.0000  0.486113    
 1915.0834  0.565147    
 1915.1666  0.495241    
 1915.2500  0.408613    
 1915.3334  0.449036    
 1915.4166  0.683777    
 1915.5000  0.209356    
 1915.5834  0.181793    
 1915.6666  0.211712    
 1915.7500  0.311852    
 1915.8334 -0.253868E-02
 1915.9166  0.965843E-01
 1916.0000  0.181618E-01
 1916.0834 -0.218042    
 1916.1666 -0.159048    
 1916.2500 -0.107670E-01
 1916.3334  0.243116    
 1916.4166  0.908985E-01
 1916.5000 -0.577393    
 1916.5834 -0.964277    
 1916.6666  -1.05649    
 1916.7500 -0.859869    
 1916.8334  -1.12629    
 1916.9166 -0.892395    
 1917.0000 -0.857168    
 1917.0834 -0.524712    
 1917.1666 -0.496639    
 1917.2500 -0.443977    
 1917.3334 -0.602184    
 1917.4166 -0.476313    
 1917.5000 -0.375042    
 1917.5834 -0.217657    
 1917.6666 -0.334047    
 1917.7500 -0.149889    
 1917.8334 -0.451368    
 1917.9166 -0.489086    
 1918.0000 -0.574318    
 1918.0834 -0.567802    
 1918.1666 -0.535738    
 1918.2500 -0.450357    
 1918.3334 -0.355003    
 1918.4166  0.158482E-01
 1918.5000 -0.175093    
 1918.5834  0.764122E-01
 1918.6666  0.316593    
 1918.7500  0.529972    
 1918.8334  0.589743    
 1918.9166  0.608543    
 1919.0000  0.868652    
 1919.0834  0.707529    
 1919.1666  0.774151    
 1919.2500  0.674383    
 1919.3334  0.628027    
 1919.4166  0.419878    
 1919.5000  0.172256    
 1919.5834  0.393253    
 1919.6666  0.246523    
 1919.7500 -0.919991E-01
 1919.8334 -0.498238    
 1919.9166  0.150724    
 1920.0000  0.146893    
 1920.0834  0.158289    
 1920.1666  0.208431    
 1920.2500 -0.593872E-01
 1920.3334  0.485764E-01
 1920.4166  0.282997    
 1920.5000  0.269127    
 1920.5834  0.240013    
 1920.6666  0.229372    
 1920.7500  0.588482    
 1920.8334 -0.920372E-01
 1920.9166 -0.409986    
 1921.0000 -0.573864E-01
 1921.0834 -0.510561    
 1921.1666 -0.943409    
 1921.2500 -0.259727    
 1921.3334 -0.678164    
 1921.4166 -0.477242    
 1921.5000 -0.291573    
 1921.5834  0.216522E-01
 1921.6666 -0.225758    
 1921.7500 -0.432987E-01
 1921.8334 -0.531218    
 1921.9166 -0.429554E-01
 1922.0000 -0.339907    
 1922.0834  0.864983E-01
 1922.1666  0.114521    
 1922.2500 -0.300047    
 1922.3334  0.917168E-01
 1922.4166 -0.318092    
 1922.5000  0.511169E-01
 1922.5834 -0.232677    
 1922.6666 -0.219858    
 1922.7500 -0.316519    
 1922.8334 -0.136559    
 1922.9166 -0.541246    
 1923.0000 -0.228178    
 1923.0834 -0.287352    
 1923.1666 -0.154669    
 1923.2500  0.709629E-01
 1923.3334 -0.115284    
 1923.4166 -0.138422    
 1923.5000 -0.269093    
 1923.5834  0.724621E-01
 1923.6666  0.309292    
 1923.7500  0.543051    
 1923.8334  0.648922    
 1923.9166  0.448673    
 1924.0000  0.240482    
 1924.0834  0.240438    
 1924.1666  0.320862    
 1924.2500  0.296230E-01
 1924.3334 -0.432634    
 1924.4166 -0.185602    
 1924.5000 -0.386463    
 1924.5834 -0.564707    
 1924.6666 -0.587017    
 1924.7500 -0.558008    
 1924.8334 -0.931538    
 1924.9166 -0.357225    
 1925.0000 -0.955858    
 1925.0834 -0.753283    
 1925.1666 -0.668619    
 1925.2500 -0.417677    
 1925.3334 -0.364584    
 1925.4166 -0.519882    
 1925.5000  0.122437    
 1925.5834  0.310152    
 1925.6666  0.406542    
 1925.7500  0.465162    
 1925.8334  0.701742    
 1925.9166  0.880875    
 1926.0000  0.633493    
 1926.0834  0.798479    
 1926.1666  0.763762    
 1926.2500  0.513802    
 1926.3334  0.603506    
 1926.4166  0.496567    
 1926.5000  0.326178    
 1926.5834  0.225172    
 1926.6666  0.171722    
 1926.7500 -0.218708    
 1926.8334 -0.380678    
 1926.9166 -0.240967    
 1927.0000  0.187836E-01
 1927.0834  0.162798    
 1927.1666 -0.268929    
 1927.2500  0.219517E-01
 1927.3334 -0.435904    
 1927.4166 -0.127613    
 1927.5000 -0.917931E-01
 1927.5834  0.110043    
 1927.6666 -0.839767E-01
 1927.7500  0.815907E-01
 1927.8334 -0.936680E-01
 1927.9166  0.256834    
 1928.0000  0.386803    
 1928.0834  0.283678    
 1928.1666  0.786514E-01
 1928.2500  0.126423    
 1928.3334  0.125206    
 1928.4166  0.489178E-01
 1928.5000 -0.766335E-01
 1928.5834  0.329628E-01
 1928.6666 -0.822468E-01
 1928.7500 -0.975380E-01
 1928.8334 -0.296783E-02
 1928.9166 -0.266706    
 1929.0000 -0.297867    
 1929.0834 -0.139372    
 1929.1666 -0.801487E-01
 1929.2500 -0.554085E-01
 1929.3334 -0.199265    
 1929.4166  0.127947    
 1929.5000  0.200697    
 1929.5834  0.110542    
 1929.6666  0.137293    
 1929.7500  0.215071    
 1929.8334  0.217432    
 1929.9166  0.545094    
 1930.0000  0.527243    
 1930.0834  0.562168    
 1930.1666  0.512911    
 1930.2500  0.504883    
 1930.3334 -0.847435E-02
 1930.4166  0.214428    
 1930.5000  0.385508    
 1930.5834  0.264223    
 1930.6666  0.654663    
 1930.7500  0.584312    
 1930.8334  0.949581    
 1930.9166  0.632595    
 1931.0000  0.769503    
 1931.0834   1.01508    
 1931.1666  0.507551    
 1931.2500  0.535683    
 1931.3334  0.549665    
 1931.4166  0.624798    
 1931.5000  0.461668    
 1931.5834  0.421793    
 1931.6666 -0.187958    
 1931.7500 -0.199289    
 1931.8334  0.237827E-01
 1931.9166 -0.232916    
 1932.0000 -0.339918    
 1932.0834 -0.240181    
 1932.1666  0.145092    
 1932.2500 -0.288181E-01
 1932.3334  0.102463E-01
 1932.4166 -0.415230E-01
 1932.5000 -0.345333    
 1932.5834  0.242233E-02
 1932.6666 -0.178471E-01
 1932.7500  0.294609E-01
 1932.8334 -0.118275E-01
 1932.9166 -0.323845    
 1933.0000 -0.265579E-01
 1933.0834 -0.157381    
 1933.1666 -0.139738    
 1933.2500 -0.771179E-01
 1933.3334 -0.425154    
 1933.4166 -0.725212    
 1933.5000 -0.462704    
 1933.5834 -0.655188    
 1933.6666 -0.769478    
 1933.7500  -1.06493    
 1933.8334 -0.761787    
 1933.9166  -1.02293    
 1934.0000  -1.00367    
 1934.0834 -0.862341    
 1934.1666 -0.987198    
 1934.2500 -0.488268    
 1934.3334 -0.606003    
 1934.4166 -0.418322    
 1934.5000 -0.495392    
 1934.5834 -0.586317    
 1934.6666 -0.522778    
 1934.7500 -0.422588    
 1934.8334 -0.270267    
 1934.9166 -0.252537    
 1935.0000 -0.322638    
 1935.0834 -0.443020E-01
 1935.1666 -0.273058    
 1935.2500 -0.399347    
 1935.3334 -0.601503    
 1935.4166 -0.418852    
 1935.5000 -0.471712    
 1935.5834  0.894127E-01
 1935.6666  0.264530E-01
 1935.7500  0.227871    
 1935.8334  0.139542    
 1935.9166 -0.472641E-02
 1936.0000  0.191463    
 1936.0834  0.255548    
 1936.1666  0.985012E-01
 1936.2500  0.310682    
 1936.3334  0.427956    
 1936.4166 -0.976429E-01
 1936.5000 -0.123854    
 1936.5834 -0.457573E-01
 1936.6666  0.132179E-02
 1936.7500  0.256872    
 1936.8334 -0.111998    
 1936.9166  0.414484    
 1937.0000 -0.932770E-01
 1937.0834  0.322048    
 1937.1666  0.623531    
 1937.2500  0.784016E-01
 1937.3334 -0.112404    
 1937.4166 -0.288912    
 1937.5000  0.161518    
 1937.5834  0.458622E-01
 1937.6666 -0.635567E-01
 1937.7500 -0.525894E-01
 1937.8334  0.199001    
 1937.9166 -0.172575    
 1938.0000 -0.130447    
 1938.0834 -0.261116E-01
 1938.1666  0.454311E-01
 1938.2500 -0.131937    
 1938.3334 -0.439373    
 1938.4166 -0.601192    
 1938.5000 -0.505423    
 1938.5834 -0.634598    
 1938.6666 -0.170757    
 1938.7500 -0.678528    
 1938.8334 -0.490337    
 1938.9166 -0.469555    
 1939.0000 -0.459047    
 1939.0834 -0.571922    
 1939.1666 -0.412828    
 1939.2500 -0.974579E-01
 1939.3334 -0.106134    
 1939.4166 -0.203032    
 1939.5000  0.970974E-01
 1939.5834 -0.528679E-01
 1939.6666  0.673832    
 1939.7500 -0.515909    
 1939.8334  0.218201E-02
 1939.9166  0.353495    
 1940.0000  0.634483    
 1940.0834  0.743359    
 1940.1666  0.727091    
 1940.2500  0.466522    
 1940.3334  0.349966    
 1940.4166  0.582407    
 1940.5000  0.475748    
 1940.5834  0.385933    
 1940.6666  0.164503    
 1940.7500  0.469091    
 1940.8334  0.685652    
 1940.9166  0.893414    
 1941.0000  0.791462    
 1941.0834  0.700338    
 1941.1666  0.986782    
 1941.2500   1.08962    
 1941.3334   1.07964    
 1941.4166  0.658737    
 1941.5000  0.742046    
 1941.5834  0.699842    
 1941.6666  0.557152    
 1941.7500  0.750341    
 1941.8334  0.901333    
 1941.9166  0.950615    
 1942.0000  0.612003    
 1942.0834  0.482439    
 1942.1666  0.130362    
 1942.2500  0.591393    
 1942.3334 -0.655632E-01
 1942.4166 -0.143673    
 1942.5000 -0.164753    
 1942.5834 -0.321617    
 1942.6666 -0.521837    
 1942.7500 -0.614199    
 1942.8334 -0.639149    
 1942.9166 -0.788435    
 1943.0000  -1.11407    
 1943.0834 -0.831472    
 1943.1666 -0.597139    
 1943.2500 -0.349127    
 1943.3334 -0.863438E-01
 1943.4166 -0.597630E-01
 1943.5000  0.351582E-01
 1943.5834  0.250002    
 1943.6666 -0.506573E-01
 1943.7500 -0.324648    
 1943.8334 -0.398659    
 1943.9166 -0.228947    
 1944.0000 -0.145367    
 1944.0834 -0.133812    
 1944.1666 -0.105991E-01
 1944.2500  0.765133E-01
 1944.3334  0.174086    
 1944.4166  0.804882E-01
 1944.5000  0.192886    
 1944.5834  0.243853    
 1944.6666  0.114452    
 1944.7500  0.656223E-01
 1944.8334  0.155142    
 1944.9166  0.735950E-01
 1945.0000 -0.160488    
 1945.0834 -0.337603    
 1945.1666 -0.683119    
 1945.2500 -0.699217    
 1945.3334 -0.619764    
 1945.4166 -0.647112    
 1945.5000 -0.400963    
 1945.5834 -0.378517    
 1945.6666 -0.312887    
 1945.7500 -0.278168    
 1945.8334 -0.105928    
 1945.9166 -0.240086    
 1946.0000 -0.208418    
 1946.0834 -0.100122    
 1946.1666 -0.168459    
 1946.2500 -0.713482E-01
 1946.3334  0.650864E-01
 1946.4166  0.471107    
 1946.5000  0.271578    
 1946.5834  0.117813    
 1946.6666  0.376072    
 1946.7500  0.246532    
 1946.8334  0.171871    
 1946.9166  0.575523    
 1947.0000  0.354633    
 1947.0834 -0.945225E-01
 1947.1666  0.310921    
 1947.2500  0.312424E-01
 1947.3334 -0.534229E-01
 1947.4166  0.524048    
 1947.5000 -0.204073    
 1947.5834  0.433350E-02
 1947.6666 -0.513107    
 1947.7500 -0.625488    
 1947.8334 -0.702688    
 1947.9166  0.787544E-01
 1948.0000  0.127644    
 1948.0834 -0.144821    
 1948.1666  0.368952    
 1948.2500  0.202723    
 1948.3334  0.546206    
 1948.4166  0.533007    
 1948.5000 -0.214920E-01
 1948.5834 -0.552769E-01
 1948.6666 -0.306683E-01
 1948.7500 -0.129959    
 1948.8334 -0.141129    
 1948.9166 -0.467262E-01
 1949.0000 -0.414867E-01
 1949.0834  0.441248    
 1949.1666 -0.282999    
 1949.2500  0.462418E-01
 1949.3334 -0.108324    
 1949.4166 -0.404882    
 1949.5000 -0.221313    
 1949.5834 -0.896645E-02
 1949.6666 -0.675108    
 1949.7500 -0.557098    
 1949.8334  -1.11460    
 1949.9166 -0.771635    
 1950.0000 -0.551647    
 1950.0834  -1.05574    
 1950.1666 -0.839678    
 1950.2500 -0.659857    
 1950.3334 -0.701944    
 1950.4166 -0.481203    
 1950.5000 -0.813993    
 1950.5834 -0.798618    
 1950.6666 -0.760948    
 1950.7500 -0.890709    
 1950.8334  -1.26555    
 1950.9166 -0.668575    
 1951.0000  -1.12310    
 1951.0834 -0.913181    
 1951.1666 -0.693699    
 1951.2500 -0.432688    
 1951.3334 -0.110283    
 1951.4166 -0.247093    
 1951.5000  0.137978    
 1951.5834  0.332842    
 1951.6666  0.292883    
 1951.7500  0.310072    
 1951.8334  0.414423    
 1951.9166  0.461535    
 1952.0000  0.370363    
 1952.0834  0.168228    
 1952.1666 -0.205288E-01
 1952.2500  0.346422    
 1952.3334  0.122696    
 1952.4166 -0.147953    
 1952.5000 -0.252163    
 1952.5834 -0.150517    
 1952.6666  0.203722    
 1952.7500  0.430813E-01
 1952.8334 -0.175138    
 1952.9166 -0.154856    
 1953.0000  0.386223    
 1953.0834  0.323772E-01
 1953.1666  0.317991    
 1953.2500  0.492062    
 1953.3334  0.284237    
 1953.4166  0.273577    
 1953.5000  0.287666    
 1953.5834  0.188122    
 1953.6666  0.484072    
 1953.7500  0.163242    
 1953.8334  0.319681    
 1953.9166  0.175247E-01
 1954.0000  0.311203    
 1954.0834  0.134188    
 1954.1666  0.817223E-01
 1954.2500  0.140522    
 1954.3334 -0.330734E-01
 1954.4166 -0.332422    
 1954.5000 -0.525164    
 1954.5834 -0.533287    
 1954.6666 -0.612917    
 1954.7500 -0.594849    
 1954.8334 -0.770977    
 1954.9166 -0.439917    
 1955.0000 -0.539778    
 1955.0834 -0.846941    
 1955.1666 -0.593559    
 1955.2500 -0.833668    
 1955.3334 -0.781075    
 1955.4166 -0.669603    
 1955.5000 -0.915382    
 1955.5834 -0.623737    
 1955.6666 -0.724228    
 1955.7500  -1.31119    
 1955.8334  -1.21951    
 1955.9166  -1.13655    
 1956.0000 -0.873308    
 1956.0834 -0.924023    
 1956.1666 -0.783228    
 1956.2500 -0.489918    
 1956.3334 -0.527054    
 1956.4166 -0.798252    
 1956.5000 -0.686693    
 1956.5834 -0.554296    
 1956.6666 -0.821877    
 1956.7500 -0.705498    
 1956.8334 -0.593647    
 1956.9166 -0.351646    
 1957.0000 -0.777779E-01
 1957.0834  0.629082E-01
 1957.1666  0.425320E-01
 1957.2500  0.379473    
 1957.3334  0.549217    
 1957.4166  0.949383E-01
 1957.5000  0.245537    
 1957.5834  0.319033    
 1957.6666  0.470453    
 1957.7500  0.578241    
 1957.8334  0.740522    
 1957.9166  0.742594    
 1958.0000   1.19963    
 1958.0834   1.21177    
 1958.1666   1.04459    
 1958.2500  0.550022    
 1958.3334  0.650057    
 1958.4166  0.414007    
 1958.5000  0.212357    
 1958.5834  0.480133    
 1958.6666  0.383186E-02
 1958.7500  0.220381    
 1958.8334  0.305983    
 1958.9166  0.531214    
 1959.0000  0.433023    
 1959.0834  0.437178    
 1959.1666  0.284231    
 1959.2500  0.287382    
 1959.3334  0.281706    
 1959.4166 -0.160353    
 1959.5000 -0.269928E-01
 1959.5834  0.128363    
 1959.6666  0.725231E-01
 1959.7500  0.524139E-02
 1959.8334 -0.190977    
 1959.9166 -0.156406    
 1960.0000 -0.283108    
 1960.0834 -0.397972    
 1960.1666 -0.282038    
 1960.2500  0.164833E-01
 1960.3334 -0.600834E-01
 1960.4166 -0.279192    
 1960.5000 -0.205664    
 1960.5834 -0.223448    
 1960.6666 -0.129766    
 1960.7500 -0.866489E-01
 1960.8334 -0.177338    
 1960.9166  0.214535    
 1961.0000 -0.126278    
 1961.0834 -0.836124E-01
 1961.1666 -0.205488    
 1961.2500 -0.255747    
 1961.3334 -0.143154    
 1961.4166 -0.897827E-01
 1961.5000 -0.223192    
 1961.5834 -0.195427    
 1961.6666 -0.265497    
 1961.7500 -0.451418    
 1961.8334 -0.311579    
 1961.9166 -0.466616    
 1962.0000 -0.626438    
 1962.0834 -0.382591    
 1962.1666 -0.403299    
 1962.2500 -0.156368    
 1962.3334 -0.322483    
 1962.4166 -0.911026E-01
 1962.5000 -0.210463    
 1962.5834 -0.151438    
 1962.6666 -0.319357    
 1962.7500 -0.243469    
 1962.8334 -0.155659    
 1962.9166 -0.307905    
 1963.0000 -0.320198    
 1963.0834 -0.206442    
 1963.1666 -0.161209    
 1963.2500 -0.311470E-01
 1963.3334 -0.601330E-01
 1963.4166 -0.241013    
 1963.5000  0.200228    
 1963.5834  0.458832    
 1963.6666  0.342413    
 1963.7500  0.560341    
 1963.8334  0.577871    
 1963.9166  0.517805    
 1964.0000  0.419283    
 1964.0834  0.380768    
 1964.1666 -0.135668    
 1964.2500 -0.750484E-01
 1964.3334 -0.294933    
 1964.4166 -0.507853    
 1964.5000 -0.543823    
 1964.5834 -0.699987    
 1964.6666  -1.03008    
 1964.7500  -1.02717    
 1964.8334  -1.01123    
 1964.9166 -0.842806    
 1965.0000 -0.388037    
 1965.0834 -0.417683    
 1965.1666 -0.470169    
 1965.2500 -0.171328    
 1965.3334 -0.112434    
 1965.4166  0.493279E-01
 1965.5000  0.236137    
 1965.5834  0.468872    
 1965.6666  0.494242    
 1965.7500  0.760052    
 1965.8334  0.852753    
 1965.9166  0.804995    
 1966.0000  0.719313    
 1966.0834  0.618378    
 1966.1666  0.889381    
 1966.2500  0.455832    
 1966.3334  0.335947    
 1966.4166  0.355108    
 1966.5000  0.558147    
 1966.5834  0.426802    
 1966.6666  0.333683    
 1966.7500  0.178001    
 1966.8334  0.377712E-01
 1966.9166  0.425739E-01
 1967.0000 -0.605278    
 1967.0834 -0.630262    
 1967.1666 -0.335209    
 1967.2500  0.660515E-01
 1967.3334  0.237736    
 1967.4166  0.102518    
 1967.5000  0.796471E-01
 1967.5834 -0.634365E-01
 1967.6666 -0.236486    
 1967.7500 -0.347290E-01
 1967.8334  0.575428E-01
 1967.9166 -0.167656E-01
 1968.0000 -0.117838    
 1968.0834  0.962830E-02
 1968.1666 -0.341839    
 1968.2500 -0.306707    
 1968.3334 -0.271744    
 1968.4166  0.275669E-01
 1968.5000  0.611572E-01
 1968.5834  0.160994    
 1968.6666 -0.606880E-01
 1968.7500  0.345152    
 1968.8334  0.671951    
 1968.9166  0.602955    
 1969.0000   1.06328    
 1969.0834   1.27469    
 1969.1666  0.747952    
 1969.2500  0.579082    
 1969.3334  0.408577    
 1969.4166  0.116297    
 1969.5000  0.171127    
 1969.5834  0.555403    
 1969.6666  0.583792    
 1969.7500  0.541861    
 1969.8334  0.629211    
 1969.9166  0.646944    
 1970.0000  0.508373    
 1970.0834  0.446548    
 1970.1666  0.338621    
 1970.2500  0.250362    
 1970.3334  0.316187    
 1970.4166  0.689278E-01
 1970.5000 -0.752125E-01
 1970.5834 -0.301497    
 1970.6666 -0.376568    
 1970.7500 -0.525349    
 1970.8334 -0.393469    
 1970.9166 -0.846025    
 1971.0000  -1.14622    
 1971.0834 -0.953732    
 1971.1666  -1.02668    
 1971.2500 -0.641668    
 1971.3334 -0.576405    
 1971.4166 -0.601923    
 1971.5000 -0.667942    
 1971.5834 -0.678017    
 1971.6666 -0.862837    
 1971.7500 -0.444288    
 1971.8334 -0.430708    
 1971.9166 -0.349125    
 1972.0000 -0.273327    
 1972.0834  0.155888E-01
 1972.1666  0.640812E-01
 1972.2500  0.434212    
 1972.3334  0.557167    
 1972.4166  0.492418    
 1972.5000  0.463848    
 1972.5834  0.385582    
 1972.6666  0.428204    
 1972.7500  0.879961    
 1972.8334  0.766361    
 1972.9166   1.01171    
 1973.0000  0.988123    
 1973.0834  0.648098    
 1973.1666  0.510031    
 1973.2500  0.638123E-01
 1973.3334  0.601578E-02
 1973.4166 -0.413862    
 1973.5000 -0.582973    
 1973.5834 -0.760077    
 1973.6666  -1.00966    
 1973.7500  -1.13772    
 1973.8334  -1.42932    
 1973.9166  -1.74337    
 1974.0000  -1.58541    
 1974.0834  -1.10435    
 1974.1666  -1.07489    
 1974.2500 -0.841488    
 1974.3334 -0.679083    
 1974.4166 -0.662823    
 1974.5000 -0.739172    
 1974.5834 -0.539797    
 1974.6666 -0.685698    
 1974.7500 -0.791149    
 1974.8334 -0.869827    
 1974.9166 -0.776865    
 1975.0000 -0.568848    
 1975.0834 -0.305962    
 1975.1666 -0.524019    
 1975.2500 -0.614157    
 1975.3334 -0.794973    
 1975.4166 -0.879463    
 1975.5000  -1.23872    
 1975.5834  -1.42605    
 1975.6666  -1.72137    
 1975.7500  -1.76935    
 1975.8334  -1.72151    
 1975.9166  -1.75891    
 1976.0000  -1.28306    
 1976.0834 -0.924572    
 1976.1666 -0.513418    
 1976.2500 -0.405857    
 1976.3334 -0.439493    
 1976.4166 -0.315243    
 1976.5000 -0.320513    
 1976.5834 -0.261847    
 1976.6666  0.147362    
 1976.7500  0.316122    
 1976.8334  0.467333    
 1976.9166  0.173433    
 1977.0000  0.173822    
 1977.0834  0.129879    
 1977.1666  0.104681    
 1977.2500 -0.269375E-01
 1977.3334 -0.292130E-01
 1977.4166  0.259697    
 1977.5000  0.524578    
 1977.5834  0.581163    
 1977.6666  0.685204    
 1977.7500  0.645752    
 1977.8334  0.771143    
 1977.9166  0.854364    
 1978.0000  0.610512    
 1978.0834  0.419317    
 1978.1666  0.997810E-01
 1978.2500  0.177231E-01
 1978.3334  0.291271E-01
 1978.4166 -0.191612    
 1978.5000 -0.805531E-01
 1978.5834 -0.177217    
 1978.6666 -0.249138    
 1978.7500 -0.141108    
 1978.8334 -0.980759E-02
 1978.9166  0.210247E-01
 1979.0000  0.317833    
 1979.0834  0.346409    
 1979.1666  0.295702    
 1979.2500  0.168732    
 1979.3334 -0.480042E-01
 1979.4166 -0.585175E-02
 1979.5000  0.100508    
 1979.5834  0.584030E-01
 1979.6666  0.454025E-01
 1979.7500  0.185461    
 1979.8334  0.218462    
 1979.9166  0.621025    
 1980.0000  0.569952    
 1980.0834  0.642118    
 1980.1666  0.475962    
 1980.2500  0.403322    
 1980.3334  0.434637    
 1980.4166  0.380589    
 1980.5000  0.335176    
 1980.5834  0.105333    
 1980.6666  0.101892    
 1980.7500  0.264662    
 1980.8334  0.423052    
 1980.9166  0.248545    
 1981.0000  0.215435E-01
 1981.0834  0.115986E-01
 1981.1666  0.255842    
 1981.2500  0.235825E-01
 1981.3334  0.310364E-01
 1981.4166 -0.137732    
 1981.5000 -0.256422    
 1981.5834 -0.120077    
 1981.6666  0.337124E-01
 1981.7500  0.385723E-01
 1981.8334  0.480614E-01
 1981.9166  0.217014    
 1982.0000  0.386238E-02
 1982.0834 -0.172310E-01
 1982.1666  0.254641    
 1982.2500  0.472403    
 1982.3334  0.608496    
 1982.4166  0.759848    
 1982.5000  0.387297    
 1982.5834  0.449232    
 1982.6666  0.574732    
 1982.7500   1.01433    
 1982.8334  0.771332    
 1982.9166  0.784855    
 1983.0000  0.894083    
 1983.0834  0.767878    
 1983.1666  0.589712    
 1983.2500  0.360893    
 1983.3334  0.372467    
 1983.4166  0.177357    
 1983.5000 -0.173502    
 1983.5834 -0.173157    
 1983.6666 -0.437407    
 1983.7500 -0.698418    
 1983.8334 -0.733837    
 1983.9166 -0.560396    
 1984.0000 -0.562197    
 1984.0834 -0.608532    
 1984.1666 -0.684208    
 1984.2500 -0.750818    
 1984.3334 -0.760593    
 1984.4166 -0.641392    
 1984.5000 -0.344112    
 1984.5834 -0.375977    
 1984.6666 -0.141548    
 1984.7500 -0.535408    
 1984.8334 -0.750818    
 1984.9166 -0.991415    
 1985.0000 -0.392607    
 1985.0834 -0.561333    
 1985.1666 -0.708469    
 1985.2500 -0.741018    
 1985.3334 -0.668423    
 1985.4166 -0.597282    
 1985.5000 -0.268673    
 1985.5834 -0.112467    
 1985.6666 -0.104668    
 1985.7500 -0.119089    
 1985.8334 -0.122185E-01
 1985.9166  0.372849E-01
 1986.0000 -0.236197    
 1986.0834 -0.184792    
 1986.1666 -0.257519    
 1986.2500 -0.164358    
 1986.3334 -0.138514    
 1986.4166  0.188757    
 1986.5000  0.313307    
 1986.5834  0.515743    
 1986.6666  0.691273    
 1986.7500  0.723412    
 1986.8334  0.811512    
 1986.9166  0.696865    
 1987.0000  0.737772    
 1987.0834  0.842028    
 1987.1666  0.931551    
 1987.2500  0.623432    
 1987.3334  0.646856    
 1987.4166  0.899578    
 1987.5000  0.842007    
 1987.5834  0.903513    
 1987.6666   1.02606    
 1987.7500   1.10151    
 1987.8334   1.16695    
 1987.9166   1.05860    
 1988.0000  0.805862    
 1988.0834  0.484999    
 1988.1666  0.382982    
 1988.2500 -0.157608    
 1988.3334 -0.494783    
 1988.4166 -0.629913    
 1988.5000 -0.755323    
 1988.5834 -0.699957    
 1988.6666 -0.830458    
 1988.7500  -1.41876    
 1988.8334  -1.49957    
 1988.9166  -1.46428    
 1989.0000  -1.47786    
 1989.0834  -1.32193    
 1989.1666  -1.17281    
 1989.2500 -0.868608    
 1989.3334 -0.658684    
 1989.4166 -0.694643    
 1989.5000 -0.416613    
 1989.5834 -0.423918    
 1989.6666 -0.184748    
 1989.7500 -0.218639    
 1989.8334 -0.115778    
 1989.9166  0.220005    
 1990.0000  0.362164    
 1990.0834  0.468248    
 1990.1666  0.517881    
 1990.2500  0.389023    
 1990.3334  0.325657    
 1990.4166  0.238907    
 1990.5000  0.437147    
 1990.5834  0.543753    
 1990.6666  0.461393    
 1990.7500  0.584801    
 1990.8334  0.519592    
 1990.9166  0.764935    
 1991.0000  0.796223    
 1991.0834  0.638138    
 1991.1666  0.500431    
 1991.2500  0.649332    
 1991.3334  0.641327    
 1991.4166  0.723257    
 1991.5000  0.661966    
 1991.5834  0.698593    
 1991.6666  0.507393    
 1991.7500  0.881262    
 1991.8334  0.858131    
 1991.9166  0.941105    
 1992.0000  0.787943    
 1992.0834  0.918829    
 1992.1666  0.935221    
 1992.2500  0.866032    
 1992.3334  0.805546    
 1992.4166  0.527397    
 1992.5000  0.547997    
 1992.5834  0.340952    
 1992.6666  0.306023    
 1992.7500  0.185602    
 1992.8334  0.259562    
 1992.9166  0.412724    
 1993.0000  0.608152    
 1993.0834  0.510427    
 1993.1666  0.445942    
 1993.2500  0.620762    
 1993.3334  0.601406    
 1993.4166  0.555288    
 1993.5000  0.545847    
 1993.5834  0.501133    
 1993.6666  0.583183    
 1993.7500  0.487902    
 1993.8334  0.584393    
 1993.9166  0.489454    
 1994.0000  0.326183    
 1994.0834  0.753574E-01
 1994.1666  0.179541    
 1994.2500  0.351292    
 1994.3334  0.353476    
 1994.4166  0.511578    
 1994.5000  0.754608    
 1994.5834  0.984943    
 1994.6666  0.777983    
 1994.7500  0.951132    
 1994.8334   1.09523    
 1994.9166   1.03268    
 1995.0000   1.04577    
 1995.0834  0.940039    
 1995.1666  0.893002    
 1995.2500  0.650942    
 1995.3334  0.576897    
 1995.4166  0.570307    
 1995.5000  0.413218    
 1995.5834  0.235493    
 1995.6666  0.112713    
 1995.7500 -0.119289    
 1995.8334 -0.146229    
 1995.9166 -0.118647    
 1996.0000 -0.219458    
 1996.0834 -0.267792    
 1996.1666 -0.128719    
 1996.2500 -0.761185E-01
 1996.3334 -0.137163    
 1996.4166  0.105278    
 1996.5000 -0.169621E-01
 1996.5834 -0.904274E-01
 1996.6666 -0.597267E-01
 1996.7500 -0.211792E-01
 1996.8334  0.738316E-01
 1996.9166  0.154823    
 1997.0000  0.233383    
 1997.0834  0.232119    
 1997.1666  0.276972    
 1997.2500  0.635742    
 1997.3334  0.754696    
 1997.4166  0.668468    
 1997.5000  0.879997    
 1997.5834  0.953503    
 1997.6666   1.06266    
 1997.7500  0.997181    
 1997.8334   1.09356    
 1997.9166  0.901865    
 1998.0000   1.04394    
 1998.0834  0.887989    
 1998.1666  0.587711    
 1998.2500  0.329212    
 1998.3334  0.274036    
 1998.4166 -0.126532    
 1998.5000 -0.280603    
 1998.5834 -0.445017    
 1998.6666 -0.499437    
 1998.7500 -0.853809    
 1998.8334 -0.943968    
 1998.9166  -1.11812    
 1999.0000  -1.36163    
 1999.0834  -1.38940    
 1999.1666 -0.943489    
 1999.2500 -0.776377    
 1999.3334 -0.757704    
 1999.4166 -0.633352    
 1999.5000 -0.652313    
 1999.5834 -0.728987    
 1999.6666 -0.558537    
 1999.7500 -0.672489    
 1999.8334 -0.894758    
 1999.9166  -1.08267    
 2000.0000  -1.22025    
 2000.0834  -1.33937    
 2000.1666  -1.26742    
 2000.2500 -0.995537    
 2000.3334 -0.835863    
 2000.4166 -0.526943    
 2000.5000 -0.413073    
 2000.5834 -0.244307    
 2000.6666 -0.199898    
 2000.7500 -0.316948    
 2000.8334 -0.370188    
 2000.9166 -0.678545    
 2001.0000 -0.690548    
 2001.0834 -0.723131    
 2001.1666 -0.534748    
 2001.2500 -0.233028    
 2001.3334 -0.146503    
 2001.4166  0.943069E-01
 2001.5000  0.331898    
 2001.5834  0.404493    
 2001.6666  0.487793    
 2001.7500  0.327951    
 2001.8334  0.309723    
 2001.9166  0.126755    
 2002.0000  0.406542    
 2002.0834  0.293737    
 2002.1666  0.332170    
 2002.2500  0.468752    
 2002.3334  0.456467    
 2002.4166  0.734898    
 2002.5000  0.751846    
 2002.5834  0.812723    
 2002.6666  0.816702    
 2002.7500  0.969751    
 2002.8334   1.09921    
 2002.9166  0.963915    
 2003.0000  0.845602    
 2003.0834  0.730099    
 2003.1666  0.724621    
 2003.2500  0.520002    
 2003.3334  0.175066    
 2003.4166  0.335077    
 2003.5000  0.413557    
 2003.5834  0.406483    
 2003.6666  0.463623    
 2003.7500  0.659052    
 2003.8334  0.700521    
 2003.9166  0.525913    
 2004.0000  0.536112    
 2004.0834  0.362669    
 2004.1666  0.150221    
 2004.2500  0.327902    
 2004.3334  0.370577    
 2004.4166  0.445528    
 2004.5000  0.652628    
 2004.5834  0.745012    
 2004.6666  0.915773    
 2004.7500  0.911221    
 2004.8334  0.882782    
 2004.9166  0.874254    
 2005.0000  0.953033    
 2005.0834  0.646378    
 2005.1666  0.579502    
 2005.2500  0.466282    
 2005.3334  0.361366    
 2005.4166  0.379519    
 2005.5000  0.268476    
 2005.5834  0.289652    
 2005.6666  0.299923    
 2005.7500  0.258041    
 2005.8334  0.113953    
 2005.9166 -0.128326    
 2006.0000 -0.410257    
 2006.0834 -0.621172    
 2006.1666 -0.407778    
 2006.2500 -0.123697    
 2006.3334  0.829964E-01
 2006.4166  0.306578    
 2006.5000  0.374147    
 2006.5834  0.638712    
 2006.6666  0.772923    
 2006.7500  0.825262    
 2006.8334  0.911772    
 2006.9166  0.937464    
 2007.0000  0.668922    
 2007.0834  0.389109    
 2007.1666  0.222431    
 2007.2500  0.202272    
 2007.3334  0.335655E-01
 2007.4166  0.181278    
 2007.5000  0.631466E-01
 2007.5834  0.207825E-01
 2007.6666 -0.357347    
 2007.7500 -0.609158    
 2007.8334 -0.956907    
 2007.9166 -0.962166    
 2008.0000  -1.24928    
 2008.0834  -1.41260    
 2008.1666  -1.15769    
 2008.2500 -0.852688    
 2008.3334 -0.760735    
 2008.4166 -0.517092    
 2008.5000 -0.288652    
 2008.5834 -0.177277    
 2008.6666 -0.253107    
 2008.7500 -0.236698    
 2008.8334 -0.365957    
 2008.9166 -0.594566    
 2009.0000 -0.579697    
 2009.0834 -0.481422    
 2009.1666 -0.280859    
 2009.2500  0.137920E-01
 2009.3334  0.243256    
 2009.4166  0.484697    
 2009.5000  0.624247    
 2009.5834  0.808283    
 2009.6666  0.784872    
 2009.7500   1.08825    
 2009.8334   1.36453    
 2009.9166   1.43401    
 2010.0000   1.34118    
 2010.0834  0.997189    
 2010.1666  0.972570    
 2010.2500  0.805683    
 2010.3334  0.183037    
 2010.4166 -0.109783    
 2010.5000 -0.445013    
 2010.5834 -0.933367    
 2010.6666  -1.07898    
 2010.7500  -1.23756    
 2010.8334  -1.25373    
 2010.9166  -1.25240    
 2011.0000  -1.24773    
 2011.0834 -0.977102    
 2011.1666 -0.666689    
 2011.2500 -0.585087    
 2011.3334 -0.446613    
 2011.4166 -0.281462    
 2011.5000 -0.304142    
 2011.5834 -0.386648    
 2011.6666 -0.476458    
 2011.7500 -0.589048    
 2011.8334 -0.584568    
 2011.9166 -0.919155    
 2012.0000 -0.877728    
 2012.0834 -0.681273    
 2012.1666 -0.482489    
 2012.2500 -0.213678    
 2012.3334 -0.190994    
 2012.4166 -0.134220E-01
 2012.5000  0.108498    
 2012.5834  0.475513    
 2012.6666  0.481382    
 2012.7500  0.493202    
 2012.8334  0.513271    
 2012.9166  0.222584    
 2013.0000  0.721226E-01
 2013.0834 -0.111061    
 2013.1666 -0.105478    
 2013.2500  0.401020E-01
 2013.3334  0.257854E-01
 2013.4166  0.213184E-01
 2013.5000  0.536480E-01
 2013.5834  0.215473    
 2013.6666  0.198093    
 2013.7500  0.115202    
 2013.8334  0.313942    
 2013.9166  0.377750E-01
 2014.0000 -0.967579E-01
 2014.0834  0.125788    
 2014.1666  0.340721    
 2014.2500  0.429293    
 2014.3334  0.491035    
 2014.4166  0.532707    
 2014.5000  0.394608    
 2014.5834  0.517473    
 2014.6666  0.665262    
 2014.7500  0.691572    
 2014.8334  0.959091    
 2014.9166  0.827524    
 2015.0000  0.840473    
 2015.0834  0.878399    
 2015.1666  0.828732    
 2015.2500   1.11749    
 2015.3334   1.05961    
 2015.4166   1.18877    
 2015.5000   1.20439    
 2015.5834   1.24488    
 2015.6666   1.31624    
 2015.7500   1.35136    
 2015.8334   1.74876    
 2015.9166   1.62736    
 2016.0000   1.46515    
 2016.0834   1.34515    
 2016.1666   1.22228    
 2016.2500  0.979942    
 2016.3334  0.710196    
 2016.4166  0.595297    
 2016.5000  0.400248    
 2016.5834  0.206512    
 2016.6666  0.381432E-01
 2016.7500 -0.213499    
 2016.8334 -0.133018    
 2016.9166 -0.121155E-01
 2017.0000  0.403214E-02
 2017.0834  0.985889E-01
 2017.1666  0.270805E-01
 2017.2500  0.287523    
 2017.3334  0.371147    
 2017.4166  0.478418    
 2017.5000  0.454388    
 2017.5834  0.359623    
 2017.6666  0.103903    
 2017.7500  0.618210E-01
 2017.8334 -0.537071E-01
 2017.9166 -0.185556    
 2018.0000 -0.172457    
 2018.0834 -0.153572    
 2018.1666 -0.198078E-01
 2018.2500  0.283873    
 2018.3334  0.377975    
 2018.4166  0.429358    
 2018.5000  0.504227    
 2018.5834  0.649332    
 2018.6666  0.757153    
 2018.7500   1.00710    
 2018.8334  0.968662    
 2018.9166   1.01379    
 2019.0000  0.635902    
 2019.0834  0.709799    
 2019.1666  0.756641    
 2019.2500  0.680853    
 2019.3334  0.731407    
 2019.4166  0.884687    
 2019.5000  0.882717    
 2019.5834  0.729094    
 2019.6666  0.711353    
 2019.7500   1.02375    
 2019.8334   1.02918    
 2019.9166  0.892685    
 2020.0000   1.01360    
 2020.0834  0.864479    
 2020.1666  0.768970    
 2020.2500  0.707573    
 2020.3334  0.264736    
 2020.4166  0.328508    
 2020.5000  0.339157    
 2020.5834  0.927124E-01
 2020.6666 -0.768871E-01
 2020.7500 -0.499678    
 2020.8334 -0.335108    
 2020.9166 -0.560526    
 2021.0000 -0.792437    
 2021.0834 -0.720793    
 2021.1666 -0.459919    
 2021.2500 -0.167267    
 2021.3334 -0.614738E-01
 2021.4166  0.163757    
 2021.5000  0.504665E-01
 2021.5834  0.251770E-03
 2021.6666 -0.119747    
 2021.7500 -0.294979    
 2021.8334 -0.311949    
 2021.9166 -0.510736    
 2022.0000 -0.121767    
 2022.0834 -0.127031    
 2022.1666 -0.488888    
 2022.2500 -0.501627    
 2022.3334 -0.596434    
 2022.4166 -0.464943    
 2022.5000 -0.420553    
 2022.5834 -0.600718    
 2022.6666 -0.668407    
 2022.7500 -0.692148    
 2022.8334 -0.420637    
 2022.9166 -0.460217    
 2023.0000 -0.433558    
 2023.0834 -0.457712    
 2023.1666 -0.602283E-01
 2023.2500  0.331112    
 2023.3334  0.433027    
 2023.4166  0.762138    
 2023.5000  0.898577    
 2023.5834   1.22211    
 2023.6666   1.33289    
 2023.7500   1.26885    
 2023.8334   1.47618    
 2023.9166   1.30812    
 2024.0000   1.53018    
 2024.0834   1.24818    
 2024.1666   1.06701    
 2024.2500  0.954853    
 2024.3334  0.750086    
 2024.4166  0.724598    
 2024.5000  0.658777    
 2024.5834  0.643322    
 2024.6666  0.440804    
 2024.7500  0.334501    
 2024.8334  0.408962    
 2024.9166 -0.221096    
