 1854.0000 -0.372095    
 1854.0834 -0.412034    
 1854.1666 -0.168312    
 1854.2500  0.169831    
 1854.3334  0.327083    
 1854.4166 -0.130091    
 1854.5000  0.135133    
 1854.5834 -0.611359    
 1854.6666 -0.370028    
 1854.7500  -1.23629    
 1854.8334  -1.12524    
 1854.9166  -1.36192    
 1855.0000 -0.329492    
 1855.0834  0.641364    
 1855.1666  0.430634    
 1855.2500  0.480915    
 1855.3334  0.560257    
 1855.4166  0.960347E-01
 1855.5000  0.173482    
 1855.5834 -0.245524E-02
 1855.6666   1.11809    
 1855.7500  0.959456    
 1855.8334   1.56752    
 1855.9166   1.55810    
 1856.0000   1.05172    
 1856.0834  0.722860    
 1856.1666   1.10435    
 1856.2500 -0.675925E-01
 1856.3334 -0.346539    
 1856.4166 -0.478754    
 1856.5000 -0.410400    
 1856.5834  -1.17170    
 1856.6666  -2.19705    
 1856.7500  -2.58904    
 1856.8334  -2.72087    
 1856.9166  -2.64139    
 1857.0000  -2.14630    
 1857.0834  -1.85265    
 1857.1666  -1.28274    
 1857.2500 -0.955542    
 1857.3334  0.278497    
 1857.4166  0.877341    
 1857.5000  0.292787    
 1857.5834 -0.342360    
 1857.6666  0.282899    
 1857.7500  0.215158E-01
 1857.8334  0.807664E-01
 1857.9166  0.234389    
 1858.0000  0.613069    
 1858.0834  0.526129    
 1858.1666  0.238736    
 1858.2500  0.244923    
 1858.3334  0.307715    
 1858.4166 -0.546557E-01
 1858.5000 -0.130273    
 1858.5834 -0.381925    
 1858.6666 -0.305763    
 1858.7500  0.444166E-01
 1858.8334  0.150655    
 1858.9166  0.187040    
 1859.0000  0.376998    
 1859.0834 -0.107224    
 1859.1666 -0.112649    
 1859.2500 -0.777503    
 1859.3334 -0.559687    
 1859.4166 -0.877462E-01
 1859.5000  0.328939    
 1859.5834  0.381041    
 1859.6666 -0.226049    
 1859.7500  0.203122E-02
 1859.8334  0.644179E-01
 1859.9166 -0.273925    
 1860.0000 -0.652353    
 1860.0834  -1.08668    
 1860.1666 -0.953386    
 1860.2500 -0.936888    
 1860.3334 -0.540229    
 1860.4166  0.182958    
 1860.5000  0.837256E-01
 1860.5834  0.289643E-01
 1860.6666 -0.549180    
 1860.7500  -1.19162    
 1860.8334 -0.886811    
 1860.9166  -1.53559    
 1861.0000  -1.18157    
 1861.0834  -1.18171    
 1861.1666 -0.675948    
 1861.2500 -0.849753    
 1861.3334 -0.640215    
 1861.4166 -0.511930    
 1861.5000 -0.616975    
 1861.5834 -0.625304    
 1861.6666 -0.651665    
 1861.7500 -0.449794    
 1861.8334 -0.427573    
 1861.9166 -0.405305    
 1862.0000 -0.336342    
 1862.0834 -0.489837    
 1862.1666 -0.974791    
 1862.2500  -1.08136    
 1862.3334  -1.26140    
 1862.4166  -2.14046    
 1862.5000  -1.26533    
 1862.5834 -0.813362    
 1862.6666 -0.180808    
 1862.7500 -0.986604    
 1862.8334 -0.733478    
 1862.9166 -0.418604    
 1863.0000 -0.570591    
 1863.0834 -0.988931    
 1863.1666 -0.808844    
 1863.2500 -0.657460    
 1863.3334 -0.573643    
 1863.4166 -0.295507    
 1863.5000 -0.405450    
 1863.5834 -0.372860    
 1863.6666 -0.324170    
 1863.7500 -0.401755    
 1863.8334 -0.402009    
 1863.9166 -0.874875    
 1864.0000 -0.344351    
 1864.0834 -0.200655    
 1864.1666 -0.122932    
 1864.2500 -0.240912    
 1864.3334 -0.239111    
 1864.4166 -0.404510    
 1864.5000 -0.469173    
 1864.5834 -0.363426    
 1864.6666 -0.189780    
 1864.7500 -0.399979    
 1864.8334 -0.537336    
 1864.9166 -0.780447    
 1865.0000 -0.237662    
 1865.0834 -0.428113    
 1865.1666 -0.534573    
 1865.2500 -0.488904    
 1865.3334 -0.380799    
 1865.4166 -0.356610    
 1865.5000 -0.304859    
 1865.5834 -0.338851    
 1865.6666 -0.264834    
 1865.7500 -0.299458    
 1865.8334 -0.437517    
 1865.9166 -0.503485    
 1866.0000 -0.767754    
 1866.0834 -0.868850    
 1866.1666 -0.733748    
 1866.2500 -0.543504    
 1866.3334 -0.252924    
 1866.4166 -0.355172    
 1866.5000 -0.473117    
 1866.5834 -0.481937    
 1866.6666 -0.113126    
 1866.7500 -0.472900    
 1866.8334 -0.608957    
 1866.9166 -0.312344    
 1867.0000 -0.363032    
 1867.0834 -0.564872    
 1867.1666 -0.494522    
 1867.2500 -0.350209    
 1867.3334 -0.719641    
 1867.4166 -0.622842    
 1867.5000 -0.514531    
 1867.5834 -0.599116    
 1867.6666 -0.672148    
 1867.7500 -0.443496    
 1867.8334 -0.427633    
 1867.9166  0.413099E-01
 1868.0000  0.183495    
 1868.0834 -0.243568    
 1868.1666 -0.353531    
 1868.2500 -0.766696    
 1868.3334 -0.729516    
 1868.4166 -0.431949    
 1868.5000 -0.364071    
 1868.5834 -0.467234    
 1868.6666 -0.523676    
 1868.7500 -0.567240    
 1868.8334 -0.580410    
 1868.9166 -0.740729    
 1869.0000 -0.667826    
 1869.0834 -0.466543    
 1869.1666 -0.604765    
 1869.2500 -0.548907    
 1869.3334 -0.528561    
 1869.4166 -0.632295    
 1869.5000 -0.953297    
 1869.5834  -1.87358    
 1869.6666  -2.14155    
 1869.7500  -1.92685    
 1869.8334 -0.495970    
 1869.9166  -1.34814    
 1870.0000  -1.18042    
 1870.0834  -2.41629    
 1870.1666  -1.91044    
 1870.2500  -2.03507    
 1870.3334  -1.86692    
 1870.4166  -1.25010    
 1870.5000  -1.14041    
 1870.5834  -1.22259    
 1870.6666  -1.04457    
 1870.7500  -1.04703    
 1870.8334 -0.907983    
 1870.9166 -0.956608    
 1871.0000 -0.656437    
 1871.0834 -0.821566    
 1871.1666 -0.315243    
 1871.2500  0.239027    
 1871.3334 -0.611578E-01
 1871.4166 -0.624748E-01
 1871.5000 -0.665721E-01
 1871.5834  0.342843    
 1871.6666  0.511685    
 1871.7500  0.131913    
 1871.8334 -0.136852    
 1871.9166 -0.212002    
 1872.0000 -0.665752    
 1872.0834 -0.816851    
 1872.1666 -0.833871    
 1872.2500 -0.728003    
 1872.3334 -0.569034    
 1872.4166 -0.804870    
 1872.5000  0.511585    
 1872.5834  -1.00834    
 1872.6666 -0.612826    
 1872.7500  -1.37777    
 1872.8334  -1.22931    
 1872.9166  -1.03541    
 1873.0000  -1.25663    
 1873.0834  -1.37284    
 1873.1666  -1.04193    
 1873.2500 -0.520838    
 1873.3334 -0.425819    
 1873.4166  0.283948E-01
 1873.5000  0.206384    
 1873.5834  0.463922    
 1873.6666  0.322839    
 1873.7500 -0.593907    
 1873.8334 -0.602721    
 1873.9166 -0.608275    
 1874.0000  -1.12362    
 1874.0834  -1.56470    
 1874.1666  -1.32543    
 1874.2500  -1.08042    
 1874.3334 -0.651145    
 1874.4166 -0.573628    
 1874.5000 -0.920752    
 1874.5834 -0.926390    
 1874.6666 -0.797607    
 1874.7500 -0.697468    
 1874.8334 -0.962945    
 1874.9166 -0.909396    
 1875.0000 -0.486929    
 1875.0834 -0.638299    
 1875.1666 -0.326393    
 1875.2500 -0.506088    
 1875.3334 -0.332726    
 1875.4166 -0.457415    
 1875.5000 -0.292241    
 1875.5834 -0.491937    
 1875.6666 -0.679799    
 1875.7500  -1.09123    
 1875.8334 -0.909523    
 1875.9166 -0.770556    
 1876.0000 -0.242124    
 1876.0834 -0.632397    
 1876.1666 -0.894784    
 1876.2500  -1.38197    
 1876.3334 -0.888006    
 1876.4166 -0.849564E-01
 1876.5000  0.571006    
 1876.5834  0.206981    
 1876.6666  0.169028    
 1876.7500  0.574308    
 1876.8334  0.560415    
 1876.9166  0.754213    
 1877.0000   1.01778    
 1877.0834  0.919747    
 1877.1666   1.43299    
 1877.2500   1.02705    
 1877.3334  0.572595    
 1877.4166  0.436060    
 1877.5000   1.04824    
 1877.5834   2.00895    
 1877.6666   1.93767    
 1877.7500   2.07097    
 1877.8334   2.52526    
 1877.9166   2.43001    
 1878.0000   2.44799    
 1878.0834   2.72920    
 1878.1666  0.825085    
 1878.2500   1.53373    
 1878.3334   1.41434    
 1878.4166 -0.167359    
 1878.5000 -0.953711    
 1878.5834 -0.826823    
 1878.6666  -1.14371    
 1878.7500  -1.45440    
 1878.8334  -1.53301    
 1878.9166  -1.40535    
 1879.0000  -1.18321    
 1879.0834 -0.165258    
 1879.1666 -0.464312    
 1879.2500 -0.481495    
 1879.3334 -0.549011    
 1879.4166 -0.768834    
 1879.5000  -1.10655    
 1879.5834  -1.02090    
 1879.6666 -0.920319    
 1879.7500  -1.21700    
 1879.8334  -1.22966    
 1879.9166 -0.894685    
 1880.0000  -1.47189    
 1880.0834  -1.28201    
 1880.1666 -0.542946    
 1880.2500  -1.02556    
 1880.3334  0.100981    
 1880.4166  0.421128    
 1880.5000  0.430386    
 1880.5834  0.166253    
 1880.6666  0.321729    
 1880.7500  0.375748    
 1880.8334  0.445232    
 1880.9166  0.315961    
 1881.0000  0.536373    
 1881.0834  0.370465    
 1881.1666  0.540999    
 1881.2500  0.347251    
 1881.3334  0.305899    
 1881.4166  0.145458    
 1881.5000  0.107595    
 1881.5834 -0.234105E-02
 1881.6666  0.816647E-01
 1881.7500 -0.141305    
 1881.8334 -0.224967    
 1881.9166  0.369435    
 1882.0000 -0.458082    
 1882.0834  0.140080E-01
 1882.1666  0.513527    
 1882.2500  0.742103    
 1882.3334  0.749798    
 1882.4166  0.487067E-01
 1882.5000 -0.348654    
 1882.5834 -0.206544    
 1882.6666 -0.672979    
 1882.7500 -0.936266    
 1882.8334  -1.14321    
 1882.9166 -0.793638    
 1883.0000 -0.337174    
 1883.0834  0.404326    
 1883.1666  0.685941    
 1883.2500   1.05463    
 1883.3334  0.398869    
 1883.4166  0.191847    
 1883.5000  0.314760    
 1883.5834  0.198249    
 1883.6666  0.227498E-01
 1883.7500  0.132066    
 1883.8334  0.308499    
 1883.9166  0.249246    
 1884.0000  0.629525    
 1884.0834  0.653019    
 1884.1666  0.223259    
 1884.2500  0.956074    
 1884.3334  0.768005    
 1884.4166  0.625981    
 1884.5000  0.280933    
 1884.5834  0.578779E-01
 1884.6666  0.636147    
 1884.7500  0.634435    
 1884.8334   1.07020    
 1884.9166   1.05986    
 1885.0000  0.888525    
 1885.0834  0.585583    
 1885.1666  0.459507    
 1885.2500  0.214051    
 1885.3334  0.458332    
 1885.4166  0.760399    
 1885.5000  0.616354    
 1885.5834  0.442915    
 1885.6666  0.877194    
 1885.7500   1.25937    
 1885.8334   1.26060    
 1885.9166   1.24746    
 1886.0000  0.871316    
 1886.0834  0.765860E-01
 1886.1666 -0.598611    
 1886.2500 -0.526349    
 1886.3334 -0.915762    
 1886.4166  -1.34615    
 1886.5000  -1.01328    
 1886.5834 -0.800051    
 1886.6666 -0.851955    
 1886.7500  -1.22521    
 1886.8334  -1.37666    
 1886.9166  -1.98992    
 1887.0000  -2.17513    
 1887.0834  -2.11750    
 1887.1666  -1.14984    
 1887.2500 -0.818024    
 1887.3334 -0.570511    
 1887.4166 -0.291974    
 1887.5000 -0.151075E-01
 1887.5834  0.611891E-01
 1887.6666  0.158809    
 1887.7500  0.135602    
 1887.8334  0.260270    
 1887.9166  0.303957    
 1888.0000  0.655295    
 1888.0834  0.991956    
 1888.1666  0.957141    
 1888.2500  0.817719    
 1888.3334  0.691362    
 1888.4166  0.992240    
 1888.5000  0.952316    
 1888.5834  0.976447    
 1888.6666   1.53295    
 1888.7500   1.89079    
 1888.8334   2.18690    
 1888.9166   2.61069    
 1889.0000   2.53750    
 1889.0834   2.55076    
 1889.1666   1.56900    
 1889.2500   1.24686    
 1889.3334  0.919506    
 1889.4166  0.100358    
 1889.5000  -1.56067    
 1889.5834  -1.40675    
 1889.6666  -1.50861    
 1889.7500  -2.09848    
 1889.8334  -1.80650    
 1889.9166  -1.76333    
 1890.0000  -1.71502    
 1890.0834  -2.15987    
 1890.1666  -1.12580    
 1890.2500  -1.00771    
 1890.3334 -0.328329    
 1890.4166 -0.315566    
 1890.5000 -0.381569    
 1890.5834 -0.247834    
 1890.6666 -0.461886    
 1890.7500 -0.466240    
 1890.8334 -0.515737    
 1890.9166  0.446662    
 1891.0000  0.810774    
 1891.0834  0.558782    
 1891.1666  0.404486    
 1891.2500  0.992171    
 1891.3334  0.817317    
 1891.4166  0.642311    
 1891.5000  0.414971    
 1891.5834  0.212572    
 1891.6666  0.877745E-01
 1891.7500  0.131184    
 1891.8334  0.232331    
 1891.9166  0.173608E-01
 1892.0000 -0.287331    
 1892.0834 -0.165890    
 1892.1666 -0.305533    
 1892.2500  0.210126E-02
 1892.3334  0.649927E-01
 1892.4166 -0.330847E-01
 1892.5000 -0.369195    
 1892.5834 -0.879758    
 1892.6666  -1.15248    
 1892.7500  -1.51239    
 1892.8334  -1.27420    
 1892.9166  -1.08859    
 1893.0000  -1.10957    
 1893.0834 -0.951782    
 1893.1666  -1.02751    
 1893.2500 -0.865836    
 1893.3334 -0.500541    
 1893.4166 -0.458391    
 1893.5000 -0.733387    
 1893.5834  -1.06440    
 1893.6666 -0.934133    
 1893.7500  -1.26893    
 1893.8334  -1.05132    
 1893.9166 -0.880111    
 1894.0000 -0.885230    
 1894.0834 -0.990133    
 1894.1666  -1.18170    
 1894.2500 -0.887608    
 1894.3334 -0.551299    
 1894.4166 -0.273585    
 1894.5000 -0.787062    
 1894.5834 -0.540958    
 1894.6666 -0.742579    
 1894.7500 -0.742947    
 1894.8334 -0.787526    
 1894.9166 -0.367439    
 1895.0000 -0.451268    
 1895.0834 -0.913431    
 1895.1666 -0.499528    
 1895.2500 -0.149462    
 1895.3334  0.792971    
 1895.4166  0.331125    
 1895.5000  0.263840    
 1895.5834  0.116896    
 1895.6666  0.475447    
 1895.7500  0.490718    
 1895.8334  0.577090    
 1895.9166  0.756474    
 1896.0000  0.475732    
 1896.0834  0.429121    
 1896.1666  0.424342    
 1896.2500  0.416378    
 1896.3334  0.446284    
 1896.4166  0.979291    
 1896.5000   1.29547    
 1896.5834   1.13927    
 1896.6666   1.19670    
 1896.7500   1.28918    
 1896.8334   1.88457    
 1896.9166   1.84303    
 1897.0000   1.67690    
 1897.0834   1.14689    
 1897.1666  0.352013    
 1897.2500 -0.149614    
 1897.3334 -0.102475    
 1897.4166 -0.126414    
 1897.5000 -0.196435    
 1897.5834 -0.413968    
 1897.6666 -0.230978    
 1897.7500 -0.538291    
 1897.8334  -1.17216    
 1897.9166 -0.447368    
 1898.0000  0.441554E-01
 1898.0834 -0.307077    
 1898.1666 -0.906830    
 1898.2500 -0.444154E-01
 1898.3334  0.223184    
 1898.4166  0.664031E-01
 1898.5000 -0.513490    
 1898.5834 -0.734612    
 1898.6666 -0.629409    
 1898.7500 -0.610150    
 1898.8334 -0.724963    
 1898.9166 -0.846148    
 1899.0000 -0.183768    
 1899.0834 -0.558476    
 1899.1666 -0.242766    
 1899.2500  0.702982    
 1899.3334  0.432655    
 1899.4166  0.190154    
 1899.5000  0.364651    
 1899.5834  0.376345    
 1899.6666  0.480071    
 1899.7500  0.695552    
 1899.8334   1.36632    
 1899.9166   1.76483    
 1900.0000   1.73297    
 1900.0834   1.71721    
 1900.1666   1.49209    
 1900.2500   1.23238    
 1900.3334   1.46664    
 1900.4166   1.02685    
 1900.5000  0.784416    
 1900.5834  0.269820    
 1900.6666  0.106445    
 1900.7500  0.176843    
 1900.8334  0.184924E-01
 1900.9166  0.235574    
 1901.0000  0.544053    
 1901.0834  0.631963    
 1901.1666  0.375274E-01
 1901.2500  0.159506    
 1901.3334 -0.157990    
 1901.4166 -0.273683    
 1901.5000 -0.386830    
 1901.5834 -0.363494    
 1901.6666 -0.271105    
 1901.7500 -0.321725    
 1901.8334 -0.227113    
 1901.9166 -0.174142E-03
 1902.0000  0.392296    
 1902.0834  0.365402    
 1902.1666  0.641390    
 1902.2500   1.31568    
 1902.3334   1.16203    
 1902.4166   1.57237    
 1902.5000   2.01051    
 1902.5834   2.13473    
 1902.6666   2.43756    
 1902.7500   2.59366    
 1902.8334   2.69181    
 1902.9166   2.20731    
 1903.0000   2.05563    
 1903.0834   1.96646    
 1903.1666   1.53002    
 1903.2500  0.878835    
 1903.3334  0.479664    
 1903.4166  0.178291    
 1903.5000 -0.244443    
 1903.5834  -1.04900    
 1903.6666 -0.904250    
 1903.7500 -0.951628    
 1903.8334 -0.879424    
 1903.9166 -0.604375    
 1904.0000  -1.01648    
 1904.0834  -1.11231    
 1904.1666  -1.02254    
 1904.2500  0.200399E-01
 1904.3334  0.528314    
 1904.4166  0.642130    
 1904.5000  0.568103    
 1904.5834  0.537303    
 1904.6666  0.475342    
 1904.7500  0.644630    
 1904.8334   1.14748    
 1904.9166   1.46535    
 1905.0000   1.52821    
 1905.0834   1.63813    
 1905.1666   1.64639    
 1905.2500   1.85161    
 1905.3334   1.85427    
 1905.4166   1.57670    
 1905.5000   1.72361    
 1905.5834   1.84393    
 1905.6666   2.01071    
 1905.7500   1.54033    
 1905.8334   1.34480    
 1905.9166   1.45884    
 1906.0000   1.27057    
 1906.0834  0.708655    
 1906.1666  0.710036    
 1906.2500  0.372350    
 1906.3334  0.173307    
 1906.4166 -0.200147    
 1906.5000 -0.465220    
 1906.5834 -0.797488    
 1906.6666 -0.480596    
 1906.7500 -0.639207E-01
 1906.8334 -0.290634    
 1906.9166 -0.523590    
 1907.0000 -0.629925    
 1907.0834 -0.656362    
 1907.1666 -0.516823    
 1907.2500 -0.176984    
 1907.3334  0.267952    
 1907.4166  0.285189    
 1907.5000  0.169458    
 1907.5834  0.509447    
 1907.6666  0.308989    
 1907.7500  0.348429    
 1907.8334  0.213814E-01
 1907.9166  0.850647E-01
 1908.0000  0.526933    
 1908.0834  0.528781    
 1908.1666  0.385667    
 1908.2500 -0.372463    
 1908.3334 -0.170484    
 1908.4166  0.100211    
 1908.5000  0.220413    
 1908.5834 -0.127308    
 1908.6666 -0.323317    
 1908.7500 -0.554488    
 1908.8334 -0.559831    
 1908.9166 -0.905676    
 1909.0000  -1.22672    
 1909.0834 -0.900831    
 1909.1666 -0.223710    
 1909.2500 -0.173502    
 1909.3334 -0.829894E-01
 1909.4166 -0.116574    
 1909.5000 -0.245217    
 1909.5834 -0.344534    
 1909.6666  -1.00136    
 1909.7500  -1.09631    
 1909.8334 -0.859221    
 1909.9166 -0.933340    
 1910.0000  -1.14913    
 1910.0834  -1.28242    
 1910.1666  -1.49916    
 1910.2500 -0.525277    
 1910.3334 -0.454273    
 1910.4166 -0.464175    
 1910.5000 -0.605282    
 1910.5834 -0.719530    
 1910.6666 -0.970326    
 1910.7500 -0.730681    
 1910.8334 -0.534350    
 1910.9166 -0.621071    
 1911.0000 -0.704020    
 1911.0834 -0.591477    
 1911.1666 -0.439713    
 1911.2500 -0.478238E-01
 1911.3334  0.300776    
 1911.4166  0.835289    
 1911.5000   1.20310    
 1911.5834   1.10748    
 1911.6666  0.764267    
 1911.7500   1.60379    
 1911.8334   1.65345    
 1911.9166   1.90805    
 1912.0000   1.93950    
 1912.0834   1.72208    
 1912.1666   1.70596    
 1912.2500   1.21116    
 1912.3334  0.941893    
 1912.4166  0.102537    
 1912.5000  0.849278E-01
 1912.5834  0.322685    
 1912.6666 -0.320468    
 1912.7500 -0.319331    
 1912.8334 -0.488438    
 1912.9166 -0.320645    
 1913.0000 -0.665957E-01
 1913.0834 -0.548998E-01
 1913.1666  0.104880    
 1913.2500  0.532272    
 1913.3334  0.744582    
 1913.4166  0.644892    
 1913.5000  0.590643    
 1913.5834  0.411528    
 1913.6666  0.326122    
 1913.7500  0.286216    
 1913.8334  0.942465    
 1913.9166   1.56629    
 1914.0000   1.68842    
 1914.0834   1.23069    
 1914.1666   1.15517    
 1914.2500  0.738765    
 1914.3334   1.23235    
 1914.4166  0.813841    
 1914.5000   1.18765    
 1914.5834   1.24236    
 1914.6666   1.69366    
 1914.7500   1.79635    
 1914.8334   1.39586    
 1914.9166   1.73948    
 1915.0000   1.80754    
 1915.0834   1.57001    
 1915.1666  0.718526    
 1915.2500   1.26190    
 1915.3334   1.37859    
 1915.4166  0.803831    
 1915.5000  0.718383E-01
 1915.5834 -0.392164    
 1915.6666 -0.542885    
 1915.7500 -0.898930    
 1915.8334  -1.13893    
 1915.9166  -1.07482    
 1916.0000 -0.312233    
 1916.0834 -0.560908    
 1916.1666  0.825424E-02
 1916.2500  -1.10903    
 1916.3334 -0.763794E-01
 1916.4166 -0.574762    
 1916.5000 -0.866939E-01
 1916.5834 -0.465773    
 1916.6666 -0.743118    
 1916.7500  -1.56003    
 1916.8334  -1.87435    
 1916.9166  -1.55267    
 1917.0000  -1.81302    
 1917.0834  -1.06293    
 1917.1666 -0.633358    
 1917.2500  0.699650E-01
 1917.3334 -0.828311E-01
 1917.4166 -0.502699    
 1917.5000 -0.759235    
 1917.5834  -1.27807    
 1917.6666 -0.927689    
 1917.7500  -1.62081    
 1917.8334  -1.48439    
 1917.9166 -0.859340    
 1918.0000 -0.275701    
 1918.0834  0.212969    
 1918.1666 -0.372508    
 1918.2500  0.390509E-01
 1918.3334  0.912672    
 1918.4166   1.12891    
 1918.5000  0.467559    
 1918.5834  0.700349    
 1918.6666  0.814413    
 1918.7500   1.61848    
 1918.8334   2.24668    
 1918.9166   2.24320    
 1919.0000   1.86999    
 1919.0834   1.36461    
 1919.1666   1.46952    
 1919.2500 -0.548331    
 1919.3334  0.625189E-01
 1919.4166 -0.176116    
 1919.5000  0.455328E-02
 1919.5834 -0.474461    
 1919.6666  0.387676    
 1919.7500  0.993206    
 1919.8334  0.804432    
 1919.9166   1.74951    
 1920.0000   1.29909    
 1920.0834   1.27033    
 1920.1666  0.865579    
 1920.2500  0.475074    
 1920.3334  0.241276    
 1920.4166  0.693001    
 1920.5000  0.881491    
 1920.5834  0.652533    
 1920.6666  0.673224E-01
 1920.7500 -0.172885    
 1920.8334  0.127080    
 1920.9166 -0.221907    
 1921.0000 -0.244826    
 1921.0834  -1.26244    
 1921.1666  -2.14096    
 1921.2500  -1.63561    
 1921.3334 -0.253818    
 1921.4166 -0.492745    
 1921.5000  0.396969E-01
 1921.5834  0.447435    
 1921.6666  0.446602    
 1921.7500   1.05640    
 1921.8334   1.41397    
 1921.9166  0.993903    
 1922.0000  0.840693    
 1922.0834 -0.457584    
 1922.1666  0.161355    
 1922.2500 -0.572040    
 1922.3334  0.590281E-01
 1922.4166 -0.227403    
 1922.5000 -0.679932    
 1922.5834  -1.01323    
 1922.6666  -1.04085    
 1922.7500  -1.01170    
 1922.8334 -0.353646    
 1922.9166 -0.527161    
 1923.0000 -0.594501    
 1923.0834 -0.672924    
 1923.1666  0.502016    
 1923.2500  0.249021    
 1923.3334  0.596994    
 1923.4166  0.601964    
 1923.5000  0.429693    
 1923.5834  0.691802    
 1923.6666  0.846632    
 1923.7500   1.10906    
 1923.8334   1.08170    
 1923.9166   1.02104    
 1924.0000   1.02291    
 1924.0834  0.711532    
 1924.1666  0.574427    
 1924.2500  0.451807E-01
 1924.3334 -0.954058E-01
 1924.4166 -0.540768    
 1924.5000 -0.913049    
 1924.5834 -0.854977    
 1924.6666  -1.12402    
 1924.7500  -1.16849    
 1924.8334  -1.23518    
 1924.9166  -1.19798    
 1925.0000  -1.10135    
 1925.0834  -1.07267    
 1925.1666  0.285407E-01
 1925.2500  0.632846E-01
 1925.3334 -0.266862E-01
 1925.4166 -0.126902    
 1925.5000  0.208385    
 1925.5834  0.477602    
 1925.6666  0.711612    
 1925.7500   1.05887    
 1925.8334   1.47242    
 1925.9166   1.66917    
 1926.0000   1.69503    
 1926.0834   1.31110    
 1926.1666   1.54110    
 1926.2500   1.22965    
 1926.3334  0.742372    
 1926.4166  0.354864    
 1926.5000  0.113621    
 1926.5834 -0.229714    
 1926.6666 -0.626676    
 1926.7500  -1.09748    
 1926.8334 -0.963998    
 1926.9166 -0.613078    
 1927.0000 -0.397549    
 1927.0834 -0.363683    
 1927.1666 -0.178809    
 1927.2500 -0.516782    
 1927.3334 -0.273620    
 1927.4166  0.674739E-01
 1927.5000 -0.494106E-01
 1927.5834 -0.110431    
 1927.6666  0.183604    
 1927.7500  0.503556    
 1927.8334  0.102303    
 1927.9166  0.102011    
 1928.0000  0.343773    
 1928.0834  0.231756    
 1928.1666  0.554372E-01
 1928.2500  0.279185E-01
 1928.3334  0.172938    
 1928.4166 -0.394914E-01
 1928.5000  0.274386    
 1928.5834  0.249699    
 1928.6666  0.116570    
 1928.7500  0.318168E-01
 1928.8334  0.716642E-03
 1928.9166  0.170454    
 1929.0000 -0.117459    
 1929.0834 -0.223240    
 1929.1666  0.199131E-01
 1929.2500 -0.129421    
 1929.3334  0.120018    
 1929.4166  0.256066    
 1929.5000  0.315814    
 1929.5834  0.177701    
 1929.6666  0.357384    
 1929.7500  0.387026    
 1929.8334  0.427077    
 1929.9166  0.616042    
 1930.0000  0.930612    
 1930.0834  0.993058    
 1930.1666  0.777943    
 1930.2500  0.586706    
 1930.3334  0.764452    
 1930.4166   1.20550    
 1930.5000  0.963590    
 1930.5834  0.909188    
 1930.6666   1.12723    
 1930.7500   1.44542    
 1930.8334   1.51694    
 1930.9166   1.56881    
 1931.0000   1.47827    
 1931.0834   1.39950    
 1931.1666  0.836174    
 1931.2500  0.794736    
 1931.3334  0.687173    
 1931.4166  0.353523    
 1931.5000  0.216030    
 1931.5834 -0.475436E-01
 1931.6666 -0.788893    
 1931.7500  -1.03745    
 1931.8334 -0.779438    
 1931.9166 -0.676066    
 1932.0000 -0.615683    
 1932.0834 -0.381190    
 1932.1666  0.158163    
 1932.2500  0.456818    
 1932.3334  0.629411    
 1932.4166  0.518988    
 1932.5000  0.387872    
 1932.5834 -0.682083E-01
 1932.6666 -0.189230    
 1932.7500 -0.611429E-02
 1932.8334  0.184808E-01
 1932.9166 -0.297587    
 1933.0000 -0.468201    
 1933.0834 -0.666139    
 1933.1666 -0.552546    
 1933.2500 -0.444988    
 1933.3334 -0.508007    
 1933.4166 -0.746168    
 1933.5000 -0.961218    
 1933.5834  -1.16598    
 1933.6666  -1.16013    
 1933.7500  -1.38217    
 1933.8334  -1.42540    
 1933.9166  -1.33263    
 1934.0000 -0.860040    
 1934.0834 -0.519152    
 1934.1666 -0.564366    
 1934.2500 -0.503049    
 1934.3334  0.143426E-01
 1934.4166  0.103343    
 1934.5000  0.123429    
 1934.5834 -0.116147    
 1934.6666 -0.492041    
 1934.7500 -0.184772    
 1934.8334 -0.146747    
 1934.9166 -0.774488E-01
 1935.0000 -0.216238    
 1935.0834 -0.155429    
 1935.1666 -0.225677E-01
 1935.2500 -0.478773    
 1935.3334 -0.294819    
 1935.4166 -0.993889E-01
 1935.5000  0.161979E-01
 1935.5834  0.723279E-01
 1935.6666  0.210380    
 1935.7500  0.224266    
 1935.8334  0.452103E-01
 1935.9166 -0.999987E-01
 1936.0000 -0.133874    
 1936.0834 -0.132498    
 1936.1666 -0.158133    
 1936.2500  0.217310E-01
 1936.3334  0.128210    
 1936.4166  0.853654E-01
 1936.5000 -0.160272    
 1936.5834 -0.221165    
 1936.6666 -0.103058    
 1936.7500 -0.180940    
 1936.8334 -0.377283    
 1936.9166 -0.443180    
 1937.0000 -0.619493    
 1937.0834 -0.207585    
 1937.1666 -0.967822E-01
 1937.2500 -0.369246    
 1937.3334 -0.194104    
 1937.4166 -0.696364E-01
 1937.5000 -0.171758    
 1937.5834  0.817446E-02
 1937.6666  0.145825    
 1937.7500  0.164829    
 1937.8334 -0.934974E-02
 1937.9166 -0.267181    
 1938.0000 -0.787202    
 1938.0834  -1.08800    
 1938.1666 -0.793928    
 1938.2500 -0.974661    
 1938.3334 -0.693452    
 1938.4166  -1.16708    
 1938.5000  -1.55008    
 1938.5834  -1.56854    
 1938.6666 -0.980846    
 1938.7500 -0.855641    
 1938.8334 -0.831305    
 1938.9166 -0.954668    
 1939.0000  -1.23012    
 1939.0834  -1.17203    
 1939.1666 -0.263805E-03
 1939.2500  0.145458    
 1939.3334  0.562522    
 1939.4166  0.284018    
 1939.5000  0.431937    
 1939.5834  0.451288    
 1939.6666  0.509064E-01
 1939.7500  0.800967E-01
 1939.8334 -0.409807    
 1939.9166 -0.136616    
 1940.0000  0.876922    
 1940.0834  0.973945    
 1940.1666   1.24170    
 1940.2500  0.448984    
 1940.3334  0.640062    
 1940.4166  0.580128    
 1940.5000  0.556157    
 1940.5834  0.937942    
 1940.6666  0.743377    
 1940.7500  0.464567    
 1940.8334   1.47734    
 1940.9166   2.25694    
 1941.0000   2.01349    
 1941.0834   2.22054    
 1941.1666   1.58537    
 1941.2500  0.994248    
 1941.3334  0.987897    
 1941.4166  0.505870    
 1941.5000  0.403280    
 1941.5834  0.354544    
 1941.6666  0.288962    
 1941.7500  0.448239    
 1941.8334  0.798309    
 1941.9166  0.951676    
 1942.0000  0.591849    
 1942.0834  0.273201    
 1942.1666  0.418175    
 1942.2500  0.447610    
 1942.3334 -0.173513E-01
 1942.4166 -0.427114    
 1942.5000  -1.17128    
 1942.5834  -1.56308    
 1942.6666  -1.88555    
 1942.7500  -1.90816    
 1942.8334  -1.95253    
 1942.9166  -1.96034    
 1943.0000  -2.21181    
 1943.0834  -2.20477    
 1943.1666  -1.27304    
 1943.2500 -0.787343    
 1943.3334 -0.278440    
 1943.4166  0.100748    
 1943.5000  0.145218    
 1943.5834  0.976602E-01
 1943.6666 -0.466898    
 1943.7500 -0.712650    
 1943.8334 -0.636147    
 1943.9166 -0.449898    
 1944.0000 -0.405685    
 1944.0834 -0.146600    
 1944.1666  0.313684    
 1944.2500  0.424860    
 1944.3334  0.944766E-01
 1944.4166 -0.224736    
 1944.5000 -0.778374E-01
 1944.5834 -0.407742    
 1944.6666 -0.786385    
 1944.7500  -1.34139    
 1944.8334 -0.942255    
 1944.9166 -0.981900    
 1945.0000  -1.13308    
 1945.0834  -1.29202    
 1945.1666  -1.21247    
 1945.2500  -1.20091    
 1945.3334 -0.421775    
 1945.4166  -1.34233    
 1945.5000 -0.968689    
 1945.5834  -1.01684    
 1945.6666 -0.816430    
 1945.7500  -2.12504    
 1945.8334 -0.357419    
 1945.9166 -0.314382    
 1946.0000 -0.317611    
 1946.0834  -1.58453    
 1946.1666 -0.983355    
 1946.2500 -0.392504    
 1946.3334  0.811887E-01
 1946.4166 -0.593685    
 1946.5000 -0.955447    
 1946.5834  -1.57864    
 1946.6666  -1.35574    
 1946.7500 -0.402303    
 1946.8334 -0.202787    
 1946.9166   1.05736    
 1947.0000  0.900526E-01
 1947.0834  0.154636    
 1947.1666  0.254840    
 1947.2500  0.208196    
 1947.3334  0.730126    
 1947.4166  0.135716    
 1947.5000 -0.143677    
 1947.5834 -0.322202    
 1947.6666 -0.174500E-03
 1947.7500  -1.17487    
 1947.8334  -1.43582    
 1947.9166  0.381997    
 1948.0000  0.981147    
 1948.0834   1.07485    
 1948.1666 -0.212851    
 1948.2500  0.726047    
 1948.3334  0.901522    
 1948.4166 -0.132770    
 1948.5000 -0.639329    
 1948.5834 -0.784221    
 1948.6666 -0.743759    
 1948.7500 -0.946663    
 1948.8334  -1.09423    
 1948.9166 -0.222288    
 1949.0000 -0.976942E-01
 1949.0834 -0.386940    
 1949.1666  0.691007E-01
 1949.2500  0.191713    
 1949.3334 -0.425859    
 1949.4166 -0.661987    
 1949.5000 -0.584627    
 1949.5834 -0.305924    
 1949.6666 -0.238417    
 1949.7500 -0.554261    
 1949.8334  -1.10313    
 1949.9166  -1.66867    
 1950.0000  -1.75320    
 1950.0834  -1.38594    
 1950.1666  -1.02713    
 1950.2500  -1.11126    
 1950.3334  -1.23110    
 1950.4166 -0.659355    
 1950.5000 -0.262460    
 1950.5834 -0.407468    
 1950.6666 -0.299352    
 1950.7500 -0.277009    
 1950.8334 -0.520102    
 1950.9166 -0.603534    
 1951.0000 -0.814015    
 1951.0834 -0.437928    
 1951.1666  0.402201    
 1951.2500  0.595597    
 1951.3334  0.727032    
 1951.4166  0.616152    
 1951.5000  0.762302    
 1951.5834  0.606780    
 1951.6666  0.879389    
 1951.7500  0.859646    
 1951.8334   1.00099    
 1951.9166  0.691215    
 1952.0000  0.448024    
 1952.0834  0.280983    
 1952.1666  0.266231    
 1952.2500  0.504572    
 1952.3334  0.440807    
 1952.4166 -0.665868E-02
 1952.5000 -0.192169    
 1952.5834 -0.285598E-01
 1952.6666  0.704074E-01
 1952.7500  0.206458E-01
 1952.8334 -0.316066    
 1952.9166  0.353055E-01
 1953.0000  0.599956    
 1953.0834  0.624028    
 1953.1666  0.776099    
 1953.2500  0.739848    
 1953.3334  0.896517    
 1953.4166  0.890921    
 1953.5000  0.588561    
 1953.5834  0.426887    
 1953.6666  0.744368    
 1953.7500  0.627623    
 1953.8334  0.689892    
 1953.9166  0.896758    
 1954.0000  0.960469    
 1954.0834  0.822650    
 1954.1666  0.148214    
 1954.2500 -0.673885    
 1954.3334 -0.847800E-01
 1954.4166 -0.182500    
 1954.5000 -0.427030    
 1954.5834 -0.902067    
 1954.6666  -1.05999    
 1954.7500 -0.820045    
 1954.8334 -0.401621    
 1954.9166 -0.613486    
 1955.0000 -0.471884    
 1955.0834 -0.389466    
 1955.1666 -0.416581    
 1955.2500 -0.410857    
 1955.3334 -0.400946    
 1955.4166 -0.253259    
 1955.5000 -0.376042    
 1955.5834 -0.734704    
 1955.6666 -0.886313    
 1955.7500  -1.66025    
 1955.8334  -1.89179    
 1955.9166  -1.48190    
 1956.0000 -0.702687    
 1956.0834 -0.398115    
 1956.1666 -0.162970    
 1956.2500 -0.189409    
 1956.3334  0.123192    
 1956.4166 -0.574827E-01
 1956.5000 -0.281856    
 1956.5834 -0.564258    
 1956.6666 -0.332004    
 1956.7500 -0.292416    
 1956.8334 -0.574345    
 1956.9166 -0.430681    
 1957.0000 -0.547773E-01
 1957.0834  0.256990    
 1957.1666  0.699136    
 1957.2500   1.05214    
 1957.3334   1.10998    
 1957.4166   1.14125    
 1957.5000   1.33109    
 1957.5834   1.13028    
 1957.6666   1.09249    
 1957.7500   1.15174    
 1957.8334   1.43166    
 1957.9166   1.78310    
 1958.0000   2.22676    
 1958.0834   1.85254    
 1958.1666   1.39242    
 1958.2500  0.883480    
 1958.3334  0.928906    
 1958.4166  0.734054    
 1958.5000  0.416520    
 1958.5834  0.245798    
 1958.6666 -0.854929E-01
 1958.7500  0.808441E-01
 1958.8334  0.530824    
 1958.9166  0.375389    
 1959.0000  0.905458    
 1959.0834  0.781645    
 1959.1666  0.597676    
 1959.2500  0.489617    
 1959.3334  0.186645    
 1959.4166  0.127506    
 1959.5000 -0.426084    
 1959.5834 -0.435468    
 1959.6666 -0.545362    
 1959.7500 -0.154214    
 1959.8334 -0.292223    
 1959.9166 -0.535774E-01
 1960.0000  0.412277E-01
 1960.0834 -0.190154    
 1960.1666 -0.244781E-01
 1960.2500  0.664334E-01
 1960.3334  0.145498    
 1960.4166  0.166871E-01
 1960.5000  0.136877E-01
 1960.5834  0.245074    
 1960.6666  0.542788E-01
 1960.7500 -0.435094E-01
 1960.8334 -0.224406E-02
 1960.9166 -0.887980E-01
 1961.0000 -0.797448E-01
 1961.0834  0.244570E-01
 1961.1666 -0.186143E-01
 1961.2500 -0.625874E-01
 1961.3334  0.330297    
 1961.4166  0.505178    
 1961.5000  0.201491    
 1961.5834 -0.207257    
 1961.6666 -0.493676    
 1961.7500 -0.531108    
 1961.8334 -0.110293    
 1961.9166 -0.230613    
 1962.0000 -0.275927    
 1962.0834 -0.206847    
 1962.1666 -0.776956E-01
 1962.2500 -0.216804    
 1962.3334 -0.422908    
 1962.4166 -0.117023    
 1962.5000 -0.660295E-01
 1962.5834 -0.204461    
 1962.6666 -0.459656    
 1962.7500 -0.361396    
 1962.8334 -0.595884    
 1962.9166 -0.588269    
 1963.0000 -0.564983    
 1963.0834 -0.285892    
 1963.1666  0.268597    
 1963.2500  0.376062    
 1963.3334  0.100105E-01
 1963.4166  0.333625    
 1963.5000  0.928065    
 1963.5834  0.872395    
 1963.6666  0.959675    
 1963.7500   1.00307    
 1963.8334   1.09940    
 1963.9166   1.39046    
 1964.0000   1.06615    
 1964.0834  0.694570    
 1964.1666  0.730541E-01
 1964.2500 -0.548370    
 1964.3334 -0.636097    
 1964.4166 -0.632524    
 1964.5000 -0.432893    
 1964.5834 -0.736244    
 1964.6666 -0.890295    
 1964.7500 -0.789535    
 1964.8334 -0.801571    
 1964.9166 -0.703370    
 1965.0000 -0.326322    
 1965.0834 -0.868050E-01
 1965.1666  0.263750    
 1965.2500  0.620339E-01
 1965.3334  0.706150    
 1965.4166   1.06990    
 1965.5000   1.29737    
 1965.5834   1.64575    
 1965.6666   1.80587    
 1965.7500   2.02411    
 1965.8334   1.99629    
 1965.9166   1.90659    
 1966.0000   1.60713    
 1966.0834   1.21817    
 1966.1666   1.55989    
 1966.2500  0.923521    
 1966.3334  0.114648    
 1966.4166  0.381986    
 1966.5000  0.433973    
 1966.5834 -0.473703E-01
 1966.6666 -0.161213    
 1966.7500 -0.112855    
 1966.8334 -0.132984    
 1966.9166 -0.269355    
 1967.0000 -0.346751    
 1967.0834 -0.227821    
 1967.1666 -0.349219    
 1967.2500 -0.778106    
 1967.3334 -0.119174    
 1967.4166  0.364362    
 1967.5000  0.321099    
 1967.5834  0.168474    
 1967.6666 -0.367878    
 1967.7500 -0.122275    
 1967.8334  0.624910E-01
 1967.9166 -0.690865E-01
 1968.0000 -0.306877    
 1968.0834 -0.595663    
 1968.1666 -0.387293    
 1968.2500 -0.976939E-01
 1968.3334 -0.121753    
 1968.4166  0.730147    
 1968.5000  0.791285    
 1968.5834  0.497274    
 1968.6666  0.269938    
 1968.7500  0.294005    
 1968.8334  0.868343    
 1968.9166  0.943540    
 1969.0000   1.12988    
 1969.0834   1.34486    
 1969.1666  0.662142    
 1969.2500  0.401683    
 1969.3334  0.493989    
 1969.4166  0.171241    
 1969.5000  0.604914E-01
 1969.5834  0.363484    
 1969.6666  0.608508    
 1969.7500  0.845011    
 1969.8334  0.615470    
 1969.9166  0.519143    
 1970.0000  0.303307    
 1970.0834  0.358569    
 1970.1666 -0.195364E-01
 1970.2500  0.248321    
 1970.3334  0.491934E-01
 1970.4166 -0.232200    
 1970.5000 -0.645065    
 1970.5834 -0.925088    
 1970.6666 -0.712195    
 1970.7500 -0.680602    
 1970.8334 -0.699314    
 1970.9166 -0.885065    
 1971.0000  -1.44683    
 1971.0834  -1.13919    
 1971.1666 -0.842219    
 1971.2500 -0.691782    
 1971.3334 -0.348382    
 1971.4166 -0.379763    
 1971.5000 -0.481455    
 1971.5834 -0.551671    
 1971.6666 -0.508238    
 1971.7500 -0.638005    
 1971.8334 -0.529525    
 1971.9166 -0.606695    
 1972.0000 -0.604847    
 1972.0834 -0.133819    
 1972.1666  0.403630    
 1972.2500  0.719133    
 1972.3334   1.06608    
 1972.4166  0.968320    
 1972.5000   1.28950    
 1972.5834   1.38760    
 1972.6666   1.50695    
 1972.7500   1.81164    
 1972.8334   2.24465    
 1972.9166   2.31706    
 1973.0000   1.98356    
 1973.0834   1.47865    
 1973.1666  0.463967    
 1973.2500 -0.455712    
 1973.3334 -0.877237    
 1973.4166 -0.953832    
 1973.5000  -1.33894    
 1973.5834  -1.51358    
 1973.6666  -1.57502    
 1973.7500  -1.81960    
 1973.8334  -2.20699    
 1973.9166  -2.01654    
 1974.0000  -1.75371    
 1974.0834  -1.24088    
 1974.1666 -0.953185    
 1974.2500 -0.863390    
 1974.3334 -0.851060    
 1974.4166 -0.645422    
 1974.5000 -0.410561    
 1974.5834 -0.150009    
 1974.6666 -0.255620    
 1974.7500 -0.454703    
 1974.8334 -0.620113    
 1974.9166 -0.482530    
 1975.0000  0.642579E-01
 1975.0834 -0.185497    
 1975.1666 -0.615599    
 1975.2500 -0.373013    
 1975.3334 -0.556251    
 1975.4166 -0.916125    
 1975.5000 -0.858672    
 1975.5834  -1.05541    
 1975.6666  -1.15565    
 1975.7500  -1.22737    
 1975.8334 -0.923628    
 1975.9166  -1.26996    
 1976.0000  -1.47745    
 1976.0834 -0.688124    
 1976.1666 -0.112420    
 1976.2500 -0.284477    
 1976.3334 -0.718514E-02
 1976.4166  0.269367    
 1976.5000  0.442357    
 1976.5834  0.569918    
 1976.6666  0.739545    
 1976.7500   1.15244    
 1976.8334   1.12179    
 1976.9166  0.883692    
 1977.0000   1.09906    
 1977.0834  0.698114    
 1977.1666  0.657442    
 1977.2500  0.921443E-03
 1977.3334  0.160969    
 1977.4166  0.380319    
 1977.5000  0.502760    
 1977.5834  0.273928    
 1977.6666  0.704114    
 1977.7500   1.02659    
 1977.8334  0.904917    
 1977.9166   1.14104    
 1978.0000  0.871832    
 1978.0834  0.555041    
 1978.1666  0.115815    
 1978.2500 -0.382775    
 1978.3334 -0.314636    
 1978.4166 -0.338366    
 1978.5000 -0.197950    
 1978.5834 -0.499207    
 1978.6666 -0.375926    
 1978.7500 -0.202018E-01
 1978.8334  0.158763E-01
 1978.9166  0.256296    
 1979.0000 -0.210484E-01
 1979.0834 -0.478835E-01
 1979.1666  0.234074    
 1979.2500  0.271110    
 1979.3334  0.213068E-01
 1979.4166 -0.603795E-01
 1979.5000 -0.199951    
 1979.5834  0.937256E-01
 1979.6666  0.447070    
 1979.7500  0.310284    
 1979.8334  0.453284    
 1979.9166  0.632468    
 1980.0000  0.603262    
 1980.0834  0.357559    
 1980.1666  0.147134    
 1980.2500  0.113362    
 1980.3334  0.271978    
 1980.4166  0.512727    
 1980.5000  0.195026    
 1980.5834 -0.239712    
 1980.6666 -0.171818    
 1980.7500 -0.162496E-01
 1980.8334  0.131919    
 1980.9166  0.302708    
 1981.0000 -0.160764    
 1981.0834 -0.423014    
 1981.1666 -0.491048    
 1981.2500 -0.252118    
 1981.3334 -0.327525    
 1981.4166 -0.171842    
 1981.5000 -0.395182    
 1981.5834 -0.292417    
 1981.6666 -0.722265E-01
 1981.7500 -0.262930    
 1981.8334 -0.341278    
 1981.9166 -0.127910    
 1982.0000  0.242603    
 1982.0834 -0.199524E-02
 1982.1666  0.464581    
 1982.2500  0.582417    
 1982.3334  0.834065    
 1982.4166  0.892847    
 1982.5000  0.731795    
 1982.5834  0.993462    
 1982.6666   1.74162    
 1982.7500   2.30109    
 1982.8334   2.27482    
 1982.9166   2.47611    
 1983.0000   2.59401    
 1983.0834   2.15227    
 1983.1666   1.62995    
 1983.2500   1.20738    
 1983.3334   1.18495    
 1983.4166  0.595460    
 1983.5000 -0.783800E-01
 1983.5834 -0.340543    
 1983.6666 -0.557998    
 1983.7500  -1.17649    
 1983.8334  -1.30229    
 1983.9166  -1.11528    
 1984.0000 -0.753310    
 1984.0834 -0.117868    
 1984.1666 -0.536934    
 1984.2500 -0.611452    
 1984.3334 -0.508060    
 1984.4166 -0.596377    
 1984.5000 -0.167662    
 1984.5834 -0.272074E-02
 1984.6666 -0.291180    
 1984.7500 -0.464968    
 1984.8334  -1.02870    
 1984.9166  -1.20261    
 1985.0000  -1.07920    
 1985.0834 -0.578971    
 1985.1666 -0.519134    
 1985.2500 -0.933327    
 1985.3334 -0.711358    
 1985.4166 -0.503061    
 1985.5000 -0.379337    
 1985.5834 -0.263148    
 1985.6666 -0.506697    
 1985.7500 -0.183461    
 1985.8334 -0.780008E-01
 1985.9166 -0.213076    
 1986.0000 -0.505435    
 1986.0834 -0.669375    
 1986.1666 -0.176310    
 1986.2500  0.120538E-01
 1986.3334 -0.277098    
 1986.4166 -0.205546E-01
 1986.5000  0.142500    
 1986.5834  0.561647    
 1986.6666  0.767513    
 1986.7500   1.06411    
 1986.8334   1.32754    
 1986.9166   1.46924    
 1987.0000   1.42393    
 1987.0834   1.50430    
 1987.1666   1.23712    
 1987.2500  0.864525    
 1987.3334  0.722318    
 1987.4166   1.06421    
 1987.5000   1.36829    
 1987.5834   1.48446    
 1987.6666   1.53919    
 1987.7500   1.09763    
 1987.8334  0.900550    
 1987.9166  0.860956    
 1988.0000  0.751727    
 1988.0834  0.339103E-02
 1988.1666 -0.155958    
 1988.2500 -0.654009    
 1988.3334  -1.52636    
 1988.4166  -1.87445    
 1988.5000  -1.77832    
 1988.5834  -1.29562    
 1988.6666  -1.07267    
 1988.7500  -1.96673    
 1988.8334  -2.03695    
 1988.9166  -1.96185    
 1989.0000  -2.07680    
 1989.0834  -1.47717    
 1989.1666  -1.10128    
 1989.2500 -0.930813    
 1989.3334 -0.617635    
 1989.4166 -0.253650    
 1989.5000 -0.401427    
 1989.5834 -0.463313    
 1989.6666 -0.254078    
 1989.7500 -0.293025    
 1989.8334 -0.318284    
 1989.9166  0.482911E-02
 1990.0000  0.172065    
 1990.0834  0.232427    
 1990.1666  0.164389    
 1990.2500  0.232871    
 1990.3334  0.284095    
 1990.4166  0.125434    
 1990.5000  0.274503    
 1990.5834  0.304463    
 1990.6666  0.296972    
 1990.7500  0.274854    
 1990.8334  0.219778    
 1990.9166  0.462680    
 1991.0000  0.559089    
 1991.0834  0.471577    
 1991.1666  0.183272    
 1991.2500  0.377106    
 1991.3334  0.423360    
 1991.4166  0.677012    
 1991.5000  0.892489    
 1991.5834  0.754318    
 1991.6666  0.501011    
 1991.7500   1.14429    
 1991.8334   1.59264    
 1991.9166   2.13641    
 1992.0000   2.29378    
 1992.0834   2.28185    
 1992.1666   1.92979    
 1992.2500   1.75947    
 1992.3334   1.43157    
 1992.4166  0.845445    
 1992.5000  0.437497    
 1992.5834  0.212893    
 1992.6666  0.472847E-01
 1992.7500 -0.115535    
 1992.8334  0.256836E-01
 1992.9166  0.125769    
 1993.0000  0.346401    
 1993.0834  0.714782    
 1993.1666  0.703864    
 1993.2500  0.984335    
 1993.3334   1.12170    
 1993.4166  0.573731    
 1993.5000  0.478533    
 1993.5834  0.325125    
 1993.6666  0.494121    
 1993.7500  0.238354    
 1993.8334  0.101637    
 1993.9166  0.282233    
 1994.0000  0.176831    
 1994.0834  0.208307    
 1994.1666  0.324650    
 1994.2500  0.593180    
 1994.3334  0.639550    
 1994.4166  0.685365    
 1994.5000  0.607968    
 1994.5834  0.812466    
 1994.6666  0.752542    
 1994.7500  0.926647    
 1994.8334   1.34679    
 1994.9166   1.52081    
 1995.0000   1.17512    
 1995.0834  0.807151    
 1995.1666  0.582922    
 1995.2500  0.441781    
 1995.3334 -0.294136E-01
 1995.4166 -0.125610    
 1995.5000 -0.205896    
 1995.5834 -0.697403    
 1995.6666 -0.901305    
 1995.7500 -0.870862    
 1995.8334  -1.16449    
 1995.9166 -0.994868    
 1996.0000 -0.948801    
 1996.0834  -1.03824    
 1996.1666 -0.689717    
 1996.2500 -0.359925    
 1996.3334 -0.206430    
 1996.4166 -0.294532    
 1996.5000 -0.310281    
 1996.5834 -0.163353    
 1996.6666 -0.464387    
 1996.7500 -0.326181    
 1996.8334 -0.241073    
 1996.9166 -0.527409    
 1997.0000 -0.406629    
 1997.0834 -0.167626    
 1997.1666 -0.412136E-01
 1997.2500  0.527075    
 1997.3334   1.00193    
 1997.4166   1.32541    
 1997.5000   1.71238    
 1997.5834   1.93359    
 1997.6666   2.10050    
 1997.7500   2.32139    
 1997.8334   2.39031    
 1997.9166   2.12090    
 1998.0000   2.28037    
 1998.0834   1.83903    
 1998.1666   1.14012    
 1998.2500  0.647559    
 1998.3334  0.444270    
 1998.4166 -0.665991    
 1998.5000  -1.25424    
 1998.5834  -1.67154    
 1998.6666  -1.50039    
 1998.7500  -1.62975    
 1998.8334  -1.60429    
 1998.9166  -1.82517    
 1999.0000  -1.81873    
 1999.0834  -1.37635    
 1999.1666  -1.00166    
 1999.2500  -1.07765    
 1999.3334  -1.01865    
 1999.4166 -0.940739    
 1999.5000  -1.00181    
 1999.5834  -1.12146    
 1999.6666  -1.00608    
 1999.7500  -1.06177    
 1999.8334  -1.47239    
 1999.9166  -1.79663    
 2000.0000  -1.92352    
 2000.0834  -1.72293    
 2000.1666 -0.974473    
 2000.2500 -0.803992    
 2000.3334 -0.678823    
 2000.4166 -0.430390    
 2000.5000 -0.393353    
 2000.5834 -0.406730    
 2000.6666 -0.559306    
 2000.7500 -0.684139    
 2000.8334 -0.731003    
 2000.9166 -0.867971    
 2001.0000 -0.769000    
 2001.0834 -0.653604    
 2001.1666 -0.573408    
 2001.2500 -0.565582    
 2001.3334 -0.334228    
 2001.4166 -0.125915    
 2001.5000  0.600392E-01
 2001.5834 -0.683356E-01
 2001.6666 -0.250831    
 2001.7500 -0.143792    
 2001.8334 -0.363458    
 2001.9166 -0.465794    
 2002.0000 -0.264022    
 2002.0834 -0.641980E-01
 2002.1666 -0.952997E-01
 2002.2500 -0.356873E-01
 2002.3334  0.334587    
 2002.4166  0.767730    
 2002.5000  0.859992    
 2002.5834  0.954702    
 2002.6666   1.16358    
 2002.7500   1.31228    
 2002.8334   1.56516    
 2002.9166   1.32035    
 2003.0000  0.417880    
 2003.0834  0.496841    
 2003.1666  0.234782    
 2003.2500 -0.257849    
 2003.3334 -0.747897    
 2003.4166 -0.275571    
 2003.5000  0.169701    
 2003.5834  0.372372E-01
 2003.6666  0.334949E-01
 2003.7500  0.197793    
 2003.8334  0.207262    
 2003.9166  0.348305    
 2004.0000  0.443208E-01
 2004.0834  0.164307E-01
 2004.1666  0.606744E-01
 2004.2500  0.813045E-01
 2004.3334  0.292745    
 2004.4166  0.409448    
 2004.5000  0.679461    
 2004.5834  0.816365    
 2004.6666  0.737360    
 2004.7500  0.703031    
 2004.8334  0.617168    
 2004.9166  0.649856    
 2005.0000  0.484594    
 2005.0834  0.210922    
 2005.1666  0.300237    
 2005.2500  0.241268    
 2005.3334  0.302963    
 2005.4166  0.630557E-01
 2005.5000 -0.261732    
 2005.5834 -0.197099    
 2005.6666 -0.128295    
 2005.7500 -0.530336E-01
 2005.8334 -0.588390    
 2005.9166  -1.07040    
 2006.0000  -1.18100    
 2006.0834 -0.923374    
 2006.1666 -0.902930    
 2006.2500 -0.339913    
 2006.3334 -0.917317E-01
 2006.4166  0.200252E-01
 2006.5000  0.269647E-01
 2006.5834  0.208570    
 2006.6666  0.441709    
 2006.7500  0.629279    
 2006.8334  0.928383    
 2006.9166   1.05507    
 2007.0000  0.513695    
 2007.0834 -0.882547E-01
 2007.1666 -0.257430    
 2007.2500 -0.379555    
 2007.3334 -0.514301    
 2007.4166 -0.398554    
 2007.5000 -0.627927    
 2007.5834 -0.794747    
 2007.6666  -1.22065    
 2007.7500  -1.39425    
 2007.8334  -1.43168    
 2007.9166  -1.56895    
 2008.0000  -1.80780    
 2008.0834  -1.79463    
 2008.1666  -1.23296    
 2008.2500 -0.962799    
 2008.3334 -0.766923    
 2008.4166 -0.544361    
 2008.5000 -0.192725    
 2008.5834 -0.229565    
 2008.6666 -0.437469    
 2008.7500 -0.459941    
 2008.8334 -0.511018    
 2008.9166  -1.03749    
 2009.0000  -1.14448    
 2009.0834 -0.913496    
 2009.1666 -0.871520    
 2009.2500 -0.449702    
 2009.3334 -0.437386E-01
 2009.4166  0.160253    
 2009.5000  0.282609    
 2009.5834  0.225930    
 2009.6666  0.410378    
 2009.7500  0.712131    
 2009.8334   1.43680    
 2009.9166   1.66850    
 2010.0000   1.36309    
 2010.0834   1.07182    
 2010.1666  0.664934    
 2010.2500  0.620471E-01
 2010.3334 -0.617939    
 2010.4166 -0.983816    
 2010.5000  -1.27644    
 2010.5834  -1.61724    
 2010.6666  -1.80371    
 2010.7500  -1.83601    
 2010.8334  -1.72123    
 2010.9166  -1.72663    
 2011.0000  -1.69506    
 2011.0834  -1.22998    
 2011.1666 -0.995722    
 2011.2500 -0.739825    
 2011.3334 -0.434639    
 2011.4166 -0.254697    
 2011.5000 -0.298786    
 2011.5834 -0.665203    
 2011.6666 -0.792911    
 2011.7500  -1.03689    
 2011.8334  -1.20250    
 2011.9166  -1.09962    
 2012.0000 -0.967571    
 2012.0834 -0.773969    
 2012.1666 -0.606864    
 2012.2500 -0.578694    
 2012.3334 -0.388226    
 2012.4166  0.103220    
 2012.5000  0.339335    
 2012.5834  0.425298    
 2012.6666  0.264532    
 2012.7500  0.175487    
 2012.8334  0.127329E-01
 2012.9166 -0.568695    
 2013.0000 -0.848509    
 2013.0834 -0.834786    
 2013.1666 -0.458196    
 2013.2500 -0.392394    
 2013.3334 -0.512668    
 2013.4166 -0.385108    
 2013.5000 -0.351466    
 2013.5834 -0.495389    
 2013.6666 -0.333723    
 2013.7500 -0.300732    
 2013.8334 -0.248710    
 2013.9166 -0.318149    
 2014.0000 -0.744246    
 2014.0834 -0.833749    
 2014.1666 -0.419398    
 2014.2500  0.436395E-03
 2014.3334  0.149275    
 2014.4166  0.391311E-02
 2014.5000 -0.220990    
 2014.5834 -0.309191    
 2014.6666 -0.256900E-02
 2014.7500  0.197863    
 2014.8334  0.603211    
 2014.9166  0.522194    
 2015.0000  0.284878    
 2015.0834  0.234746    
 2015.1666  0.354150    
 2015.2500  0.615256    
 2015.3334  0.813645    
 2015.4166   1.03640    
 2015.5000   1.25713    
 2015.5834   1.62144    
 2015.6666   1.80624    
 2015.7500   2.02925    
 2015.8334   2.45820    
 2015.9166   2.34732    
 2016.0000   2.12810    
 2016.0834   2.00164    
 2016.1666   1.22876    
 2016.2500  0.521661    
 2016.3334 -0.137065    
 2016.4166 -0.488777    
 2016.5000 -0.947295    
 2016.5834  -1.14130    
 2016.6666  -1.07893    
 2016.7500  -1.20475    
 2016.8334  -1.19131    
 2016.9166 -0.964325    
 2017.0000  -1.03285    
 2017.0834 -0.530882    
 2017.1666 -0.375690    
 2017.2500 -0.781900E-01
 2017.3334  0.129895    
 2017.4166  0.129186    
 2017.5000 -0.280271E-01
 2017.5834 -0.622565    
 2017.6666 -0.859511    
 2017.7500 -0.901622    
 2017.8334  -1.34715    
 2017.9166  -1.30251    
 2018.0000  -1.33101    
 2018.0834 -0.995885    
 2018.1666  -1.03946    
 2018.2500 -0.703536    
 2018.3334 -0.289776    
 2018.4166  0.912099E-01
 2018.5000  0.104428    
 2018.5834 -0.947606E-01
 2018.6666  0.270709    
 2018.7500  0.720240    
 2018.8334  0.745023    
 2018.9166  0.662576    
 2019.0000  0.386237    
 2019.0834  0.515988    
 2019.1666  0.689388    
 2019.2500  0.462717    
 2019.3334  0.380357    
 2019.4166  0.219358    
 2019.5000  0.113946    
 2019.5834 -0.291267    
 2019.6666 -0.287745    
 2019.7500  0.239603    
 2019.8334  0.217631    
 2019.9166  0.953280E-01
 2020.0000  0.708181E-01
 2020.0834 -0.125845    
 2020.1666  0.105544E-01
 2020.2500 -0.100263    
 2020.3334 -0.788215    
 2020.4166 -0.713233    
 2020.5000 -0.677147    
 2020.5834  -1.05862    
 2020.6666  -1.21527    
 2020.7500  -1.58651    
 2020.8334  -1.70935    
 2020.9166  -1.41442    
 2021.0000  -1.22917    
 2021.0834  -1.23393    
 2021.1666  -1.00870    
 2021.2500 -0.890358    
 2021.3334 -0.571684    
 2021.4166 -0.370179    
 2021.5000 -0.598506    
 2021.5834 -0.888894    
 2021.6666 -0.877007    
 2021.7500  -1.24552    
 2021.8334  -1.24568    
 2021.9166  -1.36165    
 2022.0000  -1.39630    
 2022.0834  -1.25823    
 2022.1666  -1.36559    
 2022.2500  -1.44079    
 2022.3334  -1.32465    
 2022.4166 -0.884240    
 2022.5000 -0.718111    
 2022.5834  -1.18107    
 2022.6666  -1.32792    
 2022.7500  -1.14265    
 2022.8334  -1.05073    
 2022.9166  -1.10192    
 2023.0000  -1.02496    
 2023.0834 -0.732871    
 2023.1666 -0.462936    
 2023.2500 -0.326387    
 2023.3334  0.774116E-01
 2023.4166  0.472733    
 2023.5000  0.565651    
 2023.5834  0.733335    
 2023.6666   1.01234    
 2023.7500   1.22330    
 2023.8334   1.55957    
 2023.9166   1.48668    
 2024.0000   1.08545    
 2024.0834  0.760579    
 2024.1666  0.481572    
 2024.2500  0.962752E-01
 2024.3334 -0.462490    
 2024.4166 -0.375598    
 2024.5000 -0.484428    
 2024.5834 -0.729595    
 2024.6666 -0.899951    
 2024.7500 -0.924439    
 2024.8334 -0.846900    
 2024.9166  -1.15217    