 1854.0000 -0.666466    
 1854.0834 -0.704008    
 1854.1666 -0.337196    
 1854.2500 -0.853767E-01
 1854.3334  0.896168E-01
 1854.4166 -0.369658    
 1854.5000 -0.294838    
 1854.5834  -1.03100    
 1854.6666 -0.610718    
 1854.7500  -1.25058    
 1854.8334  -1.23831    
 1854.9166  -1.44699    
 1855.0000 -0.614475    
 1855.0834  0.203472    
 1855.1666 -0.860958E-01
 1855.2500 -0.690880E-01
 1855.3334 -0.786629E-01
 1855.4166 -0.429157    
 1855.5000 -0.397669    
 1855.5834 -0.354086    
 1855.6666  0.758932    
 1855.7500  0.688362    
 1855.8334   1.18542    
 1855.9166   1.12311    
 1856.0000  0.657585    
 1856.0834  0.301802    
 1856.1666  0.499475    
 1856.2500 -0.474888    
 1856.3334 -0.737692    
 1856.4166 -0.775528    
 1856.5000 -0.896778    
 1856.5834  -1.61436    
 1856.6666  -2.46751    
 1856.7500  -2.76710    
 1856.8334  -2.92583    
 1856.9166  -2.95573    
 1857.0000  -2.48896    
 1857.0834  -2.19435    
 1857.1666  -1.85184    
 1857.2500  -1.47551    
 1857.3334 -0.464092    
 1857.4166  0.177141    
 1857.5000 -0.209808    
 1857.5834 -0.787666    
 1857.6666 -0.157589    
 1857.7500 -0.393908    
 1857.8334 -0.368320    
 1857.9166 -0.359375    
 1858.0000 -0.646248E-01
 1858.0834 -0.194387    
 1858.1666 -0.341265    
 1858.2500 -0.407488    
 1858.3334 -0.403273    
 1858.4166 -0.503437    
 1858.5000 -0.500757    
 1858.5834 -0.682877    
 1858.6666 -0.588488    
 1858.7500 -0.383028    
 1858.8334 -0.100021    
 1858.9166 -0.203455    
 1859.0000  0.321445E-01
 1859.0834 -0.378538    
 1859.1666 -0.389706    
 1859.2500 -0.913408    
 1859.3334 -0.719322    
 1859.4166 -0.431587    
 1859.5000  0.527191E-02
 1859.5834  0.464039E-01
 1859.6666 -0.480457    
 1859.7500 -0.421679    
 1859.8334 -0.231152    
 1859.9166 -0.439594    
 1860.0000 -0.743265    
 1860.0834  -1.15003    
 1860.1666  -1.06082    
 1860.2500  -1.20394    
 1860.3334 -0.935493    
 1860.4166 -0.353348    
 1860.5000 -0.361809    
 1860.5834 -0.437647    
 1860.6666  -1.00067    
 1860.7500  -1.73960    
 1860.8334  -1.50722    
 1860.9166  -1.98143    
 1861.0000  -1.88391    
 1861.0834  -1.88218    
 1861.1666  -1.47581    
 1861.2500  -1.38328    
 1861.3334  -1.25135    
 1861.4166  -1.17246    
 1861.5000  -1.08151    
 1861.5834  -1.01204    
 1861.6666 -0.992397    
 1861.7500 -0.954597    
 1861.8334 -0.904011    
 1861.9166 -0.872545    
 1862.0000 -0.965124    
 1862.0834  -1.14881    
 1862.1666  -1.40751    
 1862.2500  -1.46525    
 1862.3334  -1.71752    
 1862.4166  -2.37994    
 1862.5000  -1.74777    
 1862.5834  -1.30883    
 1862.6666 -0.588287    
 1862.7500  -1.34495    
 1862.8334  -1.08338    
 1862.9166 -0.947475    
 1863.0000 -0.973845    
 1863.0834  -1.17252    
 1863.1666  -1.16224    
 1863.2500  -1.13250    
 1863.3334  -1.00378    
 1863.4166 -0.903118    
 1863.5000 -0.944418    
 1863.5834 -0.898327    
 1863.6666 -0.821699    
 1863.7500 -0.814068    
 1863.8334 -0.794790    
 1863.9166 -0.825695    
 1864.0000 -0.725935    
 1864.0834 -0.701008    
 1864.1666 -0.714756    
 1864.2500 -0.799107    
 1864.3334 -0.763123    
 1864.4166 -0.779558    
 1864.5000 -0.733757    
 1864.5834 -0.781807    
 1864.6666 -0.709349    
 1864.7500 -0.743578    
 1864.8334 -0.666752    
 1864.9166 -0.729954    
 1865.0000 -0.594166    
 1865.0834 -0.662838    
 1865.1666 -0.711136    
 1865.2500 -0.713387    
 1865.3334 -0.663033    
 1865.4166 -0.691229    
 1865.5000 -0.668428    
 1865.5834 -0.683367    
 1865.6666 -0.633759    
 1865.7500 -0.645199    
 1865.8334 -0.647270    
 1865.9166 -0.630314    
 1866.0000 -0.699665    
 1866.0834 -0.690388    
 1866.1666 -0.720655    
 1866.2500 -0.739347    
 1866.3334 -0.701403    
 1866.4166 -0.735788    
 1866.5000 -0.729948    
 1866.5834 -0.722866    
 1866.6666 -0.651409    
 1866.7500 -0.693869    
 1866.8334 -0.693541    
 1866.9166 -0.657444    
 1867.0000 -0.734495    
 1867.0834 -0.746328    
 1867.1666 -0.761156    
 1867.2500 -0.800957    
 1867.3334 -0.893494    
 1867.4166 -0.858318    
 1867.5000 -0.830599    
 1867.5834 -0.814106    
 1867.6666 -0.765448    
 1867.7500 -0.759277    
 1867.8334 -0.763031    
 1867.9166 -0.629675    
 1868.0000 -0.637594    
 1868.0834 -0.726469    
 1868.1666 -0.676226    
 1868.2500 -0.943296    
 1868.3334 -0.816504    
 1868.4166 -0.670797    
 1868.5000 -0.712837    
 1868.5834 -0.763546    
 1868.6666 -0.850819    
 1868.7500 -0.826847    
 1868.8334 -0.811272    
 1868.9166 -0.894545    
 1869.0000 -0.866514    
 1869.0834 -0.815968    
 1869.1666 -0.806795    
 1869.2500 -0.760748    
 1869.3334 -0.632742    
 1869.4166 -0.746338    
 1869.5000  -1.13933    
 1869.5834  -2.15776    
 1869.6666  -2.36494    
 1869.7500  -2.14195    
 1869.8334 -0.674992    
 1869.9166  -1.52873    
 1870.0000  -1.24493    
 1870.0834  -2.26641    
 1870.1666  -1.87658    
 1870.2500  -1.94601    
 1870.3334  -1.97268    
 1870.4166  -1.63801    
 1870.5000  -1.56256    
 1870.5834  -1.44065    
 1870.6666  -1.39379    
 1870.7500  -1.55530    
 1870.8334  -1.34086    
 1870.9166  -1.38041    
 1871.0000  -1.09485    
 1871.0834  -1.16595    
 1871.1666 -0.585386    
 1871.2500 -0.142498    
 1871.3334 -0.415163    
 1871.4166 -0.419369    
 1871.5000 -0.317938    
 1871.5834 -0.139246    
 1871.6666 -0.722485E-01
 1871.7500 -0.428997    
 1871.8334 -0.507570    
 1871.9166 -0.601034    
 1872.0000  -1.00345    
 1872.0834  -1.14786    
 1872.1666  -1.22919    
 1872.2500  -1.20547    
 1872.3334  -1.04804    
 1872.4166  -1.16145    
 1872.5000  0.773430E-01
 1872.5834  -1.32352    
 1872.6666  -1.12840    
 1872.7500  -1.75632    
 1872.8334  -1.57933    
 1872.9166  -1.52919    
 1873.0000  -1.53596    
 1873.0834  -1.74561    
 1873.1666  -1.61152    
 1873.2500  -1.26234    
 1873.3334  -1.00270    
 1873.4166 -0.597967    
 1873.5000 -0.317429    
 1873.5834 -0.124746    
 1873.6666 -0.193027    
 1873.7500  -1.03376    
 1873.8334 -0.992380    
 1873.9166  -1.01341    
 1874.0000  -1.48442    
 1874.0834  -1.81215    
 1874.1666  -1.74492    
 1874.2500  -1.57287    
 1874.3334  -1.40279    
 1874.4166  -1.20657    
 1874.5000  -1.35385    
 1874.5834  -1.27184    
 1874.6666  -1.32745    
 1874.7500  -1.34301    
 1874.8334  -1.58767    
 1874.9166  -1.38753    
 1875.0000 -0.869555    
 1875.0834 -0.961109    
 1875.1666 -0.764275    
 1875.2500 -0.946257    
 1875.3334 -0.860912    
 1875.4166  -1.03347    
 1875.5000 -0.844309    
 1875.5834  -1.00975    
 1875.6666  -1.05213    
 1875.7500  -1.31847    
 1875.8334  -1.09646    
 1875.9166 -0.978815    
 1876.0000 -0.704016    
 1876.0834  -1.15969    
 1876.1666  -1.31453    
 1876.2500  -1.76352    
 1876.3334  -1.52898    
 1876.4166 -0.663218    
 1876.5000 -0.729370E-01
 1876.5834 -0.357447    
 1876.6666 -0.485718    
 1876.7500 -0.255871E-01
 1876.8334  0.524597E-01
 1876.9166  0.293516    
 1877.0000  0.470215    
 1877.0834  0.418512    
 1877.1666  0.746904    
 1877.2500  0.558632    
 1877.3334  0.310677    
 1877.4166  0.325052    
 1877.5000   1.03993    
 1877.5834   1.91563    
 1877.6666   2.00026    
 1877.7500   2.13368    
 1877.8334   2.48687    
 1877.9166   2.43731    
 1878.0000   2.42263    
 1878.0834   2.55058    
 1878.1666  0.851414    
 1878.2500   1.22068    
 1878.3334   1.20855    
 1878.4166 -0.121428    
 1878.5000 -0.889957    
 1878.5834 -0.782516    
 1878.6666  -1.09794    
 1878.7500  -1.39255    
 1878.8334  -1.57981    
 1878.9166  -1.38145    
 1879.0000  -1.24760    
 1879.0834 -0.418209    
 1879.1666 -0.777386    
 1879.2500 -0.765217    
 1879.3334 -0.834904    
 1879.4166  -1.04948    
 1879.5000  -1.36067    
 1879.5834  -1.33567    
 1879.6666  -1.27035    
 1879.7500  -1.56849    
 1879.8334  -1.59688    
 1879.9166  -1.33974    
 1880.0000  -1.78210    
 1880.0834  -1.43026    
 1880.1666 -0.752205    
 1880.2500  -1.13456    
 1880.3334 -0.453022    
 1880.4166 -0.340658    
 1880.5000 -0.305529    
 1880.5834 -0.366377    
 1880.6666 -0.190048    
 1880.7500 -0.164978    
 1880.8334 -0.130911    
 1880.9166 -0.100515    
 1881.0000  0.603352E-01
 1881.0834  0.830078E-02
 1881.1666  0.293644    
 1881.2500  0.222483    
 1881.3334  0.188787    
 1881.4166 -0.289478E-01
 1881.5000 -0.154959    
 1881.5834 -0.298946    
 1881.6666 -0.337719    
 1881.7500 -0.610289    
 1881.8334 -0.620522    
 1881.9166 -0.381355E-01
 1882.0000 -0.529076    
 1882.0834 -0.252748    
 1882.1666  0.424538E-01
 1882.2500  0.186493    
 1882.3334  0.117117    
 1882.4166 -0.588818    
 1882.5000 -0.844738    
 1882.5834 -0.711897    
 1882.6666  -1.09158    
 1882.7500  -1.30639    
 1882.8334  -1.31806    
 1882.9166 -0.966425    
 1883.0000 -0.648186    
 1883.0834 -0.251688    
 1883.1666 -0.559959E-01
 1883.2500  0.240393    
 1883.3334 -0.207533    
 1883.4166 -0.370758    
 1883.5000 -0.279568    
 1883.5834 -0.447987    
 1883.6666 -0.582878    
 1883.7500 -0.528898    
 1883.8334 -0.281361    
 1883.9166 -0.409225    
 1884.0000 -0.450745E-01
 1884.0834  0.683117E-01
 1884.1666 -0.414845    
 1884.2500  0.858231E-01
 1884.3334  0.510864E-01
 1884.4166 -0.989380E-01
 1884.5000 -0.399788    
 1884.5834 -0.581776    
 1884.6666  0.652809E-01
 1884.7500  0.467224E-01
 1884.8334  0.354130    
 1884.9166  0.347126    
 1885.0000  0.266855    
 1885.0834 -0.150490E-01
 1885.1666 -0.174576    
 1885.2500 -0.429148    
 1885.3334 -0.234383    
 1885.4166 -0.108828    
 1885.5000 -0.165617    
 1885.5834 -0.177357    
 1885.6666  0.296152    
 1885.7500  0.801493    
 1885.8334  0.783480    
 1885.9166  0.706924    
 1886.0000  0.315716    
 1886.0834 -0.377977    
 1886.1666 -0.878136    
 1886.2500 -0.748037    
 1886.3334  -1.15242    
 1886.4166  -1.73379    
 1886.5000  -1.47657    
 1886.5834  -1.42235    
 1886.6666  -1.41135    
 1886.7500  -1.74051    
 1886.8334  -1.84076    
 1886.9166  -2.41650    
 1887.0000  -2.57644    
 1887.0834  -2.42727    
 1887.1666  -1.64886    
 1887.2500  -1.35379    
 1887.3334  -1.24212    
 1887.4166 -0.996107    
 1887.5000 -0.696947    
 1887.5834 -0.545156    
 1887.6666 -0.433289    
 1887.7500 -0.396639    
 1887.8334 -0.173321    
 1887.9166 -0.130865    
 1888.0000  0.144606    
 1888.0834  0.483881    
 1888.1666  0.376415    
 1888.2500  0.269672    
 1888.3334  0.257387    
 1888.4166  0.481743    
 1888.5000  0.424883    
 1888.5834  0.456963    
 1888.6666   1.06513    
 1888.7500   1.54678    
 1888.8334   1.81544    
 1888.9166   2.21264    
 1889.0000   2.22215    
 1889.0834   2.02935    
 1889.1666   1.13628    
 1889.2500  0.729273    
 1889.3334  0.431147    
 1889.4166 -0.256008    
 1889.5000  -1.65730    
 1889.5834  -1.68828    
 1889.6666  -1.85644    
 1889.7500  -2.41705    
 1889.8334  -2.05452    
 1889.9166  -1.96676    
 1890.0000  -2.05121    
 1890.0834  -2.50312    
 1890.1666  -1.62786    
 1890.2500  -1.47435    
 1890.3334 -0.943293    
 1890.4166 -0.955917    
 1890.5000  -1.06044    
 1890.5834  -1.05752    
 1890.6666  -1.25594    
 1890.7500  -1.24335    
 1890.8334  -1.31108    
 1890.9166 -0.304384    
 1891.0000  0.653248E-01
 1891.0834 -0.167099    
 1891.1666 -0.238865    
 1891.2500  0.331142    
 1891.3334  0.284166    
 1891.4166  0.148462    
 1891.5000 -0.682583E-01
 1891.5834 -0.328047    
 1891.6666 -0.443977    
 1891.7500 -0.267319    
 1891.8334 -0.136150    
 1891.9166 -0.307116    
 1892.0000 -0.524796    
 1892.0834 -0.487898    
 1892.1666 -0.801365    
 1892.2500 -0.661638    
 1892.3334 -0.696484    
 1892.4166 -0.891777    
 1892.5000  -1.22370    
 1892.5834  -1.51347    
 1892.6666  -1.66994    
 1892.7500  -2.04568    
 1892.8334  -1.86642    
 1892.9166  -1.65285    
 1893.0000  -1.52260    
 1893.0834  -1.44311    
 1893.1666  -1.55444    
 1893.2500  -1.43902    
 1893.3334  -1.19601    
 1893.4166  -1.17151    
 1893.5000  -1.38789    
 1893.5834  -1.62977    
 1893.6666  -1.55060    
 1893.7500  -1.86314    
 1893.8334  -1.59984    
 1893.9166  -1.50070    
 1894.0000  -1.50732    
 1894.0834  -1.56181    
 1894.1666  -1.68538    
 1894.2500  -1.40133    
 1894.3334  -1.16286    
 1894.4166 -0.984879    
 1894.5000  -1.44037    
 1894.5834  -1.22716    
 1894.6666  -1.35904    
 1894.7500  -1.26658    
 1894.8334  -1.23804    
 1894.9166 -0.819515    
 1895.0000 -0.826626    
 1895.0834  -1.08138    
 1895.1666 -0.957294    
 1895.2500 -0.639128    
 1895.3334  0.955868E-01
 1895.4166 -0.231228    
 1895.5000 -0.242317    
 1895.5834 -0.293827    
 1895.6666  0.464821E-01
 1895.7500  0.102673    
 1895.8334  0.133690    
 1895.9166  0.292955    
 1896.0000  0.844574E-02
 1896.0834  0.143318E-01
 1896.1666  0.599747E-01
 1896.2500  0.153643    
 1896.3334  0.155869E-01
 1896.4166  0.395891    
 1896.5000  0.847992    
 1896.5834  0.791763    
 1896.6666  0.796541    
 1896.7500  0.917242    
 1896.8334   1.56724    
 1896.9166   1.59542    
 1897.0000   1.41058    
 1897.0834  0.892612    
 1897.1666  0.263374    
 1897.2500 -0.196678    
 1897.3334 -0.307142    
 1897.4166 -0.396729    
 1897.5000 -0.352198    
 1897.5834 -0.591967    
 1897.6666 -0.480778    
 1897.7500 -0.778618    
 1897.8334  -1.36892    
 1897.9166 -0.737055    
 1898.0000 -0.395315    
 1898.0834 -0.738379    
 1898.1666  -1.33624    
 1898.2500 -0.732857    
 1898.3334 -0.483362    
 1898.4166 -0.611917    
 1898.5000  -1.14572    
 1898.5834  -1.44432    
 1898.6666  -1.26166    
 1898.7500  -1.17774    
 1898.8334  -1.20631    
 1898.9166  -1.33175    
 1899.0000 -0.881865    
 1899.0834  -1.14664    
 1899.1666 -0.872236    
 1899.2500 -0.196957    
 1899.3334 -0.299704    
 1899.4166 -0.465347    
 1899.5000 -0.244577    
 1899.5834 -0.817070E-01
 1899.6666  0.331020E-01
 1899.7500  0.201792    
 1899.8334  0.873878    
 1899.9166   1.18110    
 1900.0000   1.18394    
 1900.0834   1.14556    
 1900.1666  0.938055    
 1900.2500  0.747553    
 1900.3334  0.865868    
 1900.4166  0.556412    
 1900.5000  0.458643    
 1900.5834 -0.517273E-01
 1900.6666 -0.154179    
 1900.7500 -0.390987E-01
 1900.8334 -0.117962    
 1900.9166  0.339355E-01
 1901.0000  0.247765    
 1901.0834  0.190201    
 1901.1666 -0.256016    
 1901.2500 -0.197687    
 1901.3334 -0.569464    
 1901.4166 -0.772299    
 1901.5000 -0.864058    
 1901.5834 -0.846037    
 1901.6666 -0.826298    
 1901.7500 -0.913248    
 1901.8334 -0.618311    
 1901.9166 -0.486385    
 1902.0000 -0.242765    
 1902.0834 -0.332869    
 1902.1666 -0.102545    
 1902.2500  0.504593    
 1902.3334  0.400938    
 1902.4166  0.758232    
 1902.5000   1.17899    
 1902.5834   1.36913    
 1902.6666   1.57488    
 1902.7500   1.76006    
 1902.8334   1.80878    
 1902.9166   1.46054    
 1903.0000   1.30590    
 1903.0834   1.08291    
 1903.1666  0.527525    
 1903.2500 -0.633869E-01
 1903.3334 -0.347183    
 1903.4166 -0.520988    
 1903.5000 -0.918028    
 1903.5834  -1.71959    
 1903.6666  -1.63476    
 1903.7500  -1.67220    
 1903.8334  -1.67646    
 1903.9166  -1.44810    
 1904.0000  -1.83941    
 1904.0834  -1.91464    
 1904.1666  -1.84854    
 1904.2500 -0.978018    
 1904.3334 -0.603653    
 1904.4166 -0.437998    
 1904.5000 -0.399637    
 1904.5834 -0.361786    
 1904.6666 -0.426508    
 1904.7500 -0.170757    
 1904.8334  0.343599    
 1904.9166  0.599525    
 1905.0000  0.632185    
 1905.0834  0.690453    
 1905.1666  0.672354    
 1905.2500  0.795082    
 1905.3334  0.883846    
 1905.4166  0.838451    
 1905.5000  0.972122    
 1905.5834   1.08455    
 1905.6666   1.23446    
 1905.7500  0.801302    
 1905.8334  0.688379    
 1905.9166  0.826666    
 1906.0000  0.674305    
 1906.0834  0.192001    
 1906.1666  0.469055E-01
 1906.2500 -0.318947    
 1906.3334 -0.549963    
 1906.4166 -0.813608    
 1906.5000 -0.995989    
 1906.5834  -1.36740    
 1906.6666  -1.13508    
 1906.7500 -0.782389    
 1906.8334 -0.950630    
 1906.9166  -1.16802    
 1907.0000  -1.20589    
 1907.0834  -1.26351    
 1907.1666  -1.14954    
 1907.2500 -0.872278    
 1907.3334 -0.549562    
 1907.4166 -0.480707    
 1907.5000 -0.550207    
 1907.5834 -0.206226    
 1907.6666 -0.430918    
 1907.7500 -0.323988    
 1907.8334 -0.577400    
 1907.9166 -0.562855    
 1908.0000 -0.224815    
 1908.0834 -0.287878    
 1908.1666 -0.571215    
 1908.2500  -1.13217    
 1908.3334  -1.00762    
 1908.4166 -0.895739    
 1908.5000 -0.789288    
 1908.5834  -1.02257    
 1908.6666  -1.22025    
 1908.7500  -1.40056    
 1908.8334  -1.35866    
 1908.9166  -1.69810    
 1909.0000  -1.82719    
 1909.0834  -1.55616    
 1909.1666  -1.04031    
 1909.2500  -1.06517    
 1909.3334 -0.959473    
 1909.4166  -1.04475    
 1909.5000  -1.15604    
 1909.5834  -1.22824    
 1909.6666  -1.83469    
 1909.7500  -1.91647    
 1909.8334  -1.75775    
 1909.9166  -1.72807    
 1910.0000  -1.83573    
 1910.0834  -1.95332    
 1910.1666  -2.21194    
 1910.2500  -1.40616    
 1910.3334  -1.19831    
 1910.4166  -1.17890    
 1910.5000  -1.40085    
 1910.5834  -1.55844    
 1910.6666  -1.70498    
 1910.7500  -1.54020    
 1910.8334  -1.36429    
 1910.9166  -1.44287    
 1911.0000  -1.41644    
 1911.0834  -1.34833    
 1911.1666  -1.24214    
 1911.2500 -0.993877    
 1911.3334 -0.776133    
 1911.4166 -0.251848    
 1911.5000  0.107523    
 1911.5834  0.888939E-01
 1911.6666 -0.176979    
 1911.7500  0.664753    
 1911.8334  0.772478    
 1911.9166   1.06004    
 1912.0000   1.08826    
 1912.0834  0.899452    
 1912.1666  0.823484    
 1912.2500  0.445562    
 1912.3334  0.235958    
 1912.4166 -0.442219    
 1912.5000 -0.526009    
 1912.5834 -0.349867    
 1912.6666 -0.977629    
 1912.7500 -0.991127    
 1912.8334  -1.08332    
 1912.9166 -0.979475    
 1913.0000 -0.734125    
 1913.0834 -0.689268    
 1913.1666 -0.696135    
 1913.2500 -0.387747    
 1913.3334 -0.130333    
 1913.4166 -0.174068    
 1913.5000 -0.178087    
 1913.5834 -0.289257    
 1913.6666 -0.434418    
 1913.7500 -0.395699    
 1913.8334  0.233950    
 1913.9166  0.844406    
 1914.0000  0.967785    
 1914.0834  0.487541    
 1914.1666  0.357765    
 1914.2500  0.233536E-01
 1914.3334  0.424948    
 1914.4166  0.360413E-01
 1914.5000  0.443642    
 1914.5834  0.543514    
 1914.6666  0.968203    
 1914.7500   1.18537    
 1914.8334  0.882479    
 1914.9166   1.19827    
 1915.0000   1.14602    
 1915.0834  0.909573    
 1915.1666  0.235504    
 1915.2500  0.650414    
 1915.3334  0.748577    
 1915.4166  0.325953    
 1915.5000 -0.264917    
 1915.5834 -0.755507    
 1915.6666 -0.946068    
 1915.7500  -1.32769    
 1915.8334  -1.58239    
 1915.9166  -1.46255    
 1916.0000 -0.768045    
 1916.0834 -0.998678    
 1916.1666 -0.617596    
 1916.2500  -1.52141    
 1916.3334 -0.800123    
 1916.4166  -1.35177    
 1916.5000 -0.924467    
 1916.5834  -1.26461    
 1916.6666  -1.58404    
 1916.7500  -2.30777    
 1916.8334  -2.69664    
 1916.9166  -2.51013    
 1917.0000  -2.72272    
 1917.0834  -2.10697    
 1917.1666  -1.78819    
 1917.2500  -1.15041    
 1917.3334  -1.09473    
 1917.4166  -1.34225    
 1917.5000  -1.49281    
 1917.5834  -1.90513    
 1917.6666  -1.62086    
 1917.7500  -2.31418    
 1917.8334  -2.13550    
 1917.9166  -1.44999    
 1918.0000  -1.06358    
 1918.0834 -0.781137    
 1918.1666  -1.18180    
 1918.2500 -0.956327    
 1918.3334 -0.159023    
 1918.4166  0.111961    
 1918.5000 -0.203537    
 1918.5834 -0.134563E-01
 1918.6666  0.135752    
 1918.7500   1.01955    
 1918.8334   1.74316    
 1918.9166   1.61484    
 1919.0000   1.27551    
 1919.0834  0.749401    
 1919.1666  0.759295    
 1919.2500 -0.977327    
 1919.3334 -0.590313    
 1919.4166 -0.851908    
 1919.5000 -0.760147    
 1919.5834  -1.37123    
 1919.6666 -0.400288    
 1919.7500  0.180962    
 1919.8334 -0.874119E-01
 1919.9166  0.691935    
 1920.0000  0.431475    
 1920.0834  0.551432    
 1920.1666  0.183735    
 1920.2500 -0.250877    
 1920.3334 -0.485703    
 1920.4166 -0.873280E-01
 1920.5000  0.103722    
 1920.5834 -0.673275E-01
 1920.6666 -0.526619    
 1920.7500 -0.783287    
 1920.8334 -0.478041    
 1920.9166 -0.720295    
 1921.0000 -0.731014    
 1921.0834  -1.70000    
 1921.1666  -2.49776    
 1921.2500  -2.00185    
 1921.3334 -0.918533    
 1921.4166  -1.07268    
 1921.5000 -0.503319    
 1921.5834 -0.107687    
 1921.6666 -0.125698    
 1921.7500  0.557173    
 1921.8334  0.787310    
 1921.9166  0.338295    
 1922.0000  0.110096    
 1922.0834 -0.973688    
 1922.1666 -0.443056    
 1922.2500  -1.10350    
 1922.3334 -0.593023    
 1922.4166 -0.980047    
 1922.5000  -1.39206    
 1922.5834  -1.68512    
 1922.6666  -1.75309    
 1922.7500  -1.60386    
 1922.8334 -0.987881    
 1922.9166  -1.10938    
 1923.0000  -1.21593    
 1923.0834  -1.34221    
 1923.1666 -0.457695    
 1923.2500 -0.511667    
 1923.3334 -0.238403    
 1923.4166 -0.160057    
 1923.5000 -0.278109    
 1923.5834 -0.112797    
 1923.6666  0.661125E-01
 1923.7500  0.386322    
 1923.8334  0.461199    
 1923.9166  0.505266    
 1924.0000  0.450556    
 1924.0834  0.163492    
 1924.1666  0.834351E-01
 1924.2500 -0.339397    
 1924.3334 -0.534163    
 1924.4166  -1.06876    
 1924.5000  -1.44584    
 1924.5834  -1.56858    
 1924.6666  -1.79574    
 1924.7500  -1.88827    
 1924.8334  -1.96139    
 1924.9166  -1.93752    
 1925.0000  -1.81764    
 1925.0834  -1.77701    
 1925.1666 -0.791796    
 1925.2500 -0.731457    
 1925.3334 -0.691603    
 1925.4166 -0.711079    
 1925.5000 -0.306738    
 1925.5834 -0.649567E-01
 1925.6666  0.670223E-01
 1925.7500  0.456242    
 1925.8334  0.907709    
 1925.9166   1.15734    
 1926.0000   1.19475    
 1926.0834  0.807581    
 1926.1666  0.933905    
 1926.2500  0.657112    
 1926.3334  0.300707    
 1926.4166 -0.122681E-01
 1926.5000 -0.239347    
 1926.5834 -0.568676    
 1926.6666 -0.994238    
 1926.7500  -1.45280    
 1926.8334  -1.34431    
 1926.9166  -1.01416    
 1927.0000 -0.882614    
 1927.0834 -0.734898    
 1927.1666 -0.731115    
 1927.2500  -1.01343    
 1927.3334 -0.892862    
 1927.4166 -0.579159    
 1927.5000 -0.638718    
 1927.5834 -0.640186    
 1927.6666 -0.338947    
 1927.7500 -0.670586E-01
 1927.8334 -0.290731    
 1927.9166 -0.282305    
 1928.0000 -0.460758E-01
 1928.0834 -0.245888    
 1928.1666 -0.485186    
 1928.2500 -0.545116    
 1928.3334 -0.442232    
 1928.4166 -0.670467    
 1928.5000 -0.384058    
 1928.5834 -0.447567    
 1928.6666 -0.588108    
 1928.7500 -0.712387    
 1928.8334 -0.622261    
 1928.9166 -0.521374    
 1929.0000 -0.797066    
 1929.0834 -0.884899    
 1929.1666 -0.677135    
 1929.2500 -0.729887    
 1929.3334 -0.637943    
 1929.4166 -0.555119    
 1929.5000 -0.419067    
 1929.5834 -0.479696    
 1929.6666 -0.323877    
 1929.7500 -0.277819    
 1929.8334 -0.212271    
 1929.9166 -0.464344E-01
 1930.0000  0.121155    
 1930.0834  0.158211    
 1930.1666 -0.250626E-02
 1930.2500 -0.723267E-01
 1930.3334 -0.114632E-01
 1930.4166  0.391191    
 1930.5000  0.310291    
 1930.5834  0.343464    
 1930.6666  0.639893    
 1930.7500  0.970762    
 1930.8334   1.09033    
 1930.9166   1.05723    
 1931.0000   1.05887    
 1931.0834  0.949402    
 1931.1666  0.461185    
 1931.2500  0.352373    
 1931.3334  0.277866    
 1931.4166  0.910187E-02
 1931.5000 -0.135298    
 1931.5834 -0.436836    
 1931.6666  -1.09047    
 1931.7500  -1.35370    
 1931.8334  -1.21110    
 1931.9166  -1.08792    
 1932.0000  -1.07995    
 1932.0834 -0.817148    
 1932.1666 -0.374916    
 1932.2500 -0.149868    
 1932.3334 -0.546627E-01
 1932.4166 -0.153328    
 1932.5000 -0.257278    
 1932.5834 -0.585787    
 1932.6666 -0.776058    
 1932.7500 -0.690258    
 1932.8334 -0.639912    
 1932.9166 -0.873064    
 1933.0000 -0.915754    
 1933.0834  -1.03576    
 1933.1666 -0.988165    
 1933.2500 -0.944788    
 1933.3334  -1.03504    
 1933.4166  -1.36936    
 1933.5000  -1.58515    
 1933.5834  -1.78861    
 1933.6666  -1.80848    
 1933.7500  -1.99084    
 1933.8334  -2.03159    
 1933.9166  -1.91595    
 1934.0000  -1.53703    
 1934.0834  -1.25238    
 1934.1666  -1.28584    
 1934.2500  -1.14508    
 1934.3334 -0.715372    
 1934.4166 -0.481588    
 1934.5000 -0.426357    
 1934.5834 -0.560026    
 1934.6666 -0.921379    
 1934.7500 -0.692337    
 1934.8334 -0.664101    
 1934.9166 -0.617615    
 1935.0000 -0.731924    
 1935.0834 -0.697868    
 1935.1666 -0.680056    
 1935.2500 -0.967947    
 1935.3334 -0.795033    
 1935.4166 -0.702038    
 1935.5000 -0.617727    
 1935.5834 -0.510456    
 1935.6666 -0.394289    
 1935.7500 -0.342958    
 1935.8334 -0.462372    
 1935.9166 -0.582714    
 1936.0000 -0.629015    
 1936.0834 -0.553528    
 1936.1666 -0.620415    
 1936.2500 -0.416367    
 1936.3334 -0.427803    
 1936.4166 -0.576958    
 1936.5000 -0.755198    
 1936.5834 -0.699606    
 1936.6666 -0.588388    
 1936.7500 -0.668339    
 1936.8334 -0.857061    
 1936.9166 -0.940584    
 1937.0000  -1.05087    
 1937.0834 -0.585329    
 1937.1666 -0.485546    
 1937.2500 -0.704987    
 1937.3334 -0.606432    
 1937.4166 -0.445168    
 1937.5000 -0.550219    
 1937.5834 -0.348156    
 1937.6666 -0.264288    
 1937.7500 -0.301767    
 1937.8334 -0.406721    
 1937.9166 -0.592485    
 1938.0000  -1.09332    
 1938.0834  -1.30038    
 1938.1666  -1.12970    
 1938.2500  -1.35863    
 1938.3334  -1.20144    
 1938.4166  -1.69834    
 1938.5000  -2.13227    
 1938.5834  -2.12794    
 1938.6666  -1.61793    
 1938.7500  -1.37321    
 1938.8334  -1.42860    
 1938.9166  -1.54589    
 1939.0000  -1.76068    
 1939.0834  -1.65804    
 1939.1666 -0.703455    
 1939.2500 -0.491657    
 1939.3334 -0.150833    
 1939.4166 -0.246147    
 1939.5000 -0.461884E-01
 1939.5834  0.423927E-01
 1939.6666 -0.391308    
 1939.7500 -0.390358    
 1939.8334 -0.726440    
 1939.9166 -0.221495    
 1940.0000  0.713945    
 1940.0834  0.684511    
 1940.1666  0.930414    
 1940.2500  0.254032    
 1940.3334  0.394167    
 1940.4166  0.297823    
 1940.5000  0.331861    
 1940.5834  0.778774    
 1940.6666  0.643232    
 1940.7500  0.349052    
 1940.8334   1.31236    
 1940.9166   1.91572    
 1941.0000   1.83871    
 1941.0834   1.95328    
 1941.1666   1.36075    
 1941.2500  0.867393    
 1941.3334  0.915848    
 1941.4166  0.588612    
 1941.5000  0.477953    
 1941.5834  0.426123    
 1941.6666  0.302002    
 1941.7500  0.599392    
 1941.8334  0.953320    
 1941.9166   1.01875    
 1942.0000  0.466295    
 1942.0834  0.141312    
 1942.1666  0.190025    
 1942.2500  0.191673    
 1942.3334 -0.186962    
 1942.4166 -0.604458    
 1942.5000  -1.39510    
 1942.5834  -1.79313    
 1942.6666  -2.15862    
 1942.7500  -2.15795    
 1942.8334  -2.15616    
 1942.9166  -2.10402    
 1943.0000  -2.23112    
 1943.0834  -2.17798    
 1943.1666  -1.53269    
 1943.2500  -1.10362    
 1943.3334 -0.648182    
 1943.4166 -0.359898    
 1943.5000 -0.323217    
 1943.5834 -0.285807    
 1943.6666 -0.733189    
 1943.7500 -0.975948    
 1943.8334 -0.770302    
 1943.9166 -0.699154    
 1944.0000 -0.653376    
 1944.0834 -0.277739    
 1944.1666  0.222414    
 1944.2500  0.302193    
 1944.3334 -0.163326E-01
 1944.4166 -0.153198    
 1944.5000 -0.120277E-01
 1944.5834 -0.344446    
 1944.6666 -0.745449    
 1944.7500  -1.31603    
 1944.8334  -1.00767    
 1944.9166 -0.900114    
 1945.0000 -0.889135    
 1945.0834 -0.955229    
 1945.1666  -1.08363    
 1945.2500  -1.03339    
 1945.3334 -0.371742    
 1945.4166  -1.21048    
 1945.5000 -0.953398    
 1945.5834 -0.921297    
 1945.6666 -0.681988    
 1945.7500  -2.03461    
 1945.8334 -0.346951    
 1945.9166 -0.291044    
 1946.0000 -0.310434    
 1946.0834  -1.31640    
 1946.1666 -0.945316    
 1946.2500 -0.560328    
 1946.3334 -0.248703    
 1946.4166  -1.04864    
 1946.5000  -1.39516    
 1946.5834  -1.99901    
 1946.6666  -1.70713    
 1946.7500 -0.869528    
 1946.8334 -0.754242    
 1946.9166  0.354786    
 1947.0000 -0.241304    
 1947.0834 -0.168928    
 1947.1666 -0.147146    
 1947.2500 -0.216227    
 1947.3334  0.173138    
 1947.4166 -0.221888    
 1947.5000 -0.526218    
 1947.5834 -0.796816    
 1947.6666 -0.675749    
 1947.7500  -1.68079    
 1947.8334  -1.82994    
 1947.9166 -0.194645    
 1948.0000  0.210464    
 1948.0834  0.310942    
 1948.1666 -0.822065    
 1948.2500  0.821018E-01
 1948.3334  0.238478    
 1948.4166 -0.661907    
 1948.5000  -1.14872    
 1948.5834  -1.25406    
 1948.6666  -1.37986    
 1948.7500  -1.50169    
 1948.8334  -1.59166    
 1948.9166 -0.701914    
 1949.0000 -0.605644    
 1949.0834 -0.769098    
 1949.1666 -0.462255    
 1949.2500 -0.360277    
 1949.3334 -0.921904    
 1949.4166  -1.18865    
 1949.5000  -1.05402    
 1949.5834 -0.883926    
 1949.6666 -0.890108    
 1949.7500  -1.20665    
 1949.8334  -1.61192    
 1949.9166  -2.04311    
 1950.0000  -2.00122    
 1950.0834  -1.68307    
 1950.1666  -1.36768    
 1950.2500  -1.43193    
 1950.3334  -1.62980    
 1950.4166  -1.13048    
 1950.5000 -0.893108    
 1950.5834 -0.950937    
 1950.6666 -0.987148    
 1950.7500 -0.981628    
 1950.8334  -1.15736    
 1950.9166  -1.27431    
 1951.0000  -1.31310    
 1951.0834  -1.03293    
 1951.1666 -0.335026    
 1951.2500 -0.124958    
 1951.3334  0.110117    
 1951.4166  0.136803    
 1951.5000  0.416132    
 1951.5834  0.186644    
 1951.6666  0.502842    
 1951.7500  0.530962    
 1951.8334  0.626348    
 1951.9166  0.349525    
 1952.0000  0.118114    
 1952.0834  0.212097E-02
 1952.1666 -0.598164E-01
 1952.2500  0.940018E-01
 1952.3334 -0.169220E-01
 1952.4166 -0.408598    
 1952.5000 -0.648977    
 1952.5834 -0.535276    
 1952.6666 -0.369518    
 1952.7500 -0.413668    
 1952.8334 -0.709761    
 1952.9166 -0.351915    
 1953.0000  0.189875    
 1953.0834  0.254782    
 1953.1666  0.336044    
 1953.2500  0.326382    
 1953.3334  0.471727    
 1953.4166  0.527792    
 1953.5000  0.251072    
 1953.5834  0.106243    
 1953.6666  0.283802    
 1953.7500  0.199732    
 1953.8334  0.253328    
 1953.9166  0.443596    
 1954.0000  0.425144    
 1954.0834  0.286592    
 1954.1666 -0.332546    
 1954.2500  -1.06403    
 1954.3334 -0.690933    
 1954.4166 -0.794168    
 1954.5000  -1.06715    
 1954.5834  -1.40865    
 1954.6666  -1.61028    
 1954.7500  -1.44158    
 1954.8334  -1.05601    
 1954.9166  -1.29665    
 1955.0000 -0.937115    
 1955.0834 -0.936569    
 1955.1666  -1.01405    
 1955.2500  -1.10861    
 1955.3334  -1.15415    
 1955.4166  -1.04482    
 1955.5000  -1.03112    
 1955.5834  -1.32505    
 1955.6666  -1.44304    
 1955.7500  -2.26196    
 1955.8334  -2.37525    
 1955.9166  -1.99425    
 1956.0000  -1.21162    
 1956.0834 -0.979239    
 1956.1666 -0.779375    
 1956.2500 -0.862007    
 1956.3334 -0.680674    
 1956.4166 -0.783169    
 1956.5000 -0.948769    
 1956.5834  -1.15352    
 1956.6666 -0.993338    
 1956.7500 -0.924997    
 1956.8334  -1.06804    
 1956.9166 -0.854704    
 1957.0000 -0.515205    
 1957.0834 -0.206549    
 1957.1666  0.223665    
 1957.2500  0.522383    
 1957.3334  0.739567    
 1957.4166  0.770432    
 1957.5000  0.987232    
 1957.5834  0.858574    
 1957.6666  0.708792    
 1957.7500  0.741571    
 1957.8334  0.992298    
 1957.9166   1.33683    
 1958.0000   1.77531    
 1958.0834   1.49950    
 1958.1666   1.03108    
 1958.2500  0.564922    
 1958.3334  0.498007    
 1958.4166  0.394901    
 1958.5000  0.140652    
 1958.5834  0.140934E-01
 1958.6666 -0.326998    
 1958.7500 -0.225899    
 1958.8334  0.127039    
 1958.9166  0.538559E-01
 1959.0000  0.521114    
 1959.0834  0.438892    
 1959.1666  0.238104    
 1959.2500  0.170713    
 1959.3334 -0.111242    
 1959.4166 -0.217928    
 1959.5000 -0.742409    
 1959.5834 -0.744156    
 1959.6666 -0.805689    
 1959.7500 -0.434118    
 1959.8334 -0.584730    
 1959.9166 -0.378845    
 1960.0000 -0.285475    
 1960.0834 -0.453598    
 1960.1666 -0.252035    
 1960.2500 -0.224377    
 1960.3334 -0.129013    
 1960.4166 -0.353989    
 1960.5000 -0.296398    
 1960.5834 -0.133566    
 1960.6666 -0.289719    
 1960.7500 -0.449099    
 1960.8334 -0.371262    
 1960.9166 -0.338295    
 1961.0000 -0.316826    
 1961.0834 -0.185169    
 1961.1666 -0.299345    
 1961.2500 -0.348398    
 1961.3334 -0.579319E-01
 1961.4166  0.743523E-01
 1961.5000 -0.292889    
 1961.5834 -0.645626    
 1961.6666 -0.945879    
 1961.7500 -0.963457    
 1961.8334 -0.558830    
 1961.9166 -0.588144    
 1962.0000 -0.592726    
 1962.0834 -0.556358    
 1962.1666 -0.434895    
 1962.2500 -0.581827    
 1962.3334 -0.764482    
 1962.4166 -0.511547    
 1962.5000 -0.415937    
 1962.5834 -0.506506    
 1962.6666 -0.790339    
 1962.7500 -0.706808    
 1962.8334 -0.872902    
 1962.9166 -0.890205    
 1963.0000 -0.783464    
 1963.0834 -0.516598    
 1963.1666 -0.551949E-01
 1963.2500  0.747032E-01
 1963.3334 -0.178482    
 1963.4166  0.245228E-01
 1963.5000  0.602543    
 1963.5834  0.643543    
 1963.6666  0.671291    
 1963.7500  0.683903    
 1963.8334  0.841068    
 1963.9166   1.05946    
 1964.0000  0.786165    
 1964.0834  0.391912    
 1964.1666 -0.214615    
 1964.2500 -0.760477    
 1964.3334 -0.993563    
 1964.4166  -1.00586    
 1964.5000 -0.843517    
 1964.5834  -1.23881    
 1964.6666  -1.40627    
 1964.7500  -1.30513    
 1964.8334  -1.36763    
 1964.9166  -1.33587    
 1965.0000 -0.895334    
 1965.0834 -0.548769    
 1965.1666 -0.289776    
 1965.2500 -0.327747    
 1965.3334  0.182938    
 1965.4166  0.499062    
 1965.5000  0.723822    
 1965.5834   1.13853    
 1965.6666   1.28386    
 1965.7500   1.49238    
 1965.8334   1.49003    
 1965.9166   1.39468    
 1966.0000   1.11538    
 1966.0834  0.806732    
 1966.1666  0.980574    
 1966.2500  0.454632    
 1966.3334 -0.258642    
 1966.4166  0.509624E-01
 1966.5000  0.150183    
 1966.5834 -0.349756    
 1966.6666 -0.453268    
 1966.7500 -0.452158    
 1966.8334 -0.396761    
 1966.9166 -0.535015    
 1967.0000 -0.673084    
 1967.0834 -0.630098    
 1967.1666 -0.733925    
 1967.2500 -0.973957    
 1967.3334 -0.464773    
 1967.4166 -0.124208    
 1967.5000 -0.211147    
 1967.5834 -0.395767    
 1967.6666 -0.867308    
 1967.7500 -0.699968    
 1967.8334 -0.547081    
 1967.9166 -0.612394    
 1968.0000 -0.862656    
 1968.0834  -1.05630    
 1968.1666 -0.900375    
 1968.2500 -0.613207    
 1968.3334 -0.622723    
 1968.4166  0.285692    
 1968.5000  0.397552    
 1968.5834  0.177053    
 1968.6666 -0.246811E-02
 1968.7500  0.786514E-01
 1968.8334  0.576229    
 1968.9166  0.705416    
 1969.0000  0.944046    
 1969.0834   1.11643    
 1969.1666  0.587084    
 1969.2500  0.422352    
 1969.3334  0.474957    
 1969.4166  0.976219E-01
 1969.5000 -0.993080E-01
 1969.5834  0.181753    
 1969.6666  0.423542    
 1969.7500  0.666382    
 1969.8334  0.476849    
 1969.9166  0.414236    
 1970.0000  0.273685    
 1970.0834  0.208162    
 1970.1666 -0.960255E-01
 1970.2500  0.303726E-01
 1970.3334 -0.179213    
 1970.4166 -0.554777    
 1970.5000 -0.970417    
 1970.5834  -1.23597    
 1970.6666  -1.08126    
 1970.7500  -1.07545    
 1970.8334  -1.05348    
 1970.9166  -1.29082    
 1971.0000  -1.73743    
 1971.0834  -1.55766    
 1971.1666  -1.31242    
 1971.2500  -1.07501    
 1971.3334 -0.856512    
 1971.4166 -0.992088    
 1971.5000  -1.05171    
 1971.5834  -1.08192    
 1971.6666  -1.00721    
 1971.7500  -1.20071    
 1971.8334  -1.07082    
 1971.9166  -1.19350    
 1972.0000 -0.930895    
 1972.0834 -0.438559    
 1972.1666 -0.145515    
 1972.2500  0.183052    
 1972.3334  0.504738    
 1972.4166  0.590782    
 1972.5000  0.960302    
 1972.5834   1.11289    
 1972.6666   1.22091    
 1972.7500   1.58826    
 1972.8334   1.97819    
 1972.9166   2.12797    
 1973.0000   1.78790    
 1973.0834   1.21064    
 1973.1666  0.315105    
 1973.2500 -0.468498    
 1973.3334 -0.848543    
 1973.4166  -1.04394    
 1973.5000  -1.42120    
 1973.5834  -1.61061    
 1973.6666  -1.66445    
 1973.7500  -1.94165    
 1973.8334  -2.29682    
 1973.9166  -2.22744    
 1974.0000  -2.09514    
 1974.0834  -1.64600    
 1974.1666  -1.39690    
 1974.2500  -1.24695    
 1974.3334  -1.17225    
 1974.4166  -1.06416    
 1974.5000 -0.784927    
 1974.5834 -0.503717    
 1974.6666 -0.650009    
 1974.7500 -0.896818    
 1974.8334  -1.01829    
 1974.9166 -0.935575    
 1975.0000 -0.458765    
 1975.0834 -0.672199    
 1975.1666  -1.04641    
 1975.2500 -0.851517    
 1975.3334  -1.01308    
 1975.4166  -1.36132    
 1975.5000  -1.27716    
 1975.5834  -1.50218    
 1975.6666  -1.67265    
 1975.7500  -1.78798    
 1975.8334  -1.58068    
 1975.9166  -1.89092    
 1976.0000  -2.01324    
 1976.0834  -1.25407    
 1976.1666 -0.775665    
 1976.2500 -0.825298    
 1976.3334 -0.613182    
 1976.4166 -0.244038    
 1976.5000 -0.504780E-01
 1976.5834  0.143913    
 1976.6666  0.293262    
 1976.7500  0.791391    
 1976.8334  0.786980    
 1976.9166  0.529116    
 1977.0000  0.771935    
 1977.0834  0.384821    
 1977.1666  0.237625    
 1977.2500 -0.270367    
 1977.3334 -0.905628E-01
 1977.4166  0.147432    
 1977.5000  0.201221    
 1977.5834  0.139236E-01
 1977.6666  0.393562    
 1977.7500  0.671223    
 1977.8334  0.559669    
 1977.9166  0.732426    
 1978.0000  0.613775    
 1978.0834  0.261122    
 1978.1666 -0.146875    
 1978.2500 -0.592268    
 1978.3334 -0.613073    
 1978.4166 -0.570889    
 1978.5000 -0.437588    
 1978.5834 -0.766056    
 1978.6666 -0.715208    
 1978.7500 -0.421059    
 1978.8334 -0.301781    
 1978.9166 -0.223255E-01
 1979.0000 -0.141544    
 1979.0834 -0.211418    
 1979.1666  0.310345E-01
 1979.2500  0.125402    
 1979.3334 -0.124943    
 1979.4166 -0.157907    
 1979.5000 -0.357557    
 1979.5834 -0.808468E-01
 1979.6666  0.267181    
 1979.7500  0.157803    
 1979.8334  0.362268    
 1979.9166  0.552885    
 1980.0000  0.531645    
 1980.0834  0.226852    
 1980.1666  0.755939E-01
 1980.2500  0.434628E-01
 1980.3334  0.201077    
 1980.4166  0.347563    
 1980.5000  0.535412E-01
 1980.5834 -0.357607    
 1980.6666 -0.286058    
 1980.7500 -0.212189    
 1980.8334 -0.255508E-01
 1980.9166  0.834045E-01
 1981.0000 -0.367504    
 1981.0834 -0.628769    
 1981.1666 -0.591555    
 1981.2500 -0.418617    
 1981.3334 -0.451252    
 1981.4166 -0.324348    
 1981.5000 -0.527618    
 1981.5834 -0.506367    
 1981.6666 -0.199858    
 1981.7500 -0.254648    
 1981.8334 -0.335232    
 1981.9166 -0.164385    
 1982.0000  0.120556    
 1982.0834 -0.156288    
 1982.1666  0.179125    
 1982.2500  0.319073    
 1982.3334  0.574417    
 1982.4166  0.666502    
 1982.5000  0.484383    
 1982.5834  0.746723    
 1982.6666   1.48447    
 1982.7500   2.03276    
 1982.8334   1.99432    
 1982.9166   2.23693    
 1983.0000   2.33928    
 1983.0834   1.94783    
 1983.1666   1.42810    
 1983.2500   1.05958    
 1983.3334   1.02520    
 1983.4166  0.678562    
 1983.5000  0.395203E-02
 1983.5834 -0.247427    
 1983.6666 -0.530989    
 1983.7500  -1.11337    
 1983.8334  -1.21599    
 1983.9166 -0.991465    
 1984.0000 -0.676334    
 1984.0834 -0.177759    
 1984.1666 -0.467295    
 1984.2500 -0.572548    
 1984.3334 -0.610453    
 1984.4166 -0.762398    
 1984.5000 -0.388718    
 1984.5834 -0.222387    
 1984.6666 -0.345829    
 1984.7500 -0.630919    
 1984.8334  -1.11120    
 1984.9166  -1.30754    
 1985.0000  -1.17048    
 1985.0834 -0.713968    
 1985.1666 -0.737875    
 1985.2500  -1.06621    
 1985.3334 -0.907682    
 1985.4166 -0.777508    
 1985.5000 -0.622778    
 1985.5834 -0.536427    
 1985.6666 -0.710228    
 1985.7500 -0.444517    
 1985.8334 -0.297121    
 1985.9166 -0.368404    
 1986.0000 -0.666414    
 1986.0834 -0.695189    
 1986.1666 -0.367895    
 1986.2500 -0.222998    
 1986.3334 -0.407543    
 1986.4166 -0.169369    
 1986.5000 -0.226974E-03
 1986.5834  0.339174    
 1986.6666  0.517811    
 1986.7500  0.852463    
 1986.8334   1.08521    
 1986.9166   1.15895    
 1987.0000   1.12991    
 1987.0834   1.14282    
 1987.1666   1.03145    
 1987.2500  0.684683    
 1987.3334  0.744778    
 1987.4166   1.05521    
 1987.5000   1.40855    
 1987.5834   1.58740    
 1987.6666   1.63802    
 1987.7500   1.28243    
 1987.8334   1.14595    
 1987.9166  0.976816    
 1988.0000  0.896946    
 1988.0834  0.287731    
 1988.1666  0.146324    
 1988.2500 -0.331837    
 1988.3334  -1.13098    
 1988.4166  -1.60475    
 1988.5000  -1.62094    
 1988.5834  -1.17066    
 1988.6666  -1.00829    
 1988.7500  -1.85233    
 1988.8334  -1.97429    
 1988.9166  -1.92661    
 1989.0000  -1.97498    
 1989.0834  -1.46169    
 1989.1666  -1.15701    
 1989.2500 -0.967697    
 1989.3334 -0.753063    
 1989.4166 -0.449768    
 1989.5000 -0.458418    
 1989.5834 -0.505777    
 1989.6666 -0.310429    
 1989.7500 -0.357618    
 1989.8334 -0.374460    
 1989.9166 -0.980339E-01
 1990.0000  0.485420E-02
 1990.0834  0.218882    
 1990.1666  0.923347E-01
 1990.2500  0.188753    
 1990.3334  0.205868    
 1990.4166  0.529118E-01
 1990.5000  0.203682    
 1990.5834  0.240114    
 1990.6666  0.208202    
 1990.7500  0.258121    
 1990.8334  0.178339    
 1990.9166  0.392185    
 1991.0000  0.481365    
 1991.0834  0.325272    
 1991.1666  0.827351E-01
 1991.2500  0.299353    
 1991.3334  0.386057    
 1991.4166  0.654013    
 1991.5000  0.875141    
 1991.5834  0.698193    
 1991.6666  0.413452    
 1991.7500  0.903482    
 1991.8334   1.27099    
 1991.9166   1.72561    
 1992.0000   1.82766    
 1992.0834   1.78673    
 1992.1666   1.42970    
 1992.2500   1.31137    
 1992.3334   1.16475    
 1992.4166  0.712011    
 1992.5000  0.335161    
 1992.5834  0.739326E-01
 1992.6666 -0.726376E-01
 1992.7500 -0.254309    
 1992.8334 -0.207472    
 1992.9166 -0.117065    
 1993.0000  0.137165    
 1993.0834  0.422302    
 1993.1666  0.436625    
 1993.2500  0.698442    
 1993.3334  0.899616    
 1993.4166  0.489342    
 1993.5000  0.339983    
 1993.5834  0.151373    
 1993.6666  0.344612    
 1993.7500  0.998821E-01
 1993.8334  0.790997E-01
 1993.9166  0.198256    
 1994.0000  0.879955E-01
 1994.0834  0.703716E-01
 1994.1666  0.154205    
 1994.2500  0.370073    
 1994.3334  0.427887    
 1994.4166  0.451132    
 1994.5000  0.359013    
 1994.5834  0.549164    
 1994.6666  0.468771    
 1994.7500  0.796812    
 1994.8334   1.18511    
 1994.9166   1.29136    
 1995.0000   1.01650    
 1995.0834  0.743862    
 1995.1666  0.512905    
 1995.2500  0.391083    
 1995.3334  0.915718E-02
 1995.4166 -0.585747E-02
 1995.5000 -0.983372E-01
 1995.5834 -0.605347    
 1995.6666 -0.844667    
 1995.7500 -0.833427    
 1995.8334  -1.02796    
 1995.9166 -0.908365    
 1996.0000 -0.864664    
 1996.0834 -0.854389    
 1996.1666 -0.564615    
 1996.2500 -0.358557    
 1996.3334 -0.257603    
 1996.4166 -0.301277    
 1996.5000 -0.326057    
 1996.5834 -0.195946    
 1996.6666 -0.456888    
 1996.7500 -0.399979    
 1996.8334 -0.337452    
 1996.9166 -0.607704    
 1997.0000 -0.538136    
 1997.0834 -0.362469    
 1997.1666 -0.197376    
 1997.2500  0.269663    
 1997.3334  0.765917    
 1997.4166   1.22878    
 1997.5000   1.67656    
 1997.5834   1.91340    
 1997.6666   2.12180    
 1997.7500   2.40827    
 1997.8334   2.48874    
 1997.9166   2.32570    
 1998.0000   2.37403    
 1998.0834   2.03733    
 1998.1666   1.38535    
 1998.2500  0.889812    
 1998.3334  0.696877    
 1998.4166 -0.256107    
 1998.5000 -0.875917    
 1998.5834  -1.26384    
 1998.6666  -1.26610    
 1998.7500  -1.42003    
 1998.8334  -1.38833    
 1998.9166  -1.65032    
 1999.0000  -1.69634    
 1999.0834  -1.31113    
 1999.1666 -0.905066    
 1999.2500  -1.00552    
 1999.3334  -1.02313    
 1999.4166  -1.05693    
 1999.5000  -1.05237    
 1999.5834  -1.19988    
 1999.6666  -1.09560    
 1999.7500  -1.19127    
 1999.8334  -1.50851    
 1999.9166  -1.70230    
 2000.0000  -1.77357    
 2000.0834  -1.53558    
 2000.1666 -0.935646    
 2000.2500 -0.759497    
 2000.3334 -0.741753    
 2000.4166 -0.648937    
 2000.5000 -0.553297    
 2000.5834 -0.466566    
 2000.6666 -0.526768    
 2000.7500 -0.654537    
 2000.8334 -0.711901    
 2000.9166 -0.882124    
 2001.0000 -0.736996    
 2001.0834 -0.622028    
 2001.1666 -0.433655    
 2001.2500 -0.383278    
 2001.3334 -0.212532    
 2001.4166 -0.539970E-01
 2001.5000  0.730515E-01
 2001.5834 -0.320473E-01
 2001.6666 -0.210129    
 2001.7500 -0.101748    
 2001.8334 -0.294811    
 2001.9166 -0.374254    
 2002.0000 -0.161976    
 2002.0834 -0.341778E-01
 2002.1666  0.549545E-01
 2002.2500  0.129782    
 2002.3334  0.428307    
 2002.4166  0.851791    
 2002.5000  0.856152    
 2002.5834  0.888334    
 2002.6666   1.08431    
 2002.7500   1.28982    
 2002.8334   1.54229    
 2002.9166   1.41141    
 2003.0000  0.595076    
 2003.0834  0.652163    
 2003.1666  0.411564    
 2003.2500 -0.298080E-01
 2003.3334 -0.490713    
 2003.4166 -0.151339    
 2003.5000  0.320152    
 2003.5834  0.276443    
 2003.6666  0.261562    
 2003.7500  0.467373    
 2003.8334  0.408049    
 2003.9166  0.467485    
 2004.0000  0.261126    
 2004.0834  0.243322    
 2004.1666  0.167135    
 2004.2500  0.180082    
 2004.3334  0.185038    
 2004.4166  0.269732    
 2004.5000  0.600792    
 2004.5834  0.781433    
 2004.6666  0.802752    
 2004.7500  0.768482    
 2004.8334  0.732189    
 2004.9166  0.777306    
 2005.0000  0.655085    
 2005.0834  0.369482    
 2005.1666  0.494165    
 2005.2500  0.369362    
 2005.3334  0.424828    
 2005.4166  0.177732    
 2005.5000 -0.117477    
 2005.5834 -0.322666E-01
 2005.6666 -0.443287E-01
 2005.7500 -0.217476E-01
 2005.8334 -0.514341    
 2005.9166 -0.886024    
 2006.0000 -0.920506    
 2006.0834 -0.664248    
 2006.1666 -0.663656    
 2006.2500 -0.207527    
 2006.3334  0.350571E-01
 2006.4166  0.139502    
 2006.5000  0.121733    
 2006.5834  0.328844    
 2006.6666  0.588911    
 2006.7500  0.740232    
 2006.8334   1.06371    
 2006.9166   1.17570    
 2007.0000  0.689045    
 2007.0834  0.137423    
 2007.1666 -0.131096    
 2007.2500 -0.208357    
 2007.3334 -0.349352    
 2007.4166 -0.218498    
 2007.5000 -0.471949    
 2007.5834 -0.696726    
 2007.6666  -1.12163    
 2007.7500  -1.34981    
 2007.8334  -1.46042    
 2007.9166  -1.54708    
 2008.0000  -1.68929    
 2008.0834  -1.65664    
 2008.1666  -1.15987    
 2008.2500 -0.883057    
 2008.3334 -0.722023    
 2008.4166 -0.547138    
 2008.5000 -0.184889    
 2008.5834 -0.110346    
 2008.6666 -0.259968    
 2008.7500 -0.307947    
 2008.8334 -0.382641    
 2008.9166 -0.821045    
 2009.0000 -0.896145    
 2009.0834 -0.779598    
 2009.1666 -0.645555    
 2009.2500 -0.240757    
 2009.3334  0.178818    
 2009.4166  0.448711    
 2009.5000  0.595953    
 2009.5834  0.581314    
 2009.6666  0.672361    
 2009.7500  0.930132    
 2009.8334   1.53275    
 2009.9166   1.78059    
 2010.0000   1.51673    
 2010.0834   1.26840    
 2010.1666  0.951435    
 2010.2500  0.495182    
 2010.3334 -0.944729E-01
 2010.4166 -0.547607    
 2010.5000 -0.955158    
 2010.5834  -1.36383    
 2010.6666  -1.60269    
 2010.7500  -1.64207    
 2010.8334  -1.56466    
 2010.9166  -1.56561    
 2011.0000  -1.54535    
 2011.0834  -1.09471    
 2011.1666 -0.870686    
 2011.2500 -0.654016    
 2011.3334 -0.396162    
 2011.4166 -0.237888    
 2011.5000 -0.307127    
 2011.5834 -0.621058    
 2011.6666 -0.805548    
 2011.7500  -1.00232    
 2011.8334  -1.10718    
 2011.9166  -1.02182    
 2012.0000 -0.876394    
 2012.0834 -0.669029    
 2012.1666 -0.570116    
 2012.2500 -0.396038    
 2012.3334 -0.203053    
 2012.4166  0.155262    
 2012.5000  0.358212    
 2012.5834  0.485003    
 2012.6666  0.372272    
 2012.7500  0.305162    
 2012.8334  0.228588    
 2012.9166 -0.221735    
 2013.0000 -0.531324    
 2013.0834 -0.507179    
 2013.1666 -0.204546    
 2013.2500 -0.139547    
 2013.3334 -0.272863    
 2013.4166 -0.287638    
 2013.5000 -0.273998    
 2013.5834 -0.357967    
 2013.6666 -0.185459    
 2013.7500 -0.156898    
 2013.8334 -0.685005E-01
 2013.9166 -0.128464    
 2014.0000 -0.516535    
 2014.0834 -0.620968    
 2014.1666 -0.241465    
 2014.2500  0.182442    
 2014.3334  0.426867    
 2014.4166  0.349812    
 2014.5000  0.353813E-01
 2014.5834 -0.216961E-01
 2014.6666  0.267792    
 2014.7500  0.471422    
 2014.8334  0.815510    
 2014.9166  0.738255    
 2015.0000  0.501656    
 2015.0834  0.441893    
 2015.1666  0.528774    
 2015.2500  0.806522    
 2015.3334   1.04110    
 2015.4166   1.31492    
 2015.5000   1.56872    
 2015.5834   1.94591    
 2015.6666   2.19406    
 2015.7500   2.40529    
 2015.8334   2.79550    
 2015.9166   2.70041    
 2016.0000   2.57079    
 2016.0834   2.27304    
 2016.1666   1.67834    
 2016.2500   1.02171    
 2016.3334  0.437677    
 2016.4166  0.116701    
 2016.5000 -0.354479    
 2016.5834 -0.546076    
 2016.6666 -0.571928    
 2016.7500 -0.684177    
 2016.8334 -0.674122    
 2016.9166 -0.457914    
 2017.0000 -0.436535    
 2017.0834 -0.780392E-01
 2017.1666  0.830441E-01
 2017.2500  0.314852    
 2017.3334  0.480278    
 2017.4166  0.472921    
 2017.5000  0.375692    
 2017.5834 -0.130947    
 2017.6666 -0.438858    
 2017.7500 -0.522247    
 2017.8334 -0.890310    
 2017.9166 -0.957474    
 2018.0000 -0.981255    
 2018.0834 -0.769178    
 2018.1666 -0.752066    
 2018.2500 -0.398977    
 2018.3334 -0.731220E-01
 2018.4166  0.194681    
 2018.5000  0.256681    
 2018.5834  0.131023    
 2018.6666  0.476612    
 2018.7500  0.957851    
 2018.8334  0.996609    
 2018.9166  0.933605    
 2019.0000  0.651125    
 2019.0834  0.734322    
 2019.1666  0.867725    
 2019.2500  0.740112    
 2019.3334  0.685347    
 2019.4166  0.595612    
 2019.5000  0.477673    
 2019.5834  0.734425E-01
 2019.6666  0.355816E-01
 2019.7500  0.540071    
 2019.8334  0.609558    
 2019.9166  0.563965    
 2020.0000  0.603004    
 2020.0834  0.382841    
 2020.1666  0.534595    
 2020.2500  0.478073    
 2020.3334 -0.147173    
 2020.4166 -0.195337    
 2020.5000 -0.179398    
 2020.5834 -0.562086    
 2020.6666 -0.828989    
 2020.7500  -1.20058    
 2020.8334  -1.33699    
 2020.9166  -1.10906    
 2021.0000  -1.00882    
 2021.0834 -0.994118    
 2021.1666 -0.752075    
 2021.2500 -0.611137    
 2021.3334 -0.339434    
 2021.4166 -0.144049    
 2021.5000 -0.278038    
 2021.5834 -0.516626    
 2021.6666 -0.563969    
 2021.7500 -0.902779    
 2021.8334 -0.872471    
 2021.9166  -1.02754    
 2022.0000 -0.955315    
 2022.0834 -0.883698    
 2022.1666 -0.930796    
 2022.2500  -1.01204    
 2022.3334 -0.995872    
 2022.4166 -0.618778    
 2022.5000 -0.585499    
 2022.5834 -0.959076    
 2022.6666  -1.08328    
 2022.7500 -0.948269    
 2022.8334 -0.829931    
 2022.9166 -0.817345    
 2023.0000 -0.726324    
 2023.0834 -0.450369    
 2023.1666 -0.602245E-01
 2023.2500  0.247623    
 2023.3334  0.583828    
 2023.4166  0.973433    
 2023.5000   1.13686    
 2023.5834   1.37003    
 2023.6666   1.58803    
 2023.7500   1.76164    
 2023.8334   2.09929    
 2023.9166   2.06460    
 2024.0000   1.81005    
 2024.0834   1.52964    
 2024.1666   1.17858    
 2024.2500  0.886532    
 2024.3334  0.354076  
