1889	680
1889.083333	610
1889.166667	420
1889.25	380
1889.333333	340
1889.416667	400
1889.5	450
1889.583333	800
1889.666667	600
1889.75	420
1889.833333	740
1889.916667	900
1890	800
1890.083333	560
1890.166667	530
1890.25	360
1890.333333	260
1890.416667	610
1890.5	820
1890.583333	670
1890.666667	650
1890.75	690
1890.833333	530
1890.916667	540
1891	560
1891.083333	740
1891.166667	600
1891.25	270
1891.333333	430
1891.416667	430
1891.5	520
1891.583333	520
1891.666667	660
1891.75	590
1891.833333	510
1891.916667	700
1892	500
1892.083333	540
1892.166667	240
1892.25	420
1892.333333	590
1892.416667	560
1892.5	660
1892.583333	660
1892.666667	790
1892.75	500
1892.833333	590
1892.916667	520
1893	600
1893.083333	720
1893.166667	780
1893.25	720
1893.333333	580
1893.416667	570
1893.5	530
1893.583333	610
1893.666667	840
1893.75	820
1893.833333	900
1893.916667	890
1894	670
1894.083333	960
1894.166667	710
1894.25	300
1894.333333	370
1894.416667	350
1894.5	590
1894.583333	730
1894.666667	490
1894.75	370
1894.833333	700
1894.916667	790
1895	440
1895.083333	180
1895.166667	410
1895.25	550
1895.333333	380
1895.416667	480
1895.5	660
1895.583333	600
1895.666667	790
1895.75	680
1895.833333	800
1895.916667	640
1896	740
1896.083333	860
1896.166667	630
1896.25	640
1896.333333	600
1896.416667	580
1896.5	760
1896.583333	650
1896.666667	610
1896.75	780
1896.833333	640
1896.916667	440
1897	420
1897.083333	570
1897.166667	470
1897.25	530
1897.333333	550
1897.416667	590
1897.5	740
1897.583333	630
1897.666667	880
1897.75	760
1897.833333	640
1897.916667	760
1898	970
1898.083333	910
1898.166667	600
1898.25	460
1898.333333	510
1898.416667	590
1898.5	830
1898.583333	850
1898.666667	690
1898.75	540
1898.833333	750
1898.916667	1060
1899	1070
1899.083333	950
1899.166667	810
1899.25	830
1899.333333	620
1899.416667	530
1899.5	650
1899.583333	680
1899.666667	680
1899.75	950
1899.833333	1030
1899.916667	740
1900	500
1900.083333	410
1900.166667	490
1900.25	440
1900.333333	620
1900.416667	500
1900.5	690
1900.583333	710
1900.666667	690
1900.75	890
1900.833333	700
1900.916667	680
1901	630
1901.083333	640
1901.166667	490
1901.25	540
1901.333333	320
1901.416667	580
1901.5	520
1901.583333	570
1901.666667	450
1901.75	630
1901.833333	550
1901.916667	570
1902	860
1902.083333	650
1902.166667	420
1902.25	320
1902.333333	400
1902.416667	440
1902.5	680
1902.583333	760
1902.666667	690
1902.75	550
1902.833333	650
1902.916667	620
1903	740
1903.083333	1080
1903.166667	990
1903.25	830
1903.333333	570
1903.416667	540
1903.5	660
1903.583333	900
1903.666667	870
1903.75	560
1903.833333	780
1903.916667	690
1904	720
1904.083333	350
1904.166667	330
1904.25	470
1904.333333	570
1904.416667	560
1904.5	710
1904.583333	690
1904.666667	520
1904.75	670
1904.833333	720
1904.916667	810
1905	820
1905.083333	910
1905.166667	410
1905.25	440
1905.333333	550
1905.416667	430
1905.5	610
1905.583333	650
1905.666667	700
1905.75	560
1905.833333	520
1905.916667	860
1906	790
1906.083333	790
1906.166667	710
1906.25	570
1906.333333	350
1906.416667	530
1906.5	650
1906.583333	630
1906.666667	560
1906.75	580
1906.833333	400
1906.916667	800
1907	660
1907.083333	640
1907.166667	730
1907.25	420
1907.333333	480
1907.416667	510
1907.5	570
1907.583333	840
1907.666667	920
1907.75	520
1907.833333	490
1907.916667	360
1908	550
1908.083333	760
1908.166667	340
1908.25	250
1908.333333	460
1908.416667	480
1908.5	430
1908.583333	550
1908.666667	660
1908.75	540
1908.833333	420
1908.916667	630
1909	810
1909.083333	510
1909.166667	270
1909.25	250
1909.333333	430
1909.416667	520
1909.5	650
1909.583333	790
1909.666667	640
1909.75	750
1909.833333	580
1909.916667	680
1910	870
1910.083333	820
1910.166667	530
1910.25	490
1910.333333	460
1910.416667	450
1910.5	530
1910.583333	430
1910.666667	480
1910.75	600
1910.833333	480
1910.916667	410
1911	700
1911.083333	630
1911.166667	640
1911.25	440
1911.333333	420
1911.416667	430
1911.5	660
1911.583333	480
1911.666667	700
1911.75	540
1911.833333	810
1911.916667	520
1912	590
1912.083333	490
1912.166667	500
1912.25	590
1912.333333	440
1912.416667	590
1912.5	460
1912.583333	510
1912.666667	590
1912.75	480
1912.833333	720
1912.916667	880
1913	644
1913.083333	603
1913.166667	851
1913.25	489
1913.333333	391
1913.416667	577
1913.5	539
1913.583333	606
1913.666667	373
1913.75	393
1913.833333	801
1913.916667	1002
1914	733
1914.083333	833
1914.166667	494
1914.25	486
1914.333333	623
1914.416667	522
1914.5	481
1914.583333	450
1914.666667	524
1914.75	555
1914.833333	472
1914.916667	801
1915	360
1915.083333	357
1915.166667	363
1915.25	542
1915.333333	478
1915.416667	531
1915.5	568
1915.583333	554
1915.666667	417
1915.75	201
1915.833333	263
1915.916667	350
1916	658
1916.083333	604
1916.166667	140
1916.25	333
1916.333333	273
1916.416667	370
1916.5	465
1916.583333	449
1916.666667	527
1916.75	580
1916.833333	567
1916.916667	432
1917	386
1917.083333	327
1917.166667	192
1917.25	396
1917.333333	404
1917.416667	405
1917.5	357
1917.583333	360
1917.666667	638
1917.75	871
1917.833333	705
1917.916667	866
1918	658
1918.083333	529
1918.166667	329
1918.25	182
1918.333333	126
1918.416667	533
1918.5	511
1918.583333	455
1918.666667	779
1918.75	745
1918.833333	638
1918.916667	466
1919	398
1919.083333	276
1919.166667	279
1919.25	430
1919.333333	228
1919.416667	472
1919.5	522
1919.583333	725
1919.666667	806
1919.75	575
1919.833333	295
1919.916667	497
1920	721
1920.083333	683
1920.166667	752
1920.25	417
1920.333333	576
1920.416667	424
1920.5	605
1920.583333	598
1920.666667	516
1920.75	211
1920.833333	594
1920.916667	333
1921	640
1921.083333	534
1921.166667	656
1921.25	507
1921.333333	427
1921.416667	524
1921.5	593
1921.583333	700
1921.666667	654
1921.75	620
1921.833333	567
1921.916667	708
1922	708
1922.083333	708
1922.166667	708
1922.25	708
1922.333333	708
1922.416667	549
1922.5	526
1922.583333	575
1922.666667	490
1922.75	290
1922.833333	603
1922.916667	709
1923	772
1923.083333	509
1923.166667	61
1923.25	25
1923.333333	451
1923.416667	659
1923.5	609
1923.583333	649
1923.666667	703
1923.75	760
1923.833333	754
1923.916667	637
1924	637
1924.083333	637
1924.166667	637
1924.25	637
1924.333333	379
1924.416667	369
1924.5	596
1924.583333	487
1924.666667	618
1924.75	502
1924.833333	567
1924.916667	717
1925	989
1925.083333	850
1925.166667	265
1925.25	332
1925.333333	239
1925.416667	433
1925.5	389
1925.583333	429
1925.666667	636
1925.75	605
1925.833333	459
1925.916667	499
1926	418
1926.083333	231
1926.166667	528
1926.25	322
1926.333333	217
1926.416667	326
1926.5	391
1926.583333	511
1926.666667	672
1926.75	455
1926.833333	527
1926.916667	520
1927	643
1927.083333	435
1927.166667	292
1927.25	461
1927.333333	466
1927.416667	589
1927.5	373
1927.583333	416
1927.666667	513
1927.75	608
1927.833333	554
1927.916667	175
1928	449
1928.083333	556
1928.166667	104
1928.25	159
1928.333333	129
1928.416667	448
1928.5	773
1928.583333	559
1928.666667	536
1928.75	490
1928.833333	490
1928.916667	613
1929	252
1929.083333	29
1929.166667	249
1929.25	232
1929.333333	303
1929.416667	447
1929.5	523
1929.583333	594
1929.666667	569
1929.75	725
1929.833333	707
1929.916667	703
1930	819
1930.083333	318
1930.166667	344
1930.25	106
1930.333333	147
1930.416667	289
1930.5	319
1930.583333	401
1930.666667	204
1930.75	439
1930.833333	820
1930.916667	568
1931	393
1931.083333	275
1931.166667	201
1931.25	177
1931.333333	214
1931.416667	420
1931.5	570
1931.583333	480
1931.666667	346
1931.75	690
1931.833333	549
1931.916667	549
1932	549
1932.083333	549
1932.166667	549
1932.25	549
1932.333333	165
1932.416667	314
1932.5	407
1932.583333	484
1932.666667	715
1932.75	584
1932.833333	533
1932.916667	667
1933	530
1933.083333	453
1933.166667	221
1933.25	413
1933.333333	162
1933.416667	124
1933.5	477
1933.583333	566
1933.666667	215
1933.75	356
1933.833333	298
1933.916667	196
1934	667
1934.083333	631
1934.166667	396
1934.25	46
1934.333333	342
1934.416667	402
1934.5	274
1934.583333	466
1934.666667	383
1934.75	664
1934.833333	594
1934.916667	564
1935	564
1935.083333	564
1935.166667	564
1935.25	564
1935.333333	177
1935.416667	360
1935.5	457
1935.583333	390
1935.666667	362
1935.75	687
1935.833333	599
1935.916667	495
1936	495
1936.083333	495
1936.166667	495
1936.25	495
1936.333333	56
1936.416667	263
1936.5	404
1936.583333	487
1936.666667	280
1936.75	352
1936.833333	657
1936.916667	893
1937	598
1937.083333	51
1937.166667	68
1937.25	59
1937.333333	169
1937.416667	410
1937.5	317
1937.583333	258
1937.666667	485
1937.75	405
1937.833333	364
1937.916667	122
1938	423
1938.083333	609
1938.166667	596
1938.25	588
1938.333333	321
1938.416667	450
1938.5	495
1938.583333	382
1938.666667	382
1938.75	382
1938.833333	382
1938.916667	382
1939	382
1939.083333	382
1939.166667	382
1939.25	325
1939.333333	77
1939.416667	343
1939.5	380
1939.583333	324
1939.666667	115
1939.75	33
1939.833333	353
1939.916667	392
1940	258
1940.083333	5
1940.166667	182
1940.25	204
1940.333333	46
1940.416667	210
1940.5	352
1940.583333	593
1940.666667	665
1940.75	397
1940.833333	356
1940.916667	496
1941	105
1941.083333	9
1941.166667	109
1941.25	48
1941.333333	56
1941.416667	182
1941.5	301
1941.583333	352
1941.666667	429
1941.75	247
1941.833333	238
1941.916667	362
1942	200
1942.083333	2
1942.166667	26
1942.25	105
1942.333333	117
1942.416667	285
1942.5	380
1942.583333	387
1942.666667	511
1942.75	567
1942.833333	484
1942.916667	655
1943	285
1943.083333	691
1943.166667	592
1943.25	588
1943.333333	406
1943.416667	293
1943.5	349
1943.583333	484
1943.666667	444
1943.75	572
1943.833333	399
1943.916667	477
1944	689
1944.083333	594
1944.166667	335
1944.25	189
1944.333333	262
1944.416667	248
1944.5	221
1944.583333	287
1944.666667	435
1944.75	412
1944.833333	320
1944.916667	514
1945	347
1945.083333	293
1945.166667	347
1945.25	347
1945.333333	246
1945.416667	412
1945.5	287
1945.583333	253
1945.666667	155
1945.75	357
1945.833333	290
1945.916667	391
1946	386
1946.083333	326
1946.166667	326
1946.25	475
1946.333333	475
1946.416667	363
1946.5	390
1946.583333	390
1946.666667	456
1946.75	262
1946.833333	294
1946.916667	294
1947	-13
1947.083333	-188
1947.166667	-188
1947.25	-188
1947.333333	-188
1947.416667	-188
1947.5	-188
1947.583333	-188
1947.666667	419
1947.75	506
1947.833333	229
1947.916667	262
1948	319
1948.083333	238
1948.166667	284
1948.25	267
1948.333333	155
1948.416667	229
1948.5	312
1948.583333	279
1948.666667	506
1948.75	687
1948.833333	578
1948.916667	642
1949	666
1949.083333	612
1949.166667	349
1949.25	323
1949.333333	316
1949.416667	229
1949.5	250
1949.583333	520
1949.666667	309
1949.75	423
1949.833333	323
1949.916667	607
1950	320
1950.083333	258
1950.166667	394
1950.25	365
1950.333333	161
1950.416667	314
1950.5	256
1950.583333	203
1950.666667	377
1950.75	647
1950.833333	255
1950.916667	418
1951	202
1951.083333	84
1951.166667	137
1951.25	337
1951.333333	337
1951.416667	169
1951.5	390
1951.583333	342
1951.666667	341
1951.75	343
1951.833333	343
1951.916667	343
1952	343
1952.083333	343
1952.166667	343
1952.25	343
1952.333333	343
1952.416667	343
1952.5	445
1952.583333	297
1952.666667	455
1952.75	194
1952.833333	258
1952.916667	299
1953	250
1953.083333	255
1953.166667	288
1953.25	360
1953.333333	116
1953.416667	93
1953.5	243
1953.583333	406
1953.666667	435
1953.75	392
1953.833333	491
1953.916667	553
1954	257
1954.083333	-69
1954.166667	-64
1954.25	71
1954.333333	-67
1954.416667	166
1954.5	335
1954.583333	346
1954.666667	514
1954.75	558
1954.833333	535
1954.916667	556
1955	422
1955.083333	215
1955.166667	86
1955.25	129
1955.333333	339
1955.416667	255
1955.5	198
1955.583333	167
1955.666667	253
1955.75	438
1955.833333	298
1955.916667	537
1956	500
1956.083333	-12
1956.166667	45
1956.25	-8
1956.333333	264
1956.416667	267
1956.5	150
1956.583333	291
1956.666667	278
1956.75	419
1956.833333	111
1956.916667	457
1957	337
1957.083333	342
1957.166667	82
1957.25	8
1957.333333	87
1957.416667	209
1957.5	198
1957.583333	283
1957.666667	343
1957.75	586
1957.833333	492
1957.916667	403
1958	369
1958.083333	242
1958.166667	82
1958.25	-60
1958.333333	261
1958.416667	144
1958.5	258
1958.583333	322
1958.666667	120
1958.75	266
1958.833333	340
1958.916667	176
1959	304
1959.083333	287
1959.166667	236
1959.25	88
1959.333333	2
1959.416667	223
1959.5	213
1959.583333	81
1959.666667	209
1959.75	135
1959.833333	167
1959.916667	-13
1960	7
1960.083333	38
1960.166667	-190
1960.25	-71
1960.333333	88
1960.416667	228
1960.5	197
1960.583333	230
1960.666667	184
1960.75	-95
1960.833333	-13
1960.916667	294
1961	87
1961.083333	308
1961.166667	442
1961.25	314
1961.333333	108
1961.416667	300
1961.5	443
1961.583333	396
1961.666667	402
1961.75	285
1961.833333	396
1961.916667	355
1962	504
1962.083333	480
1962.166667	480
1962.25	480
1962.333333	480
1962.416667	329
1962.5	242
1962.583333	291
1962.666667	426
1962.75	382
1962.833333	246
1962.916667	316
1963	-12
1963.083333	13
1963.166667	13
1963.25	-125
1963.333333	47
1963.416667	47
1963.5	237
1963.583333	139
1963.666667	262
1963.75	484
1963.833333	325
1963.916667	348
1964	363
1964.083333	279
1964.166667	279
1964.25	-20
1964.333333	184
1964.416667	244
1964.5	365
1964.583333	235
1964.666667	349
1964.75	290
1964.833333	323
1964.916667	595
1965	310
1965.083333	37
1965.166667	90
1965.25	90
1965.333333	90
1965.416667	251
1965.5	350
1965.583333	254
1965.666667	267
1965.75	233
1965.833333	272
1965.916667	172
1966	11
1966.083333	-122
1966.166667	-122
1966.25	39
1966.333333	79
1966.416667	157
1966.5	295
1966.583333	356
1966.666667	391
1966.75	273
1966.833333	284
1966.916667	363
1967	256
1967.083333	256
1967.166667	583
1967.25	583
1967.333333	160
1967.416667	208
1967.5	347
1967.583333	215
1967.666667	221
1967.75	582
1967.833333	502
1967.916667	384
1968	270
1968.083333	299
1968.166667	306
1968.25	251
1968.333333	25
1968.416667	62
1968.5	105
1968.583333	20
1968.666667	-139
1968.75	164
1968.833333	70
1968.916667	146
1969	15
1969.083333	-29
1969.166667	-219
1969.25	-21
1969.333333	-84
1969.416667	-6
1969.5	257
1969.583333	4
1969.666667	162
1969.75	404
1969.833333	645
1969.916667	201
1970	-135
1970.083333	-38
1970.166667	-59
1970.25	78
1970.333333	53
1970.416667	78
1970.5	313
1970.583333	123
1970.666667	217
1970.75	297
1970.833333	338
1970.916667	338
1971	338
1971.083333	338
1971.166667	-17
1971.25	-113
1971.333333	-74
1971.416667	-26
1971.5	198
1971.583333	177
1971.666667	206
1971.75	206
1971.833333	475
1971.916667	458
1972	43
1972.083333	-219
1972.166667	-230
1972.25	6
1972.333333	-180
1972.416667	91
1972.5	69
1972.583333	52
1972.666667	56
1972.75	56
1972.833333	56
1972.916667	718
1973	247
1973.083333	405
1973.166667	237
1973.25	220
1973.333333	55
1973.416667	137
1973.5	80
1973.583333	250
1973.666667	92
1973.75	58
1973.833333	317
1973.916667	510
1974	325
1974.083333	200
1974.166667	-256
1974.25	-215
1974.333333	-306
1974.416667	76
1974.5	357
1974.583333	266
1974.666667	323
1974.75	-1
1974.833333	108
1974.916667	584
1975	757
1975.083333	201
1975.166667	-12
1975.25	-58
1975.333333	-24
1975.416667	76
1975.5	83
1975.583333	71
1975.666667	364
1975.75	192
1975.833333	167
1975.916667	459
1976	591
1976.083333	130
1976.166667	-141
1976.25	35
1976.333333	-87
1976.416667	-8
1976.5	-8
1976.583333	41
1976.666667	16
1976.75	-232
1976.833333	-37
1976.916667	102
1977	53
1977.083333	-166
1977.166667	26
1977.25	41
1977.333333	-59
1977.416667	-6
1977.5	82
1977.583333	-100
1977.666667	141
1977.75	153
1977.833333	425
1977.916667	184
1978	323
1978.083333	-229
1978.166667	-71
1978.25	-198
1978.333333	-367
1978.416667	-123
1978.5	59
1978.583333	-61
1978.666667	285
1978.75	325
1978.833333	594
1978.916667	-74
1979	-207
1979.083333	-56
1979.166667	-5
1979.25	-237
1979.333333	94
1979.416667	11
1979.5	202
1979.583333	153
1979.666667	355
1979.75	32
1979.833333	129
1979.916667	356
1980	-91
1980.083333	-155
1980.166667	-345
1980.25	-156
1980.333333	-178
1980.416667	-21
1980.5	-72
1980.583333	-110
1980.666667	172
1980.75	190
1980.833333	132
1980.916667	417
1981	464
1981.083333	285
1981.166667	-101
1981.25	-135
1981.333333	-129
1981.416667	75
1981.5	166
1981.583333	63
1981.666667	22
1981.75	210
1981.833333	373
1981.916667	101
1982	-20
1982.083333	72
1982.166667	44
1982.25	100
1982.333333	131
1982.416667	-106
1982.5	40
1982.583333	110
1982.666667	379
1982.75	-65
1982.833333	334
1982.916667	458
1983	678
1983.083333	312
1983.166667	55
1983.25	-62
1983.333333	-158
1983.416667	2
1983.5	94
1983.583333	128
1983.666667	204
1983.75	537
1983.833333	388
1983.916667	271
1984	498
1984.083333	46
1984.166667	-314
1984.25	-175
1984.333333	-182
1984.416667	-73
1984.5	110
1984.583333	-13
1984.666667	-41
1984.75	203
1984.833333	64
1984.916667	141
1985	-251
1985.083333	-188
1985.166667	-247
1985.25	-130
1985.333333	-213
1985.416667	-90
1985.5	4
1985.583333	193
1985.666667	296
1985.75	273
1985.833333	211
1985.916667	130
1986	47
1986.083333	-285
1986.166667	-109
1986.25	-269
1986.333333	-71
1986.416667	-57
1986.5	63
1986.583333	-111
1986.666667	199
1986.75	386
1986.833333	488
1986.916667	255
1987	-156
1987.083333	55
1987.166667	-312
1987.25	-204
1987.333333	-109
1987.416667	-39
1987.5	32
1987.583333	77
1987.666667	147
1987.75	285
1987.833333	-13
1987.916667	77
1988	402
1988.083333	14
1988.166667	-52
1988.25	-113
1988.333333	-209
1988.416667	-156
1988.5	-40
1988.583333	113
1988.666667	219
1988.75	227
1988.833333	161
1988.916667	271
1989	603
1989.083333	648
1989.166667	333
1989.25	-102
1989.333333	123
1989.416667	-7
1989.5	47
1989.583333	158
1989.666667	141
1989.75	163
1989.833333	111
1989.916667	186
1990	297
1990.083333	556
1990.166667	666
1990.25	129
1990.333333	-75
1990.416667	-135
1990.5	28
1990.583333	60
1990.666667	-46
1990.75	189
1990.833333	-42
1990.916667	209
1991	233
1991.083333	-266
1991.166667	-266
1991.25	-266
1991.333333	-266
1991.416667	60
1991.5	63
1991.583333	44
1991.666667	88
1991.75	115
1991.833333	261
1991.916667	195
1992	432
1992.083333	210
1992.166667	188
1992.25	-203
1992.333333	132
1992.416667	-115
1992.5	-43
1992.583333	166
1992.666667	27
1992.75	-302
1992.833333	90
1992.916667	451
1993	512
1993.083333	335
1993.166667	21
1993.25	-208
1993.333333	-291
1993.416667	-53
1993.5	98
1993.583333	45
1993.666667	-175
1993.75	-204
1993.833333	-157
1993.916667	48
1994	62
1994.083333	-121
1994.166667	-10
1994.25	-63
1994.333333	-262
1994.416667	157
1994.5	-85
1994.583333	-164
1994.666667	-77
1994.75	143
1994.833333	68
1994.916667	428
1995	390
1995.083333	451
1995.166667	246
1995.25	144
1995.333333	-143
1995.416667	-95
1995.5	18
1995.583333	-97
1995.666667	-238
1995.75	189
1995.833333	39
1995.916667	-177
1996	-270
1996.083333	-451
1996.166667	-446
1996.25	-328
1996.333333	-285
1996.416667	-30
1996.5	80
1996.583333	-135
1996.666667	-375
1996.75	31
1996.833333	200
1996.916667	-95
1997	-70
1997.083333	152
1997.166667	159
1997.25	64
1997.333333	-117
1997.416667	-205
1997.5	-274
1997.583333	-204
1997.666667	173
1997.75	102
1997.833333	-82
1997.916667	-169
1998	-27
1998.083333	206
1998.166667	191
1998.25	-372
1998.333333	-194
1998.416667	-135
1998.5	112
1998.583333	117
1998.666667	-14
1998.75	-36
1998.833333	203
1998.916667	111
1999	117
1999.083333	104
1999.166667	-77
1999.25	-80
1999.333333	-228
1999.416667	-116
1999.5	7
1999.583333	-123
1999.666667	-130
1999.75	12
1999.833333	157
1999.916667	285
2000	278
2000.083333	435
2000.166667	207
2000.25	-185
2000.333333	-205
2000.416667	71
2000.5	-1
2000.583333	48
2000.666667	-79
2000.75	-169
2000.833333	-77
2000.916667	32
2001	-57
2001.083333	-283
2001.166667	-256
2001.25	-258
2001.333333	-209
2001.416667	-3
2001.5	-35
2001.583333	76
2001.666667	5
2001.75	-7
2001.833333	289
2001.916667	-38
2002	136
2002.083333	491
2002.166667	305
2002.25	-214
2002.333333	-236
2002.416667	-136
2002.5	113
2002.583333	-180
2002.666667	-188
2002.75	-304
2002.833333	-326
2002.916667	-485
2003	-34
2003.083333	-75
2003.166667	-247
2003.25	-308
2003.333333	-123
2003.416667	-79
2003.5	-70
2003.583333	-137
2003.666667	57
2003.75	2
2003.833333	-65
2003.916667	139
2004	40
2004.083333	50
2004.166667	-219
2004.25	-259
2004.333333	-232
2004.416667	-5
2004.5	90
2004.583333	-159
2004.666667	130
2004.75	81
2004.833333	161
2004.916667	403
2005	516
2005.083333	66
2005.166667	-340
2005.25	-307
2005.333333	-160
2005.416667	-71
2005.5	-62
2005.583333	106
2005.666667	184
2005.75	47
2005.833333	181
2005.916667	-97
2006	-98
2006.083333	-216
2006.166667	-448
2006.25	-144
2006.333333	-257
2006.416667	-32
2006.5	-118
2006.583333	-233
2006.666667	-26
2006.75	-111
2006.833333	271
2006.916667	503
2007	514
2007.083333	46
2007.166667	-27
2007.25	-68
2007.333333	-41
2007.416667	-200
2007.5	-9
2007.583333	62
2007.666667	225
2007.75	47
2007.833333	98
2007.916667	232
2008	147
2008.083333	222
2008.166667	172
2008.25	-287
2008.333333	-334
2008.416667	-198
2008.5	-64
2008.583333	-109
2008.666667	-205
2008.75	239
2008.833333	175
2008.916667	117
2009	-44
2009.083333	-253
2009.166667	-211
2009.25	-303
2009.333333	-208
2009.416667	-190
2009.5	-101
2009.583333	-25
2009.666667	195
2009.75	-7
2009.833333	-161
2009.916667	-170
2010	-432
2010.083333	-424
2010.166667	-197
2010.25	-210
2010.333333	-202
2010.416667	-124
2010.5	-100
2010.583333	-156
2010.666667	-143
2010.75	-70
2010.833333	-127
2010.916667	-281
2011	-102
2011.083333	-129
2011.166667	-201
2011.25	-69
2011.333333	-220
2011.416667	-82
2011.5	-180
2011.583333	-125
2011.666667	71
2011.75	247
2011.833333	8
2011.916667	523
2012	211
2012.083333	-158
2012.166667	-45
2012.25	-130
2012.333333	-185
2012.416667	-133
2012.5	-52
2012.583333	-125
2012.666667	187
2012.75	77
2012.833333	139
2012.916667	-262
2013	-182
2013.083333	-263
2013.166667	-571
2013.25	-308
2013.333333	-307
2013.416667	-272
2013.5	-170
2013.583333	-103
2013.666667	-224
2013.75	-156
2013.833333	227
2013.916667	374
2014	-98
2014.083333	-223
2014.166667	-80
2014.25	-178
2014.333333	-353
2014.416667	-339
2014.5	-270
2014.583333	-126
2014.666667	-186
2014.75	-137
2014.833333	-195
2014.916667	77
2015	294
2015.083333	123
2015.166667	-70
2015.25	-82
2015.333333	-28
2015.416667	77
2015.5	-27
2015.583333	-150
2015.666667	-201
2015.75	-189
2015.833333	141
2015.916667	493
2016	-233
2016.083333	164
2016.166667	-207
2016.25	-230
2016.333333	-273
2016.416667	-356
2016.5	-49
2016.583333	45
2016.666667	-85
2016.75	-430
2016.833333	-282
2016.916667	120
2017	277
2017.083333	-300
2017.166667	-79
2017.25	-110
2017.333333	-316
2017.416667	-77
2017.5	-75
2017.583333	-22
2017.666667	-169
2017.75	-115
2017.833333	239
2017.916667	279
2018	28
2018.083333	-285
2018.166667	-537
2018.25	-409
2018.333333	-339
2018.416667	-271
2018.5	-290
2018.583333	-33
2018.666667	55
2018.75	192
2018.833333	-100
2018.916667	-149
2019	-114
2019.083333	-145
2019.166667	10
2019.25	-415
2019.333333	-231
2019.416667	-162
2019.5	-203
2019.583333	-170
2019.666667	-2
2019.75	-112
2019.833333	-357
2019.916667	74
2020	407
2020.083333	479
2020.166667	167
2020.25	-124
2020.333333	-89
2020.416667	-263
2020.5	13
2020.583333	-82
2020.666667	-27
2020.75	-263
2020.833333	232
2020.916667	-65
2021	-337
2021.083333	-425
2021.166667	-144
2021.25	-115
2021.333333	-276
2021.416667	-225
2021.5	-228
2021.583333	-168
2021.666667	-280
2021.75	28
2021.833333	92
2021.916667	-198
2022	-10
2022.083333	317
2022.166667	-153
2022.25	-279
2022.333333	-202
2022.416667	-75
2022.5	-14
2022.583333	-107
2022.666667	-427
2022.75	40
2022.833333	-130
2022.916667	-270
