1880	0
1880.083333	0
1880.166667	0
1880.25	0
1880.333333	0
1880.416667	0
1880.5	0
1880.583333	0
1880.666667	0
1880.75	0
1880.833333	0
1880.916667	0
1881	0
1881.083333	0
1881.166667	0
1881.25	0
1881.333333	0
1881.416667	0
1881.5	0
1881.583333	0
1881.666667	0
1881.75	0
1881.833333	0
1881.916667	0
1882	0
1882.083333	0
1882.166667	0
1882.25	0
1882.333333	0
1882.416667	0
1882.5	0
1882.583333	0
1882.666667	0
1882.75	0
1882.833333	0
1882.916667	0
1883	0
1883.083333	0
1883.166667	0
1883.25	0
1883.333333	0
1883.416667	0
1883.5	0
1883.583333	0
1883.666667	0
1883.75	0
1883.833333	0
1883.916667	0
1884	0
1884.083333	0
1884.166667	0
1884.25	0
1884.333333	0
1884.416667	0
1884.5	0
1884.583333	0
1884.666667	0
1884.75	0
1884.833333	0
1884.916667	0
1885	0
1885.083333	0
1885.166667	0
1885.25	0
1885.333333	0
1885.416667	0
1885.5	0
1885.583333	0
1885.666667	0
1885.75	0
1885.833333	0
1885.916667	0
1886	0
1886.083333	0
1886.166667	0
1886.25	0
1886.333333	0
1886.416667	0
1886.5	0
1886.583333	0
1886.666667	0
1886.75	0
1886.833333	0
1886.916667	0
1887	0
1887.083333	0
1887.166667	0
1887.25	0
1887.333333	0
1887.416667	0
1887.5	0
1887.583333	0
1887.666667	0
1887.75	0
1887.833333	0
1887.916667	0
1888	0
1888.083333	0
1888.166667	0
1888.25	0
1888.333333	0
1888.416667	0
1888.5	0
1888.583333	0
1888.666667	0
1888.75	0
1888.833333	0
1888.916667	0
1889	0
1889.083333	0
1889.166667	0
1889.25	0
1889.333333	0
1889.416667	0
1889.5	0
1889.583333	0
1889.666667	0
1889.75	0
1889.833333	0
1889.916667	0
1890	0
1890.083333	0
1890.166667	0
1890.25	0
1890.333333	0
1890.416667	0
1890.5	0
1890.583333	0
1890.666667	0
1890.75	0
1890.833333	0
1890.916667	0
1891	0
1891.083333	0
1891.166667	0
1891.25	0
1891.333333	0
1891.416667	0
1891.5	0
1891.583333	0
1891.666667	0
1891.75	0
1891.833333	0
1891.916667	0
1892	0
1892.083333	0
1892.166667	0
1892.25	0
1892.333333	0
1892.416667	0
1892.5	0
1892.583333	0
1892.666667	0
1892.75	0
1892.833333	0
1892.916667	0
1893	0
1893.083333	0
1893.166667	0
1893.25	0
1893.333333	0
1893.416667	0
1893.5	0
1893.583333	0
1893.666667	0
1893.75	0
1893.833333	0
1893.916667	0
1894	0
1894.083333	0
1894.166667	0
1894.25	0
1894.333333	0
1894.416667	0
1894.5	0
1894.583333	0
1894.666667	0
1894.75	0
1894.833333	0
1894.916667	0
1895	0
1895.083333	0
1895.166667	0
1895.25	0
1895.333333	0
1895.416667	0
1895.5	0
1895.583333	0
1895.666667	0
1895.75	0
1895.833333	0
1895.916667	0
1896	0
1896.083333	0
1896.166667	0
1896.25	0
1896.333333	0
1896.416667	0
1896.5	0
1896.583333	0
1896.666667	0
1896.75	0
1896.833333	0
1896.916667	0
1897	0
1897.083333	0
1897.166667	0
1897.25	0
1897.333333	0
1897.416667	0
1897.5	0
1897.583333	0
1897.666667	0
1897.75	0
1897.833333	0
1897.916667	0
1898	0
1898.083333	0
1898.166667	0
1898.25	0
1898.333333	0
1898.416667	0
1898.5	0
1898.583333	0
1898.666667	0
1898.75	0
1898.833333	0
1898.916667	0
1899	0
1899.083333	0
1899.166667	0
1899.25	0
1899.333333	0
1899.416667	0
1899.5	0
1899.583333	0
1899.666667	0
1899.75	0
1899.833333	0
1899.916667	0
1900	0
1900.083333	0
1900.166667	0
1900.25	0
1900.333333	0
1900.416667	0
1900.5	0
1900.583333	0
1900.666667	0
1900.75	0
1900.833333	0
1900.916667	0
1901	0
1901.083333	0
1901.166667	0
1901.25	0
1901.333333	0
1901.416667	0
1901.5	0
1901.583333	0
1901.666667	0
1901.75	0
1901.833333	0
1901.916667	0
1902	0
1902.083333	0
1902.166667	0
1902.25	0
1902.333333	0
1902.416667	0
1902.5	0
1902.583333	0
1902.666667	0
1902.75	0
1902.833333	0
1902.916667	0
1903	0
1903.083333	0
1903.166667	0
1903.25	0
1903.333333	0
1903.416667	0
1903.5	0
1903.583333	0
1903.666667	0
1903.75	0
1903.833333	0
1903.916667	0
1904	0
1904.083333	0
1904.166667	0
1904.25	0
1904.333333	0
1904.416667	0
1904.5	0
1904.583333	0
1904.666667	0
1904.75	0
1904.833333	0
1904.916667	0
1905	0
1905.083333	0
1905.166667	0
1905.25	0
1905.333333	0
1905.416667	0
1905.5	0
1905.583333	0
1905.666667	0
1905.75	0
1905.833333	0
1905.916667	0
1906	0
1906.083333	0
1906.166667	0
1906.25	0
1906.333333	0
1906.416667	0
1906.5	0
1906.583333	0
1906.666667	0
1906.75	0
1906.833333	0
1906.916667	0
1907	0
1907.083333	0
1907.166667	0
1907.25	0
1907.333333	0
1907.416667	0
1907.5	0
1907.583333	0
1907.666667	0
1907.75	0
1907.833333	0
1907.916667	0
1908	0
1908.083333	-0.323236575
1908.166667	-1.923236575
1908.25	-1.523236575
1908.333333	-1.323236575
1908.416667	-1.123236575
1908.5	-1.223236575
1908.583333	-1.023236575
1908.666667	-0.223236575
1908.75	1.276763425
1908.833333	0.676763425
1908.916667	1.076763425
1909	-0.023236575
1909.083333	-0.223236575
1909.166667	-1.123236575
1909.25	-1.223236575
1909.333333	-1.023236575
1909.416667	-0.923236575
1909.5	-1.223236575
1909.583333	-1.123236575
1909.666667	-0.523236575
1909.75	0.776763425
1909.833333	0.176763425
1909.916667	1.176763425
1910	0.176763425
1910.083333	-0.523236575
1910.166667	-1.223236575
1910.25	-0.623236575
1910.333333	-1.323236575
1910.416667	-0.523236575
1910.5	-0.723236575
1910.583333	-0.323236575
1910.666667	0.176763425
1910.75	-0.023236575
1910.833333	0.176763425
1910.916667	1.276763425
1911	-0.023236575
1911.083333	-0.523236575
1911.166667	-0.923236575
1911.25	-0.923236575
1911.333333	-1.023236575
1911.416667	-0.823236575
1911.5	-0.723236575
1911.583333	-0.823236575
1911.666667	-0.323236575
1911.75	0.876763425
1911.833333	0.076763425
1911.916667	0.376763425
1912	-0.923236575
1912.083333	-1.123236575
1912.166667	-0.623236575
1912.25	-1.223236575
1912.333333	-0.623236575
1912.416667	-0.623236575
1912.5	-0.723236575
1912.583333	-0.223236575
1912.666667	-0.823236575
1912.75	1.176763425
1912.833333	0.976763425
1912.916667	3.676763425
1913	0.276763425
1913.083333	-0.023236575
1913.166667	-0.023236575
1913.25	-0.923236575
1913.333333	-1.023236575
1913.416667	-0.923236575
1913.5	-0.423236575
1913.583333	0.076763425
1913.666667	1.376763425
1913.75	0.876763425
1913.833333	1.576763425
1913.916667	1.776763425
1914	2.076763425
1914.083333	0.076763425
1914.166667	-0.023236575
1914.25	0.076763425
1914.333333	-1.423236575
1914.416667	-0.923236575
1914.5	-0.523236575
1914.583333	-0.323236575
1914.666667	-0.323236575
1914.75	0.776763425
1914.833333	0.976763425
1914.916667	0.976763425
1915	0.276763425
1915.083333	0.576763425
1915.166667	-0.623236575
1915.25	-1.023236575
1915.333333	-1.323236575
1915.416667	-0.923236575
1915.5	-0.623236575
1915.583333	-0.823236575
1915.666667	-1.323236575
1915.75	-1.123236575
1915.833333	-0.223236575
1915.916667	-0.923236575
1916	-0.823236575
1916.083333	-0.923236575
1916.166667	-0.323236575
1916.25	-1.423236575
1916.333333	-1.523236575
1916.416667	-0.923236575
1916.5	-1.223236575
1916.583333	-0.523236575
1916.666667	-1.423236575
1916.75	-0.223236575
1916.833333	0.676763425
1916.916667	0.376763425
1917	0.776763425
1917.083333	0.476763425
1917.166667	-0.823236575
1917.25	-1.023236575
1917.333333	-0.823236575
1917.416667	-0.323236575
1917.5	-0.323236575
1917.583333	0.076763425
1917.666667	0.076763425
1917.75	1.176763425
1917.833333	1.076763425
1917.916667	1.876763425
1918	1.276763425
1918.083333	-0.023236575
1918.166667	-0.723236575
1918.25	-0.923236575
1918.333333	-1.323236575
1918.416667	-0.923236575
1918.5	-0.723236575
1918.583333	-0.223236575
1918.666667	-1.223236575
1918.75	-0.923236575
1918.833333	-0.223236575
1918.916667	-0.623236575
1919	-1.423236575
1919.083333	-0.223236575
1919.166667	-1.523236575
1919.25	-1.623236575
1919.333333	-1.223236575
1919.416667	-0.823236575
1919.5	-0.523236575
1919.583333	0.276763425
1919.666667	0.776763425
1919.75	0.476763425
1919.833333	1.976763425
1919.916667	1.576763425
1920	0.176763425
1920.083333	-0.123236575
1920.166667	-1.323236575
1920.25	-1.123236575
1920.333333	-0.523236575
1920.416667	-0.923236575
1920.5	-0.823236575
1920.583333	-0.623236575
1920.666667	0.176763425
1920.75	0.676763425
1920.833333	0.176763425
1920.916667	-0.823236575
1921	0.176763425
1921.083333	-0.323236575
1921.166667	-1.823236575
1921.25	-1.423236575
1921.333333	-0.823236575
1921.416667	-0.823236575
1921.5	-0.623236575
1921.583333	-0.423236575
1921.666667	-0.123236575
1921.75	-0.623236575
1921.833333	0.776763425
1921.916667	1.376763425
1922	-1.223236575
1922.083333	-1.723236575
1922.166667	-0.423236575
1922.25	-0.923236575
1922.333333	-0.623236575
1922.416667	-0.623236575
1922.5	-0.323236575
1922.583333	-0.223236575
1922.666667	0.076763425
1922.75	0.176763425
1922.833333	0.876763425
1922.916667	0.176763425
1923	0.876763425
1923.083333	-1.323236575
1923.166667	-1.823236575
1923.25	-1.523236575
1923.333333	-1.223236575
1923.416667	-1.223236575
1923.5	-1.023236575
1923.583333	-0.423236575
1923.666667	0.876763425
1923.75	0.776763425
1923.833333	0.176763425
1923.916667	0.776763425
1924	1.876763425
1924.083333	-0.523236575
1924.166667	-0.723236575
1924.25	-0.623236575
1924.333333	-0.723236575
1924.416667	-0.723236575
1924.5	-0.523236575
1924.583333	-0.223236575
1924.666667	-0.523236575
1924.75	0.376763425
1924.833333	1.076763425
1924.916667	0.976763425
1925	1.676763425
1925.083333	-0.623236575
1925.166667	-0.623236575
1925.25	-0.723236575
1925.333333	-1.523236575
1925.416667	-1.423236575
1925.5	-0.823236575
1925.583333	-0.723236575
1925.666667	0.276763425
1925.75	1.076763425
1925.833333	0.476763425
1925.916667	1.576763425
1926	1.776763425
1926.083333	-0.523236575
1926.166667	-0.823236575
1926.25	-1.023236575
1926.333333	-0.623236575
1926.416667	-0.423236575
1926.5	-0.223236575
1926.583333	-0.523236575
1926.666667	-0.023236575
1926.75	1.176763425
1926.833333	-0.323236575
1926.916667	0.776763425
1927	-0.023236575
1927.083333	0.576763425
1927.166667	0.076763425
1927.25	-1.123236575
1927.333333	-0.723236575
1927.416667	-0.623236575
1927.5	-1.023236575
1927.583333	-0.823236575
1927.666667	-0.623236575
1927.75	0.476763425
1927.833333	0.976763425
1927.916667	-0.223236575
1928	-1.223236575
1928.083333	-1.023236575
1928.166667	-0.423236575
1928.25	-1.523236575
1928.333333	-0.623236575
1928.416667	-0.623236575
1928.5	-0.823236575
1928.583333	-0.823236575
1928.666667	-0.723236575
1928.75	-1.623236575
1928.833333	0.276763425
1928.916667	-0.223236575
1929	0.976763425
1929.083333	-0.323236575
1929.166667	-0.023236575
1929.25	-0.723236575
1929.333333	-0.723236575
1929.416667	-0.823236575
1929.5	-0.123236575
1929.583333	0.076763425
1929.666667	-0.023236575
1929.75	0.476763425
1929.833333	0.876763425
1929.916667	1.676763425
1930	0.576763425
1930.083333	-0.123236575
1930.166667	-0.523236575
1930.25	-0.723236575
1930.333333	-0.423236575
1930.416667	-0.723236575
1930.5	-0.923236575
1930.583333	-0.223236575
1930.666667	-0.123236575
1930.75	0.076763425
1930.833333	2.176763425
1930.916667	0.376763425
1931	0.376763425
1931.083333	0.076763425
1931.166667	0.976763425
1931.25	-0.223236575
1931.333333	-0.823236575
1931.416667	-0.323236575
1931.5	-0.223236575
1931.583333	-0.923236575
1931.666667	-0.423236575
1931.75	0.676763425
1931.833333	0.576763425
1931.916667	1.376763425
1932	-0.323236575
1932.083333	0.276763425
1932.166667	-1.723236575
1932.25	-0.923236575
1932.333333	-1.323236575
1932.416667	-1.523236575
1932.5	-1.523236575
1932.583333	-1.523236575
1932.666667	-1.523236575
1932.75	-1.523236575
1932.833333	-1.523236575
1932.916667	-1.523236575
1933	-1.523236575
1933.083333	-1.523236575
1933.166667	-1.523236575
1933.25	-1.523236575
1933.333333	-1.323236575
1933.416667	-1.223236575
1933.5	-1.023236575
1933.583333	-1.023236575
1933.666667	-0.323236575
1933.75	0.976763425
1933.833333	0.376763425
1933.916667	1.676763425
1934	0.376763425
1934.083333	0.576763425
1934.166667	-0.723236575
1934.25	-1.523236575
1934.333333	-1.023236575
1934.416667	-1.023236575
1934.5	-0.923236575
1934.583333	-0.723236575
1934.666667	-1.023236575
1934.75	-1.123236575
1934.833333	0.076763425
1934.916667	0.576763425
1935	0.176763425
1935.083333	-1.123236575
1935.166667	-1.623236575
1935.25	-0.823236575
1935.333333	-0.523236575
1935.416667	-1.123236575
1935.5	-1.123236575
1935.583333	-1.323236575
1935.666667	-1.423236575
1935.75	-1.623236575
1935.833333	-0.023236575
1935.916667	-1.123236575
1936	0.676763425
1936.083333	-0.223236575
1936.166667	-0.623236575
1936.25	-1.123236575
1936.333333	-0.623236575
1936.416667	-1.123236575
1936.5	-1.623236575
1936.583333	-1.123236575
1936.666667	-0.523236575
1936.75	0.876763425
1936.833333	0.676763425
1936.916667	0.176763425
1937	1.376763425
1937.083333	0.776763425
1937.166667	-1.023236575
1937.25	-1.723236575
1937.333333	-1.823236575
1937.416667	-1.423236575
1937.5	-1.823236575
1937.583333	-1.023236575
1937.666667	-0.523236575
1937.75	-0.923236575
1937.833333	-0.423236575
1937.916667	0.376763425
1938	-0.623236575
1938.083333	-1.423236575
1938.166667	-1.623236575
1938.25	-1.123236575
1938.333333	-1.123236575
1938.416667	-1.623236575
1938.5	-1.123236575
1938.583333	-1.023236575
1938.666667	-0.823236575
1938.75	0.076763425
1938.833333	1.676763425
1938.916667	1.376763425
1939	1.576763425
1939.083333	0.276763425
1939.166667	-0.723236575
1939.25	-0.623236575
1939.333333	-1.223236575
1939.416667	-0.723236575
1939.5	-0.823236575
1939.583333	-0.223236575
1939.666667	0.376763425
1939.75	0.176763425
1939.833333	1.976763425
1939.916667	1.976763425
1940	1.776763425
1940.083333	1.076763425
1940.166667	0.176763425
1940.25	-0.023236575
1940.333333	-0.523236575
1940.416667	-0.423236575
1940.5	0.076763425
1940.583333	0.176763425
1940.666667	-0.023236575
1940.75	0.876763425
1940.833333	2.176763425
1940.916667	0.676763425
1941	0.276763425
1941.083333	-0.823236575
1941.166667	0.276763425
1941.25	-0.523236575
1941.333333	-0.923236575
1941.416667	-0.523236575
1941.5	-0.623236575
1941.583333	-0.923236575
1941.666667	-0.623236575
1941.75	0.376763425
1941.833333	0.476763425
1941.916667	-0.023236575
1942	0.276763425
1942.083333	-0.423236575
1942.166667	0.076763425
1942.25	-1.223236575
1942.333333	-0.523236575
1942.416667	-0.623236575
1942.5	-0.623236575
1942.583333	-0.623236575
1942.666667	0.276763425
1942.75	-0.323236575
1942.833333	-0.523236575
1942.916667	0.476763425
1943	-0.523236575
1943.083333	-1.323236575
1943.166667	-0.623236575
1943.25	-1.223236575
1943.333333	-1.023236575
1943.416667	-1.023236575
1943.5	-1.023236575
1943.583333	-0.723236575
1943.666667	-0.623236575
1943.75	0.676763425
1943.833333	-0.223236575
1943.916667	0.176763425
1944	-0.123236575
1944.083333	0.176763425
1944.166667	-1.823236575
1944.25	-0.523236575
1944.333333	-1.123236575
1944.416667	-0.823236575
1944.5	-0.923236575
1944.583333	-0.923236575
1944.666667	-1.023236575
1944.75	0.676763425
1944.833333	1.476763425
1944.916667	0.276763425
1945	0.976763425
1945.083333	0.076763425
1945.166667	-0.523236575
1945.25	-0.723236575
1945.333333	-0.423236575
1945.416667	-0.523236575
1945.5	-0.923236575
1945.583333	-0.423236575
1945.666667	-0.723236575
1945.75	-0.423236575
1945.833333	0.376763425
1945.916667	-0.323236575
1946	0.176763425
1946.083333	-0.023236575
1946.166667	-1.023236575
1946.25	-0.923236575
1946.333333	-0.323236575
1946.416667	-0.523236575
1946.5	-0.423236575
1946.583333	-0.823236575
1946.666667	0.776763425
1946.75	-0.823236575
1946.833333	0.476763425
1946.916667	0.176763425
1947	0.476763425
1947.083333	-0.123236575
1947.166667	0.976763425
1947.25	0.176763425
1947.333333	-0.223236575
1947.416667	-0.423236575
1947.5	-0.423236575
1947.583333	-0.423236575
1947.666667	-0.823236575
1947.75	-0.223236575
1947.833333	0.776763425
1947.916667	-1.423236575
1948	1.176763425
1948.083333	0.576763425
1948.166667	-1.023236575
1948.25	-0.423236575
1948.333333	-0.923236575
1948.416667	-1.123236575
1948.5	-0.623236575
1948.583333	-0.623236575
1948.666667	-1.623236575
1948.75	0.176763425
1948.833333	0.176763425
1948.916667	0.376763425
1949	0.576763425
1949.083333	0.476763425
1949.166667	-0.523236575
1949.25	-1.423236575
1949.333333	-0.823236575
1949.416667	-0.623236575
1949.5	-0.623236575
1949.583333	-0.523236575
1949.666667	0.116763425
1949.75	0.676763425
1949.833333	1.576763425
1949.916667	1.076763425
1950	0.976763425
1950.083333	-0.323236575
1950.166667	-1.223236575
1950.25	-0.723236575
1950.333333	-0.723236575
1950.416667	-0.423236575
1950.5	-0.623236575
1950.583333	-0.123236575
1950.666667	0.276763425
1950.75	1.276763425
1950.833333	0.876763425
1950.916667	2.076763425
1951	0.776763425
1951.083333	-0.023236575
1951.166667	-1.023236575
1951.25	-1.323236575
1951.333333	-0.823236575
1951.416667	-0.923236575
1951.5	-0.523236575
1951.583333	-0.623236575
1951.666667	-1.023236575
1951.75	-0.223236575
1951.833333	2.376763425
1951.916667	2.776763425
1952	-0.523236575
1952.083333	0.076763425
1952.166667	-0.723236575
1952.25	-0.423236575
1952.333333	-0.823236575
1952.416667	-0.923236575
1952.5	-0.323236575
1952.583333	-0.223236575
1952.666667	-0.323236575
1952.75	1.676763425
1952.833333	0.376763425
1952.916667	2.176763425
1953	1.376763425
1953.083333	0.076763425
1953.166667	-0.623236575
1953.25	-0.923236575
1953.333333	-0.323236575
1953.416667	-0.623236575
1953.5	-0.523236575
1953.583333	-0.423236575
1953.666667	-0.123236575
1953.75	1.076763425
1953.833333	1.476763425
1953.916667	0.176763425
1954	-0.623236575
1954.083333	-1.023236575
1954.166667	-0.123236575
1954.25	-1.623236575
1954.333333	-1.023236575
1954.416667	-0.823236575
1954.5	-1.123236575
1954.583333	-0.923236575
1954.666667	-0.523236575
1954.75	0.076763425
1954.833333	1.676763425
1954.916667	2.376763425
1955	-0.123236575
1955.083333	-0.023236575
1955.166667	-0.923236575
1955.25	-0.723236575
1955.333333	-0.423236575
1955.416667	-0.523236575
1955.5	-0.923236575
1955.583333	-0.723236575
1955.666667	-0.123236575
1955.75	-1.323236575
1955.833333	-0.123236575
1955.916667	-0.523236575
1956	0.276763425
1956.083333	0.476763425
1956.166667	-0.623236575
1956.25	0.076763425
1956.333333	-0.623236575
1956.416667	-0.323236575
1956.5	-0.223236575
1956.583333	0.076763425
1956.666667	0.276763425
1956.75	-0.123236575
1956.833333	1.876763425
1956.916667	1.976763425
1957	2.976763425
1957.083333	0.776763425
1957.166667	0.476763425
1957.25	-0.423236575
1957.333333	0.076763425
1957.416667	-0.023236575
1957.5	-0.023236575
1957.583333	-0.123236575
1957.666667	0.076763425
1957.75	0.476763425
1957.833333	1.276763425
1957.916667	1.776763425
1958	1.276763425
1958.083333	-0.323236575
1958.166667	-0.823236575
1958.25	-0.823236575
1958.333333	-0.623236575
1958.416667	-0.823236575
1958.5	-0.623236575
1958.583333	0.176763425
1958.666667	-0.223236575
1958.75	-0.623236575
1958.833333	0.376763425
1958.916667	0.476763425
1959	0.576763425
1959.083333	-0.123236575
1959.166667	-0.023236575
1959.25	-0.323236575
1959.333333	-1.223236575
1959.416667	-0.923236575
1959.5	-0.923236575
1959.583333	-0.923236575
1959.666667	-0.523236575
1959.75	0.376763425
1959.833333	0.376763425
1959.916667	1.276763425
1960	1.576763425
1960.083333	1.576763425
1960.166667	-0.923236575
1960.25	-0.523236575
1960.333333	-0.623236575
1960.416667	-0.723236575
1960.5	-0.423236575
1960.583333	-0.723236575
1960.666667	-0.923236575
1960.75	-0.423236575
1960.833333	0.276763425
1960.916667	-0.723236575
1961	0.676763425
1961.083333	-0.423236575
1961.166667	-1.123236575
1961.25	-0.923236575
1961.333333	-1.223236575
1961.416667	-1.223236575
1961.5	-0.623236575
1961.583333	-0.223236575
1961.666667	0.376763425
1961.75	0.676763425
1961.833333	0.676763425
1961.916667	-1.123236575
1962	0.776763425
1962.083333	-0.223236575
1962.166667	0.676763425
1962.25	-0.323236575
1962.333333	-0.723236575
1962.416667	-0.223236575
1962.5	-0.323236575
1962.583333	0.176763425
1962.666667	0.776763425
1962.75	1.776763425
1962.833333	0.776763425
1962.916667	2.076763425
1963	-1.323236575
1963.083333	-0.423236575
1963.166667	-1.823236575
1963.25	-1.523236575
1963.333333	-1.023236575
1963.416667	-0.723236575
1963.5	-0.323236575
1963.583333	-0.523236575
1963.666667	-0.323236575
1963.75	0.276763425
1963.833333	1.476763425
1963.916667	1.276763425
1964	-0.123236575
1964.083333	-0.723236575
1964.166667	-0.023236575
1964.25	-1.423236575
1964.333333	-0.923236575
1964.416667	-0.723236575
1964.5	-0.023236575
1964.583333	-0.323236575
1964.666667	0.176763425
1964.75	1.876763425
1964.833333	1.976763425
1964.916667	1.776763425
1965	0.676763425
1965.083333	0.576763425
1965.166667	-0.823236575
1965.25	-1.223236575
1965.333333	-0.923236575
1965.416667	-0.623236575
1965.5	-0.523236575
1965.583333	-0.623236575
1965.666667	-0.423236575
1965.75	0.876763425
1965.833333	1.876763425
1965.916667	1.276763425
1966	-0.023236575
1966.083333	0.776763425
1966.166667	0.076763425
1966.25	-1.023236575
1966.333333	-0.423236575
1966.416667	-0.423236575
1966.5	-0.423236575
1966.583333	-0.023236575
1966.666667	0.476763425
1966.75	0.276763425
1966.833333	0.576763425
1966.916667	1.276763425
1967	1.376763425
1967.083333	0.676763425
1967.166667	-1.123236575
1967.25	-0.523236575
1967.333333	-0.923236575
1967.416667	-0.323236575
1967.5	0.376763425
1967.583333	-0.123236575
1967.666667	0.576763425
1967.75	1.076763425
1967.833333	1.976763425
1967.916667	2.076763425
1968	2.076763425
1968.083333	-0.223236575
1968.166667	0.576763425
1968.25	-0.523236575
1968.333333	-0.023236575
1968.416667	-0.823236575
1968.5	-0.723236575
1968.583333	0.176763425
1968.666667	0.176763425
1968.75	0.276763425
1968.833333	1.676763425
1968.916667	1.376763425
1969	0.476763425
1969.083333	-0.223236575
1969.166667	-1.523236575
1969.25	-1.723236575
1969.333333	-1.023236575
1969.416667	-1.023236575
1969.5	-1.023236575
1969.583333	-1.023236575
1969.666667	-0.123236575
1969.75	0.676763425
1969.833333	1.776763425
1969.916667	0.276763425
1970	-0.423236575
1970.083333	0.276763425
1970.166667	-0.323236575
1970.25	-0.823236575
1970.333333	-0.523236575
1970.416667	-0.523236575
1970.5	-0.123236575
1970.583333	-0.123236575
1970.666667	-0.223236575
1970.75	0.276763425
1970.833333	0.976763425
1970.916667	0.576763425
1971	1.176763425
1971.083333	0.976763425
1971.166667	0.176763425
1971.25	-0.723236575
1971.333333	-0.123236575
1971.416667	-0.023236575
1971.5	0.076763425
1971.583333	0.176763425
1971.666667	-0.323236575
1971.75	1.076763425
1971.833333	1.576763425
1971.916667	1.776763425
1972	0.976763425
1972.083333	0.116763425
1972.166667	-1.923236575
1972.25	-1.223236575
1972.333333	-1.023236575
1972.416667	-1.023236575
1972.5	-0.823236575
1972.583333	-0.623236575
1972.666667	-0.423236575
1972.75	1.176763425
1972.833333	1.976763425
1972.916667	1.076763425
1973	0.676763425
1973.083333	1.476763425
1973.166667	0.176763425
1973.25	-0.823236575
1973.333333	-0.323236575
1973.416667	-0.323236575
1973.5	-0.323236575
1973.583333	-0.423236575
1973.666667	-1.023236575
1973.75	0.176763425
1973.833333	0.676763425
1973.916667	0.076763425
1974	0.776763425
1974.083333	0.176763425
1974.166667	-1.023236575
1974.25	-1.423236575
1974.333333	-1.223236575
1974.416667	-0.723236575
1974.5	-0.723236575
1974.583333	-0.923236575
1974.666667	0.476763425
1974.75	0.876763425
1974.833333	0.176763425
1974.916667	0.176763425
1975	0.676763425
1975.083333	-0.223236575
1975.166667	-0.423236575
1975.25	-1.023236575
1975.333333	-0.823236575
1975.416667	-0.123236575
1975.5	-0.023236575
1975.583333	0.076763425
1975.666667	-0.123236575
1975.75	-0.423236575
1975.833333	0.376763425
1975.916667	-0.223236575
1976	0.076763425
1976.083333	-0.423236575
1976.166667	-1.723236575
1976.25	-0.723236575
1976.333333	-1.023236575
1976.416667	-1.123236575
1976.5	-0.023236575
1976.583333	-0.023236575
1976.666667	-0.023236575
1976.75	0.776763425
1976.833333	2.076763425
1976.916667	2.376763425
1977	1.776763425
1977.083333	0.376763425
1977.166667	-0.123236575
1977.25	-1.123236575
1977.333333	-1.023236575
1977.416667	-1.023236575
1977.5	-0.323236575
1977.583333	-0.623236575
1977.666667	-1.623236575
1977.75	-1.323236575
1977.833333	-1.923236575
1977.916667	-0.323236575
1978	1.376763425
1978.083333	-0.123236575
1978.166667	-0.623236575
1978.25	-1.123236575
1978.333333	-1.423236575
1978.416667	-0.623236575
1978.5	-0.623236575
1978.583333	-0.223236575
1978.666667	0.276763425
1978.75	0.176763425
1978.833333	1.376763425
1978.916667	1.076763425
1979	1.376763425
1979.083333	0.376763425
1979.166667	-0.223236575
1979.25	-0.823236575
1979.333333	-0.523236575
1979.416667	-0.823236575
1979.5	-0.423236575
1979.583333	-0.423236575
1979.666667	-0.223236575
1979.75	0.776763425
1979.833333	1.776763425
1979.916667	1.776763425
1980	1.176763425
1980.083333	0.776763425
1980.166667	0.076763425
1980.25	0.076763425
1980.333333	-0.123236575
1980.416667	-0.023236575
1980.5	0.476763425
1980.583333	0.176763425
1980.666667	0.976763425
1980.75	2.176763425
1980.833333	2.476763425
1980.916667	1.176763425
1981	1.576763425
1981.083333	1.876763425
1981.166667	1.176763425
1981.25	-0.523236575
1981.333333	0.576763425
1981.416667	0.276763425
1981.5	0.176763425
1981.583333	0.376763425
1981.666667	1.076763425
1981.75	2.276763425
1981.833333	2.476763425
1981.916667	3.576763425
1982	3.776763425
1982.083333	2.876763425
1982.166667	0.476763425
1982.25	-0.023236575
1982.333333	0.176763425
1982.416667	0.576763425
1982.5	0.676763425
1982.583333	0.376763425
1982.666667	0.276763425
1982.75	3.076763425
1982.833333	0.776763425
1982.916667	0.076763425
1983	1.076763425
1983.083333	0.876763425
1983.166667	-0.223236575
1983.25	-0.323236575
1983.333333	-0.623236575
1983.416667	-0.623236575
1983.5	-0.023236575
1983.583333	0.176763425
1983.666667	0.476763425
1983.75	2.376763425
1983.833333	0.576763425
1983.916667	-0.223236575
1984	-0.723236575
1984.083333	-0.923236575
1984.166667	-0.623236575
1984.25	-0.923236575
1984.333333	-0.623236575
1984.416667	-0.523236575
1984.5	-0.723236575
1984.583333	-0.023236575
1984.666667	-0.023236575
1984.75	-0.423236575
1984.833333	-0.423236575
1984.916667	1.676763425
1985	1.576763425
1985.083333	0.776763425
1985.166667	-0.823236575
1985.25	-0.523236575
1985.333333	-0.623236575
1985.416667	-0.623236575
1985.5	-0.223236575
1985.583333	-0.023236575
1985.666667	-0.323236575
1985.75	0.076763425
1985.833333	1.076763425
1985.916667	1.076763425
1986	1.076763425
1986.083333	1.076763425
1986.166667	-0.723236575
1986.25	-0.223236575
1986.333333	-0.923236575
1986.416667	0.076763425
1986.5	-0.423236575
1986.583333	-0.823236575
1986.666667	-0.123236575
1986.75	0.376763425
1986.833333	1.276763425
1986.916667	0.876763425
1987	-0.823236575
1987.083333	-0.723236575
1987.166667	-0.223236575
1987.25	-0.223236575
1987.333333	-0.623236575
1987.416667	-0.723236575
1987.5	-0.423236575
1987.583333	-0.723236575
1987.666667	-0.523236575
1987.75	1.176763425
1987.833333	-0.423236575
1987.916667	-0.423236575
1988	-1.323236575
1988.083333	0.876763425
1988.166667	-0.123236575
1988.25	-0.323236575
1988.333333	-0.223236575
1988.416667	-0.123236575
1988.5	-0.123236575
1988.583333	0.076763425
1988.666667	0.176763425
1988.75	0.176763425
1988.833333	-0.023236575
1988.916667	1.076763425
1989	0.676763425
1989.083333	-0.223236575
1989.166667	-0.423236575
1989.25	-0.523236575
1989.333333	0.076763425
1989.416667	-0.123236575
1989.5	0.176763425
1989.583333	0.276763425
1989.666667	0.176763425
1989.75	0.976763425
1989.833333	-0.023236575
1989.916667	-0.123236575
1990	1.176763425
1990.083333	0.576763425
1990.166667	-0.523236575
1990.25	-0.923236575
1990.333333	-1.023236575
1990.416667	-0.823236575
1990.5	0.176763425
1990.583333	-0.423236575
1990.666667	-0.323236575
1990.75	0.176763425
1990.833333	0.676763425
1990.916667	1.876763425
1991	2.776763425
1991.083333	1.076763425
1991.166667	0.776763425
1991.25	-0.423236575
1991.333333	-0.223236575
1991.416667	-0.023236575
1991.5	-0.123236575
1991.583333	-0.023236575
1991.666667	0.476763425
1991.75	0.376763425
1991.833333	0.976763425
1991.916667	1.276763425
1992	0.876763425
1992.083333	0.576763425
1992.166667	0.776763425
1992.25	0.776763425
1992.333333	0.276763425
1992.416667	-0.523236575
1992.5	-0.323236575
1992.583333	-0.423236575
1992.666667	-0.323236575
1992.75	-0.823236575
1992.833333	0.776763425
1992.916667	0.576763425
1993	0.976763425
1993.083333	0.076763425
1993.166667	-0.623236575
1993.25	-0.623236575
1993.333333	-0.523236575
1993.416667	-0.623236575
1993.5	-0.423236575
1993.583333	-0.323236575
1993.666667	-0.123236575
1993.75	0.576763425
1993.833333	1.876763425
1993.916667	2.776763425
1994	0.776763425
1994.083333	1.876763425
1994.166667	-0.323236575
1994.25	-0.623236575
1994.333333	-0.523236575
1994.416667	-0.123236575
1994.5	-0.223236575
1994.583333	-0.123236575
1994.666667	-0.523236575
1994.75	0.776763425
1994.833333	1.876763425
1994.916667	1.276763425
1995	1.676763425
1995.083333	-0.123236575
1995.166667	0.676763425
1995.25	-0.423236575
1995.333333	-0.923236575
1995.416667	-0.423236575
1995.5	-0.423236575
1995.583333	-0.323236575
1995.666667	0.076763425
1995.75	0.176763425
1995.833333	1.576763425
1995.916667	1.476763425
1996	-0.123236575
1996.083333	0.476763425
1996.166667	-0.523236575
1996.25	0.176763425
1996.333333	0.576763425
1996.416667	0.176763425
1996.5	0.876763425
1996.583333	1.076763425
1996.666667	1.676763425
1996.75	2.776763425
1996.833333	2.176763425
1996.916667	3.876763425
1997	2.116763425
1997.083333	0.876763425
1997.166667	-0.223236575
1997.25	0.076763425
1997.333333	-0.223236575
1997.416667	-0.223236575
1997.5	-0.523236575
1997.583333	-0.323236575
1997.666667	-0.423236575
1997.75	1.776763425
1997.833333	0.376763425
1997.916667	0.876763425
1998	2.676763425
1998.083333	1.576763425
1998.166667	-0.923236575
1998.25	-0.923236575
1998.333333	-0.623236575
1998.416667	-0.523236575
1998.5	-0.323236575
1998.583333	-0.723236575
1998.666667	-0.823236575
1998.75	1.076763425
1998.833333	0.176763425
1998.916667	0.676763425
1999	1.476763425
1999.083333	-0.223236575
1999.166667	-0.623236575
1999.25	-0.323236575
1999.333333	-0.423236575
1999.416667	-0.423236575
1999.5	-0.623236575
1999.583333	-0.423236575
1999.666667	-0.023236575
1999.75	-0.623236575
1999.833333	-0.223236575
1999.916667	0.276763425
2000	-0.323236575
2000.083333	-0.423236575
2000.166667	-0.823236575
2000.25	-1.123236575
2000.333333	-0.923236575
2000.416667	-0.923236575
2000.5	-0.323236575
2000.583333	-0.423236575
2000.666667	-0.623236575
2000.75	1.176763425
2000.833333	1.376763425
2000.916667	1.076763425
2001	0.076763425
2001.083333	-0.223236575
2001.166667	-0.923236575
2001.25	-1.123236575
2001.333333	-0.823236575
2001.416667	-0.523236575
2001.5	-0.423236575
2001.583333	-0.223236575
2001.666667	-1.023236575
2001.75	0.676763425
2001.833333	2.576763425
2001.916667	1.576763425
2002	0.076763425
2002.083333	0.876763425
2002.166667	0.876763425
2002.25	-0.623236575
2002.333333	-0.723236575
2002.416667	-0.523236575
2002.5	0.076763425
2002.583333	-0.323236575
2002.666667	0.476763425
2002.75	0.576763425
2002.833333	2.076763425
2002.916667	1.576763425
2003	1.176763425
2003.083333	-0.123236575
2003.166667	-0.523236575
2003.25	-0.223236575
2003.333333	-0.423236575
2003.416667	-0.223236575
2003.5	-0.023236575
2003.583333	0.176763425
2003.666667	0.476763425
2003.75	-0.223236575
2003.833333	0.776763425
2003.916667	1.576763425
2004	0.376763425
2004.083333	0.876763425
2004.166667	0.376763425
2004.25	0.576763425
2004.333333	-0.223236575
2004.416667	-0.223236575
2004.5	-0.123236575
2004.583333	-0.623236575
2004.666667	0.276763425
2004.75	0.176763425
2004.833333	1.076763425
2004.916667	2.376763425
2005	-0.023236575
2005.083333	1.676763425
2005.166667	0.876763425
2005.25	-0.423236575
2005.333333	-0.423236575
2005.416667	-0.123236575
2005.5	-0.123236575
2005.583333	-0.423236575
2005.666667	-0.723236575
2005.75	1.676763425
2005.833333	1.076763425
2005.916667	-0.023236575
2006	0.776763425
2006.083333	-0.223236575
2006.166667	-0.423236575
2006.25	-1.023236575
2006.333333	-0.623236575
2006.416667	-0.123236575
2006.5	-0.023236575
2006.583333	-0.323236575
2006.666667	0.076763425
2006.75	-0.323236575
2006.833333	0.976763425
2006.916667	1.376763425
2007	0.276763425
2007.083333	-0.823236575
2007.166667	-1.023236575
2007.25	-0.923236575
2007.333333	-0.823236575
2007.416667	-0.123236575
2007.5	0.376763425
2007.583333	-0.323236575
2007.666667	-0.623236575
2007.75	0.376763425
2007.833333	0.276763425
2007.916667	-0.223236575
2008	0.476763425
2008.083333	0.376763425
2008.166667	-0.923236575
2008.25	-0.323236575
2008.333333	0.276763425
2008.416667	0.076763425
2008.5	-0.123236575
2008.583333	-0.023236575
2008.666667	0.676763425
2008.75	1.776763425
2008.833333	1.176763425
2008.916667	3.376763425
2009	1.976763425
2009.083333	1.076763425
2009.166667	0.976763425
2009.25	-0.423236575
2009.333333	-0.623236575
2009.416667	-0.623236575
2009.5	-0.323236575
2009.583333	-0.123236575
2009.666667	0.076763425
2009.75	0.476763425
2009.833333	2.476763425
2009.916667	0.476763425
2010	0.276763425
2010.083333	2.176763425
2010.166667	0.276763425
2010.25	-0.123236575
2010.333333	-0.123236575
2010.416667	-0.123236575
2010.5	-0.223236575
2010.583333	-0.023236575
2010.666667	0.076763425
2010.75	0.676763425
2010.833333	-0.923236575
2010.916667	0.876763425
2011	0.176763425
2011.083333	1.476763425
2011.166667	0.876763425
2011.25	-0.523236575
2011.333333	-0.123236575
2011.416667	-0.123236575
2011.5	0.076763425
2011.583333	-0.423236575
2011.666667	0.376763425
2011.75	1.576763425
2011.833333	2.676763425
2011.916667	-0.023236575
2012	-0.823236575
2012.083333	-0.423236575
2012.166667	-0.723236575
2012.25	-0.723236575
2012.333333	-0.223236575
2012.416667	-0.323236575
2012.5	0.076763425
2012.583333	0.776763425
2012.666667	-0.423236575
2012.75	-0.223236575
2012.833333	-1.023236575
2012.916667	-0.023236575
2013	0.476763425
2013.083333	0.776763425
2013.166667	0.376763425
2013.25	0.276763425
2013.333333	-0.223236575
2013.416667	0.176763425
2013.5	0.176763425
2013.583333	0.776763425
2013.666667	1.776763425
2013.75	1.076763425
2013.833333	2.676763425
2013.916667	0.876763425
2014	1.176763425
2014.083333	0.476763425
2014.166667	-0.023236575
2014.25	-0.023236575
2014.333333	-0.023236575
2014.416667	0.676763425
2014.5	0.476763425
2014.583333	0.776763425
2014.666667	1.276763425
2014.75	0.876763425
2014.833333	3.276763425
2014.916667	2.576763425
2015	1.476763425
2015.083333	2.576763425
2015.166667	-0.023236575
2015.25	-0.423236575
2015.333333	-0.323236575
2015.416667	-0.323236575
2015.5	-0.023236575
2015.583333	-0.223236575
2015.666667	1.876763425
2015.75	2.776763425
2015.833333	0.576763425
2015.916667	1.576763425
2016	2.276763425
2016.083333	1.476763425
2016.166667	1.376763425
2016.25	-0.023236575
2016.333333	0.276763425
2016.416667	-0.123236575
2016.5	0.376763425
2016.583333	0.376763425
2016.666667	-0.323236575
2016.75	1.776763425
2016.833333	-0.123236575
2016.916667	1.876763425
2017	-0.223236575
2017.083333	0.776763425
2017.166667	0.276763425
2017.25	-0.123236575
2017.333333	-0.123236575
2017.416667	-0.023236575
2017.5	0.276763425
2017.583333	0.076763425
2017.666667	0.476763425
2017.75	0.576763425
2017.833333	1.776763425
2017.916667	1.876763425
2018	1.376763425
2018.083333	0.076763425
2018.166667	0.276763425
2018.25	0.176763425
2018.333333	-0.623236575
2018.416667	-0.123236575
2018.5	-0.023236575
2018.583333	0.476763425
2018.666667	-0.323236575
2018.75	-0.023236575
2018.833333	1.676763425
2018.916667	2.176763425
2019	-0.123236575
2019.083333	-0.023236575
2019.166667	-0.523236575
2019.25	0.276763425
2019.333333	-0.123236575
2019.416667	-0.023236575
2019.5	-0.023236575
2019.583333	0.376763425
2019.666667	-0.223236575
2019.75	0.676763425
2019.833333	0.676763425
2019.916667	1.776763425
2020	0.376763425
2020.083333	0.076763425
2020.166667	-0.723236575
2020.25	-0.723236575
2020.333333	0.076763425
2020.416667	-0.023236575
2020.5	0.176763425
2020.583333	0.176763425
2020.666667	0.876763425
2020.75	1.276763425
2020.833333	1.976763425
2020.916667	1.176763425
2021	-0.923236575
2021.083333	-0.023236575
2021.166667	-0.023236575
2021.25	-0.023236575
2021.333333	0.376763425
2021.416667	0.276763425
2021.5	0.476763425
2021.583333	0.476763425
2021.666667	0.076763425
2021.75	0.076763425
2021.833333	1.476763425
2021.916667	2.076763425
2022	0.176763425
2022.083333	0.676763425
2022.166667	0.676763425
2022.25	0.376763425
2022.333333	-0.023236575
2022.416667	0.076763425
2022.5	0.476763425
2022.583333	0.476763425
2022.666667	0.776763425
2022.75	0.876763425
2022.833333	2.176763425
