offs    0.00000000000
bg      0.00014145452
impA    0.00000000000
impB    0.00000000000
impC    0.00000000000
delA    4.55191123959
delB    0.72718786582
asym   -0.00001039805
ann1    0.09033900237
ann2   -1.94318229000
sem1   -0.01822588797
sem2    1.45785141417
year   -0.00002792655
IR     -0.00000000000
ma     -0.00000000000
mp      0.00011689874
shfT   -0.00000000000
init   -0.00674247817
   27.32166155400   0.00627426562  -1.34680662381
   27.21222081500   0.03094151847  -0.74702494422
 1095.17502233364   0.00050620349  -0.07893279599
    9.08286783775   0.00415528769   1.43742747033
    6.81670784238   0.00128954431   0.52697546913
   13.63341568476   0.00509262371   9.81574853921
   13.66083077700  -0.00267037257  14.68995356644
   13.60611040750  -0.00176701189  20.84922932690
   27.55454988600  -0.00447477008   3.02475209466
   13.77727494300  -0.00243584555  78.39276215577
 6793.47648813065   0.00072410581 -24.00711530504
 1616.30271425126  -0.00061063171   0.67736277322
   27.09267692660  -0.00211868230   1.79730545549
    9.09502787633   0.00258844850   0.61237910707
   13.69115772864   0.00009015769  -2.17823170767
 1305.66025845931   0.00027348635   1.10324198806
   27.44323926226  -0.00008910885   0.27833944194
   27.66676714572  -0.00105086331   2.73824267314
 2190.35004466729   0.00128243317   2.03817511249
   26.98505934729   0.00103726322   6.53847024555
 6167.20701373239  -0.00012737542  -3.87602592496
 -3232.60542850251   0.00089213754   0.25721584903
 -2120.90900683440  -0.00212826269  -0.32292111611
   27.33282433123  -0.00016863829   9.62934780495
   13.71880577217   0.00310099704 -16.80476974854
    9.13295078376   0.00007996230   8.02346559190
    9.12068919638   0.00076116298   0.80496343376
    9.10846048884   0.00135726480   1.00189290228
 3396.73824406533   0.00119035482 -39.20488755677
ltep   23.49763618075
ltep    2.60044027184
ltep    3.91413290270
ltep   12.28983519434
ltep   11.21165301861
ltep   -2.09107104701
ltep    3.18081070896
ltep    3.58245503554
ltep  -61.72163523927
ltep  -17.10853873324
ltep    9.89513841622
harm  45
harm  50
harm  48
harm  18
harm  42
harm  30
harm  2217
harm  8734
harm  8775
harm  9280
harm  50
harm  80
harm  219
harm  186
harm  261
harm  133
harm  55
harm  683
harm  490
harm  1196
harm  119
harm  173
harm  284
harm  23
harm  74
harm  58
harm  139
harm  0
