1908.3333333    106.107
1908.4166333    77.0783
1908.5000333    62.8466
1908.5833333    38.2735
1908.6666333    28.0882
1908.7500333    24.1098
1908.8333333    29.8299
1908.9166333    27.0818
1909.0000333    7.9485
1909.0833333    7.7386
1909.1666333    22.2978
1909.2500333    16.0101
1909.3333333    16.2613
1909.4166333    18.3584
1909.5000333    19.6087
1909.5833333    15.7056
1909.6666333    18.3407
1909.7500333    9.6674
1909.8333333    5.9176
1909.9166333    -9.2939
1910.0000333    -20.2753
1910.0833333    -21.7179
1910.1666333    -10.6222
1910.2500333    -9.4503
1910.3333333    -25.5857
1910.4166333    -48.3366
1910.5000333    -63.0113
1910.5833333    -60.9164
1910.6666333    -57.1294
1910.7500333    -37.8815
1910.8333333    -16.4794
1910.9166333    -20.1544
1911.0000333    -20.1377
1911.0833333    -16.3515
1911.1666333    -4.5654
1911.2500333    -12.78
1911.3333333    -27.9943
1911.4166333    -27.5164
1911.5000333    -23.7315
1911.5833333    -20.9462
1911.6666333    -16.6996
1911.7500333    -6.3767
1911.8333333    -7.2843
1911.9166333    1.885
1912.0000333    11.9766
1912.0833333    18.0686
1912.1666333    23.2373
1912.2500333    26.5592
1912.3333333    19.5738
1912.4166333    18.8959
1912.5000333    10.4481
1912.5833333    19.1545
1912.6666333    34.63
1912.7500333    43.5663
1912.8333333    51.2722
1912.9166333    55.0549
1913.0000333    35.1446
1913.0833333    39.3885
1913.1666333    56.3246
1913.2500333    60.3368
1913.3333333    50.5033
1913.4166333    49.8235
1913.5000333    43.9891
1913.5833333    48.6936
1913.6666333    32.7825
1913.7500333    29.7938
1913.8333333    40.1132
1913.9166333    30.0478
1914.0000333    15.5202
1914.0833333    22.9929
1914.1666333    30.2347
1914.2500333    24.6296
1914.3333333    26.2557
1914.4166333    28.3432
1914.5000333    19.43
1914.5833333    24.3633
1914.6666333    24.6041
1914.7500333    34.6904
1914.8333333    35.6232
1914.9166333    15.0174
1915.0000333    9.1802
1915.0833333    10.574
1915.1666333    16.0447
1915.2500333    15.13
1915.3333333    3.1388
1915.4166333    -7.3911
1915.5000333    -8.9986
1915.5833333    -8.5287
1915.6666333    -12.9052
1915.7500333    -7.8978
1915.8333333    0.3408
1915.9166333    -3.8823
1916.0000333    -7.4139
1916.0833333    -0.7911
1916.1666333    10.5237
1916.2500333    12.8379
1916.3333333    2.537
1916.4166333    -6.5332
1916.5000333    -18.4503
1916.5833333    -35.2901
1916.6666333    -30.5916
1916.7500333    -26.6631
1916.8333333    -23.6572
1916.9166333    -29.4976
1917.0000333    -36.2619
1917.0833333    -40.8719
1917.1666333    -40.4051
1917.2500333    -49.0929
1917.3333333    -75.7803
1917.4166333    -88.1602
1917.5000333    -99.2331
1917.5833333    -98.9979
1917.6666333    -93.1475
1917.7500333    -89.6054
1917.8333333    -79.6784
1917.9166333    -84.8285
1918.0000333    -89.0562
1918.0833333    -87.1297
1918.1666333    -74.511
1918.2500333    -74.7392
1918.3333333    -77.8131
1918.4166333    -68.8873
1918.5000333    -68.6544
1918.5833333    -51.7288
1918.6666333    -34.8804
1918.7500333    -25.4941
1918.8333333    -23.4152
1918.9166333    -17.1057
1919.0000333    -16.5661
1919.0833333    -18.8723
1919.1666333    7.8214
1919.2500333    20.9759
1919.3333333    29.2077
1919.4166333    32.2855
1919.5000333    37.2087
1919.5833333    45.2093
1919.6666333    42.6712
1919.7500333    39.2093
1919.8333333    42.0555
1919.9166333    43.2862
1920.0000333    27.8239
1920.0833333    30.8235
1920.1666333    41.5921
1920.2500333    35.7447
1920.3333333    22.1284
1920.4166333    3.8196
1920.5000333    -0.1822
1920.5833333    -3.4913
1920.6666333    13.3534
1920.7500333    43.3511
1920.8333333    66.1184
1920.9166333    83.6549
1921.0000333    85.9598
1921.0833333    92.9575
1921.1666333    109.878
1921.2500333    114.336
1921.3333333    96.5643
1921.4166333    86.9459
1921.5000333    84.8652
1921.5833333    86.3234
1921.6666333    88.0123
1921.7500333    86.1619
1921.8333333    71.3889
1921.9166333    56.3849
1922.0000333    33.2264
1922.0833333    21.5298
1922.1666333    25.9869
1922.2500333    18.2125
1922.3333333    20.2846
1922.4166333    21.4335
1922.5000333    24.7356
1922.5833333    29.8841
1922.6666333    35.9556
1922.7500333    48.3341
1922.8333333    48.5591
1922.9166333    55.0917
1923.0000333    46.8543
1923.0833333    40.0019
1923.1666333    48.4571
1923.2500333    57.8346
1923.3333333    50.1356
1923.4166333    37.9748
1923.5000333    37.7365
1923.5833333    30.9601
1923.6666333    29.5681
1923.7500333    17.1754
1923.8333333    -2.7554
1923.9166333    -18.2247
1924.0000333    -35.0795
1924.0833333    -41.6261
1924.1666333    -23.7883
1924.2500333    -13.0281
1924.3333333    -36.4213
1924.4166333    -46.2763
1924.5000333    -57.9781
1924.5833333    -68.295
1924.6666333    -61.7658
1924.7500333    -62.0066
1924.8333333    -57.0931
1924.9166333    -48.1798
1925.0000333    -58.7288
1925.0833333    -62.0466
1925.1666333    -49.2107
1925.2500333    -53.2217
1925.3333333    -58.1553
1925.4166333    -62.6276
1925.5000333    -67.7929
1925.5833333    -74.6501
1925.6666333    -68.8152
1925.7500333    -66.2118
1925.8333333    -67.8387
1925.9166333    -72.5427
1926.0000333    -82.4013
1926.0833333    -70.9518
1926.1666333    -53.5794
1926.2500333    -49.1308
1926.3333333    -59.451
1926.4166333    -62.9252
1926.5000333    -60.3232
1926.5833333    -47.4132
1926.6666333    -27.1956
1926.7500333    -11.4402
1926.8333333    -0.9152
1926.9166333    8.4557
1927.0000333    17.1336
1927.0833333    25.5812
1927.1666333    32.4132
1927.2500333    25.8599
1927.3333333    20.4608
1927.4166333    23.7539
1927.5000333    5.8924
1927.5833333    0.1852
1927.6666333    -10.8299
1927.7500333    -13.6919
1927.8333333    -24.7843
1927.9166333    -32.4921
1928.0000333    -44.7392
1928.0833333    -48.0628
1928.1666333    -29.7712
1928.2500333    -29.788
1928.3333333    -35.8813
1928.4166333    -44.744
1928.5000333    -47.069
1928.5833333    -35.0859
1928.6666333    -21.9491
1928.7500333    0.4947
1928.8333333    15.0158
1928.9166333    27.6906
1929.0000333    36.5954
1929.0833333    50.8853
1929.1666333    70.098
1929.2500333    65.1562
1929.3333333    63.2917
1929.4166333    63.0425
1929.5000333    65.1002
1929.5833333    68.3891
1929.6666333    66.6778
1929.7500333    64.5812
1929.8333333    62.9465
1929.9166333    53.0809
1930.0000333    32.9068
1930.0833333    20.1948
1930.1666333    16.4825
1930.2500333    11.308
1930.3333333    -5.0969
1930.4166333    -21.8096
1930.5000333    -35.6769
1930.5833333    -40.39
1930.6666333    -55.7186
1930.7500333    -62.7402
1930.8333333    -75.4538
1930.9166333    -95.1675
1931.0000333    -102.882
1931.0833333    -99.1344
1931.1666333    -92.5409
1931.2500333    -87.1789
1931.3333333    -97.7395
1931.4166333    -95.4542
1931.5000333    -80.1696
1931.5833333    -59.3461
1931.6666333    -60.2921
1931.7500333    -50.6233
1931.8333333    -42.8773
1931.9166333    -32.7467
1932.0000333    -27.1554
1932.0833333    -19.256
1932.1666333    -3.5875
1932.2500333    -2.9198
1932.3333333    -20.3285
1932.4166333    -24.2759
1932.5000333    -27.5317
1932.5833333    -29.9409
1932.6666333    -36.7349
1932.7500333    -25.4528
1932.8333333    -8.8625
1932.9166333    -6.1185
1933.0000333    -0.9907
1933.0833333    11.2145
1933.1666333    24.5734
1933.2500333    26.0084
1933.3333333    20.5978
1933.4166333    21.3408
1933.5000333    19.3907
1933.5833333    15.3642
1933.6666333    5.7221
1933.7500333    3.1561
1933.8333333    -3.7171
1933.9166333    -17.1289
1934.0000333    -25.3107
1934.0833333    -34.2613
1934.1666333    -40.1351
1934.2500333    -49.5481
1934.3333333    -58.9608
1934.4166333    -67.6812
1934.5000333    -71.7101
1934.5833333    -78.7386
1934.6666333    -76.1519
1934.7500333    -73.3351
1934.8333333    -61.441
1934.9166333    -53.2394
1935.0000333    -48.0385
1935.0833333    -43.1449
1935.1666333    -30.9437
1935.2500333    -21.3587
1935.3333333    -23.6964
1935.4166333    -31.0342
1935.5000333    -32.9112
1935.5833333    -25.48
1935.6666333    -23.126
1935.7500333    -23.3881
1935.8333333    -4.8806
1935.9166333    -6.527
1936.0000333    -11.4819
1936.0833333    -7.821
1936.1666333    1.9936
1936.2500333    1.269
1936.3333333    -16.8398
1936.4166333    -28.3334
1936.5000333    -21.0585
1936.5833333    -5.6293
1936.6666333    1.6459
1936.7500333    9.0741
1936.8333333    16.5028
1936.9166333    5.239
1937.0000333    0.513
1937.0833333    3.095
1937.1666333    6.3692
1937.2500333    7.0273
1937.3333333    0.3781
1937.4166333    -1.502
1937.5000333    -8.8444
1937.5833333    -21.2634
1937.6666333    -21.9901
1937.7500333    -24.5638
1937.8333333    -15.9063
1937.9166333    -19.172
1938.0000333    -26.7461
1938.0833333    -20.7045
1938.1666333    -12.7399
1938.2500333    -8.3146
1938.3333333    -15.5811
1938.4166333    -19.3093
1938.5000333    -21.6536
1938.5833333    -10.8437
1938.6666333    -3.1878
1938.7500333    -6.9942
1938.8333333    -6.8001
1938.9166333    -11.5293
1939.0000333    -16.2593
1939.0833333    -19.2965
1939.1666333    -26.3338
1939.2500333    -26.6027
1939.3333333    -36.2558
1939.4166333    -51.5244
1939.5000333    -68.9476
1939.5833333    -82.6012
1939.6666333    -92.0241
1939.7500333    -100.448
1939.8333333    -108.409
1939.9166333    -112.218
1940.0000333    -121.642
1940.0833333    -119.758
1940.1666333    -97.1048
1940.2500333    -89.8372
1940.3333333    -93.646
1940.4166333    -92.6858
1940.5000333    -82.4187
1940.5833333    -69.5357
1940.6666333    -56.1913
1940.7500333    -41.6939
1940.8333333    -26.0422
1940.9166333    -15.3137
1941.0000333    -15.3552
1941.0833333    -15.3963
1941.1666333    17.7932
1941.2500333    22.982
1941.3333333    17.5558
1941.4166333    15.668
1941.5000333    0.3947
1941.5833333    -0.3396
1941.6666333    -3.6895
1941.7500333    12.8829
1941.8333333    20.3788
1941.9166333    20.0285
1942.0000333    19.5235
1942.0833333    31.2497
1942.1666333    53.0527
1942.2500333    34.3164
1942.3333333    22.5037
1942.4166333    12.6139
1942.5000333    -0.1228
1942.5833333    1.4486
1942.6666333    6.5583
1942.7500333    23.898
1942.8333333    26.2382
1942.9166333    27.5782
1943.0000333    18.4559
1943.0833333    16.1032
1943.1666333    20.7504
1943.2500333    15.7815
1943.3333333    8.8899
1943.4166333    -1.0018
1943.5000333    -0.8174
1943.5833333    4.0597
1943.6666333    17.8598
1943.7500333    27.6591
1943.8333333    40.7666
1943.9166333    44.0277
1944.0000333    34.5958
1944.0833333    39.7027
1944.1666333    52.0403
1944.2500333    47.531
1944.3333333    45.1759
1944.4166333    32.9745
1944.5000333    28.5416
1944.5833333    27.3399
1944.6666333    33.6766
1944.7500333    48.6278
1944.8333333    46.5025
1944.9166333    40.6079
1945.0000333    33.0201
1945.0833333    42.8175
1945.1666333    59.2301
1945.2500333    66.9495
1945.3333333    65.5156
1945.4166333    54.1585
1945.5000333    59.9544
1945.5833333    64.0585
1945.6666333    72.1624
1945.7500333    68.5732
1945.8333333    63.1383
1945.9166333    68.4725
1946.0000333    49.652
1946.0833333    45.1398
1946.1666333    51.2427
1946.2500333    54.7295
1946.3333333    57.0628
1946.4166333    56.5499
1946.5000333    59.3439
1946.5833333    57.6768
1946.6666333    56.7018
1946.7500333    59.2646
1946.8333333    66.7508
1946.9166333    59.0062
1947.0000333    45.1069
1947.0833333    64.0542
1947.1666333    74.0783
1947.2500333    68.8708
1947.3333333    60.3561
1947.4166333    43.3797
1947.5000333    31.3256
1947.5833333    29.8873
1947.6666333    48.3719
1947.7500333    64.7789
1947.8333333    70.8017
1947.9166333    65.5935
1948.0000333    64.0769
1948.0833333    69.9454
1948.1666333    77.1213
1948.2500333    83.4504
1948.3333333    77.5491
1948.4166333    62.9554
1948.5000333    56.5917
1948.5833333    67.613
1948.6666333    81.8649
1948.7500333    74.0392
1948.8333333    72.3677
1948.9166333    69.773
1949.0000333    70.1775
1949.0833333    65.5056
1949.1666333    77.372
1949.2500333    84.1606
1949.3333333    66.9497
1949.4166333    71.3541
1949.5000333    84.9115
1949.5833333    92.8539
1949.6666333    94.8732
1949.7500333    96.6608
1949.8333333    99.9105
1949.9166333    95.6216
1950.0000333    90.6396
1950.0833333    97.3503
1950.1666333    113.445
1950.2500333    112.232
1950.3333333    85.4809
1950.4166333    81.4987
1950.5000333    65.9772
1950.5833333    47.6101
1950.6666333    39.3197
1950.7500333    27.567
1950.8333333    16.2763
1950.9166333    6.1392
1951.0000333    -3.7678
1951.0833333    -8.5205
1951.1666333    -7.3504
1951.2500333    -11.4117
1951.3333333    -29.0111
1951.4166333    -25.6107
1951.5000333    -18.9033
1951.5833333    -17.1185
1951.6666333    -5.6416
1951.7500333    -6.1655
1951.8333333    0.3111
1951.9166333    -2.0587
1952.0000333    7.0323
1952.0833333    9.2777
1952.1666333    27.2921
1952.2500333    17.6134
1952.3333333    4.4736
1952.4166333    0.4106
1952.5000333    -19.5763
1952.5833333    -25.7165
1952.6666333    -22.9339
1952.7500333    -23.2289
1952.8333333    -10.3697
1952.9166333    -2.4337
1953.0000333    -3.6523
1953.0833333    -9.332
1953.1666333    4.219
1953.2500333    -1.4617
1953.3333333    -3.1418
1953.4166333    -8.5914
1953.5000333    -11.9648
1953.5833333    -5.4147
1953.6666333    -7.3263
1953.7500333    -7.6233
1953.8333333    -7.2275
1953.9166333    -19.9088
1954.0000333    -41.7447
1954.0833333    -44.8879
1954.1666333    -32.262
1954.2500333    -33.2523
1954.3333333    -47.1651
1954.4166333    -63.9243
1954.5000333    -69.8382
1954.5833333    -65.4438
1954.6666333    -61.2804
1954.7500333    -53.1178
1954.8333333    -49.4163
1954.9166333    -53.0226
1955.0000333    -48.1682
1955.0833333    -37.0056
1955.1666333    -18.7662
1955.2500333    -26.3738
1955.3333333    -32.5194
1955.4166333    -33.0497
1955.5000333    -24.427
1955.5833333    -19.1116
1955.6666333    -18.7193
1955.7500333    -11.7894
1955.8333333    -10.7052
1955.9166333    -11.775
1956.0000333    -25.1533
1956.0833333    -33.4541
1956.1666333    -22.2167
1956.2500333    -28.8262
1956.3333333    -38.2045
1956.4166333    -58.6599
1956.5000333    -64.3468
1956.5833333    -58.4948
1956.6666333    -59.9507
1956.7500333    -50.0996
1956.8333333    -37.9404
1956.9166333    -26.0891
1957.0000333    -28.9308
1957.0833333    -12.1567
1957.1666333    8.848
1957.2500333    12.0058
1957.3333333    15.4717
1957.4166333    11.6298
1957.5000333    21.6332
1957.5833333    21.791
1957.6666333    20.2562
1957.7500333    28.3361
1957.8333333    24.4934
1957.9166333    15.2659
1958.0000333    1.8837
1958.0833333    1.1174
1958.1666333    18.4279
1958.2500333    24.7376
1958.3333333    20.5093
1958.4166333    6.3577
1958.5000333    6.7438
1958.5833333    11.3612
1958.6666333    15.9784
1958.7500333    22.7486
1958.8333333    33.7501
1958.9166333    38.8284
1959.0000333    35.9828
1959.0833333    42.2145
1959.1666333    56.9077
1959.2500333    47.2154
1959.3333333    23.4467
1959.4166333    6.6778
1959.5000333    5.6774
1959.5833333    5.8313
1959.6666333    1.8312
1959.7500333    5.7533
1959.8333333    4.0606
1959.9166333    -6.0939
1960.0000333    -16.2491
1960.0833333    -12.327
1960.1666333    -9.5589
1960.2500333    -15.4838
1960.3333333    -24.2545
1960.4166333    -20.7945
1960.5000333    -25.1046
1960.5833333    -28.2603
1960.6666333    -21.0316
1960.7500333    -19.2653
1960.8333333    -13.6522
1960.9166333    -12.3471
1961.0000333    -8.6581
1961.0833333    1.5698
1961.1666333    31.4898
1961.2500333    33.7167
1961.3333333    38.3288
1961.4166333    38.0176
1961.5000333    22.0133
1961.5833333    29.9325
1961.6666333    38.7747
1961.7500333    40.3083
1961.8333333    47.9963
1961.9166333    47.4534
1962.0000333    37.525
1962.0833333    32.9817
1962.1666333    35.5153
1962.2500333    5.2018
1962.3333333    -10.342
1962.4166333    -28.2705
1962.5000333    -39.1229
1962.5833333    -39.2056
1962.6666333    -43.5192
1962.7500333    -45.9106
1962.8333333    -52.9937
1962.9166333    -62.2309
1963.0000333    -73.392
1963.0833333    -74.168
1963.1666333    -64.1749
1963.2500333    -67.1057
1963.3333333    -69.5744
1963.4166333    -81.8126
1963.5000333    -94.2823
1963.5833333    -103.444
1963.6666333    -96.9902
1963.7500333    -94.4604
1963.8333333    -91.2378
1963.9166333    -89.4769
1964.0000333    -93.1015
1964.0833333    -86.5717
1964.1666333    -65.5805
1964.2500333    -71.0517
1964.3333333    -77.6762
1964.4166333    -80.5317
1964.5000333    -77.0803
1964.5833333    -63.3207
1964.6666333    -61.0998
1964.7500333    -55.8027
1964.8333333    -46.0436
1964.9166333    -43.5923
1965.0000333    -46.4496
1965.0833333    -36.691
1965.1666333    -17.0863
1965.2500333    -17.4056
1965.3333333    -10.4936
1965.4166333    -5.6587
1965.5000333    -7.3631
1965.5833333    -1.6055
1965.6666333    -6.3864
1965.7500333    9.2164
1965.8333333    23.512
1965.9166333    20.4229
1966.0000333    11.8714
1966.0833333    14.6281
1966.1666333    17.3846
1966.2500333    4.6018
1966.3333333    -10.4881
1966.4166333    -30.7321
1966.5000333    -46.2845
1966.5833333    -51.7596
1966.6666333    -50.4656
1966.7500333    -33.4031
1966.8333333    -27.3402
1966.9166333    -29.3544
1967.0000333    -32.2924
1967.0833333    -25.0761
1967.1666333    -9.4754
1967.2500333    -9.1062
1967.3333333    -11.7366
1967.4166333    -8.7517
1967.5000333    -5.7677
1967.5833333    -3.2446
1967.6666333    -6.6449
1967.7500333    -1.5075
1967.8333333    -6.7542
1967.9166333    -11.7702
1968.0000333    -18.4026
1968.0833333    -12.1113
1968.1666333    -2.5894
1968.2500333    -7.376
1968.3333333    -14.7006
1968.4166333    -26.7177
1968.5000333    -28.8894
1968.5833333    -23.1376
1968.6666333    -19.6936
1968.7500333    -6.635
1968.8333333    -3.499
1968.9166333    -0.2863
1969.0000333    -7.9205
1969.0833333    -7.3235
1969.1666333    -6.0343
1969.2500333    -2.3614
1969.3333333    -16.0725
1969.4166333    -23.1684
1969.5000333    -27.2652
1969.5833333    -39.2845
1969.6666333    -43.0732
1969.7500333    -35.9397
1969.8333333    -28.8056
1969.9166333    -33.8256
1970.0000333    -41.9233
1970.0833333    -32.8667
1970.1666333    -23.8102
1970.2500333    -17.8315
1970.3333333    -42.083
1970.4166333    -37.2578
1970.5000333    -30.5872
1970.5833333    -24.8393
1970.6666333    -19.3222
1970.7500333    -15.8829
1970.8333333    -20.1354
1970.9166333    -37.0804
1971.0000333    -44.8724
1971.0833333    -47.2792
1971.1666333    -34.6862
1971.2500333    -37.5556
1971.3333333    -38.5783
1971.4166333    -21.5242
1971.5000333    -14.7787
1971.5833333    -19.8019
1971.6666333    -12.8252
1971.7500333    7.2275
1971.8333333    14.1269
1971.9166333    25.2569
1972.0000333    43.2322
1972.0833333    52.9773
1972.1666333    74.4145
1972.2500333    73.8509
1972.3333333    73.2878
1972.4166333    63.5707
1972.5000333    53.8528
1972.5833333    47.443
1972.6666333    67.7254
1972.7500333    80.007
1972.8333333    76.8275
1972.9166333    80.2633
1973.0000333    66.7752
1973.0833333    62.2106
1973.1666333    81.569
1973.2500333    85.9265
1973.3333333    85.823
1973.4166333    74.7193
1973.5000333    74.8456
1973.5833333    66.7416
1973.6666333    70.4067
1973.7500333    71.994
1973.8333333    77.8126
1973.9166333    78.708
1974.0000333    65.4487
1974.0833333    70.4976
1974.1666333    78.3924
1974.2500333    74.2865
1974.3333333    61.3349
1974.4166333    42.6908
1974.5000333    46.2767
1974.5833333    46.7093
1974.6666333    64.2186
1974.7500333    76.4962
1974.8333333    79.6975
1974.9166333    74.6679
1975.0000333    71.022
1975.0833333    83.3767
1975.1666333    105.116
1975.2500333    103.085
1975.3333333    97.5928
1975.4166333    93.0237
1975.5000333    86.3769
1975.5833333    67.346
1975.6666333    64.6226
1975.7500333    60.5137
1975.8333333    46.3284
1975.9166333    38.2199
1976.0000333    25.1875
1976.0833333    18.771
1976.1666333    14.662
1976.2500333    -7.4478
1976.3333333    -24.4033
1976.4166333    -44.6666
1976.5000333    -58.8538
1976.5833333    -60.1175
1976.6666333    -41.2274
1976.7500333    -40.3382
1976.8333333    -35.5254
1976.9166333    -33.7128
1977.0000333    -44.1318
1977.0833333    -35.3194
1977.1666333    -17.5842
1977.2500333    -13.9267
1977.3333333    -10.5764
1977.4166333    -6.4571
1977.5000333    -4.877
1977.5833333    -1.6811
1977.6666333    -3.1776
1977.7500333    -4.2134
1977.8333333    1.2898
1977.9166333    -2.7457
1978.0000333    -8.2435
1978.0833333    -7.4331
1978.1666333    -2.6229
1978.2500333    -6.2751
1978.3333333    -5.6959
1978.4166333    -10.9631
1978.5000333    -20.2312
1978.5833333    2.6552
1978.6666333    37.0029
1978.7500333    56.8113
1978.8333333    58.5433
1978.9166333    49.2751
1979.0000333    42.5446
1979.0833663    0.0
1979.1667003    0.0
1979.2500333    43.6611
1979.3333663    0.0
1979.4167003    0.0
1979.5000333    0.0
1979.5833663    0.0
1979.6666333    41.4678
1979.7500333    25.8896
1979.8333333    20.3889
1979.9166333    9.7342
1980.0000333    5.6941
1980.0833333    24.116
1980.1666333    18.1531
1980.2500333    -7.2722
1980.3333333    -15.8508
1980.4166333    -26.0449
1980.5000333    -33.9322
1980.5833333    -42.2036
1980.6666333    -51.7059
1980.7500333    -48.9783
1980.8333333    -39.0194
1980.9166333    -36.753
1981.0000333    -33.3336
1981.0833333    -24.7598
1981.1666333    -24.4169
1981.2500333    -24.5364
1981.3333333    -20.6554
1981.4166333    -20.2361
1981.5000333    -20.1253
1981.5833333    -15.7063
1981.6666333    -6.9029
1981.7500333    8.4382
1981.8333333    13.4721
1981.9166333    5.6596
1982.0000333    -12.0767
1982.0833333    -18.5049
1982.1666333    -12.5485
1982.2500333    -6.9777
1982.3333333    -4.7909
1982.4166333    1.1649
1982.5000333    5.5045
1982.5833333    16.46
1982.6666333    26.1846
1982.7500333    27.9083
1982.8333333    35.5557
1982.9166333    39.4336
1983.0000333    45.1569
1983.0833333    60.9576
1983.1666333    80.2966
1983.2500333    85.0963
1983.3333333    80.2811
1983.4166333    66.0811
1983.5000333    53.5726
1983.5833333    40.757
1983.6666333    29.095
1983.7500333    23.3553
1983.8333333    27.4622
1983.9166333    19.7998
1984.0000333    9.8288
1984.0833333    7.6275
1984.1666333    17.6569
1984.2500333    24.8393
1984.3333333    22.4068
1984.4166333    21.5895
1984.5000333    17.7714
1984.5833333    14.8
1984.6666333    28.2899
1984.7500333    44.8559
1984.8333333    50.8071
1984.9166333    48.1427
1985.0000333    37.4774
1985.0833333    38.1204
1985.1666333    54.3786
1985.2500333    48.4052
1985.3333333    37.74
1985.4166333    24.69
1985.5000333    12.5623
1985.5833333    17.3581
1985.6666333    17.4615
1985.7500333    20.1794
1985.8333333    24.2825
1985.9166333    28.3854
1986.0000333    18.4105
1986.0833333    19.4362
1986.1666333    30.3079
1986.2500333    27.1786
1986.3333333    29.1269
1986.4166333    22.6135
1986.5000333    16.6376
1986.5833333    19.1238
1986.6666333    26.9945
1986.7500333    20.3259
1986.8333333    13.3501
1986.9166333    9.4511
1987.0000333    8.6281
1987.0833333    11.3441
1987.1666333    20.5985
1987.2500333    12.2366
1987.3333333    1.106
1987.4166333    -13.3325
1987.5000333    -24.0026
1987.5833333    -23.2106
1987.6666333    -28.7265
1987.7500333    -39.3971
1987.8333333    -28.2979
1987.9166333    -25.1219
1988.0000333    -33.716
1988.0833333    -42.7712
1988.1666333    -28.3649
1988.2500333    -30.3442
1988.3333333    -38.169
1988.4166333    -54.0709
1988.5000333    -54.2814
1988.5833333    -54.4145
1988.6666333    -54.5476
1988.7500333    -47.9125
1988.8333333    -39.2767
1988.9166333    -32.7181
1989.0000333    -33.5449
1989.0833333    -26.9866
1989.1666333    -13.4285
1989.2500333    -13.102
1989.3333333    -12.6211
1989.4166333    -26.1403
1989.5000333    -27.6604
1989.5833333    -29.0262
1989.6666333    -15.7767
1989.7500333    1.3181
1989.8333333    19.9519
1989.9166333    20.8932
1990.0000333    16.4491
1990.0833333    17.3901
1990.1666333    19.1001
1990.2500333    16.9632
1990.3333333    19.4421
1990.4166333    16.5363
1990.5000333    38.7066
1990.5833333    47.0312
1990.6666333    51.9711
1990.7500333    60.0639
1990.8333333    71.8496
1990.9166333    63.5582
1991.0000333    56.5737
1991.0833333    53.6666
1991.1666333    66.067
1991.2500333    72.2358
1991.3333333    69.3282
1991.4166333    62.3436
1991.5000333    64.358
1991.5833333    60.9115
1991.6666333    63.8494
1991.7500333    66.7865
1991.8333333    53.7241
1991.9166333    30.8154
1992.0000333    18.4443
1992.0833333    22.9968
1992.1666333    38.7799
1992.2500333    39.3314
1992.3333333    30.9603
1992.4166333    28.5122
1992.5000333    27.4478
1992.5833333    27.3839
1992.6666333    21.6276
1992.7500333    23.5627
1992.8333333    26.9599
1992.9166333    35.9724
1993.0000333    31.8301
1993.0833333    30.3037
1993.1666333    34.9311
1993.2500333    30.5575
1993.3333333    17.3384
1993.4166333    8.0422
1993.5000333    -3.1011
1993.5833333    -11.9361
1993.6666333    -17.0021
1993.7500333    -3.2996
1993.8333333    -0.5967
1993.9166333    -9.8939
1994.0000333    -25.7304
1994.0833333    -16.951
1994.1666333    -1.8641
1994.2500333    8.9912
1994.3333333    7.2317
1994.4166333    5.7028
1994.5000333    -1.4424
1994.5833333    -7.9717
1994.6666333    -0.1165
1994.7500333    14.9686
1994.8333333    15.7465
1994.9166333    15.832
1995.0000333    15.4551
1995.0833333    35.771
1995.1666333    50.3945
1995.2500333    59.6324
1995.3333333    44.9479
1995.4166333    30.9555
1995.5000333    14.9622
1995.5833333    12.8156
1995.6666333    15.8997
1995.7500333    6.6751
1995.8333333    -6.6258
1995.9166333    -23.2345
1996.0000333    -34.3057
1996.0833333    -32.1456
1996.1666333    -44.9087
1996.2500333    -39.7496
1996.3333333    -48.2822
1996.4166333    -53.2765
1996.5000333    -49.5795
1996.5833333    -32.8049
1996.6666333    -15.569
1996.7500333    7.1276
1996.8333333    17.2863
1996.9166333    19.0603
1997.0000333    20.2948
1997.0833333    25.8377
1997.1666333    33.2265
1997.2500333    42.5375
1997.3333333    14.3106
1997.4166333    -13.4549
1997.5000333    -18.9136
1997.5833333    -17.9102
1997.6666333    -21.5993
1997.7500333    -21.0585
1997.8333333    -27.6709
1997.9166333    -29.2066
1998.0000333    -38.5894
1998.0833333    -30.0485
1998.1666333    2.7999
1998.2500333    13.5705
1998.3333333    8.5725
1998.4166333    8.4204
1998.5000333    18.8059
1998.5833333    25.0382
1998.6666333    27.6549
1998.7500333    32.4245
1998.8333333    35.2716
1998.9166333    33.8879
1999.0000333    31.0416
1999.0833333    34.3498
1999.1666333    39.4271
1999.2500333    17.7342
1999.3333333    -2.1119
1999.4166333    -17.3429
1999.5000333    -24.4208
1999.5833333    -28.1136
1999.6666333    -29.8065
1999.7500333    -33.9619
1999.8333333    -31.809
1999.9166333    -37.3486
2000.0000333    -47.966
2000.0833333    -53.5828
2000.1666333    -44.2767
2000.2500333    -43.0485
2000.3333333    -48.3581
2000.4166333    -59.0525
2000.5000333    -67.0554
2000.5833333    -66.1348
2000.6666333    -62.9066
2000.7500333    -54.4485
2000.8333333    -49.9899
2000.9166333    -54.6852
2001.0000333    -60.0738
2001.0833333    -52.0772
2001.1666333    -37.8499
2001.2500333    -27.9313
2001.3333333    -29.7044
2001.4166333    -35.7084
2001.5000333    -36.021
2001.5833333    -29.8715
2001.6666333    -19.5683
2001.7500333    -8.4968
2001.8333333    -5.1939
2001.9166333    1.1857
2002.0000333    -0.7433
2002.0833333    9.9437
2002.1666333    32.0152
2002.2500333    37.855
2002.3333333    22.5415
2002.4166333    4.8432
2002.5000333    -9.0098
2002.5833333    -4.7084
2002.6666333    4.2852
2002.7500333    0.8932
2002.8333333    -3.1135
2002.9166333    -14.1205
2003.0000333    -20.6668
2003.0833333    -20.0586
2003.1666333    -11.3737
2003.2500333    -20.9205
2003.3333333    -29.3128
2003.4166333    -34.4746
2003.5000333    -29.7141
2003.5833333    -18.03
2003.6666333    -10.5769
2003.7500333    -13.8169
2003.8333333    -2.8256
2003.9166333    0.0886
2004.0000333    -1.8442
2004.0833333    -5.4688
2004.1666333    6.2911
2004.2500333    -4.1807
2004.3333333    -10.8058
2004.4166333    -24.8925
2004.5000333    -19.9033
2004.5833333    -7.9903
2004.6666333    -10.7699
2004.7500333    -17.5503
2004.8333333    -13.9456
2004.9166333    -16.1871
2005.0000333    -18.9681
2005.0833333    -17.133
2005.1666333    -2.9905
2005.2500333    -6.2334
2005.3333333    -20.0142
2005.4166333    -40.4106
2005.5000333    -54.4233
2005.5833333    -67.9738
2005.6666333    -79.2169
2005.7500333    -78.4608
2005.8333333    -77.9349
2005.9166333    -84.2553
2006.0000333    -96.4997
2006.0833333    -102.744
2006.1666333    -98.6029
2006.2500333    -102.848
2006.3333333    -114.861
2006.4166333    -117.798
2006.5000333    -111.582
2006.5833333    -102.75
2006.6666333    -92.9948
2006.7500333    -86.856
2006.8333333    -71.3321
2006.9166333    -61.7314
2007.0000333    -56.0546
2007.0833333    -45.3004
2007.1666333    -29.0079
2007.2500333    -17.4085
2007.3333333    -25.8086
2007.4166333    -31.4396
2007.5000333    -24.4562
2007.5833333    -27.2414
2007.6666333    -24.4113
2007.7500333    -19.7361
2007.8333333    -16.7525
2007.9166333    -25.1537
2008.0000333    -28.402
2008.0833333    -35.9574
2008.1666333    -28.5129
2008.2500333    -39.7617
2008.3333333    -64.933
2008.4166333    -83.4121
2008.5000333    -84.1229
2008.5833333    -87.0638
2008.6666663    0.0
2008.7500333    -83.1778
2008.8333333    -70.2731
2008.9166333    -69.3686
2009.0000333    -76.7726
2009.0833333    -73.253
2009.1666333    -58.8105
2009.2500333    -34.5228
2009.3333333    -33.7729
2009.4166333    -30.5616
2009.5000333    -27.5051
2009.5833333    -14.6019
2009.6666333    -19.3142
2009.7500333    -13.1812
2009.8333333    -4.5092
2009.9166333    -3.222
2010.0000333    9.9104
2010.0833333    15.4281
2010.1666333    30.561
2010.2500333    17.4622
2010.3333333    1.364
2010.4166333    -24.1959
2010.5000333    -42.6798
2010.5833333    -53.3939
2010.6666333    -54.185
2010.7500333    -39.9771
2010.8333333    -36.2301
2010.9166333    -40.3295
2011.0000333    -47.8143
2011.0833333    -67.914
2011.1666333    -73.6292
2011.2500333    -91.3453
2011.3333333    -94.2916
2011.4166333    -95.9304
2011.5000333    -95.4931
2011.5833333    -83.7476
2011.6666333    -63.0792
2011.7500333    -52.1809
2011.8333333    -49.8974
2011.9166333    -43.6909
2012.0000333    -42.0239
2012.0833333    -38.7409
2012.1666333    -26.6119
2012.2500333    -21.7915
2012.3333333    -23.2782
2012.4166333    -30.1496
2012.5000333    -37.5605
2012.5833333    -31.4323
2012.6666333    -36.1504
2012.7500333    -34.9463
2012.8333333    -38.8186
2012.9166333    -43.9218
2013.0000333    -53.4875
2013.0833333    -54.0525
2013.1666333    -42.7716
2013.2500333    -37.1839
2013.3333333    -30.211
2013.4166333    -37.9306
2013.5000333    -44.1126
2013.5833333    -45.4479
2013.6666333    -46.091
2013.7500333    -39.735
2013.8333333    -41.6862
2013.9166333    -38.6374
2014.0000333    -43.0512
2014.0833333    -44.3105
2014.1666333    -32.2623
2014.2500333    -38.5996
2014.3333333    -50.0902
2014.4166333    -60.8117
2014.5000333    -65.3803
2014.5833333    -59.3328
2014.6666333    -58.5933
2014.7500333    -50.1623
2014.8333333    -37.8077
2014.9166333    -34.9917
2015.0000333    -42.4074
2015.0833333    -32.8994
2015.1666333    -19.3916
2015.2500333    -14.6539
2015.3333333    -1.4541
2015.4166333    8.5917
2015.5000333    11.6365
2015.5833333    14.2205
2015.6666333    27.4966
2015.7500333    52.3871
2015.8333333    66.2013
2015.9166333    64.8616
2016.0000333    63.6747
2016.0833333    76.95
2016.1666333    94.1482
2016.2500333    101.576
2016.3333333    100.236
2016.4166333    88.3564
2016.5000333    74.707
2016.5833333    68.9044
2016.6666333    80.6401
2016.7500333    83.4518
2016.8333333    71.9564
2016.9166333    69.307
2017.0000333    59.272
2017.0833333    67.4684
2017.1666333    70.9724
2017.2500333    74.3985
2017.3333333    63.2098
2017.4166333    43.0979
2017.5000333    21.6004
2017.5833333    23.1036
2017.6666333    29.4527
2017.7500333    27.9547
2017.8333333    21.4574
2017.9166333    16.7291
2018.0000333    -0.7693
2018.0833333    5.7329
2018.1666333    10.4657
2018.2500333    20.4283
2018.3333333    1.1607
2018.4166333    -8.8762
2018.5000333    -11.3756
2018.5833333    9.6641
2018.6666333    15.319
2018.7500333    17.6652
2018.8333333    34.9352
2018.9166333    41.7435
2019.0000333    50.1662
2019.0833333    57.2818
2019.1666333    72.3203
2019.2500333    80.7425
2019.3333333    67.9346
2019.4166333    61.5881
2019.5000333    64.9329
2019.5833333    65.5091
2019.6666333    62.0851
2019.7500333    72.0448
2019.8333333    77.159
2019.9166333    70.5807
2020.0000333    67.5399
2020.0833333    66.1921
2020.1666333    88.5364
2020.2500333    84.2643
2020.3333333    74.1468
2020.4166333    56.029
2020.5000333    46.5258
2020.5833333    37.8693
2020.6666333    46.5203
2020.7500333    54.9396
2020.8333333    54.4364
2020.9166333    53.7024
2021.0000333    42.6597
2021.0833333    42.6176
2021.1666333    46.9599
2021.2500333    35.7629
2021.3333333    28.1049
2021.4166333    17.0622
2021.5000333    16.6339
2021.5833333    25.2062
2021.6666333    27.6245
2021.7500333    31.1958
2021.8333333    23.383
2021.9166333    7.0316
2022.0000333    -5.4746
2022.0833333    -2.7494
2022.1666333    5.3603
2022.2500333    3.7767
2022.3333333    -0.2678
2022.4166333    -3.5433
2022.5000333    -5.8197
2022.5833333    -2.7108
2022.6666333    7.4748
2022.7500333    23.0441
2022.8333333    23.8447
2022.9166333    23.5683
2023.0000333    23.8294
2023.0833333    26.3989
2023.1666333    32.122
2023.2500333    36.6903
2023.3333333    37.1054
2023.4166333    29.3665
2023.5000333    13.6266
2023.5833333    2.6566
2023.6666333    9.6864
2023.7500333    1.2538
2023.8333333    1.1294
2023.9166333    4.2357
2024.0000333    -3.1205
2024.0833333    -3.7069
2024.1666333    10.4758
2024.2500333    14.1191
2024.3333333    7.0707
2024.4166333    -8.6701
2024.5000333    -8.5273
2024.5833333    5.5812
2024.6666333    22.644
2024.7500333    25.8676
2024.8333333    37.1889
2024.9166333    27.2205
