offs    0.00000000000
bg      0.00014145452
impA    0.00000000000
impB    0.00000000000
impC    0.00000000000
delA    4.56739144026
delB    0.72718786582
asym   -0.00008029824
ann1    3.97047435046
ann2   -0.67089545645
sem1   -6.02910393853
sem2    0.00000032205
year   -0.00002792655
IR     -0.00000000000
ma     -0.00000000000
mp      0.00011124411
shfT   -0.00000000000
init   -0.00680806784
   27.32166155400   0.00639638617  -1.33740805217
   27.21222081500   0.03110722709  -0.73874402876
 1095.17502233364   0.00042125931  -0.28630891308
    9.08286783775   0.00420860412   1.45766237610
    6.81670784238   0.00138018504   0.37707279707
   13.63341568476   0.00536044079   9.84081768030
   13.66083077700  -0.00268603667  14.57635424018
   13.60611040750  -0.00174775736  20.06776242715
   27.55454988600  -0.00435100949   3.04158515624
   13.77727494300  -0.00248276933  78.49464731534
 6793.47648813065   0.00071167726 -23.94791705337
 1616.30271425126  -0.00051680817   0.42513813942
   27.09267692660  -0.00174042785   1.65156231234
    9.09502787633   0.00257892148   0.61992828636
   13.69115772864   0.00007823785  -1.98206676491
 1305.66025845931   0.00028085268   1.21110703284
   27.44323926226  -0.00005970962   1.73403341725
   27.66676714572  -0.00107008300   2.69376642301
 2190.35004466729   0.00135643250   2.10267766918
   26.98505934729   0.00128095276   6.32532635020
 6167.20701373239  -0.00009036438  -3.98077899527
 -3232.60542850251   0.00086116179   0.29788065309
 -2120.90900683440  -0.00211158392  -0.27344888253
   27.33282433123  -0.00024451584   8.96030954955
   13.71880577217   0.00294181887 -16.87394906149
    9.13295078376   0.00006489612   8.02719484246
    9.12068919638   0.00073622586   0.83302284117
    9.10846048884   0.00143719672   1.01413101022
 3396.73824406533   0.00125264052 -39.00343134569
ltep   23.29925401616
ltep    2.62571774578
ltep    3.91413290270
ltep   12.28983519434
ltep   11.21165301861
ltep   -2.09107104701
ltep    3.18081070896
ltep    3.58245503554
ltep  -61.72163523927
ltep  -17.10853873324
ltep    9.91351101642
harm  45
harm  50
harm  48
harm  18
harm  42
harm  53
harm  2217
harm  8734
harm  8775
harm  9280
harm  50
harm  80
harm  219
harm  186
harm  261
harm  133
harm  55
harm  683
harm  490
harm  1196
harm  119
harm  173
harm  284
harm  23
harm  74
harm  58
harm  139
harm  0
