offs    0.00000000000
bg      0.00014145452
impA    0.00000000000
impB    0.00000000000
impC    0.00000000000
delA    4.56461023938
delB    0.72718786582
asym   -0.00032473528
ann1    0.08873587218
ann2   -1.93371633958
sem1   -0.04049631812
sem2    0.22327383070
year   -0.00002792655
IR     -0.00000000000
ma     -0.00000000000
mp      0.00011652204
shfT   -0.00000000000
init   -0.00593593530
   27.32166155400   0.00629193335  -1.36508095096
   27.21222081500   0.03078144425  -0.74667024438
 1095.17502233364   0.00029812109  -0.03964817053
    9.08286783775   0.00416496784   1.44699990506
    6.81670784238   0.00116620021   0.42329596307
   13.63341568476   0.00516898523   9.80977729262
   13.66083077700  -0.00268900082  14.71709261192
   13.60611040750  -0.00177422660  20.79663219627
   27.55454988600  -0.00441478266   3.03350811475
   13.77727494300  -0.00222931406  78.46242233633
 6793.47648813065   0.00069465383 -24.02260248087
 1616.30271425126  -0.00055625730   0.53674398198
   27.09267692660  -0.00214499943   1.72128888434
    9.09502787633   0.00251838754   0.59716212778
   13.69115772864   0.00006838335  -1.74553224846
 1305.66025845931   0.00028251726   1.29104351088
   27.44323926226  -0.00006644205   0.47641655813
   27.66676714572  -0.00101585318   2.77280651598
 2190.35004466729   0.00136047477   2.02539219362
   26.98505934729   0.00105357744   6.39340137474
 6167.20701373239  -0.00008116310  -4.05588223369
 -3232.60542850251   0.00087224717   0.31187842742
 -2120.90900683440  -0.00218716665  -0.29582567977
   27.33282433123  -0.00019987790   8.98078396436
   13.71880577217   0.00300330019 -16.88266506774
    9.13295078376   0.00007931730   8.06756090624
    9.12068919638   0.00074353121   0.79086670218
    9.10846048884   0.00142850455   1.00146281162
 3396.73824406533   0.00121019588 -39.22405983656
ltep   24.03273085009
ltep    2.90686872523
ltep    3.91413290270
ltep   12.28983519434
ltep   11.21165301861
ltep   -2.09107104701
ltep    3.18081070896
ltep    3.58245503554
ltep  -61.72163523927
ltep  -17.10853873324
ltep    9.89513841622
harm  45
harm  50
harm  48
harm  18
harm  42
harm  32
harm  2217
harm  8734
harm  8775
harm  9280
harm  50
harm  80
harm  219
harm  186
harm  261
harm  133
harm  55
harm  683
harm  490
harm  1196
harm  119
harm  173
harm  284
harm  23
harm  74
harm  58
harm  139
harm  0
