offs    0.00000000000
bg      0.00014145030
impA    0.00000000000
impB    0.00000000000
impC    0.00000000000
delA    4.56048104765
delB    0.79873573316
asym   -0.01417825922
ann1    4.06709949820
ann2   -1.11058256338
sem1    1.96951110962
sem2   -0.65638680499
year   -0.00002792676
IR     -0.00000000000
ma     -0.00000000000
mp      0.00007719155
shfT   -0.00000000000
init   -0.00014240644
   27.32166155400   0.00601266890  -1.57044636233
   27.21222081500   0.02982744627  -0.81231930451
 1095.17502233364   0.00097723895  -0.36816475720
    9.08286783775   0.00578121022   1.53614041428
    6.81670784238  -0.00089551041   0.48344457817
   13.63341568476   0.00471804008  16.34030693131
   13.66083077700  -0.00245623134  26.53432898128
   13.60611040750  -0.00255398509  20.35505439441
   27.55454988600  -0.00447773779   2.85749076085
   13.77727494300  -0.00260163433   5.03183651137
 6793.47648813065   0.00073826911   0.18830787615
 1616.30271425126  -0.00127819972  -1.39948142920
   27.09267692660  -0.00166448880   2.08861831680
    9.09502787633   0.00287430862   0.56055387749
   13.69115772864   0.00138610547  17.29212975487
 1305.66025845931  -0.00074199518   0.35488207300
   27.44323926226  -0.00122323396   0.91435915729
   27.66676714572  -0.00118993771   3.24097586915
 2190.35004466729   0.00186574873   1.71808511348
   26.98505934729   0.00225541870   5.82697729236
 6167.20701373239  -0.00021976963 -12.46185872134
 -3232.60542850251   0.00039776648   1.46942378964
 -2120.90900683440  -0.00117785376  -0.06080366040
   27.33282433123  -0.00044402182  15.52168611276
   13.71880577217   0.00441808017   1.60288276607
    9.13295078376   0.00005188813  -0.46296737333
    9.12068919638   0.00080159615   0.68730298625
    9.10846048884   0.00185682063   0.92546733355
 3396.73824406533   0.00165303070 -26.15107761795
 1656.31999626209   0.00067086815   8.13620010102
   27.10365333842  -0.00167037483   0.52409612771
ltep   23.02519986759
ltep    9.47224227602
ltep   18.68216048000
ltep  100.00000000000
ltep   10.00000000000
ltep  200.00000000000
ltep  600.00000000000
ltep   70.00000000000
ltep  150.00000000000
ltep  400.00000000000
ltep    0.50000000000
harm  20
harm  24
harm  0
