offs    0.00000000000
bg      0.00014145030
impA    0.00000000000
impB    0.00000000000
impC    0.00000000000
delA    4.55195483967
delB    0.79873573316
asym   -0.01301356557
ann1    3.34386062262
ann2   -0.97686173214
sem1    1.31496662742
sem2   -0.77855428176
year   -0.00002792676
IR     -0.00000000000
ma     -0.00000000000
mp     -0.00007804683
shfT   -0.00000000000
init   -0.00014337358
   27.32166155400   0.00599016693  -1.55812473969
   27.21222081500   0.02993359954  -0.81039711106
 1095.17502233364   0.00098910630  -0.40476111970
    9.08286783775   0.00583775167   1.53873620607
    6.81670784238  -0.00083149522   0.40744115916
   13.63341568476   0.00473402863  16.34241987738
   13.66083077700  -0.00243580892  26.56326346486
   13.60611040750  -0.00257212054  20.34631026496
   27.55454988600  -0.00450033618   2.86165761755
   13.77727494300  -0.00259291186   5.05509534341
 6793.47648813065   0.00072981083   0.18530557307
 1616.30271425126  -0.00128576203  -1.41752867238
   27.09267692660  -0.00167308410   2.10679631555
    9.09502787633   0.00283487128   0.54845798466
   13.69115772864   0.00146033605  17.32687080767
 1305.66025845931  -0.00068324343   0.34759994701
   27.44323926226  -0.00120642974   0.91385805124
   27.66676714572  -0.00118427033   3.24212825440
 2190.35004466729   0.00188209674   1.70889264602
   26.98505934729   0.00226212161   5.84677830571
 6167.20701373239  -0.00022050981 -12.42081024369
 -3232.60542850251   0.00039572619   1.49839614336
 -2120.90900683440  -0.00120157618  -0.06026019831
   27.33282433123  -0.00049762046  15.70222002279
   13.71880577217   0.00435124827   1.61572387912
    9.13295078376   0.00004790841  -0.44882881650
    9.12068919638   0.00081283211   0.68416259637
    9.10846048884   0.00186111220   0.92848536294
 3396.73824406533   0.00164223088 -26.13611204165
 1656.31999626209   0.00065617201   8.24228381165
   27.10365333842  -0.00166486830   0.53135509274
ltep   22.88167218635
ltep    9.45242071666
ltep   18.68216048000
ltep  100.00000000000
ltep   10.00000000000
ltep  200.00000000000
ltep  600.00000000000
ltep   70.00000000000
ltep  150.00000000000
ltep  400.00000000000
ltep    0.50000000000
harm  12
harm  24
harm  0
