offs    0.00000000000
bg      0.00014145030
impA    0.00000000000
impB    0.00000000000
impC    0.00000000000
delA    4.56793500142
delB    0.79873573316
asym   -0.01462021667
ann1    3.28774700177
ann2   -0.97744495726
sem1    1.44148161323
sem2   -0.71795970445
year   -0.00002792676
IR     -0.00000000000
ma     -0.00000000000
mp     -0.00007537016
shfT   -0.00000000000
init   -0.00014048358
   27.32166155400   0.00616564487  -1.56417395143
   27.21222081500   0.02980600808  -0.80976441331
 1095.17502233364   0.00104379509  -0.40081245767
    9.08286783775   0.00591095964   1.54153539220
    6.81670784238  -0.00083435547   0.44530658074
   13.63341568476   0.00471669269  16.33560022439
   13.66083077700  -0.00241039900  26.55408794272
   13.60611040750  -0.00255059025  20.33569161448
   27.55454988600  -0.00437754710   2.85707702147
   13.77727494300  -0.00274000101   5.07779990035
 6793.47648813065   0.00075805892   0.18415437335
 1616.30271425126  -0.00128451865  -1.41762372605
   27.09267692660  -0.00169406575   2.11457978109
    9.09502787633   0.00285614301   0.55391797212
   13.69115772864   0.00140840019  17.34103322762
 1305.66025845931  -0.00070735567   0.31368242565
   27.44323926226  -0.00117880478   0.91012674051
   27.66676714572  -0.00119559552   3.22613722173
 2190.35004466729   0.00194932594   1.71840473871
   26.98505934729   0.00222271761   5.70864672469
 6167.20701373239  -0.00022368115 -12.41046818062
 -3232.60542850251   0.00036035722   1.40208071804
 -2120.90900683440  -0.00122098579  -0.05245761081
   27.33282433123  -0.00054049035  15.32853435657
   13.71880577217   0.00432979961   1.58129844309
    9.13295078376   0.00004880239  -0.51930499058
    9.12068919638   0.00079456081   0.71725784467
    9.10846048884   0.00190120678   0.95064750618
 3396.73824406533   0.00164311193 -26.18953307629
 1656.31999626209   0.00064626533   8.22299082470
   27.10365333842  -0.00177117671   0.46408357883
ltep   23.84374949926
ltep    9.46101615104
ltep   18.68216048000
ltep  100.00000000000
ltep   10.00000000000
ltep  200.00000000000
ltep  600.00000000000
ltep   70.00000000000
ltep  150.00000000000
ltep  400.00000000000
ltep    0.50000000000
harm  9
harm  24
harm  0
