offs    0.00000000000
bg      0.00014145030
impA    0.00000000000
impB    0.00000000000
impC    0.00000000000
delA    4.53354986895
delB    0.79873573316
asym    0.07682337587
ann1    0.04062707954
ann2   -1.09473720783
sem1    0.01036471310
sem2    1.18036388577
year   -0.00002792676
IR     -0.00000000000
ma     -0.00000000000
mp     -0.00011126206
shfT   -0.00000000000
init   -0.00290708765
   27.32166155400   0.00669414533  -1.43167953939
   27.21222081500   0.03100435387  -0.72765104413
 1095.17502233364   0.00015101813  -0.65145283888
    9.08286783775   0.00510202973   1.39464028641
    6.81670784238   0.00140936924  -0.01936588155
   13.63341568476   0.00464580902   9.94160615376
   13.66083077700  -0.00333467487  20.78724004287
   13.60611040750  -0.00213162598  20.93258080478
   27.55454988600  -0.00507759802   3.17927402269
   13.77727494300  -0.00325016826  23.24527333562
 6793.47648813065   0.00066964810  -0.08636051189
 1616.30271425126  -0.00100975881  -1.13962530143
   27.09267692660  -0.00243225343   2.08740008272
    9.09502787633   0.00234779946   0.85372022694
   13.69115772864   0.00098042094   4.14561173969
 1305.66025845931  -0.00036725549  -0.45182667874
   27.44323926226  -0.00162109929   1.31164860109
   27.66676714572  -0.00098316276   2.81147197558
 2190.35004466729   0.00170467253   2.12453846737
   26.98505934729   0.00211359837   5.50224203906
 6167.20701373239  -0.00022917066 -11.66469523652
 -3232.60542850251   0.00049404927   0.44466771876
 -2120.90900683440  -0.00197930961  -0.17869019222
   27.33282433123  -0.00055914857  54.76347050177
   13.71880577217   0.00344086597   1.82786704058
    9.13295078376   0.00006201036   0.92986967222
    9.12068919638   0.00077706867   0.53703680257
    9.10846048884   0.00179811566   0.78837470351
 3396.73824406533   0.00108248534 -32.50835038153
 1656.31999626209   0.00023850953   5.59831653744
   27.10365333842  -0.00031982665   2.59414252654
ltep  -13.09277073615
ltep  -23.67182216920
ltep   18.68216048000
ltep  100.00000000000
ltep   10.00000000000
ltep  200.00000000000
ltep  600.00000000000
ltep   70.00000000000
ltep  150.00000000000
ltep  400.00000000000
ltep    0.50000000000
harm  39
harm  19
harm  0
