offs    0.00000000000
bg      0.00014145030
impA    0.00000000000
impB    0.00000000000
impC    0.00000000000
delA    4.54105159648
delB    0.79873573316
asym    0.06239967585
ann1    0.01984424809
ann2    0.36850875771
sem1   -0.00384403305
sem2    1.01217681323
year   -0.00002792676
IR     -0.00000000000
ma     -0.00000000000
mp     -0.00011031687
shfT   -0.00000000000
init   -0.00268285867
   27.32166155400   0.00677361584  -1.47629127850
   27.21222081500   0.03111263840  -0.72471359730
 1095.17502233364   0.00019078828  -0.63875490760
    9.08286783775   0.00506404044   1.37462337964
    6.81670784238   0.00153872046  -0.03855455804
   13.63341568476   0.00471734648   9.93510005339
   13.66083077700  -0.00333568878  20.79324002737
   13.60611040750  -0.00205542221  20.90379052797
   27.55454988600  -0.00511165244   3.14424407305
   13.77727494300  -0.00337846223  23.26699449462
 6793.47648813065   0.00070055365  -0.08338994304
 1616.30271425126  -0.00099402286  -1.08862595860
   27.09267692660  -0.00256241464   2.15612321856
    9.09502787633   0.00237325027   0.87180049358
   13.69115772864   0.00104466886   4.21234178173
 1305.66025845931  -0.00037516410  -0.32252541319
   27.44323926226  -0.00160969206   1.25606297352
   27.66676714572  -0.00102566863   2.78616835727
 2190.35004466729   0.00165637772   2.12227431583
   26.98505934729   0.00191171767   5.46993201101
 6167.20701373239  -0.00023040328 -11.75432534958
 -3232.60542850251   0.00044751572   0.53493477608
 -2120.90900683440  -0.00200695668  -0.19247326109
   27.33282433123  -0.00045388622  55.36141936778
   13.71880577217   0.00322490721   1.76683413068
    9.13295078376   0.00006188615   0.89416777735
    9.12068919638   0.00079775185   0.56963538659
    9.10846048884   0.00179272373   0.78813751517
 3396.73824406533   0.00103241021 -32.48066530186
 1656.31999626209   0.00021792245   5.49875281412
   27.10365333842  -0.00022778384   2.71390891161
ltep    6.54535453580
ltep   23.74654987422
ltep   18.68216048000
ltep  100.00000000000
ltep   10.00000000000
ltep  200.00000000000
ltep  600.00000000000
ltep   70.00000000000
ltep  150.00000000000
ltep  400.00000000000
ltep    0.50000000000
harm  11
harm  9
harm  0
