1904.3333  21.4693
1904.4167  12.2100
1904.5000  5.4507
1904.5833  2.0247
1904.6667  -6.4012
1904.7500  -14.8272
1904.8333  -20.7532
1904.9167  -26.6791
1905.0000  -31.7718
1905.0833  -27.6978
1905.1667  -22.7904
1905.2500  -19.5497
1905.3333  -21.3090
1905.4167  -18.0683
1905.5000  -16.4943
1905.5833  -18.2536
1905.6667  -21.6796
1905.7500  -22.6055
1905.8333  -25.1982
1905.9167  -27.7908
1906.0000  -30.3835
1906.0833  -28.8094
1906.1667  -33.9021
1906.2500  -36.4947
1906.3333  -38.2540
1906.4167  -34.1800
1906.5000  -35.1060
1906.5833  -27.6986
1906.6667  -18.6246
1906.7500  -8.7172
1906.8333  2.8568
1906.9167  11.9309
1907.0000  16.0049
1907.0833  18.4122
1907.1667  29.1529
1907.2500  28.2270
1907.3333  25.6343
1907.4167  17.2084
1907.5000  19.6157
1907.5833  17.8564
1907.6667  21.0971
1907.7500  30.1711
1907.8333  30.0785
1907.9167  29.1525
1908.0000  36.5599
1908.0833  38.1339
1908.1667  33.0413
1908.2500  34.6153
1908.3333  46.1893
1908.4167  51.0967
1908.5000  56.8374
1908.5833  51.7447
1908.6667  44.9854
1908.7500  39.0595
1908.8333  35.6335
1908.9167  36.3742
1909.0000  30.4482
1909.0833  30.3556
1909.1667  31.9296
1909.2500  32.6703
1909.3333  30.9110
1909.4167  35.8183
1909.5000  36.5590
1909.5833  41.5497
1909.6667  48.8738
1909.7500  51.7811
1909.8333  59.2718
1909.9167  60.1792
1910.0000  65.0032
1910.0833  67.5772
1910.1667  65.4846
1910.2500  60.9753
1910.3333  57.5493
1910.4167  57.4567
1910.5000  63.0307
1910.5833  67.1881
1910.6667  70.2621
1910.7500  69.0861
1910.8333  67.7435
1910.9167  74.2342
1911.0000  74.7249
1911.0833  72.4656
1911.1667  78.6229
1911.3333  86.4377
1911.4167  86.0117
1911.5000  83.5857
1911.5833  76.3264
1911.6667  72.6504
1911.7500  66.9745
1911.8333  62.8818
1911.9167  58.2892
1912.0000  51.3632
1912.0833  53.5206
1912.1667  50.4279
1912.2500  48.5020
1912.3333  39.9093
1912.4167  38.7333
1912.5000  35.8074
1912.5833  32.2147
1912.6667  27.4554
1912.7500  22.6128
1912.8333  18.1868
1912.9167  16.5108
1913.0000  8.0015
1913.0833  -3.5911
1913.1667  -1.5171
1913.2500  -11.6097
1913.3333  -7.3690
1913.4167  0.4550
1913.5000  3.9457
1913.5833  3.4364
1913.6667  3.5938
1913.7500  6.5011
1913.8333  5.5751
1913.9167  3.3158
1914.0000  1.8899
1914.0833  -0.3694
1914.1667  -13.8787
1914.2500  -15.7214
1914.3333  -21.5640
1914.4167  -29.9900
1914.5000  -37.1660
1914.5833  -35.0086
1914.6667  -33.0179
1914.7500  -34.1939
1914.8333  -35.0365
1914.9167  -35.7125
1915.0000  -29.1385
1915.0833  -30.2311
1915.1667  -19.4071
1915.2500  -10.5830
1915.3333  -3.3424
1915.4167  -0.2683
1915.5000  4.3890
1915.5833  5.2131
1915.6667  12.2871
1915.7500  20.9445
1915.8333  27.2685
1915.9167  34.0925
1916.0000  38.2499
1916.0833  50.4906
1916.1667  49.6479
1916.2500  46.1386
1916.3333  47.7960
1916.4167  51.3700
1916.5000  56.1940
1916.5833  64.1847
1916.6667  63.9254
1916.7500  59.6661
1916.8333  60.7401
1916.9167  63.8975
1917.0000  62.9715
1917.0833  61.0456
1917.1667  60.2863
1917.2500  59.0345
1917.3333  52.4773
1917.4167  48.0589
1917.5000  49.7238
1917.5833  40.7777
1917.6667  41.5260
1917.7500  42.3854
1917.8333  40.1059
1917.9167  33.4931
1918.0000  31.7136
1918.0833  23.9063
1918.1667  14.3768
1918.2500  12.2286
1918.3333  13.6360
1918.4167  10.7378
1918.5000  4.2840
1918.5833  -2.9753
1918.6667  -15.6235
1918.7500  -22.0217
1918.8333  -30.3921
1918.9167  -33.6615
1919.0000  -35.7541
1919.0833  -37.8745
1919.1667  -30.6894
1919.2500  -21.5674
1919.3333  -21.8827
1919.4167  -23.9479
1919.5000  -27.9576
1919.5833  -26.4256
1919.6667  -18.8242
1919.7500  -17.1256
1919.8333  -12.9408
1919.9167  -12.9821
1920.0000  -19.7834
1920.0833  -18.7376
1920.1667  -16.9001
1920.2500  -23.8466
1920.3333  -23.5020
1920.4167  -20.4907
1920.5000  -13.3128
1920.5833  -8.1412
1920.6667  -11.1501
1920.7500  -13.5618
1920.8333  -16.2374
1920.9167  -18.7602
1921.0000  -17.0052
1921.0833  -16.1808
1921.1667  -24.1758
1921.2500  -30.7403
1921.3333  -33.9087
1921.4167  -35.2437
1921.5000  -38.1065
1921.5833  -35.3381
1921.6667  -33.2085
1921.7500  -28.3567
1921.8333  -24.3104
1921.9167  -21.0975
1922.0000  -16.7179
1922.0833  -11.7828
1922.1667  -6.0421
1922.2500  -0.7458
1922.3333  1.4115
1922.4167  3.6800
1922.5000  6.4207
1922.5833  4.4220
1922.6667  2.9720
1922.7500  -3.0267
1922.8333  -11.8517
1922.9167  -8.9337
1923.0000  -7.2102
1923.0833  -16.2575
1923.1667  -19.9158
1923.2500  -18.3312
1923.3333  -20.4826
1923.4167  -25.6827
1923.5000  -31.1605
1923.5833  -27.4349
1923.6667  -24.5218
1923.7500  -21.9837
1923.8333  -7.5289
1923.9167  -6.9492
1924.0000  -4.2236
1924.0833  4.0645
1924.1667  10.1235
1924.2500  13.9949
1924.3333  25.6372
1924.4167  32.6336
1924.5000  39.1717
1924.5833  35.5582
1924.6667  38.3406
1924.7500  39.0813
1924.8333  31.4886
1924.9167  22.8543
1925.0000  17.7825
1925.0833  18.1274
1925.1667  17.3264
1925.2500  15.8379
1925.3333  1.3495
1925.4167  -1.0140
1925.5000  -4.6691
1925.5833  -5.5118
1925.6667  -12.4586
1925.7500  -18.2804
1925.8333  -20.3730
1925.9167  -15.4657
1926.0000  -22.2666
1926.0833  -24.7343
1926.1667  -28.0561
1926.2500  -34.9612
1926.3333  -33.0330
1926.4167  -35.4382
1926.5000  -40.5516
1926.5833  -44.6235
1926.6667  -43.0494
1926.7500  -37.6837
1926.8333  -34.3805
1926.9167  -36.1190
1927.0000  -36.6700
1927.0833  -40.3043
1927.1667  -41.9178
1927.2500  -44.0104
1927.3333  -46.0405
1927.4167  -49.4873
1927.5000  -51.8300
1927.5833  -54.5629
1927.6667  -58.1916
1927.7500  -59.6328
1927.8333  -59.4282
1927.9167  -57.4945
1928.0000  -48.2482
1928.0833  -45.2103
1928.1667  -43.2556
1928.2500  -32.8010
1928.3333  -24.2631
1928.4167  -19.2252
1928.5000  -14.7081
1928.5833  -9.0090
1928.6667  -7.2683
1928.7500  -7.7360
1928.8333  -3.3286
1928.9167  -3.8796
1929.0000  -1.8472
1929.0833  1.0601
1929.1667  0.6758
1929.2500  -3.8335
1929.3333  -7.6761
1929.4167  -1.9354
1929.5000  3.1386
1929.5833  3.9210
1929.6667  6.2450
1929.7500  7.0274
1929.8333  0.3097
1929.9167  1.0921
1930.0000  -2.2089
1930.0833  -4.7599
1930.1667  -4.3525
1930.2500  -0.4451
1930.3333  -4.8295
1930.4167  -15.5471
1930.5000  -24.3481
1930.5833  -22.8574
1930.6667  -25.6583
1930.7500  -30.7093
1930.8333  -31.0520
1930.9167  -31.6446
1931.0000  -33.6539
1931.0833  -34.9549
1931.1667  -38.4225
1931.2500  -44.0568
1931.3333  -46.0661
1931.4167  -45.5338
1931.5000  -40.1681
1931.5833  -40.7607
1931.6667  -35.3968
1931.7500  -34.8644
1931.8333  -30.5821
1931.9167  -29.2580
1932.0000  -25.1007
1932.0833  -26.5266
1932.1667  -29.7026
1932.2500  -34.1286
1932.3333  -30.3879
1932.4167  -26.2305
1932.5000  -26.8648
1932.5833  -27.7075
1932.6667  -29.0067
1932.7500  -25.3910
1932.8333  -23.9003
1932.9167  -26.9096
1933.0000  -32.9606
1933.0833  -33.4699
1933.1667  -27.3958
1933.2500  -21.9052
1933.3333  -16.8311
1933.4167  -12.2988
1933.5000  -7.5997
1933.5833  -4.5674
1933.6667  -4.7850
1933.7500  -4.7943
1933.8333  -10.4286
1933.9167  -11.5629
1934.0000  -5.0722
1934.0833  -1.5399
1934.1667  -2.7158
1934.2500  -1.3936
1934.3333  -6.9862
1934.4167  -7.1640
1934.5000  -8.2566
1934.5833  -3.2243
1934.6667  -1.9002
1934.7500  3.4238
1934.8333  4.5812
1934.9167  7.1135
1935.0000  7.7292
1935.0833  5.2199
1935.1667  7.1689
1935.2500  2.3697
1935.3333  3.5688
1935.4167  -2.6072
1935.5000  -13.0332
1935.5833  -22.4175
1935.6667  -27.5101
1935.7500  -29.4778
1935.8333  -30.1954
1935.9167  -36.2047
1936.0000  -40.2557
1936.0833  -37.2233
1936.1667  -32.4826
1936.2500  -26.2836
1936.3333  -23.9596
1936.4167  -16.8421
1936.5000  -9.7264
1936.5833  1.7890
1936.6667  12.3953
1936.7500  17.0295
1936.8333  27.6907
1936.9167  38.1644
1937.0000  42.2840
1937.0833  46.9452
1937.1667  46.5856
1937.2500  51.1009
1937.3333  57.2351
1937.4167  60.5630
1937.5000  71.8700
1937.5833  61.9610
1937.6667  57.3777
1937.7500  52.2666
1937.8333  55.2934
1937.9167  54.3844
1938.0000  64.2028
1938.0833  74.5212
1938.1667  74.4455
1938.2500  72.2448
1938.3333  67.8004
1938.4167  60.2873
1938.5000  55.9182
1938.5833  59.7839
1938.6667  56.3579
1938.7500  57.3069
1938.8333  50.4661
1938.9167  52.9151
1939.0000  52.8242
1939.0833  53.6500
1939.1667  59.8907
1939.2500  55.4647
1939.3333  56.1638
1939.4167  58.8628
1939.5000  59.3969
1939.5833  60.8460
1939.6667  64.3366
1939.7500  62.2023
1939.8333  58.4430
1939.9167  57.1837
1940.0000  37.8411
1940.0833  18.5818
1940.1667  7.8641
1940.2500  8.4798
1940.3333  5.2622
1940.4167  3.9196
1940.5000  -5.8814
1940.5833  -14.3144
1940.6667  -26.3725
1940.7500  -26.5416
1940.8333  -33.4191
1940.9167  -38.1065
1941.0000  -27.4562
1941.0833  -26.1948
1941.1667  -21.6973
1941.2500  -22.6998
1941.3333  -18.2300
1941.4167  -20.7186
1941.5000  -15.5128
1941.5833  -16.8501
1941.6667  -11.5607
1941.7500  -18.1602
1941.8333  -14.5096
1941.9167  -11.0491
1942.0000  -19.9264
1942.0833  -17.9147
1942.1667  -19.6809
1942.2500  -15.4053
1942.3333  -20.1854
1942.4167  -17.0071
1942.5000  -17.3149
1942.5833  -11.4057
1942.6667  -5.5817
1942.7500  1.2007
1942.8333  6.1914
1942.9167  4.9737
1943.0000  14.7144
1943.0833  15.0384
1943.1667  15.1958
1943.2500  13.3115
1943.3333  8.3439
1943.4167  3.9179
1943.5000  2.0753
1943.5833  3.4409
1943.6667  1.6400
1943.7500  0.7557
1943.8333  -3.7120
1943.9167  -7.0546
1944.0000  -10.3972
1944.0833  -16.3232
1944.1667  -18.4992
1944.2500  -20.1335
1944.3333  -16.0196
1944.4167  -15.6557
1944.5000  -14.8730
1944.5833  -20.4446
1944.6667  -22.9536
1944.7500  -19.1709
1944.8333  -20.5966
1944.9167  -19.7515
1945.0000  -27.1147
1945.0833  -26.3740
1945.1667  -29.4247
1945.2500  -29.7120
1945.3333  -25.3031
1945.4167  -26.6997
1945.5000  -27.0845
1945.5833  -26.1279
1945.6667  -27.8865
1945.7500  -38.3396
1945.8333  -39.7440
1945.9167  -39.3429
1946.0000  -31.7335
1946.0833  -24.0613
1946.1667  -15.1533
1946.2500  -15.9670
1946.3333  -18.4338
1946.4167  -14.3868
1946.5000  -13.0894
1946.5833  -15.4188
1946.6667  -16.5330
1946.7500  -13.3069
1946.8333  -8.3796
1946.9167  -11.2789
1947.0000  -7.3031
1947.0833  -11.6603
1947.1667  -17.6078
1947.2500  -18.1386
1947.3333  -18.6690
1947.4167  -23.1161
1947.5000  -23.8488
1947.5833  -21.2748
1947.6667  -16.9508
1947.7500  -10.7934
1947.8333  -12.1150
1947.9167  -4.7279
1948.0000  -13.5286
1948.0833  -10.0523
1948.1667  -9.2283
1948.2500  -3.5293
1948.3333  1.1906
1948.4167  5.8063
1948.5000  5.0683
1948.5833  13.0798
1948.6667  18.4872
1948.7500  17.0821
1948.8333  18.3436
1948.9167  9.7509
1949.0000  10.6300
1949.0833  4.1559
1949.1667  1.1050
1949.2500  -4.7377
1949.3333  -11.2470
1949.4167  -9.0271
1949.5000  -3.9531
1949.5833  -10.5532
1949.6667  -18.9588
1949.7500  -22.5931
1949.8333  -24.5751
1949.9167  -22.9803
1950.0000  -18.6488
1950.0833  -20.2767
1950.1667  -18.6401
1950.2500  -22.5453
1950.3333  -22.4087
1950.4167  -23.2514
1950.5000  -24.2956
1950.5833  -23.0058
1950.6667  -16.7929
1950.7500  -12.8224
1950.8333  -2.2340
1950.9167  0.6729
1951.0000  -3.5239
1951.0833  -0.1022
1951.1667  -0.3198
1951.2500  -2.5999
1951.3333  -1.5467
1951.4167  0.3606
1951.5000  -0.2596
1951.5833  -1.9564
1951.6667  -10.1041
1951.7500  -11.9266
1951.8333  -28.4984
1951.9167  -29.6322
1952.0000  -29.4956
1952.0833  -39.6304
1952.1667  -42.2375
1952.2500  -36.8514
1952.3333  -39.2774
1952.4167  -38.8492
1952.5000  -44.7752
1952.5833  -52.4794
1952.6667  -49.6971
1952.7500  -54.4222
1952.8333  -49.4945
1952.9167  -49.4621
1953.0000  -43.3675
1953.0833  -31.9805
1953.1667  -30.8920
1953.2500  -29.3175
1953.3333  -28.2227
1953.4167  -30.7736
1953.5000  -28.6029
1953.5833  -21.3339
1953.6667  -17.8640
1953.7500  -7.4011
1953.8333  -5.3683
1953.9167  -5.6276
1954.0000  -10.3866
1954.0833  -9.6876
1954.1667  -11.0928
1954.2500  -14.1646
1954.3333  -13.4864
1954.4167  -13.8498
1954.5000  -9.4559
1954.5833  -6.2568
1954.6667  -4.9120
1954.7500  -7.4902
1954.8333  -5.1245
1954.9167  -0.2588
1955.0000  6.0508
1955.0833  8.0207
1955.1667  17.1989
1955.2500  20.2729
1955.3333  25.0969
1955.4167  28.6709
1955.5000  26.9128
1955.5833  31.7160
1955.6667  35.4150
1955.7500  37.6765
1955.8333  44.5214
1955.9167  51.8454
1956.0000  53.5588
1956.0833  52.7233
1956.1667  48.7044
1956.2500  48.0814
1956.3333  44.7126
1956.4167  38.9671
1956.5000  36.0121
1956.5833  24.5514
1956.6667  17.1002
1956.7500  17.0855
1956.8333  11.3291
1956.9167  8.0519
1957.0000  -3.6102
1957.0833  -8.1267
1957.1667  -11.1959
1957.2500  -8.3069
1957.3333  -2.1650
1957.4167  3.6312
1957.5000  8.2192
1957.5833  12.3612
1957.6667  13.7436
1957.7500  11.2056
1957.8333  12.3607
1957.9167  6.3283
1958.0000  3.6267
1958.0833  11.5967
1958.1667  12.1985
1958.2500  6.8932
1958.3333  3.2185
1958.4167  -3.5257
1958.5000  -4.0033
1958.5833  -3.6738
1958.6667  -4.3402
1958.7500  -7.5684
1958.8333  -10.4564
1958.9167  -8.3903
1959.0000  -10.9950
1959.0833  -16.0240
1959.1667  -15.7655
1959.2500  -15.1748
1959.3333  -22.9174
1959.4167  -27.7600
1959.5000  -34.7331
1959.5833  -35.3850
1959.6667  -35.0201
1959.7500  -35.0678
1959.8333  -42.3134
1959.9167  -47.8696
1960.0000  -37.3527
1960.0833  -35.9774
1960.1667  -35.0044
1960.2500  -29.1463
1960.3333  -22.1363
1960.4167  -14.2819
1960.5000  -8.3151
1960.5833  -6.6105
1960.6667  -6.4373
1960.7500  -6.3091
1960.8333  -3.0294
1960.9167  -1.0934
1961.0000  -0.1201
1961.0833  0.6678
1961.1667  -2.4504
1961.2500  -2.1114
1961.3333  -7.2354
1961.4167  -10.6350
1961.5000  -17.0605
1961.5833  -21.7709
1961.6667  -25.8132
1961.7500  -28.7480
1961.8333  -32.5342
1961.9167  -34.7350
1962.0000  -34.7900
1962.0833  -37.4478
1962.1667  -31.2450
1962.2500  -30.1428
1962.3333  -19.4712
1962.4167  -10.5496
1962.5000  -6.9831
1962.5833  -4.7226
1962.6667  -0.5005
1962.7500  4.4160
1962.8333  9.5729
1962.9167  14.7081
1963.0000  11.2981
1963.0833  14.4735
1963.1667  8.2652
1963.2500  4.4663
1963.3333  -7.0965
1963.4167  -12.9891
1963.5000  -11.9360
1963.5833  -8.6008
1963.6667  -14.3608
1963.7500  -15.4862
1963.8333  -14.4886
1963.9167  -16.5826
1964.0000  -15.1876
1964.0833  -11.3150
1964.1667  -6.4274
1964.2500  -9.8118
1964.3333  -2.4526
1964.4167  -1.6078
1964.5000  0.6985
1964.5833  -0.7506
1964.6667  6.8804
1964.7500  7.0158
1964.8333  3.5396
1964.9167  1.2137
1965.0000  -2.4260
1965.0833  -4.7450
1965.1667  -10.4930
1965.2500  -9.2535
1965.3333  -14.5354
1965.4167  -15.8365
1965.5000  -19.7625
1965.5833  -22.5331
1965.6667  -26.5538
1965.7500  -25.5911
1965.8333  -18.5493
1965.9167  -12.9252
1966.0000  -8.5209
1966.0833  -11.4704
1966.1667  -9.5006
1966.2500  -8.9546
1966.3333  -6.5419
1966.4167  -7.4845
1966.5000  -9.5605
1966.5833  -9.8698
1966.6667  -12.8291
1966.7500  -20.7384
1966.8333  -27.1977
1966.9167  -37.9404
1967.0000  -45.3163
1967.0833  -47.2256
1967.1667  -39.6255
1967.2500  -32.0681
1967.3333  -31.6452
1967.4167  -25.3057
1967.5000  -17.8995
1967.5833  -12.9588
1967.6667  -11.2681
1967.7500  -7.3941
1967.8333  -0.4034
1967.9167  7.4207
1968.0000  13.8114
1968.0833  10.0187
1968.1667  3.9094
1968.2500  -0.6832
1968.3333  -0.3247
1968.4167  -6.9162
1968.5000  -15.6910
1968.5833  -20.1170
1968.6667  -23.1930
1968.7500  -27.1023
1968.8333  -33.2449
1968.9167  -41.0875
1969.0000  -46.0135
1969.0833  -50.1698
1969.1667  -58.6771
1969.2500  -61.0198
1969.3333  -66.0624
1969.4167  -67.6562
1969.5000  -58.2333
1969.5833  -54.9646
1969.6667  -50.4160
1969.7500  -40.3348
1969.8333  -37.3108
1969.9167  -26.7254
1970.0000  -21.6817
1970.0833  -11.6702
1970.1667  -3.8993
1970.2500  3.2122
1970.3333  10.0196
1970.4167  13.7824
1970.5000  15.2742
1970.5833  19.3702
1970.6667  29.6364
1970.7500  35.4866
1970.8333  41.3939
1970.9167  48.8221
1971.0000  57.7920
1971.0833  62.6255
1971.1667  70.8507
1971.2500  72.2372
1971.3333  76.9279
1971.4167  82.4810
1971.5000  79.0883
1971.5833  80.3957
1971.6667  76.1031
1971.7500  74.9271
1971.8333  78.1011
1971.9167  74.1930
1972.0000  68.0848
1972.0833  65.6088
1972.1667  59.5995
1972.2500  50.3069
1972.3333  41.5643
1972.4167  32.7549
1972.5000  33.1123
1972.5833  29.6810
1972.6667  22.4050
1972.7500  15.6624
1972.8333  7.3364
1972.9167  1.1938
1973.0000  -5.5988
1973.0833  -15.4581
1973.1667  -17.1341
1973.2500  -15.4206
1973.3333  -18.4071
1973.4167  -13.3664
1973.5000  -15.8091
1973.5833  -16.8809
1973.6667  -10.6372
1973.7500  -11.0798
1973.8333  -10.2891
1973.9167  -7.2662
1974.0000  -0.3517
1974.0833  15.8837
1974.1667  23.2232
1974.2500  25.4911
1974.3333  30.4090
1974.4167  27.3664
1974.5000  30.8404
1974.5833  34.8156
1974.6667  34.2033
1974.7500  37.0106
1974.8333  37.8513
1974.9167  39.3420
1975.0000  37.0589
1975.0833  29.1215
1975.1667  25.0300
1975.2500  18.2374
1975.3333  18.5948
1975.4167  20.0355
1975.5000  19.9262
1975.5833  15.7502
1975.6667  8.9409
1975.7500  6.5316
1975.8333  8.4056
1975.9167  3.5141
1976.0000  2.2881
1976.0833  2.3955
1976.1667  -0.6471
1976.2500  2.6936
1976.3333  1.0176
1976.4167  -0.1084
1976.5000  1.3645
1976.5833  1.6624
1976.6667  0.2197
1976.7500  -3.3729
1976.8333  -5.1989
1976.9167  -6.8582
1977.0000  -10.0175
1977.0833  -16.1768
1977.1667  -25.0028
1977.2500  -25.9341
1977.3333  -30.3934
1977.4167  -35.5527
1977.5000  -41.6275
1977.5833  -52.1273
1977.6667  -51.0866
1977.7500  -53.7959
1977.8333  -56.1052
1977.9167  -56.0479
1978.0000  -46.5572
1978.0833  -37.3498
1978.1667  -31.8591
1978.2500  -33.5298
1978.3333  -31.3391
1978.4167  -30.4817
1978.5000  -28.7410
1978.5833  -23.4170
1978.6667  -20.9263
1978.7500  -18.0689
1978.8333  -19.6116
1978.9167  -15.5042
1979.0000  -23.6469
1979.0833  -24.7228
1979.1667  -16.8655
1979.2500  -13.0581
1979.3333  -10.1508
1979.4167  -4.4767
1979.5000  -1.0194
1979.5833  5.3380
1979.6667  9.4954
1979.7500  14.3141
1979.8333  16.8867
1979.9167  12.1607
1980.0000  15.0181
1980.0833  16.3088
1980.1667  12.8994
1980.2500  19.7068
1980.3333  21.6142
1980.4167  26.1382
1980.5000  20.7122
1980.5833  14.2363
1980.6667  12.3675
1980.7500  11.2635
1980.8333  11.0889
1980.9167  11.5630
1981.0000  16.7536
1981.0833  16.4943
1981.1667  23.1684
1981.2500  21.8924
1981.3333  19.3028
1981.4167  19.0268
1981.5000  26.9175
1981.5833  37.9082
1981.6667  41.2084
1981.7500  40.6896
1981.8333  41.5125
1981.9167  47.9395
1982.0000  41.1790
1982.0833  39.2228
1982.1667  29.7456
1982.2500  24.0530
1982.3333  31.2407
1982.4167  26.8814
1982.5000  20.3387
1982.5833  9.8794
1982.6667  -0.7466
1982.7500  -6.1464
1982.8333  -10.6557
1982.9167  -12.3733
1983.0000  -11.6951
1983.0833  -18.0794
1983.1667  -19.3804
1983.2500  -15.8700
1983.3333  -23.7846
1983.4167  -26.3284
1983.5000  -22.6681
1983.5833  -20.1577
1983.6667  -14.1723
1983.7500  -9.8744
1983.8333  -8.0296
1983.9167  -15.2915
1984.0000  -19.6229
1984.0833  -14.3585
1984.1667  -10.6155
1984.2500  -12.5460
1984.3333  -10.7405
1984.4167  -10.5695
1984.5000  -10.4307
1984.5833  -7.2293
1984.6667  -5.5245
1984.7500  -5.2294
1984.8333  -5.3614
1984.9167  -1.9152
1985.0000  7.9278
1985.0833  9.3596
1985.1667  9.9908
1985.2500  13.3616
1985.3333  17.3254
1985.4167  24.5231
1985.5000  25.6340
1985.5833  28.9102
1985.6667  33.5996
1985.7500  35.5692
1985.8333  38.3557
1985.9167  42.3345
1986.0000  43.5990
1986.0833  45.2564
1986.1667  46.6494
1986.2500  43.9734
1986.3333  41.3316
1986.4167  36.9860
1986.5000  31.2624
1986.5833  28.0015
1986.6667  20.8537
1986.7500  14.8697
1986.8333  5.6104
1986.9167  -4.4621
1987.0000  -14.0505
1987.0833  -21.9764
1987.1667  -26.4471
1987.2500  -23.9865
1987.3333  -26.8196
1987.4167  -26.1157
1987.5000  -25.8539
1987.5833  -33.9388
1987.6667  -33.4557
1987.7500  -35.0417
1987.8333  -35.0084
1987.9167  -29.5495
1988.0000  -28.7439
1988.0833  -27.0347
1988.1667  -26.4977
1988.2500  -32.1314
1988.3333  -26.6692
1988.4167  -28.8257
1988.5000  -26.9178
1988.5833  -16.7823
1988.6667  -11.6517
1988.7500  -4.2989
1988.8333  2.3132
1988.9167  6.6145
1989.0000  8.5831
1989.0833  13.0740
1989.1667  20.4224
1989.2500  27.3348
1989.3333  35.4152
1989.4167  38.7023
1989.5000  41.9822
1989.5833  40.9824
1989.6667  38.5148
1989.7500  43.1860
1989.8333  48.2323
1989.9167  47.7823
1990.0000  47.8629
1990.0833  45.1269
1990.1667  45.3129
1990.2500  39.2602
1990.3333  28.0617
1990.4167  29.7090
1990.5000  27.4434
1990.5833  24.5699
1990.6667  25.8939
1990.7500  21.9401
1990.8333  22.4246
1990.9167  17.5668
1991.0000  19.5002
1991.0833  20.1390
1991.1667  17.5734
1991.2500  21.3623
1991.3333  19.3943
1991.4167  14.2749
1991.5000  10.2768
1991.5833  8.0115
1991.6667  5.9090
1991.7500  2.5574
1991.8333  -6.3714
1991.9167  0.1633
1992.0000  -2.2162
1992.0833  -2.5422
1992.1667  -1.7465
1992.2500  -2.2368
1992.3333  -5.3791
1992.4167  -9.3408
1992.5000  -9.4541
1992.5833  -12.0607
1992.6667  -20.0388
1992.7500  -22.8438
1992.8333  -23.4521
1992.9167  -29.5941
1993.0000  -32.1534
1993.0833  -39.6217
1993.1667  -46.9868
1993.2500  -52.7855
1993.3333  -52.4348
1993.4167  -51.0204
1993.5000  -51.8849
1993.5833  -48.6933
1993.6667  -42.9280
1993.7500  -40.8869
1993.8333  -40.7036
1993.9167  -37.0577
1994.0000  -34.4139
1994.0833  -30.6277
1994.1667  -31.5506
1994.2500  -25.7706
1994.3333  -23.8654
1994.4167  -24.8843
1994.5000  -22.6679
1994.5833  -23.7126
1994.6667  -21.3104
1994.7500  -19.2524
1994.8333  -18.5581
1994.9167  -23.6051
1995.0000  -22.4649
1995.0833  -16.0889
1995.1667  -19.4678
1995.2500  -28.5914
1995.3333  -27.8264
1995.4167  -24.1010
1995.5000  -22.0277
1995.5833  -22.3705
1995.6667  -20.4301
1995.7500  -17.2595
1995.8333  -13.1680
1995.9167  -12.2928
1996.0000  -13.8492
1996.0833  -18.2225
1996.1667  -7.2431
1996.2500  -1.7523
1996.3333  -3.0781
1996.4167  -0.5352
1996.5000  -1.9504
1996.5833  -4.3232
1996.6667  -2.5587
1996.7500  -3.6722
1996.8333  -4.4211
1996.9167  -10.0755
1997.0000  -13.7521
1997.0833  -14.7406
1997.1667  -21.6040
1997.2500  -25.5300
1997.3333  -26.1508
1997.4167  -31.7643
1997.5000  -32.9276
1997.5833  -32.7221
1997.6667  -41.1822
1997.7500  -46.2624
1997.8333  -51.1372
1997.9167  -44.1597
1998.0000  -39.8378
1998.0833  -34.8357
1998.1667  -29.4709
1998.2500  -22.6255
1998.3333  -13.8127
1998.4167  -10.7001
1998.5000  -7.1110
1998.5833  0.9242
1998.6667  8.2549
1998.7500  14.5121
1998.8333  22.9841
1998.9167  24.2461
1999.0000  29.5734
1999.0833  34.6660
1999.1667  33.5729
1999.2500  31.9665
1999.3333  26.2022
1999.4167  31.4051
1999.5000  29.9306
1999.5833  29.7910
1999.6667  24.6777
1999.7500  20.0791
1999.8333  18.4965
1999.9167  18.8860
2000.0000  17.0858
2000.0833  12.4611
2000.1667  17.9614
2000.2500  24.8902
2000.3333  27.8198
2000.4167  25.6135
2000.5000  29.4887
2000.5833  26.5026
2000.6667  26.4140
2000.7500  25.8096
2000.8333  23.6392
2000.9167  30.8246
2001.0000  27.2485
2001.0833  20.7785
2001.1667  15.2876
2001.2500  0.9615
2001.3333  0.8742
2001.4167  -0.9435
2001.5000  -0.4544
2001.5833  -1.5774
2001.6667  -1.3266
2001.7500  1.3947
2001.8333  -4.9369
2001.9167  -13.0717
2002.0000  -14.8075
2002.0833  -17.6493
2002.1667  -23.6369
2002.2500  -19.0242
2002.3333  -23.0157
2002.4167  -24.9547
2002.5000  -33.9493
2002.5833  -36.5896
2002.6667  -39.0632
2002.7500  -46.7987
2002.8333  -46.0942
2002.9167  -47.5965
2003.0000  -46.2474
2003.0833  -44.0451
2003.1667  -41.1702
2003.2500  -33.6200
2003.3333  -36.0623
2003.4167  -36.6914
2003.5000  -33.7657
2003.5833  -33.3107
2003.6667  -26.1534
2003.7500  -22.7341
2003.8333  -24.9453
2003.9167  -24.1570
2004.0000  -26.7377
2004.0833  -26.1042
2004.1667  -23.4230
2004.2500  -32.2299
2004.3333  -33.9014
2004.4167  -36.6845
2004.5000  -34.6819
2004.5833  -40.4174
2004.6667  -43.7244
2004.7500  -41.1741
2004.8333  -39.2029
2004.9167  -36.6170
2005.0000  -39.7811
2005.0833  -41.1594
2005.1667  -45.7044
2005.2500  -41.9280
2005.3333  -41.5207
2005.4167  -40.8182
2005.5000  -42.6727
2005.5833  -37.2242
2005.6667  -39.7221
2005.7500  -40.0740
2005.8333  -33.1238
2005.9167  -37.9531
2006.0000  -36.9411
2006.0833  -36.5835
2006.1667  -34.5414
2006.2500  -37.8529
2006.3333  -33.0548
2006.4167  -26.1045
2006.5000  -26.2100
2006.5833  -26.5817
2006.6667  -30.4951
2006.7500  -30.3068
2006.8333  -34.9482
2006.9167  -32.6107
2007.0000  -28.0769
2007.0833  -30.0695
2007.1667  -31.4585
2007.2500  -34.0919
2007.3333  -32.6502
2007.4167  -39.4119
2007.5000  -43.8010
2007.5833  -44.2285
2007.6667  -35.3504
2007.7500  -34.0890
2007.8333  -30.0802
2007.9167  -32.3696
2008.0000  -31.9665
2008.0833  -29.1940
2008.1667  -29.9020
2008.2500  -30.3694
2008.3333  -36.0728
2008.4167  -35.0263
2008.5000  -27.5510
2008.5833  -24.2409
2008.6667  -29.3752
2008.7500  -32.3428
2008.8333  -33.6577
2008.9167  -28.7086
2009.0000  -34.9124
2009.0833  -31.5179
2009.1667  -30.6383
2009.2500  -27.0226
2009.3333  -25.9069
2009.4167  -26.9301
2009.5000  -34.5783
2009.5833  -38.9765
2009.6667  -46.1108
2009.7500  -50.1340
2009.8333  -53.3239
2009.9167  -56.1943
2010.0000  -51.2314
2010.0833  -56.6584
2010.1667  -50.2232
2010.2500  -45.5103
2010.3333  -52.2857
2010.4167  -55.3638
2010.5000  -49.1198
2010.5833  -45.4916
2010.6667  -38.0302
2010.7500  -33.8889
2010.8333  -31.9198
2010.9167  -28.8452
2011.0000  -25.1955
2011.0833  -16.8715
2011.1667  -24.9502
2011.2500  -28.0984
2011.3333  -21.6195
2011.4167  -16.8516
2011.5000  -22.6600
2011.5833  -21.5567
2011.6667  -22.7084
2011.7500  -25.2844
2011.8333  -28.4665
2011.9167  -32.2096
2012.0000  -31.1417
2012.0833  -37.2205
2012.1667  -32.5631
2012.2500  -31.3224
2012.3333  -23.2206
2012.4167  -23.2855
2012.5000  -17.9852
2012.5833  -16.2029
2012.6667  -13.8878
2012.7500  -8.6060
2012.8333  1.6764
2012.9167  7.2351
2013.0000  6.5591
2013.0833  8.0776
2013.1667  12.4155
2013.2500  16.3923
2013.3333  16.6886
2013.4167  15.9987
2013.5000  15.5588
2013.5833  15.7023
2013.6667  16.7519
2013.7500  13.3954
2013.8333  9.5528
2013.9167  6.8058
2014.0000  6.7410
2014.0833  13.7733
2014.1667  7.5557
2014.2500  8.5186
2014.3333  7.9260
2014.4167  15.4722
2014.5000  14.1713
2014.5833  13.3425
2014.6667  13.2326
2014.7500  22.2927
2014.8333  28.1131
2014.9167  34.1891
2015.0000  38.3234
2015.0833  34.9561
2015.1667  38.0026
2015.2500  32.8687
2015.3333  28.0653
2015.4167  25.6035
2015.5000  26.3668
2015.5833  25.7186
2015.6667  31.3343
2015.7500  28.2416
2015.8333  23.7637
2015.9167  28.5164
2016.0000  24.5163
2016.0833  30.8511
2016.1667  30.6192
2016.2500  33.5262
2016.3333  39.9083
2016.4167  43.9903
2016.5000  47.6806
2016.5833  54.8519
2016.6667  49.9815
2016.7500  49.5833
2016.8333  49.6990
2016.9167  38.8563
2017.0000  40.3470
2017.0833  38.6711
2017.1667  43.8423
2017.2500  49.1525
2017.3333  43.1293
2017.4167  33.3005
2017.5000  35.9301
2017.5833  34.3375
2017.6667  43.6754
2017.7500  47.9577
2017.8333  51.4484
2017.9167  53.2308
2018.0000  48.6243
2018.0833  46.0177
2018.1667  44.9251
2018.2500  39.0269
2018.3333  39.4620
2018.4167  45.0361
2018.5000  40.4851
2018.5833  36.9202
2018.6667  30.1193
2018.7500  22.0266
2018.8333  17.8368
2018.9167  18.5774
2019.0000  21.7904
2019.0833  25.2811
2019.1667  26.9106
2019.2500  28.0680
2019.3333  28.4615
2019.4167  28.7161
2019.5000  34.7901
2019.5833  33.6697
2019.6667  33.6881
2019.7500  37.7205
2019.8333  38.5723
2019.9167  33.6186
2020.0000  31.0676
2020.0833  23.5583
2020.1667  22.7712
2020.2500  22.3313
2020.3333  20.2248
2020.4167  20.8544
2020.5000  16.4284
2020.5833  19.7802
2020.6667  15.5765
2020.7500  16.9960
2020.8333  23.0144
2020.9167  27.0885
2021.0000  30.0375
2021.0833  36.5421
2021.1667  36.4078
2021.2500  39.7318
2021.3333  43.5041
2021.4167  40.5503
2021.5000  42.8605
2021.5833  40.2678
2021.6667  44.5502
2021.7500  42.9196
2021.8333  36.6622
2021.9167  35.7640
2022.0000  39.8085
2022.0833  36.7992
2022.1667  32.7065
2022.2500  28.8778
2022.3333  28.8230
2022.4167  37.9226
2022.5000  36.9695
2022.5833  39.7858
2022.6667  45.0660
2022.7500  51.7338
2022.8333  54.2559
2022.9167  58.5777
2023.0000  53.2319
2023.0833  50.3843
2023.1667  46.7867
2023.2500  44.9530
2023.3333  45.1526
2023.4167  38.8767
2023.5000  39.2174
2023.5833  37.6602
2023.6667  32.1253
2023.7500  28.6453
2023.8333  27.5560
2023.9167  24.0906
2024.0000  24.6279
2024.0833  24.3180
2024.1667  28.0498
2024.2500  31.7747
2024.3333  31.2883
2024.4167  29.4089
2024.5000  34.4518
2024.5833  35.6647
2024.6667  33.1276
2024.7500  25.3267
2024.8333  21.7945
2024.9167  22.5236
2025.0000  23.4020
2025.0833  26.2121
2025.1667  30.2723
2025.2500  38.2003
2025.3333  47.9731
2025.4167  55.4916
2025.5000  56.7045
