offs    0.00000000000
bg      0.00014145030
impA    0.00000000000
impB    0.00000000000
impC    0.00000000000
delA    4.55446254912
delB    0.79873573316
asym   -0.01327006597
ann1    3.17566596352
ann2   -1.00103133896
sem1   -1.60440472478
sem2   -0.74513814003
year   -0.00002792676
IR     -0.00000000000
ma     -0.00000000000
mp     -0.00007216870
shfT   -0.00000000000
init    0.00014822275
   27.32166155400   0.00598186212  -1.59104739661
   27.21222081500   0.02973046777  -0.81107071080
 1095.17502233364   0.00096919986  -0.40861701431
    9.08286783775   0.00579437183   1.52090617691
    6.81670784238  -0.00080467630   0.43787876138
   13.63341568476   0.00479165606  16.31450106371
   13.66083077700  -0.00231825157  26.58042629880
   13.60611040750  -0.00252947067  20.35481693689
   27.55454988600  -0.00440681243   2.86287755161
   13.77727494300  -0.00250325868   5.00889613258
 6793.47648813065   0.00075421885   0.20033276145
 1616.30271425126  -0.00128493742  -1.43366061116
   27.09267692660  -0.00160253253   2.14136640271
    9.09502787633   0.00289315893   0.55582655227
   13.69115772864   0.00140152869  17.19569490357
 1305.66025845931  -0.00070327554   0.35435825560
   27.44323926226  -0.00114823245   0.87724640632
   27.66676714572  -0.00115334053   3.25217434506
 2190.35004466729   0.00190714369   1.70087546939
   26.98505934729   0.00226437021   5.87178912116
 6167.20701373239  -0.00020987226 -12.44521694535
 -3232.60542850251   0.00039326025   1.39701690782
 -2120.90900683440  -0.00120567648  -0.05819295133
   27.33282433123  -0.00048817481  15.76549020751
   13.71880577217   0.00453934193   1.58001713584
    9.13295078376   0.00005198519  -0.49839842901
    9.12068919638   0.00080253730   0.69921478439
    9.10846048884   0.00186206522   0.92362616034
 3396.73824406533   0.00164738645 -26.15595892304
 1656.31999626209   0.00062183009   8.16629071982
   27.10365333842  -0.00169056068   0.55002959941
ltep   23.64874954358
ltep    9.46839712333
ltep   18.68216048000
ltep  100.00000000000
ltep   10.00000000000
ltep  200.00000000000
ltep  600.00000000000
ltep   70.00000000000
ltep  150.00000000000
ltep  400.00000000000
ltep    0.50000000000
harm  8
harm  24
harm  0
