offs    0.00000000000
bg      0.00014145030
impA    0.00000000000
impB    0.00000000000
impC    0.00000000000
delA    4.53693947290
delB    0.79873573316
asym    0.08492002534
ann1   -0.00065635086
ann2    1.99267169713
sem1    0.11607196661
sem2    0.19806313394
year   -0.00002792676
IR     -0.00000000000
ma     -0.00000000000
mp     -0.00010467005
shfT   -0.00000000000
init   -0.00272896383
   27.32166155400   0.00680485200  -1.40644494336
   27.21222081500   0.03106028868  -0.72476343320
 1095.17502233364   0.00021257694  -0.53810805406
    9.08286783775   0.00508320020   1.39377429451
    6.81670784238   0.00141407029  -0.06395921044
   13.63341568476   0.00459907217   9.93041626218
   13.66083077700  -0.00335559470  20.77047450355
   13.60611040750  -0.00215255641  20.94667517033
   27.55454988600  -0.00513163958   3.17917418408
   13.77727494300  -0.00324985952  23.26136512071
 6793.47648813065   0.00069160232  -0.10074236270
 1616.30271425126  -0.00102503163  -1.16514068764
   27.09267692660  -0.00246904217   2.10405068941
    9.09502787633   0.00235123811   0.86240414956
   13.69115772864   0.00101998261   4.05575552930
 1305.66025845931  -0.00036954734  -0.61479846521
   27.44323926226  -0.00159014140   1.27981952562
   27.66676714572  -0.00099215728   2.78350254606
 2190.35004466729   0.00167351853   2.13756806324
   26.98505934729   0.00212852363   5.53943603603
 6167.20701373239  -0.00025324324 -11.69634267936
 -3232.60542850251   0.00046246507   0.49416025502
 -2120.90900683440  -0.00203457035  -0.18156375309
   27.33282433123  -0.00060299220  54.86274926724
   13.71880577217   0.00340584493   1.82266753899
    9.13295078376   0.00006194034   0.87978740390
    9.12068919638   0.00077532542   0.54047193122
    9.10846048884   0.00179381640   0.79079267710
 3396.73824406533   0.00108638205 -32.50349467701
 1656.31999626209   0.00020940197   5.65275841445
   27.10365333842  -0.00031464038   2.73853343084
ltep    5.88314364120
ltep   23.71204869634
ltep   18.68216048000
ltep  100.00000000000
ltep   10.00000000000
ltep  200.00000000000
ltep  600.00000000000
ltep   70.00000000000
ltep  150.00000000000
ltep  400.00000000000
ltep    0.50000000000
harm  23
harm  19
harm  12
harm  0
