1897.9167  48.5993
1898.0000  40.4892
1898.0833  42.0457
1898.1667  41.1022
1898.2500  39.6587
1898.3333  34.1319
1898.4167  40.2718
1898.5000  29.4116
1898.5833  40.8848
1898.6667  35.8580
1898.7500  18.5812
1898.8333  22.3877
1898.9167  35.3609
1899.0000  39.2507
1899.0833  45.3906
1899.1667  55.3638
1899.2500  53.4203
1899.3333  54.9768
1899.4167  57.3667
1899.5000  71.6732
1899.5833  64.3964
1899.6667  58.8695
1899.7500  65.3427
1899.8333  63.8993
1899.9167  53.8724
1900.0000  54.1790
1900.0833  43.8188
1900.1667  34.5420
1900.2500  23.6818
1900.3333  17.4050
1900.4167  6.2949
1900.5000  5.1014
1900.5833  12.2412
1900.6667  16.8811
1900.7500  7.7710
1900.8333  4.8275
1900.9167  1.0507
1901.0000  -1.1428
1901.0833  0.7470
1901.1667  -1.7798
1901.2500  18.3601
1901.3333  25.4999
1901.4167  36.7231
1901.5000  30.4463
1901.5833  20.9195
1901.6667  17.1427
1901.7500  28.8658
1901.8333  26.3390
1901.9167  29.3955
1902.0000  32.9521
1902.0833  34.7586
1902.1667  38.6484
1902.2500  28.0383
1902.3333  18.5115
1902.4167  24.6513
1902.5000  31.2912
1902.5833  33.3477
1902.6667  37.4875
1902.7500  47.9607
1902.8333  58.9339
1902.9167  79.0738
1903.0000  90.0469
1903.0833  96.4368
1903.1667  95.9933
1903.2500  97.5498
1903.3333  100.8564
1903.4167  96.3295
1903.5000  86.9694
1903.5833  86.5259
1903.6667  94.4158
1903.7500  87.6389
1903.8333  81.3621
1903.9167  68.2520
1904.0000  63.8085
1904.0833  57.5317
1904.1667  51.7549
1904.2500  50.5614
1904.3333  58.7846
1904.4167  54.0078
1904.5000  56.3976
1904.5833  47.7875
1904.6667  42.2606
1904.7500  45.1505
1904.8333  39.1237
1904.9167  29.2635
1905.0000  24.7367
1905.0833  23.2932
1905.1667  43.6831
1905.2500  43.2396
1905.3333  33.8795
1905.4167  33.9360
1905.5000  40.3258
1905.5833  53.1323
1905.6667  64.9389
1905.7500  60.4121
1905.8333  61.7186
1905.9167  71.1918
1906.0000  74.8316
1906.0833  82.9715
1906.1667  66.2780
1906.2500  66.0845
1906.3333  68.9743
1906.4167  65.7809
1906.5000  62.0041
1906.5833  57.9772
1906.6667  47.6171
1906.7500  46.1736
1906.8333  58.4801
1906.9167  50.3700
1907.0000  43.5098
1907.0833  33.4830
1907.1667  29.4562
1907.2500  10.1794
1907.3333  -1.4308
1907.4167  -8.2076
1907.5000  -18.5677
1907.5833  -31.6779
1907.6667  -45.1214
1907.7500  -52.2315
1907.8333  -60.3417
1907.9167  -59.1448
1908.0000  -44.8788
1908.0833  -28.7522
1908.1667  -18.3481
1908.2500  11.4983
1908.3333  24.0387
1908.4167  26.7714
1908.5000  30.2815
1908.5833  48.8607
1908.6667  48.2589
1908.7500  50.5995
1908.8333  47.8424
1908.9167  52.4706
1909.0000  39.5571
1909.0833  31.8519
1909.1667  37.3134
1909.2500  33.6500
1909.3333  24.6115
1909.4167  33.7813
1909.5000  40.1595
1909.5833  29.7877
1909.6667  37.0825
1909.7500  39.3774
1909.8333  31.7555
1909.9167  18.2587
1910.0000  9.7619
1910.0833  0.2234
1910.1667  -10.6901
1910.2500  -16.5202
1910.3333  -16.7670
1910.4167  -27.0555
1910.5000  -35.3023
1910.5833  -38.8408
1910.6667  -35.4210
1910.7500  -33.7511
1910.8333  -17.4563
1910.9167  -4.0781
1911.0000  -2.1583
1911.0833  -2.9051
1911.1667  -3.3602
1911.2500  -11.7320
1911.3333  -18.1872
1911.4167  -16.5590
1911.5000  -7.8892
1911.5833  1.9890
1911.6667  -1.6745
1911.7500  0.3704
1911.8333  -6.1265
1911.9167  -11.2066
1912.0000  6.4632
1912.0833  19.9248
1912.1667  16.3446
1912.2500  14.4728
1912.3333  22.7676
1912.4167  22.4375
1912.5000  19.3573
1912.5833  15.2820
1912.6667  27.4607
1912.7500  29.4217
1912.8333  34.6368
1912.9167  39.9675
1913.0000  32.8856
1913.0833  26.5856
1913.1667  39.2063
1913.2500  47.4843
1913.3333  36.1553
1913.4167  32.0808
1913.5000  33.3715
1913.5833  35.8559
1913.6667  27.3959
1913.7500  15.8247
1913.8333  8.7376
1913.9167  8.3997
1914.0000  7.0673
1914.0833  10.7542
1914.1667  10.2173
1914.2500  9.3046
1914.3333  11.3002
1914.4167  14.5727
1914.5000  19.8229
1914.5833  20.4258
1914.6667  24.8535
1914.7500  33.7249
1914.8333  33.1801
1914.9167  27.0937
1915.0000  23.4239
1915.0833  23.7541
1915.1667  18.6677
1915.2500  16.1438
1915.3333  16.9740
1915.4167  14.8043
1915.5000  6.1345
1915.5833  5.9439
1915.6667  -0.2050
1915.7500  -5.8956
1915.8333  -6.7112
1915.9167  -5.2976
1916.0000  -8.0924
1916.0833  -10.3872
1916.1667  -8.7236
1916.2500  -9.0392
1916.3333  -4.2298
1916.4167  -2.5662
1916.5000  -4.3610
1916.5833  -11.5516
1916.6667  -18.1588
1916.7500  -13.1203
1916.8333  -9.9775
1916.9167  -12.1473
1917.0000  -11.3171
1917.0833  -14.8618
1917.1667  -20.0524
1917.2500  -19.7430
1917.3333  -26.4544
1917.4167  -31.2700
1917.5000  -27.9190
1917.5833  -27.7971
1917.6667  -27.6543
1917.7500  -31.5741
1917.8333  -30.0980
1917.9167  -28.9969
1918.0000  -27.4375
1918.0833  -24.2531
1918.1667  -21.8396
1918.2500  -25.2593
1918.3333  -25.4499
1918.4167  -21.9114
1918.5000  -19.0186
1918.5833  -14.7509
1918.6667  -5.8165
1918.7500  1.6596
1918.8333  0.8232
1918.9167  0.5492
1919.0000  6.7545
1919.0833  11.1472
1919.1667  11.2066
1919.2500  17.9327
1919.3333  24.2421
1919.4167  33.0723
1919.5000  32.5276
1919.5833  32.6703
1919.6667  33.2505
1919.7500  18.9766
1919.8333  14.6193
1919.9167  14.5746
1920.0000  9.8840
1920.0833  6.4434
1920.1667  8.5445
1920.2500  2.9789
1920.3333  0.1633
1920.4167  -8.5898
1920.5000  -11.1763
1920.5833  -8.0752
1920.6667  -7.7241
1920.7500  8.5853
1920.8333  19.4572
1920.9167  28.0999
1921.0000  36.7843
1921.0833  40.5312
1921.1667  42.3615
1921.2500  46.2126
1921.3333  46.5428
1921.4167  44.9147
1921.5000  45.2866
1921.5833  41.7835
1921.6667  42.4262
1921.7500  36.7773
1921.8333  31.1701
1921.9167  24.8128
1922.0000  16.3097
1922.0833  13.0774
1922.1667  9.6577
1922.2500  9.0087
1922.3333  8.7348
1922.4167  13.6692
1922.5000  12.7286
1922.5833  13.3714
1922.6667  10.0766
1922.7500  10.7193
1922.8333  12.0496
1922.9167  17.3234
1923.0000  21.3018
1923.0833  21.6014
1923.1667  18.9515
1923.2500  13.3978
1923.3333  14.8446
1923.4167  11.5086
1923.5000  10.1438
1923.5833  8.0919
1923.6667  6.3071
1923.7500  4.8186
1923.8333  -8.0028
1923.9167  -24.9173
1924.0000  -33.5318
1924.0833  -31.8711
1924.1667  -29.1365
1924.2500  -24.4573
1924.3333  -30.6333
1924.4167  -33.7564
1924.5000  -38.5806
1924.5833  -36.4127
1924.6667  -33.0282
1924.7500  -34.5438
1924.8333  -29.5426
1924.9167  -21.7582
1925.0000  -19.9737
1925.0833  -25.4812
1925.1667  -22.5292
1925.2500  -25.8719
1925.3333  -26.3760
1925.4167  -18.7664
1925.5000  -14.4224
1925.5833  -18.8098
1925.6667  -30.2053
1925.7500  -34.5011
1925.8333  -36.6509
1925.9167  -39.4594
1926.0000  -43.0885
1926.0833  -45.7966
1926.1667  -45.5503
1926.2500  -38.6586
1926.3333  -32.5458
1926.4167  -39.6333
1926.5000  -33.4790
1926.5833  -28.9642
1926.6667  -14.7204
1926.7500  -6.6015
1926.8333  2.6007
1926.9167  6.7404
1927.0000  12.1509
1927.0833  16.6448
1927.1667  12.5970
1927.2500  3.2159
1927.3333  -2.1027
1927.4167  2.5578
1927.5000  1.1767
1927.5833  -5.2253
1927.6667  -15.8148
1927.7500  -22.1334
1927.8333  -29.9312
1927.9167  -30.7154
1928.0000  -35.6357
1928.0833  -38.4628
1928.1667  -36.5384
1928.2500  -30.6457
1928.3333  -26.6391
1928.4167  -25.7641
1928.5000  -21.3918
1928.5833  -16.1222
1928.6667  -3.0220
1928.7500  3.1965
1928.8333  11.2624
1928.9167  12.3663
1929.0000  22.0869
1929.0833  31.2408
1929.1667  32.1280
1929.2500  35.4320
1929.3333  32.7692
1929.4167  31.2731
1929.5000  23.8104
1929.5833  32.2643
1929.6667  31.4849
1929.7500  28.2888
1929.8333  23.9427
1929.9167  22.3800
1930.0000  14.9173
1930.0833  2.8712
1930.1667  0.3584
1930.2500  -11.7543
1930.3333  -8.1837
1930.4167  -12.2798
1930.5000  -15.8759
1930.5833  -29.6386
1930.6667  -34.8847
1930.7500  -35.2974
1930.8333  -40.1935
1930.9167  -51.5896
1931.0000  -59.9220
1931.0833  -58.5561
1931.1667  -66.0806
1931.2500  -65.6232
1931.3333  -70.1952
1931.4167  -69.8825
1931.5000  -64.5076
1931.5833  -55.9787
1931.6667  -54.3597
1931.7500  -59.2171
1931.8333  -60.1400
1931.9167  -50.9644
1932.0000  -44.2568
1932.0833  -44.1603
1932.1667  -35.5360
1932.2500  -25.5784
1932.3333  -26.6625
1932.4167  -22.1354
1932.5000  -16.1500
1932.5833  -15.5913
1932.6667  -15.3559
1932.7500  -10.5940
1932.8333  0.9501
1932.9167  7.0624
1933.0000  11.6791
1933.0833  18.8586
1933.1667  24.5508
1933.2500  23.0613
1933.3333  34.1928
1933.4167  34.7786
1933.5000  25.3772
1933.5833  23.2986
1933.6667  16.4199
1933.7500  12.3246
1933.8333  3.9293
1933.9167  -3.3994
1934.0000  -8.7780
1934.0833  -15.4733
1934.1667  -26.5186
1934.2500  -31.8806
1934.3333  -37.0259
1934.4167  -38.2713
1934.5000  -37.4832
1934.5833  -35.3452
1934.6667  -33.4739
1934.7500  -30.7525
1934.8333  -28.3812
1934.9167  -24.3598
1935.0000  -21.7885
1935.0833  -17.8338
1935.1667  -13.1791
1935.2500  -14.1911
1935.3333  -12.4197
1935.4167  -6.4984
1935.5000  -4.6270
1935.5833  -7.5057
1935.6667  -2.5677
1935.7500  -4.5963
1935.8333  -8.6083
1935.9167  -1.0869
1936.0000  6.8344
1936.0833  6.0724
1936.1667  8.9938
1936.2500  14.0318
1936.3333  11.7198
1936.4167  2.3412
1936.5000  5.9125
1936.5833  12.1505
1936.6667  17.4052
1936.7500  23.5932
1936.8333  28.7479
1936.9167  24.1860
1937.0000  15.9240
1937.0833  18.4953
1937.1667  19.5333
1937.2500  20.4714
1937.3333  22.4094
1937.4167  25.2807
1937.5000  22.2021
1937.5833  16.5734
1937.6667  7.5614
1937.7500  6.2828
1937.8333  4.3375
1937.9167  1.1755
1938.0000  -0.6865
1938.0833  -5.2318
1938.1667  -4.4438
1938.2500  -7.3558
1938.3333  -7.4414
1938.4167  -1.2261
1938.5000  0.1749
1938.5833  -1.5946
1938.6667  -2.8638
1938.7500  -4.7344
1938.8333  -6.9797
1938.9167  -5.9764
1939.0000  -2.5376
1939.0833  -0.7495
1939.1667  -6.8064
1939.2500  -3.9311
1939.3333  -4.2308
1939.4167  -8.6233
1939.5000  -15.2613
1939.5833  -22.6092
1939.6667  -29.0859
1939.7500  -33.0750
1939.8333  -37.0679
1939.9167  -42.2308
1940.0000  -46.9576
1940.0833  -47.7769
1940.1667  -41.9389
1940.2500  -38.4157
1940.3333  -38.9295
1940.4167  -42.0267
1940.5000  -34.3739
1940.5833  -21.0081
1940.6667  -11.3737
1940.7500  -12.9987
1940.8333  -5.8273
1940.9167  -2.4800
1941.0000  0.4876
1941.0833  0.3256
1941.1667  -8.1882
1941.2500  -6.6928
1941.3333  -8.2621
1941.4167  -5.5260
1941.5000  -6.4194
1941.5833  -12.4147
1941.6667  -10.8545
1941.7500  -9.7294
1941.8333  -6.8081
1941.9167  -4.4793
1942.0000  -1.2154
1942.0833  1.3171
1942.1667  7.6459
1942.2500  2.6506
1942.3333  6.9330
1942.4167  8.1322
1942.5000  2.8128
1942.5833  0.9378
1942.6667  -6.1686
1942.7500  2.0306
1942.8333  2.5260
1942.9167  5.3825
1943.0000  7.3039
1943.0833  4.2901
1943.1667  4.9614
1943.2500  10.7994
1943.3333  12.2949
1943.4167  7.9199
1943.5000  10.4339
1943.5833  14.1052
1943.6667  17.0729
1943.7500  17.6794
1943.8333  20.2608
1943.9167  23.5907
1944.0000  27.3841
1944.0833  35.5140
1944.1667  35.1658
1944.2500  29.9448
1944.3333  25.4198
1944.4167  32.0396
1944.5000  27.5506
1944.5833  24.9343
1944.6667  21.2714
1944.7500  16.3773
1944.8333  17.5201
1944.9167  11.2963
1945.0000  5.5224
1945.0833  1.6068
1945.1667  4.6496
1945.2500  4.7757
1945.3333  9.7852
1945.4167  6.2863
1945.5000  13.4541
1945.5833  15.9136
1945.6667  20.0814
1945.7500  24.1992
1945.8333  19.4420
1945.9167  21.3681
1946.0000  22.0359
1946.0833  18.4953
1946.1667  14.6298
1946.2500  20.1892
1946.3333  22.9487
1946.4167  34.0415
1946.5000  41.6343
1946.5833  45.4121
1946.6667  46.0346
1946.7500  43.9416
1946.8333  42.4821
1946.9167  42.6391
1947.0000  46.5059
1947.0833  49.2812
1947.1667  52.2734
1947.2500  47.0223
1947.3333  43.7159
1947.4167  44.8273
1947.5000  48.0235
1947.5833  48.6572
1947.6667  55.0291
1947.7500  69.2219
1947.8333  80.2287
1947.9167  84.9821
1948.0000  83.4860
1948.0833  89.4739
1948.1667  91.7117
1948.2500  100.4585
1948.3333  103.4786
1948.4167  96.2716
1948.5000  87.3600
1948.5833  84.4978
1948.6667  84.6420
1948.7500  76.2926
1948.8333  67.4624
1948.9167  64.9784
1949.0000  66.1226
1949.0833  64.7283
1949.1667  59.0520
1949.2500  53.8308
1949.3333  56.9302
1949.4167  48.4718
1949.5000  49.7250
1949.5833  56.5615
1949.6667  57.0646
1949.7500  54.5870
1949.8333  57.2761
1949.9167  53.8113
1950.0000  46.4619
1950.0833  39.3626
1950.1667  45.0132
1950.2500  42.5227
1950.3333  34.3913
1950.4167  31.8945
1950.5000  25.9553
1950.5833  16.9178
1950.6667  9.0570
1950.7500  8.7361
1950.8333  2.6908
1950.9167  -0.0390
1951.0000  0.0682
1951.0833  0.0402
1951.1667  -7.1246
1951.2500  -10.9482
1951.3333  -11.6784
1951.4167  -8.3789
1951.5000  -3.3614
1951.5833  0.7816
1951.6667  4.8170
1951.7500  6.8303
1951.8333  5.6437
1951.9167  7.7170
1952.0000  7.2597
1952.0833  11.7247
1952.1667  11.9086
1952.2500  17.1729
1952.3333  9.6374
1952.4167  6.5450
1952.5000  4.2078
1952.5833  -4.9042
1952.6667  -9.0070
1952.7500  -15.3531
1952.8333  -13.7018
1952.9167  -16.0132
1953.0000  -10.1374
1953.0833  -14.6707
1953.1667  -13.9720
1953.2500  -13.7503
1953.3333  -6.6286
1953.4167  -2.6960
1953.5000  -5.6973
1953.5833  -1.6306
1953.6667  -0.7702
1953.7500  -3.1116
1953.8333  -2.9292
1953.9167  0.8196
1954.0000  -4.7287
1954.0833  -7.2863
1954.1667  -11.5966
1954.2500  -14.6932
1954.3333  -20.5113
1954.4167  -24.9737
1954.5000  -34.0623
1954.5833  -35.2265
1954.6667  -34.1618
1954.7500  -36.0214
1954.8333  -37.3295
1954.9167  -41.5946
1955.0000  -40.7583
1955.0833  -33.9774
1955.1667  -28.7379
1955.2500  -26.9777
1955.3333  -23.1406
1955.4167  -20.2404
1955.5000  -11.1510
1955.5833  -9.5025
1955.6667  -12.6664
1955.7500  -10.7054
1955.8333  -12.0556
1955.9167  -11.4591
1956.0000  -11.7007
1956.0833  -21.7921
1956.1667  -27.0141
1956.2500  -28.5957
1956.3333  -28.3986
1956.4167  -25.8328
1956.5000  -33.1872
1956.5833  -38.6197
1956.6667  -33.8697
1956.7500  -30.1750
1956.8333  -27.4059
1956.9167  -24.0758
1957.0000  -17.8793
1957.0833  -8.2415
1957.1667  0.9158
1957.2500  2.6176
1957.3333  6.6448
1957.4167  12.3408
1957.5000  18.6855
1957.5833  26.4130
1957.6667  16.0931
1957.7500  16.5629
1957.8333  16.6572
1957.9167  11.0160
1958.0000  5.9606
1958.0833  4.2662
1958.1667  -4.0881
1958.2500  -3.6915
1958.3333  0.9886
1958.4167  1.0270
1958.5000  6.2940
1958.5833  6.0295
1958.6667  15.0633
1958.7500  14.0950
1958.8333  14.5315
1958.9167  18.8700
1959.0000  21.7905
1959.0833  19.9598
1959.1667  23.4661
1959.2500  19.2468
1959.3333  11.7358
1959.4167  6.6098
1959.5000  2.7891
1959.5833  5.2744
1959.6667  5.9501
1959.7500  5.8945
1959.8333  4.0913
1959.9167  0.7666
1960.0000  -2.5230
1960.0833  0.5751
1960.1667  3.5203
1960.2500  7.3202
1960.3333  3.8242
1960.4167  1.6671
1960.5000  4.7230
1960.5833  -1.1531
1960.6667  -2.0771
1960.7500  1.5238
1960.8333  1.0432
1960.9167  1.5247
1961.0000  -2.5969
1961.0833  -3.6907
1961.1667  -3.5504
1961.2500  2.6759
1961.3333  6.8165
1961.4167  15.2968
1961.5000  18.1183
1961.5833  16.0849
1961.6667  16.8539
1961.7500  20.4208
1961.8333  20.3790
1961.9167  21.0124
1962.0000  25.4653
1962.0833  21.3545
1962.1667  18.8493
1962.2500  9.5959
1962.3333  3.3078
1962.4167  -7.1628
1962.5000  -13.6489
1962.5833  -7.8652
1962.6667  -13.6256
1962.7500  -25.2822
1962.8333  -26.1256
1962.9167  -30.8606
1963.0000  -36.5683
1963.0833  -37.7201
1963.1667  -45.5620
1963.2500  -44.7471
1963.3333  -41.7691
1963.4167  -39.8506
1963.5000  -46.1565
1963.5833  -56.9479
1963.6667  -61.8615
1963.7500  -62.6063
1963.8333  -65.4297
1963.9167  -60.6333
1964.0000  -60.7761
1964.0833  -64.4837
1964.1667  -61.9612
1964.2500  -62.5576
1964.3333  -64.8010
1964.4167  -66.4728
1964.5000  -59.0408
1964.5833  -52.8651
1964.6667  -43.4566
1964.7500  -44.9742
1964.8333  -42.6648
1964.9167  -46.8196
1965.0000  -44.4369
1965.0833  -41.1090
1965.1667  -38.2837
1965.2500  -33.2532
1965.3333  -29.7029
1965.4167  -22.5176
1965.5000  -16.4196
1965.5833  -7.3418
1965.6667  -6.9868
1965.7500  -1.9279
1965.8333  -0.2166
1965.9167  9.1399
1966.0000  10.8621
1966.0833  14.5311
1966.1667  11.4700
1966.2500  2.3371
1966.3333  -1.0831
1966.4167  -10.1891
1966.5000  -18.9604
1966.5833  -26.8771
1966.6667  -29.1824
1966.7500  -30.9159
1966.8333  -28.2251
1966.9167  -31.1498
1967.0000  -23.1536
1967.0833  -23.3603
1967.1667  -16.1166
1967.2500  -8.8563
1967.3333  -9.2841
1967.4167  -5.2920
1967.5000  1.3438
1967.5833  4.9505
1967.6667  6.4776
1967.7500  2.6213
1967.8333  -1.2496
1967.9167  -8.1426
1968.0000  -19.8643
1968.0833  -19.1081
1968.1667  -20.9768
1968.2500  -23.3268
1968.3333  -21.6559
1968.4167  -27.4763
1968.5000  -35.4513
1968.5833  -36.6252
1968.6667  -31.6476
1968.7500  -23.0990
1968.8333  -22.7413
1968.9167  -18.8571
1969.0000  -14.7244
1969.0833  -17.6418
1969.1667  -15.0049
1969.2500  -15.2195
1969.3333  -8.4087
1969.4167  -4.9602
1969.5000  -4.6059
1969.5833  -10.1927
1969.6667  -20.8367
1969.7500  -22.1899
1969.8333  -18.9959
1969.9167  -14.4645
1970.0000  -14.6260
1970.0833  -12.1990
1970.1667  -12.5312
1970.2500  -14.5032
1970.3333  -15.8841
1970.4167  -19.3928
1970.5000  -14.1041
1970.5833  -7.6916
1970.6667  -2.0846
1970.7500  -5.2242
1970.8333  -8.7383
1970.9167  -17.1654
1971.0000  -25.3809
1971.0833  -30.4010
1971.1667  -37.2135
1971.2500  -33.8474
1971.3333  -36.0118
1971.4167  -20.7284
1971.5000  -14.1340
1971.5833  -8.9762
1971.6667  -9.5482
1971.7500  -5.7565
1971.8333  0.3861
1971.9167  12.3161
1972.0000  28.9353
1972.0833  40.4701
1972.1667  43.6921
1972.2500  42.5934
1972.3333  46.0431
1972.4167  42.8189
1972.5000  38.3199
1972.5833  39.6410
1972.6667  47.3627
1972.7500  58.9514
1972.8333  64.4545
1972.9167  60.1112
1973.0000  54.2759
1973.0833  48.0890
1973.1667  51.8981
1973.2500  55.7821
1973.3333  59.0048
1973.4167  59.5829
1973.5000  56.9649
1973.5833  53.3828
1973.6667  47.6793
1973.7500  37.1133
1973.8333  33.1081
1973.9167  39.4674
1974.0000  43.8894
1974.0833  46.1583
1974.1667  43.5403
1974.2500  43.2346
1974.3333  40.9262
1974.4167  37.4122
1974.5000  36.8344
1974.5833  36.4397
1974.6667  44.2373
1974.7500  49.2771
1974.8333  51.8539
1974.9167  51.0883
1975.0000  51.5991
1975.0833  56.8411
1975.1667  62.4647
1975.2500  67.7110
1975.3333  63.5716
1975.4167  66.7321
1975.5000  73.3338
1975.5833  68.0156
1975.6667  50.5933
1975.7500  43.3325
1975.8333  36.1783
1975.9167  28.6969
1976.0000  26.2729
1976.0833  18.2487
1976.1667  9.9393
1976.2500  -5.4247
1976.3333  -12.3177
1976.4167  -22.3330
1976.5000  -30.0324
1976.5833  -32.5330
1976.6667  -30.2811
1976.7500  -29.9262
1976.8333  -33.7748
1976.9167  -31.6586
1977.0000  -36.3275
1977.0833  -38.0181
1977.1667  -33.4649
1977.2500  -25.5194
1977.3333  -24.9866
1977.4167  -19.9358
1977.5000  -19.7460
1977.5833  -18.8345
1977.6667  -14.1666
1977.7500  -19.2281
1977.8333  -18.5472
1977.9167  -20.4020
1978.0000  -18.7753
1978.0833  -16.9684
1978.1667  -22.4653
1978.2500  -25.9128
1978.3333  -19.8164
1978.4167  -15.7703
1978.5000  -14.0122
1978.5833  -12.9000
1978.6667  -12.6248
1978.7500  -7.1596
1978.8333  -1.1313
1978.9167  -2.4999
1979.0000  -3.2752
1979.0833  1.2724
1979.1667  5.0234
1979.2500  13.6534
1979.3333  6.4474
1979.4167  -1.2501
1979.5000  -1.9054
1979.5833  3.9388
1979.6667  7.6477
1979.7500  7.0739
1979.8333  3.1491
1979.9167  4.6580
1980.0000  1.2015
1980.0833  -6.5264
1980.1667  -7.7281
1980.2500  -20.3449
1980.3333  -25.0768
1980.4167  -24.6219
1980.5000  -28.3164
1980.5833  -36.3601
1980.6667  -41.4043
1980.7500  -45.1744
1980.8333  -47.0781
1980.9167  -45.7037
1981.0000  -42.3548
1981.0833  -36.5974
1981.1667  -35.2035
1981.2500  -33.8214
1981.3333  -29.3208
1981.4167  -27.1332
1981.5000  -26.5759
1981.5833  -25.7218
1981.6667  -23.6753
1981.7500  -17.8924
1981.8333  -15.3184
1981.9167  -18.5026
1982.0000  -20.3775
1982.0833  -27.8828
1982.1667  -34.2417
1982.2500  -34.1959
1982.3333  -27.9742
1982.4167  -23.5583
1982.5000  -12.4217
1982.5833  -1.9345
1982.6667  4.2499
1982.7500  9.0711
1982.8333  9.6091
1982.9167  13.6469
1983.0000  19.1015
1983.0833  27.2198
1983.1667  31.6689
1983.2500  34.0316
1983.3333  36.3018
1983.4167  35.0338
1983.5000  24.9466
1983.5833  20.4807
1983.6667  13.6491
1983.7500  5.1059
1983.8333  2.6180
1983.9167  -1.2374
1984.0000  -3.8892
1984.0833  -6.4686
1984.1667  -4.4008
1984.2500  -0.6965
1984.3333  0.0231
1984.4167  1.8350
1984.5000  9.8645
1984.5833  9.1483
1984.6667  9.0652
1984.7500  12.4493
1984.8333  12.7698
1984.9167  12.6100
1985.0000  9.2807
1985.0833  6.7648
1985.1667  6.9828
1985.2500  8.7756
1985.3333  11.7519
1985.4167  10.4016
1985.5000  4.3040
1985.5833  1.7978
1985.6667  4.4527
1985.7500  -1.0696
1985.8333  2.9028
1985.9167  10.3662
1986.0000  16.0162
1986.0833  14.0319
1986.1667  7.8139
1986.2500  2.8055
1986.3333  -1.6267
1986.4167  1.8994
1986.5000  7.9308
1986.5833  9.7530
1986.6667  11.4556
1986.7500  24.8618
1986.8333  14.2377
1986.9167  3.8477
1987.0000  1.1088
1987.0833  8.8077
1987.1667  9.3092
1987.2500  3.9265
1987.3333  -6.8453
1987.4167  -12.6674
1987.5000  -19.8368
1987.5833  -22.7217
1987.6667  -28.0473
1987.7500  -43.0111
1987.8333  -37.8172
1987.9167  -38.3273
1988.0000  -38.5410
1988.0833  -44.5202
1988.1667  -44.5687
1988.2500  -36.9723
1988.3333  -33.6676
1988.4167  -39.5067
1988.5000  -43.9692
1988.5833  -41.6739
1988.6667  -42.0982
1988.7500  -38.2565
1988.8333  -39.3375
1988.9167  -39.8828
1989.0000  -42.1675
1989.0833  -41.5304
1989.1667  -35.9879
1989.2500  -37.7985
1989.3333  -37.0271
1989.4167  -37.5450
1989.5000  -44.4812
1989.5833  -54.4202
1989.6667  -54.6737
1989.7500  -46.8366
1989.8333  -39.4884
1989.9167  -28.8758
1990.0000  -28.0691
1990.0833  -25.4732
1990.1667  -25.3339
1990.2500  -29.8294
1990.3333  -29.7445
1990.4167  -21.3521
1990.5000  -9.2926
1990.5833  5.2683
1990.6667  5.3654
1990.7500  1.3069
1990.8333  5.6584
1990.9167  12.8471
1991.0000  20.3116
1991.0833  21.4477
1991.1667  19.6144
1991.2500  28.6178
1991.3333  35.1324
1991.4167  32.3202
1991.5000  31.9357
1991.5833  30.0486
1991.6667  37.4254
1991.7500  33.1286
1991.8333  26.5471
1991.9167  12.6600
1992.0000  9.1201
1992.0833  6.1219
1992.1667  6.7626
1992.2500  3.6186
1992.3333  5.9537
1992.4167  6.3514
1992.5000  8.1935
1992.5833  11.2300
1992.6667  12.2526
1992.7500  10.6711
1992.8333  8.2461
1992.9167  11.7688
1993.0000  11.9303
1993.0833  9.9113
1993.1667  5.4200
1993.2500  -0.3490
1993.3333  -4.8194
1993.4167  -8.2829
1993.5000  -11.4339
1993.5833  -23.8001
1993.6667  -30.8962
1993.7500  -29.1715
1993.8333  -25.3749
1993.9167  -27.0467
1994.0000  -33.3087
1994.0833  -32.4115
1994.1667  -26.1156
1994.2500  -22.8291
1994.3333  -18.4631
1994.4167  -14.3532
1994.5000  -7.2931
1994.5833  -6.9163
1994.6667  -17.0185
1994.7500  -11.1348
1994.8333  -5.9524
1994.9167  -1.2284
1995.0000  3.1276
1995.0833  6.1092
1995.1667  17.6061
1995.2500  27.3442
1995.3333  31.4977
1995.4167  28.2675
1995.5000  20.4936
1995.5833  20.0693
1995.6667  24.0478
1995.7500  14.3659
1995.8333  1.6726
1995.9167  -7.9675
1996.0000  -15.7990
1996.0833  -20.8738
1996.1667  -34.7937
1996.2500  -49.7059
1996.3333  -50.7268
1996.4167  -44.9368
1996.5000  -42.6828
1996.5833  -35.7962
1996.6667  -25.3184
1996.7500  -15.4615
1996.8333  -2.4935
1996.9167  2.2928
1997.0000  10.4474
1997.0833  14.5950
1997.1667  15.1321
1997.2500  20.2075
1997.3333  11.9523
1997.4167  0.8647
1997.5000  -7.7129
1997.5833  -11.0891
1997.6667  -7.8969
1997.7500  -9.4547
1997.8333  -14.5425
1997.9167  -11.9691
1998.0000  -15.1768
1998.0833  -20.3512
1998.1667  -19.1153
1998.2500  -6.2510
1998.3333  -2.6166
1998.4167  3.6911
1998.5000  10.8905
1998.5833  13.5022
1998.6667  12.5533
1998.7500  13.6498
1998.8333  12.9986
1998.9167  14.7618
1999.0000  17.7144
1999.0833  24.1292
1999.1667  21.3469
1999.2500  12.2293
1999.3333  9.0985
1999.4167  6.9763
1999.5000  5.2766
1999.5833  0.1919
1999.6667  -9.9356
1999.7500  -12.5160
1999.8333  -16.6398
1999.9167  -21.5512
2000.0000  -23.7349
2000.0833  -25.2293
2000.1667  -25.4661
2000.2500  -30.5754
2000.3333  -32.1222
2000.4167  -29.1412
2000.5000  -34.7252
2000.5833  -42.6873
2000.6667  -46.4067
2000.7500  -51.9080
2000.8333  -51.4266
2000.9167  -52.7257
2001.0000  -57.5252
2001.0833  -58.3929
2001.1667  -57.0712
2001.2500  -57.4431
2001.3333  -56.8417
2001.4167  -54.7539
2001.5000  -45.8722
2001.5833  -40.7804
2001.6667  -36.4264
2001.7500  -32.2087
2001.8333  -29.0289
2001.9167  -25.1674
2002.0000  -14.3133
2002.0833  -12.8760
2002.1667  -7.6886
2002.2500  4.6275
2002.3333  9.4285
2002.4167  1.5063
2002.5000  -5.6329
2002.5833  -8.0667
2002.6667  -7.7354
2002.7500  -4.5935
2002.8333  -7.2547
2002.9167  -10.7719
2003.0000  -18.1451
2003.0833  -16.3517
2003.1667  -21.8310
2003.2500  -26.7649
2003.3333  -28.5169
2003.4167  -20.0685
2003.5000  -15.8122
2003.5833  -6.0415
2003.6667  -2.5587
2003.7500  -5.2198
2003.8333  -8.7910
2003.9167  -6.3579
2004.0000  -4.3195
2004.0833  -8.1776
2004.1667  -10.2554
2004.2500  -14.8384
2004.3333  -19.7950
2004.4167  -20.5199
2004.5000  -24.1608
2004.5833  -21.2729
2004.6667  -11.8052
2004.7500  -14.2467
2004.8333  -11.9599
2004.9167  -13.1395
2005.0000  -7.9017
2005.0833  -1.5780
2005.1667  1.3745
2005.2500  4.7414
2005.3333  5.6408
2005.4167  -5.5171
2005.5000  -8.4182
2005.5833  -22.1966
2005.6667  -38.7213
2005.7500  -37.7461
2005.8333  -39.1042
2005.9167  -42.6366
2006.0000  -52.6159
2006.0833  -61.3982
2006.1667  -65.2260
2006.2500  -73.1372
2006.3333  -74.3513
2006.4167  -71.9291
2006.5000  -68.6736
2006.5833  -60.5544
2006.6667  -60.4580
2006.7500  -62.4297
2006.8333  -59.3711
2006.9167  -49.7974
2007.0000  -42.5495
2007.0833  -36.4530
2007.1667  -30.3642
2007.2500  -25.4192
2007.3333  -18.9288
2007.4167  -15.7945
2007.5000  -14.8269
2007.5833  -13.2077
2007.6667  -10.5885
2007.7500  -13.2619
2007.8333  -12.0924
2007.9167  -16.4428
2008.0000  -20.4671
2008.0833  -18.1069
2008.1667  -21.6418
2008.2500  -11.6991
2008.3333  -14.0588
2008.4167  -13.2686
2008.5000  -15.7326
2008.5833  -25.5137
2008.6667  -28.4308
2008.7500  -23.3335
2008.8333  -26.8529
2008.9167  -28.7306
2009.0000  -26.8249
2009.0833  -31.3527
2009.1667  -28.3720
2009.2500  -33.0231
2009.3333  -32.6031
2009.4167  -23.1072
2009.5000  -10.0379
2009.5833  -2.0073
2009.6667  4.8900
2009.7500  -0.5044
2009.8333  -0.6904
2009.9167  -0.8598
2010.0000  0.8875
2010.0833  11.3598
2010.1667  13.4904
2010.2500  14.9461
2010.3333  6.4457
2010.4167  -3.7153
2010.5000  -19.7984
2010.5833  -25.6344
2010.6667  -35.8454
2010.7500  -31.5398
2010.8333  -31.1425
2010.9167  -32.2286
2011.0000  -34.9896
2011.0833  -41.9464
2011.1667  -45.1842
2011.2500  -57.7949
2011.3333  -58.2602
2011.4167  -57.8240
2011.5000  -47.5983
2011.5833  -45.2574
2011.6667  -34.3354
2011.7500  -29.7706
2011.8333  -24.4816
2011.9167  -21.2143
2012.0000  -11.9919
2012.0833  -11.3053
2012.1667  -8.0277
2012.2500  -6.0758
2012.3333  -4.5086
2012.4167  -1.2578
2012.5000  -1.4697
2012.5833  3.8131
2012.6667  3.2000
2012.7500  -1.4614
2012.8333  -2.6129
2012.9167  -6.6575
2013.0000  -17.6776
2013.0833  -19.1741
2013.1667  -21.2003
2013.2500  -15.5681
2013.3333  -7.7329
2013.4167  -4.1555
2013.5000  -4.3284
2013.5833  -8.3664
2013.6667  -8.4435
2013.7500  -6.7100
2013.8333  -6.4211
2013.9167  -3.0946
2014.0000  1.7075
2014.0833  -1.8560
2014.1667  -2.4531
2014.2500  -1.7196
2014.3333  -5.8379
2014.4167  -11.3729
2014.5000  -6.0142
2014.5833  -3.0923
2014.6667  -2.6087
2014.7500  -5.6530
2014.8333  -5.9935
2014.9167  -3.0377
2015.0000  -4.8782
2015.0833  -2.9410
2015.1667  -0.9019
2015.2500  -2.4183
2015.3333  8.0745
2015.4167  19.2503
2015.5000  25.9716
2015.5833  36.3501
2015.6667  37.0096
2015.7500  45.2987
2015.8333  53.9859
2015.9167  58.3491
2016.0000  63.6567
2016.0833  66.0754
2016.1667  68.9571
2016.2500  72.3296
2016.3333  69.1835
2016.4167  68.7803
2016.5000  62.7436
2016.5833  59.0327
2016.6667  58.0811
2016.7500  54.3702
2016.8333  50.1315
2016.9167  41.9577
2017.0000  43.6357
2017.0833  43.2303
2017.1667  42.9502
2017.2500  40.5562
2017.3333  43.4670
2017.4167  36.2361
2017.5000  30.4617
2017.5833  18.5407
2017.6667  19.4604
2017.7500  23.9086
2017.8333  18.7797
2017.9167  17.7150
2018.0000  6.8233
2018.0833  5.7235
2018.1667  3.6466
2018.2500  4.9522
2018.3333  3.1010
2018.4167  1.9379
2018.5000  6.4850
2018.5833  14.6601
2018.6667  22.2816
2018.7500  23.9579
2018.8333  28.2947
2018.9167  38.9005
2019.0000  49.5742
2019.0833  57.4281
2019.1667  57.5783
2019.2500  59.9230
2019.3333  68.3047
2019.4167  76.2790
2019.5000  75.3459
2019.5833  80.2090
2019.6667  73.6648
2019.7500  70.5095
2019.8333  75.9467
2019.9167  70.6803
2020.0000  73.5897
2020.0833  70.7770
2020.1667  73.4272
2020.2500  79.0496
2020.3333  72.6813
2020.4167  72.6001
2020.5000  66.3614
2020.5833  57.9653
2020.6667  57.6248
2020.7500  58.8120
2020.8333  55.6197
2020.9167  55.9736
2021.0000  51.2257
2021.0833  49.8203
2021.1667  49.8872
2021.2500  39.6856
2021.3333  36.7710
2021.4167  33.5138
2021.5000  42.5436
2021.5833  49.3142
2021.6667  51.9552
2021.7500  48.0128
2021.8333  45.0334
2021.9167  46.3317
2022.0000  44.0468
2022.0833  40.8914
2022.1667  39.2268
2022.2500  42.1270
2022.3333  38.1106
2022.4167  39.9923
2022.5000  43.2814
2022.5833  45.0242
2022.6667  42.0170
2022.7500  49.9820
2022.8333  55.5211
2022.9167  54.4769
2023.0000  58.2660
2023.0833  57.6477
2023.1667  54.5942
2023.2500  51.3833
2023.3333  56.9780
2023.4167  56.8134
2023.5000  53.1581
2023.5833  46.1972
2023.6667  46.0974
2023.7500  41.3865
2023.8333  32.9348
2023.9167  35.6684
2024.0000  38.7445
2024.0833  40.5059
2024.1667  40.5820
2024.2500  50.9267
2024.3333  49.2621
2024.4167  52.5234
2024.5000  46.6829
2024.5833  42.4998
2024.6667  38.5111
2024.7500  31.8743
2024.8333  29.2930
2024.9167  23.0080
2025.0000  15.6582
2025.0833  15.0677
2025.1667  18.4864
2025.2500  9.3404
2025.3333  10.8424
2025.4167  -4.4240
2025.5000  -7.4034
