offs    0.00000000000
bg      0.00014145452
impA    0.00000000000
impB    0.00000000000
impC    0.00000000000
delA    4.57521662801
delB    0.72718786582
asym    0.00000271854
ann1    0.19577959116
ann2   -0.42720203574
sem1   -0.65892541018
sem2    0.00453415125
year   -0.00006382860
IR     -0.00000000000
ma     -0.00000000000
mp      0.00011901649
shfT   -0.00000000000
init   -0.00637464062
   27.32166155400   0.00637771351  -1.37244229282
   27.21222081500   0.03093024661  -0.74698880982
 1095.17502233364   0.00035525355  -0.00223719454
    9.08286783775   0.00398757789   1.42896563774
    6.81670784238   0.00119476564   0.42279694291
   13.63341568476   0.00518077375   9.80796837606
   13.66083077700  -0.00284608296  14.89257877291
   13.60611040750  -0.00175818430  20.83396123677
   27.55454988600  -0.00433188534   3.00889167046
   13.77727494300  -0.00233263045  78.44327782011
 6793.47648813065   0.00072014679 -23.93927808883
 1616.30271425126  -0.00057706686   0.58594090521
   27.09267692660  -0.00221714062   1.69588923917
    9.09502787633   0.00255712702   0.61701368956
   13.69115772864   0.00010087079  -2.40617822130
 1305.66025845931   0.00018118755   1.84556007876
   27.44323926226  -0.00008858503   0.02158558582
   27.66676714572  -0.00099577080   2.81672478580
 2190.35004466729   0.00137857108   2.02148971468
   26.98505934729   0.00116462226   6.40685621550
 6167.20701373239  -0.00013834836  -3.84973623266
 -3232.60542850251   0.00086147535   0.28139060578
 -2120.90900683440  -0.00215823386  -0.28991205874
   27.33282433123  -0.00010523694   9.25440747075
   13.71880577217   0.00296201659 -16.87938655463
    9.13295078376   0.00007921434   8.03460859615
    9.12068919638   0.00075617699   0.78064086279
    9.10846048884   0.00136699002   1.02751553113
 3396.73824406533   0.00124393720 -39.17551707056
ltep   23.78130824474
ltep    2.60483753966
ltep    3.91413290270
ltep   12.28983519434
ltep   11.21165301861
ltep   -2.09107104701
ltep    3.62489722910
ltep    3.58245503554
ltep  -61.72163523927
ltep  -17.10853873324
ltep    9.89513841622
harm  45
harm  50
harm  48
harm  51
harm  42
harm  6
harm  2217
harm  8734
harm  8775
harm  9280
harm  50
harm  80
harm  219
harm  186
harm  261
harm  133
harm  55
harm  683
harm  490
harm  1196
harm  119
harm  173
harm  284
harm  23
harm  74
harm  58
harm  139
harm  0
