offs    0.00000000000
bg      0.00014145452
impA    0.00000000000
impB    0.00000000000
impC    0.00000000000
delA    4.56942128398
delB    0.62987274904
asym    0.00003803639
ann1   -0.03684032664
ann2   -1.70339908337
sem1   -0.00522954638
sem2   -0.43030014657
year   -0.00002792655
IR     -0.00000000000
ma     -0.00000000000
mp      0.00011170862
shfT   -0.00000000000
init   -0.00581304308
   27.32166155400   0.00692700711  -1.28730894427
   27.21222081500   0.03251222340  -0.72699784575
 1095.17502233364   0.00037285030  -0.13562680130
    9.08286783775   0.00426246811   1.44804907165
    6.81670784238   0.00044705289  -0.40874121520
   13.63341568476   0.00517236479   9.90728564295
   13.66083077700  -0.00271314489  14.49236784632
   13.60611040750  -0.00171294912  20.91458583705
   27.55454988600  -0.00314145580   3.02720067016
   13.77727494300  -0.00255473336  78.25109260088
 6793.47648813065   0.00080281346 -24.00629522171
 1616.30271425126  -0.00049987140   0.82832697749
   27.09267692660  -0.00177761447   1.56594950004
    9.09502787633   0.00257090898   0.58497832041
   13.69115772864   0.00020101250  -2.71638383911
 1305.66025845931   0.00030045456   0.37276003584
   27.44323926226  -0.00035305711   1.04692109096
   27.66676714572  -0.00112373347   2.72651044401
 2190.35004466729   0.00135161683   2.03449483313
   26.98505934729   0.00093008722   6.02025586130
 6167.20701373239  -0.00008649402  -4.61003498478
 -3232.60542850251   0.00093643958   0.28454272100
 -2120.90900683440  -0.00216902491  -0.33929185386
   27.33282433123  -0.00026687828  15.34139335372
   13.71880577217   0.00314671110 -18.03107587992
    9.13295078376   0.00006173787   8.35483422109
    9.12068919638   0.00074097200   0.92419060838
    9.10846048884   0.00137718160   1.02367431771
 3396.73824406533   0.00129888502 -33.10950148165
ltep  -22.88811168533
ltep    2.54727740038
ltep    3.91413290270
ltep   12.28983519434
ltep   11.21154302457
ltep   -2.09107104701
ltep    3.18081070896
ltep    3.58245503554
ltep  -61.72163523927
ltep  -17.10853873324
ltep    9.89513841622
harm  45
harm  50
harm  48
harm  57
harm  15
harm  158
harm  2217
harm  8734
harm  8775
harm  9280
harm  50
harm  80
harm  219
harm  186
harm  261
harm  133
harm  55
harm  683
harm  490
harm  1196
harm  119
harm  173
harm  284
harm  23
harm  74
harm  58
harm  139
harm  0
