offs    0.00000000000
bg      0.00014145452
impA    0.00000000000
impB    0.00000000000
impC    0.00000000000
delA    4.55842810645
delB    0.72718786582
asym    0.00000087961
ann1    8.55376013157
ann2   -2.05205111128
sem1    0.00010502646
sem2    0.02749539307
year   -0.00002792655
IR     -0.00000000000
ma     -0.00000000000
mp      0.00011660934
shfT   -0.00000000000
init   -0.00521590579
   27.32166155400   0.00636946898  -1.35062385448
   27.21222081500   0.03087621899  -0.74636791540
 1095.17502233364   0.00028230641  -0.00594477537
    9.08286783775   0.00416851367   1.41240502029
    6.81670784238   0.00096522844   0.33822525357
   13.63341568476   0.00515749450   9.81834378026
   13.66083077700  -0.00268501204  14.78777923377
   13.60611040750  -0.00181744454  20.83716504301
   27.55454988600  -0.00438505306   3.01465608122
   13.77727494300  -0.00240625513  78.47374683846
 6793.47648813065   0.00074236732 -24.01490431862
 1616.30271425126  -0.00054419280   0.45716807445
   27.09267692660  -0.00203448069   1.71105960067
    9.09502787633   0.00252028621   0.59951178517
   13.69115772864   0.00006267835  -1.53924661376
 1305.66025845931   0.00026506560   1.89849772001
   27.44323926226  -0.00013299459   0.02495791747
   27.66676714572  -0.00105404690   2.72463114789
 2190.35004466729   0.00134574420   2.00128116279
   26.98505934729   0.00110402653   6.63050588374
 6167.20701373239  -0.00015257079  -3.49206475045
 -3232.60542850251   0.00090277341   0.23585778645
 -2120.90900683440  -0.00195341142  -0.33356296922
   27.33282433123  -0.00027025454   9.68928882097
   13.71880577217   0.00301591326 -16.82359462122
    9.13295078376   0.00007473021   8.01173705318
    9.12068919638   0.00072409914   0.77590709017
    9.10846048884   0.00135015318   0.99237647900
 3396.73824406533   0.00128259449 -39.21257076247
ltep   23.95917643448
ltep    2.59778927384
ltep    3.91413290270
ltep   12.28983519434
ltep   11.21165301861
ltep   -2.09107104701
ltep    3.18081070896
ltep    3.58245503554
ltep  -61.72163523927
ltep  -17.10853873324
ltep    9.89513841622
harm  45
harm  50
harm  48
harm  18
harm  42
harm  39
harm  2217
harm  8734
harm  8775
harm  9280
harm  50
harm  80
harm  219
harm  186
harm  261
harm  133
harm  55
harm  683
harm  490
harm  1196
harm  119
harm  173
harm  284
harm  23
harm  74
harm  58
harm  139
harm  0
