offs    0.00000000000
bg      0.00014145452
impA    0.00000000000
impB    0.00000000000
impC    0.00000000000
delA    4.55553850095
delB    0.72718786582
asym   -0.00007649192
ann1    0.18537611176
ann2   -1.49435981082
sem1   -0.00340240138
sem2    3.29671839507
year   -0.00002792655
IR     -0.00000000000
ma     -0.00000000000
mp      0.00011711046
shfT   -0.00000000000
init   -0.00508879070
   27.32166155400   0.00644226514  -1.34587223658
   27.21222081500   0.03087262980  -0.74846776842
 1095.17502233364   0.00030637801   0.05178313262
    9.08286783775   0.00417452805   1.44587842550
    6.81670784238   0.00112565407   0.39783862289
   13.63341568476   0.00519102433   9.81131719602
   13.66083077700  -0.00274453830  14.71486616549
   13.60611040750  -0.00181408393  20.82339871882
   27.55454988600  -0.00435831739   3.03375842277
   13.77727494300  -0.00208894117  78.44634214045
 6793.47648813065   0.00072837497 -23.99256536168
 1616.30271425126  -0.00029991170   0.34561704220
   27.09267692660  -0.00177342133   1.80326586172
    9.09502787633   0.00250033418   0.57485519683
   13.69115772864   0.00027405318  -0.99459919501
 1305.66025845931   0.00028723990   1.52453290286
   27.44323926226  -0.00013873067   0.48039237577
   27.66676714572  -0.00095129740   2.66398742174
 2190.35004466729   0.00140835637   1.96643246844
   26.98505934729   0.00113104306   6.47444078097
 6167.20701373239  -0.00009078649  -3.94452224092
 -3232.60542850251   0.00078998018   0.28540513573
 -2120.90900683440  -0.00214899984  -0.30283241098
   27.33282433123  -0.00019160418   9.03795796132
   13.71880577217   0.00315786767 -16.84374567876
    9.13295078376   0.00007610063   7.95783563653
    9.12068919638   0.00074319713   0.80442678110
    9.10846048884   0.00138266312   1.04979821881
 3396.73824406533   0.00120827394 -39.22879905641
ltep   23.94641734894
ltep    2.59633833452
ltep    3.91413290270
ltep   12.28983519434
ltep   11.21165301861
ltep   -2.09107104701
ltep    3.18081070896
ltep    3.58245503554
ltep  -61.72163523927
ltep  -17.10853873324
ltep    9.89513841622
harm  45
harm  50
harm  48
harm  28
harm  42
harm  11
harm  2217
harm  8734
harm  8775
harm  9280
harm  50
harm  80
harm  219
harm  186
harm  261
harm  133
harm  55
harm  683
harm  490
harm  1196
harm  119
harm  173
harm  284
harm  23
harm  74
harm  58
harm  139
harm  0
