offs    0.00000000000
bg      0.00014145452
impA    0.00000000000
impB    0.00000000000
impC    0.00000000000
delA    4.54054561964
delB    0.72718786582
asym   -0.00000794636
ann1    0.18394774360
ann2   -1.93543499027
sem1   -0.01878863522
sem2    2.67205173160
year   -0.00002792655
IR     -0.00000000000
ma     -0.00000000000
mp      0.00011613695
shfT   -0.00000000000
init   -0.00760839274
   27.32166155400   0.00626495453  -1.32090385304
   27.21222081500   0.03099441621  -0.75075147875
 1095.17502233364   0.00034881714  -0.03068733133
    9.08286783775   0.00424523813   1.44203667664
    6.81670784238   0.00089430342   0.40239410939
   13.63341568476   0.00515059135   9.81262096498
   13.66083077700  -0.00293979670  14.70825493526
   13.60611040750  -0.00180986591  20.86268185305
   27.55454988600  -0.00441159395   2.98351787251
   13.77727494300  -0.00251390849  78.43680670460
 6793.47648813065   0.00077162676 -24.00806364842
 1616.30271425126  -0.00078324831   0.35928856571
   27.09267692660  -0.00196196637   1.73958717109
    9.09502787633   0.00254653775   0.61030131651
   13.69115772864   0.00000335502  -1.36455314525
 1305.66025845931   0.00019434870   0.87954419282
   27.44323926226  -0.00007969331   0.00643107899
   27.66676714572  -0.00102915194   2.77478412294
 2190.35004466729   0.00126000821   2.02404900469
   26.98505934729   0.00115152990   6.36965261816
 6167.20701373239  -0.00011054112  -3.88027243319
 -3232.60542850251   0.00090518868   0.25269741449
 -2120.90900683440  -0.00214998876  -0.36921528477
   27.33282433123  -0.00022583988  10.21278292618
   13.71880577217   0.00306324012   8.22296276034
    9.13295078376   0.00008330174   8.02306177392
    9.12068919638   0.00075800912   0.82472240220
    9.10846048884   0.00139114789   1.04618052488
 3396.73824406533   0.00122399790 -39.13529354756
ltep   23.75994164843
ltep    2.60415723951
ltep    3.91413290270
ltep   12.28983519434
ltep   11.21165301861
ltep   -2.09107104701
ltep    3.18081070896
ltep    3.58245503554
ltep  -61.72163523927
ltep  -17.10853873324
ltep    9.89513841622
harm  45
harm  50
harm  48
harm  18
harm  42
harm  47
harm  2217
harm  8734
harm  8775
harm  9280
harm  50
harm  80
harm  219
harm  186
harm  261
harm  133
harm  55
harm  683
harm  490
harm  1196
harm  119
harm  173
harm  284
harm  23
harm  74
harm  58
harm  139
harm  0
