offs    0.00000000000
bg      0.00014145452
impA    0.00000000000
impB    0.00000000000
impC    0.00000000000
delA    4.57149734134
delB    0.72718786582
asym   -0.00022771899
ann1    0.07587840739
ann2   -2.14542291503
sem1   -0.04135361681
sem2    0.36719455523
year   -0.00002792655
IR     -0.00000000000
ma     -0.00000000000
mp      0.00011554013
shfT   -0.00000000000
init   -0.00665898200
   27.32166155400   0.00625136668  -1.34520062529
   27.21222081500   0.03040808603  -0.75233002222
 1095.17502233364   0.00033850806  -0.12078727590
    9.08286783775   0.00414632340   1.44932273411
    6.81670784238   0.00113390564   0.40532184530
   13.63341568476   0.00531973441   9.81096144425
   13.66083077700  -0.00274708950  14.62292084594
   13.60611040750  -0.00182637144  20.74944396722
   27.55454988600  -0.00442562375   2.98340206565
   13.77727494300  -0.00243216536  78.44732544274
 6793.47648813065   0.00072244863 -24.10628014246
 1616.30271425126  -0.00054211995   0.52861507932
   27.09267692660  -0.00235118462   1.69417542153
    9.09502787633   0.00255382358   0.60009923104
   13.69115772864   0.00008935366  -1.92762236522
 1305.66025845931   0.00031182794   1.01541479337
   27.44323926226  -0.00006534671   0.56419089580
   27.66676714572  -0.00098026530   2.69406974610
 2190.35004466729   0.00134091982   2.03122297329
   26.98505934729   0.00122379002   6.49989470987
 6167.20701373239  -0.00010429678  -3.77293584959
 -3232.60542850251   0.00086204742   0.29181727170
 -2120.90900683440  -0.00213186163  -0.31130940824
   27.33282433123  -0.00021647553   8.38636301184
   13.71880577217   0.00265748195 -16.79641685897
    9.13295078376   0.00007771779   8.08052794146
    9.12068919638   0.00070848597   0.80154179753
    9.10846048884   0.00135223762   1.06370694601
 3396.73824406533   0.00121433762 -39.28910376185
ltep   23.60263964397
ltep    2.59845466963
ltep    3.91413290270
ltep   12.28983519434
ltep   11.21165301861
ltep   -2.08910467656
ltep    3.18081070896
ltep    3.58245503554
ltep  -61.72163523927
ltep  -17.08726594792
ltep    9.89513841622
harm  45
harm  50
harm  48
harm  18
harm  42
harm  13
harm  2217
harm  8734
harm  8775
harm  9280
harm  50
harm  80
harm  219
harm  186
harm  261
harm  133
harm  55
harm  683
harm  490
harm  1196
harm  119
harm  173
harm  284
harm  23
harm  74
harm  58
harm  139
harm  0
