1865.0000333    -151.176
1865.0833333    -138.872
1865.1666333    -134.327
1865.2500333    -119.712
1865.3333333    -111.41
1865.4166333    -114.51
1865.5000333    -88.6876
1865.5833333    -75.3334
1865.6666333    -74.6715
1865.7500333    -67.8559
1865.8333333    -60.6556
1865.9166333    -54.6091
1866.0000333    -37.0243
1866.0833333    -26.3625
1866.1666333    -11.0854
1866.2500333    -20.0391
1866.3333333    4.0842
1866.4166333    17.4382
1866.5000333    26.9459
1866.5833333    19.5307
1866.6666333    -14.8076
1866.7500333    12.3924
1866.8333333    13.4386
1866.9166333    17.1772
1867.0000333    25.5309
1867.0833333    17.731
1867.1666333    13.7772
1867.2500333    7.1309
1867.3333333    30.8693
1867.4166333    11.5309
1867.5000333    -7.0386
1867.5833333    10.9306
1867.6666333    4.669
1867.7500333    18.0226
1867.8333333    -2.4698
1867.9166333    7.0377
1868.0000333    8.8528
1868.0833333    7.9757
1868.1666333    5.5601
1868.2500333    13.529
1868.3333333    7.6519
1868.4166333    13.3132
1868.5000333    -4.8718
1868.5833333    16.174
1868.6666333    -19.3186
1868.7500333    -36.7344
1868.8333333    -40.304
1868.9166333    -35.412
1869.0000333    -41.6741
1869.0833333    -37.1668
1869.1666333    -25.7364
1869.2500333    -9.3062
1869.3333333    2.5087
1869.4166333    3.939
1869.5000333    -18.0924
1869.5833333    -41.2775
1869.6666333    -66.0011
1869.7500333    -58.8018
1869.8333333    -53.1408
1869.9166333    -52.0952
1870.0000333    -54.1267
1870.0833333    -46.9273
1870.1666333    -46.651
1870.2500333    -56.3749
1870.3333333    -68.7909
1870.4166333    -108.515
1870.5000333    -128.623
1870.5833333    -131.424
1870.6666333    -102.302
1870.7500333    -92.7948
1870.8333333    -85.211
1870.9166333    -77.6272
1871.0000333    -60.8127
1871.0833333    -53.9982
1871.1666333    -51.0298
1871.2500333    -50.3692
1871.3333333    -58.5547
1871.4166333    -54.4326
1871.5000333    -40.6952
1871.5833333    -36.573
1871.6666333    -28.9894
1871.7500333    -23.3289
1871.8333333    -25.3607
1871.9166333    -24.3156
1872.0000333    -21.7321
1872.0833333    -27.6101
1872.1666333    -3.4881
1872.2500333    4.0953
1872.3333333    12.448
1872.4166333    15.4161
1872.5000333    20.6918
1872.5833333    6.7368
1872.6666333    4.3202
1872.7500333    -4.6349
1872.8333333    -4.3592
1872.9166333    0.5318
1873.0000333    8.8843
1873.0833333    15.6984
1873.1666333    27.1279
1873.2500333    15.4803
1873.3333333    16.5251
1873.4166333    22.5699
1873.5000333    35.9223
1873.5833333    18.5055
1873.6666333    35.7041
1873.7500333    49.8257
1873.8333333    50.1011
1873.9166333    46.9151
1874.0000333    44.4981
1874.0833333    49.0043
1874.1666333    49.2797
1874.2500333    49.9396
1874.3333333    35.9842
1874.4166333    26.6442
1874.5000333    14.9963
1874.5833333    -21.6515
1874.6666333    -28.2992
1874.7500333    -40.3318
1874.8333333    -41.9796
1874.9166333    -29.3966
1875.0000333    -27.9677
1875.0833333    -25.7694
1875.1666333    -32.8019
1875.2500333    -50.2192
1875.3333333    -63.7901
1875.4166333    -60.8227
1875.5000333    -78.24
1875.5833333    -75.6572
1875.6666333    -34.6129
1875.7500333    -24.7226
1875.8333333    -28.6783
1875.9166333    -26.8648
1876.0000333    -22.3592
1876.0833333    -14.0072
1876.1666333    -1.04
1876.2500333    -3.8421
1876.3333333    1.0483
1876.4166333    -9.0614
1876.5000333    0.4441
1876.5833333    36.1036
1876.6666333    30.9939
1876.7500333    -1.0391
1876.8333333    -10.3797
1876.9166333    7.2028
1877.0000333    20.939
1877.0833333    26.9831
1877.1666333    26.104
1877.2500333    26.3786
1877.3333333    42.8071
1877.4166333    51.928
1877.5000333    65.6641
1877.5833333    49.4003
1877.6666333    44.6749
1877.7500333    34.9494
1877.8333333    51.7625
1877.9166333    70.4986
1878.0000333    75.7731
1878.0833333    74.1246
1878.1666333    77.476
1878.2500333    80.0581
1878.3333333    70.3326
1878.4166333    59.0686
1878.5000333    35.4968
1878.5833333    24.2328
1878.6666333    14.1226
1878.7500333    -5.2185
1878.8333333    -3.7903
1878.9166333    0.3303
1879.0000333    7.9122
1879.0833333    8.1865
1879.1666333    4.9993
1879.2500333    -2.4188
1879.3333333    -6.3753
1879.4166333    -16.1011
1879.5000333    -25.8269
1879.5833333    -4.7835
1879.6666333    -8.74
1879.7500333    1.9186
1879.8333333    0.2697
1879.9166333    9.7746
1880.0000333    10.4333
1880.0833333    -0.0618
1880.1666333    0.2123
1880.2500333    8.5631
1880.3333333    22.2987
1880.4166333    47.9574
1880.5000333    48.6159
1880.5833333    43.1207
1880.6666333    37.2408
1880.7500333    32.5147
1880.8333333    25.4809
1880.9166333    30.3702
1881.0000333    33.721
1881.0833333    42.4564
1881.1666333    38.4995
1881.2500333    31.0809
1881.3333333    27.8932
1881.4166333    13.9363
1881.5000333    -13.0977
1881.5833333    -4.747
1881.6666333    12.4498
1881.7500333    7.7235
1881.8333333    14.151
1881.9166333    27.8863
1882.0000333    29.6983
1882.0833333    43.8181
1882.1666333    27.938
1882.2500333    27.8269
1882.3333333    45.4082
1882.4166333    32.6049
1882.5000333    25.9552
1882.5833333    15.4596
1882.6666333    2.6562
1882.7500333    -22.0704
1882.8333333    -21.0276
1882.9166333    -23.4465
1883.0000333    -21.25
1883.0833333    -15.2073
1883.1666333    -30.3185
1883.2500333    -20.4298
1883.3333333    -2.8487
1883.4166333    -1.8061
1883.5000333    24.2363
1883.5833333    18.3559
1883.6666333    15.9369
1883.7500333    11.9793
1883.8333333    28.791
1883.9166333    30.2182
1884.0000333    40.4913
1884.0833333    33.8415
1884.1666333    34.1147
1884.2500333    50.5416
1884.3333333    39.6609
1884.4166333    38.011
1884.5000333    9.7456
1884.5833333    -13.9044
1884.6666333    -12.862
1884.7500333    -15.3583
1884.8333333    0.8379
1884.9166333    -2.2737
1885.0000333    -4.5392
1885.0833333    -2.497
1885.1666333    5.5453
1885.2500333    12.4335
1885.3333333    -15.9858
1885.4166333    -2.8667
1885.5000333    -10.4401
1885.5833333    -20.321
1885.6666333    -36.3558
1885.7500333    -41.3908
1885.8333333    -38.3487
1885.9166333    -43.5374
1886.0000333    -37.4185
1886.0833333    -29.0688
1886.1666333    -28.4883
1886.2500333    -39.6772
1886.3333333    -44.0968
1886.4166333    -13.9779
1886.5000333    -37.7053
1886.5833333    -57.3557
1886.6666333    -49.7754
1886.7500333    -46.1182
1886.8333333    -44.6917
1886.9166333    -43.1114
1887.0000333    -44.6082
1887.0833333    -43.0279
1887.1666333    -36.6784
1887.2500333    -21.406
1887.3333333    -16.9027
1887.4166333    -13.3994
1887.5000333    -40.4348
1887.5833333    -49.8546
1887.6666333    -45.8898
1887.7500333    -45.0021
1887.8333333    -38.3451
1887.9166333    -36.1496
1888.0000333    -20.4928
1888.0833333    -12.4512
1888.1666333    -21.4865
1888.2500333    -19.5989
1888.3333333    -36.1728
1888.4166333    -34.1312
1888.5000333    -55.0899
1888.5833333    -37.7407
1888.6666333    -21.8531
1888.7500333    -20.3502
1888.8333333    -18.5396
1888.9166333    -21.3443
1889.0000333    -10.9953
1889.0833333    -5.7232
1889.1666333    -2.2972
1889.2500333    1.1286
1889.3333333    -3.5224
1889.4166333    -8.0965
1889.5000333    2.4831
1889.5833333    -11.8602
1889.6666333    -22.1266
1889.7500333    -22.1625
1889.8333333    -19.0443
1889.9166333    -10.4647
1890.0000333    3.4225
1890.0833333    4.3868
1890.1666333    -11.8029
1890.2500333    -0.5311
1890.3333333    2.2792
1890.4166333    -24.4489
1890.5000333    -23.2542
1890.5833333    -50.4439
1890.6666333    -19.9413
1890.7500333    -36.9774
1890.8333333    -36.2441
1890.9166333    -38.1262
1891.0000333    -33.0853
1891.0833333    -27.5829
1891.1666333    -24.0804
1891.2500333    -18.0396
1891.3333333    -38.5372
1891.4166333    -23.881
1891.5000333    7.3136
1891.5833333    13.739
1891.6666333    13.1645
1891.7500333    -0.2564
1891.8333333    11.169
1891.9166333    15.0559
1892.0000333    22.0196
1892.0833333    20.2911
1892.1666333    16.4856
1892.2500333    17.4492
1892.3333333    12.2591
1892.4166333    21.9921
1892.5000333    0.9557
1892.5833333    -3.5422
1892.6666333    -2.3478
1892.7500333    -1.2304
1892.8333333    -2.4206
1892.9166333    -2.9185
1893.0000333    -3.1089
1893.0833333    1.7777
1893.1666333    12.5874
1893.2500333    24.3201
1893.3333333    21.0528
1893.4166333    30.2471
1893.5000333    17.5182
1893.5833333    36.7893
1893.6666333    30.6758
1893.7500333    14.8699
1893.8333333    21.8333
1893.9166333    26.9506
1894.0000333    32.4523
1894.0833333    40.9541
1894.1666333    37.5328
1894.2500333    26.496
1894.3333333    16.2285
1894.4166333    31.1918
1894.5000333    15.0011
1894.5833333    6.4259
1894.6666333    -7.8417
1894.7500333    -11.1863
1894.8333333    -10.2231
1894.9166333    -10.3368
1895.0000333    3.1647
1895.0833333    7.7432
1895.1666333    -0.6783
1895.2500333    14.5154
1895.3333333    7.0939
1895.4166333    10.5954
1895.5000333    -9.8263
1895.5833333    -13.4786
1895.6666333    6.869
1895.7500333    5.0626
1895.8333333    0.0256
1895.9166333    9.0655
1896.0000333    18.336
1896.0833333    10.145
1896.1666333    18.7233
1896.2500333    23.6092
1896.3333333    4.4182
1896.4166333    3.9195
1896.5000333    -20.5024
1896.5833333    -22.0012
1896.6666333    -1.4999
1896.7500333    -15.9988
1896.8333333    -12.2668
1896.9166333    -5.0733
1897.0000333    1.3508
1897.0833333    6.3904
1897.1666333    18.507
1897.2500333    2.7003
1897.3333333    -1.5679
1897.4166333    3.3178
1897.5000333    17.588
1897.5833333    55.166
1897.6666333    49.5901
1897.7500333    33.1679
1897.8333333    41.9766
1897.9166333    41.3237
1898.0000333    50.1322
1898.0833333    48.3255
1898.1666333    43.1341
1898.2500333    22.9426
1898.3333333    23.6742
1898.4166333    47.4828
1898.5000333    58.5989
1898.5833333    44.3305
1898.6666333    17.2928
1898.7500333    24.4089
1898.8333333    24.9097
1898.9166333    13.4874
1899.0000333    10.7572
1899.0833333    0.7964
1899.1666333    18.1432
1899.2500333    21.2592
1899.3333333    41.7598
1899.4166333    34.1066
1899.5000333    7.5302
1899.5833333    -11.123
1899.6666333    -17.5455
1899.7500333    -23.8143
1899.8333333    -31.3137
1899.9166333    -27.7363
1900.0000333    -18.6205
1900.0833333    -18.9661
1900.1666333    -14.5426
1900.2500333    -18.7345
1900.3333333    -32.4649
1900.4166333    -34.426
1900.5000333    -25.9257
1900.5833333    -31.9638
1900.6666333    -40.3865
1900.7500333    -33.6555
1900.8333333    -43.1551
1900.9166333    -41.8087
1901.0000333    -48.0777
1901.0833333    -47.1928
1901.1666333    -48.0002
1901.2500333    -40.5001
1901.3333333    -44.846
1901.4166333    -24.7305
1901.5000333    -15.615
1901.5833333    -36.8841
1901.6666333    -27.307
1901.7500333    -29.5762
1901.8333333    -24.5376
1901.9166333    -16.9606
1902.0000333    -9.6914
1902.0833333    2.501
1902.1666333    -1.3067
1902.2500333    1.7317
1902.3333333    -22.8452
1902.4166333    -38.7299
1902.5000333    -47.1531
1902.5833333    -51.807
1902.6666333    -24.3071
1902.7500333    -13.5765
1902.8333333    -3.692
1902.9166333    -14.3459
1903.0000333    1.3076
1903.0833333    13.9613
1903.1666333    14.5381
1903.2500333    36.3454
1903.3333333    54.076
1903.4166333    59.9604
1903.5000333    62.9985
1903.5833333    64.5751
1903.6666333    28.9979
1903.7500333    26.036
1903.8333333    11.0741
1903.9166333    14.6507
1904.0000333    20.304
1904.0833333    18.5729
1904.1666333    -5.8506
1904.2500333    -2.8896
1904.3333333    -4.8515
1904.4166333    -11.5827
1904.5000333    5.532
1904.5833333    9.7239
1904.6666333    -1.6997
1904.7500333    14.4919
1904.8333333    -0.0086
1904.9166333    -4.1245
1905.0000333    -1.5483
1905.0833333    8.1049
1905.1666333    9.0659
1905.2500333    39.1036
1905.3333333    30.9875
1905.4166333    13.41
1905.5000333    12.9861
1905.5833333    9.4084
1905.6666333    17.3693
1905.7500333    10.7915
1905.8333333    6.2138
1905.9166333    14.0976
1906.0000333    19.7505
1906.0833333    25.019
1906.1666333    16.5181
1906.2500333    16.171
1906.3333333    5.2855
1906.4166333    25.6308
1906.5000333    27.7451
1906.5833333    21.7827
1906.6666333    17.8971
1906.7500333    -0.8347
1906.8333333    11.2797
1906.9166333    24.0864
1907.0000333    26.5083
1907.0833333    37.7765
1907.1666333    28.8908
1907.2500333    32.6973
1907.3333333    26.3501
1907.4166333    16.3105
1907.5000333    1.4246
1907.5833333    15.0004
1907.6666333    -3.3469
1907.7500333    -12.8482
1907.8333333    -10.5032
1907.9166333    -14.5429
1908.0000333    -22.4289
1908.0833333    -14.1609
1908.1666333    -20.0468
1908.2500333    -31.1636
1908.3333333    -23.1264
1908.4166333    -26.8585
1908.5000333    -17.9754
1908.5833333    -28.0921
1908.6666333    -50.4397
1908.7500333    -41.4027
1908.8333333    -42.9041
1908.9166333    -45.6363
1909.0000333    -29.8302
1909.0833333    -25.5625
1909.1666333    -32.9101
1909.2500333    -25.0271
1909.3333333    2.9329
1909.4166333    7.5083
1909.5000333    33.545
1909.5833333    32.7358
1909.6666333    30.6957
1909.7500333    35.8093
1909.8333333    37.6923
1909.9166333    50.2676
1910.0000333    64.6119
1910.0833333    54.2641
1910.1666333    49.7624
1910.2500333    39.799
1910.3333333    44.9896
1910.4166333    38.257
1910.5000333    21.6782
1910.5833333    16.4841
1910.6666333    -2.2485
1910.7500333    5.6342
1910.8333333    0.2092
1910.9166333    -0.9849
1911.0000333    -7.3331
1911.0833333    -14.912
1911.1666333    -10.8754
1911.2500333    -6.3775
1911.3333333    16.7359
1911.4166333    3.4647
1911.5000333    -13.3451
1911.5833333    -4.4625
1911.6666333    -9.5799
1911.7500333    3.2256
1911.8333333    5.4927
1911.9166333    16.5291
1912.0000333    17.7961
1912.0833333    34.6017
1912.1666333    39.5611
1912.2500333    40.2126
1912.3333333    57.172
1912.4166333    68.439
1912.5000333    50.7059
1912.5833333    59.0498
1912.6666333    66.8552
1912.7500333    51.4298
1912.8333333    41.6967
1912.9166333    45.0405
1913.0000333    43.0765
1913.0833333    46.728
1913.1666333    30.6872
1913.2500333    31.5693
1913.3333333    57.4515
1913.4166333    65.1799
1913.5000333    40.7542
1913.5833333    62.4826
1913.6666333    75.4416
1913.7500333    59.6313
1913.8333333    61.8211
1913.9166333    68.3186
1914.0000333    71.1236
1914.0833333    68.4672
1914.1666333    85.8107
1914.2500333    87.3849
1914.3333333    93.2669
1914.4166333    80.9181
1914.5000333    66.0307
1914.5833333    60.5281
1914.6666333    51.1023
1914.7500333    33.3687
1914.8333333    23.6352
1914.9166333    19.517
1915.0000333    29.4757
1915.0833333    28.2806
1915.1666333    27.8547
1915.2500333    -4.0329
1915.3333333    9.2335
1915.4166333    10.0384
1915.5000333    24.8431
1915.5833333    17.0325
1915.6666333    15.9142
1915.7500333    16.8726
1915.8333333    21.7543
1915.9166333    41.0975
1916.0000333    46.9021
1916.0833333    44.0145
1916.1666333    41.8961
1916.2500333    54.7775
1916.3333333    69.0437
1916.4166333    67.156
1916.5000333    43.1912
1916.5833333    -0.5427
1916.6666333    -16.7381
1916.7500333    -10.626
1916.8333333    -25.2061
1916.9166333    -29.1708
1917.0000333    -37.5203
1917.0833333    -28.3312
1917.1666333    -21.1422
1917.2500333    1.2006
1917.3333333    10.1589
1917.4166333    17.4248
1917.5000333    23.6137
1917.5833333    39.8796
1917.6666333    33.1454
1917.7500333    35.7189
1917.8333333    24.1386
1917.9166333    43.3275
1918.0000333    54.4393
1918.0833333    61.2435
1918.1666333    77.3555
1918.2500333    69.7749
1918.3333333    39.9637
1918.4166333    33.7679
1918.5000333    18.6489
1918.5833333    -2.6239
1918.6666333    -8.9736
1918.7500333    5.5226
1918.8333333    -0.7502
1918.9166333    19.0539
1919.0000333    18.2424
1919.0833333    22.7387
1919.1666333    26.1581
1919.2500333    4.6543
1919.3333333    -3.3109
1919.4166333    14.5699
1919.5000333    19.4507
1919.5833333    36.0238
1919.6666333    43.4431
1919.7500333    49.1699
1919.8333333    49.2815
1919.9166333    63.0854
1920.0000333    62.5814
1920.0833333    66.0006
1920.1666333    57.7274
1920.2500333    33.1464
1920.3333333    22.7194
1920.4166333    19.1386
1920.5000333    33.4037
1920.5833333    5.592
1920.6666333    -0.5274
1920.7500333    -11.4931
1920.8333333    -25.9202
1920.9166333    -25.732
1921.0000333    -27.0054
1921.0833333    -30.048
1921.1666333    -38.629
1921.2500333    -28.364
1921.3333333    -14.022
1921.4166333    12.0892
1921.5000333    12.8156
1921.5833333    -23.6886
1921.6666333    -18.2697
1921.7500333    -28.3895
1921.8333333    -20.5091
1921.9166333    -10.1673
1922.0000333    -0.1333
1922.0833333    8.2086
1922.1666333    8.3966
1922.2500333    -0.4925
1922.3333333    4.4646
1922.4166333    21.7295
1922.5000333    16.5326
1922.5833333    7.0282
1922.6666333    -1.0916
1922.7500333    -11.6732
1922.8333333    -2.5623
1922.9166333    6.7794
1923.0000333    12.4286
1923.0833333    17.8471
1923.1666333    20.1118
1923.2500333    38.3763
1923.3333333    66.7179
1923.4166333    57.2902
1923.5000333    32.7854
1923.5833333    17.1269
1923.6666333    30.3915
1923.7500333    43.0405
1923.8333333    57.6897
1923.9166333    55.6465
1924.0000333    56.2185
1924.0833333    58.5599
1924.1666333    58.8244
1924.2500333    54.1656
1924.3333333    31.3531
1924.4166333    19.6945
1924.5000333    26.4972
1924.5833333    45.3769
1924.6666333    43.872
1924.7500333    40.5208
1924.8333333    40.939
1924.9166333    42.9725
1925.0000333    41.0828
1925.0833333    37.8086
1925.1666333    47.4575
1925.2500333    44.0292
1925.3333333    49.0627
1925.4166333    70.6345
1925.5000333    65.8986
1925.5833333    50.1627
1925.6666333    49.273
1925.7500333    50.8447
1925.8333333    53.9549
1925.9166333    61.7574
1926.0000333    63.3291
1926.0833333    74.67
1926.1666333    80.3187
1926.2500333    78.5056
1926.3333333    74.9234
1926.4166333    73.1105
1926.5000333    60.8358
1926.5833333    54.869
1926.6666333    55.979
1926.7500333    58.8582
1926.8333333    59.3528
1926.9166333    68.7705
1927.0000333    67.265
1927.0833333    73.7596
1927.1666333    79.7157
1927.2500333    82.5947
1927.3333333    66.3969
1927.4166333    41.8914
1927.5000333    47.0781
1927.5833333    49.111
1927.6666333    35.4517
1927.7500333    29.6383
1927.8333333    11.3635
1927.9166333    21.1656
1928.0000333    21.506
1928.0833333    27.2311
1928.1666333    17.7255
1928.2500333    11.835
1928.3333333    29.9447
1928.4166333    33.2852
1928.5000333    40.5485
1928.5833333    -1.7264
1928.6666333    -22.4629
1928.7500333    -9.1996
1928.8333333    -12.7054
1928.9166333    -4.3651
1929.0000333    -13.6403
1929.0833333    -18.3
1929.1666333    -20.4212
1929.2500333    -4.0811
1929.3333333    -6.587
1929.4166333    -19.9391
1929.5000333    -13.9067
1929.5833333    -25.5665
1929.6666333    -2.3033
1929.7500333    -4.7325
1929.8333333    -5.8539
1929.9166333    -3.1291
1930.0000333    3.057
1930.0833333    13.7047
1930.1666333    14.2756
1930.2500333    24.9232
1930.3333333    34.3401
1930.4166333    23.5263
1930.5000333    22.6354
1930.5833333    9.5907
1930.6666333    20.1615
1930.7500333    22.5013
1930.8333333    30.995
1930.9166333    34.9503
1931.0000333    54.2901
1931.0833333    51.7838
1931.1666333    46.6621
1931.2500333    57.2325
1931.3333333    36.957
1931.4166333    21.5275
1931.5000333    33.3287
1931.5833333    1.5915
1931.6666333    -5.4533
1931.7500333    11.1939
1931.8333333    15.6875
1931.9166333    14.1041
1932.0000333    20.5975
1932.0833333    7.3217
1932.1666333    12.6613
1932.2500333    29.0777
1932.3333333    22.6481
1932.4166333    22.6031
1932.5000333    1.404
1932.5833333    -4.718
1932.6666333    5.16
1932.7500333    11.4224
1932.8333333    0.8388
1932.9166333    1.8706
1933.0000333    9.133
1933.0833333    7.857
1933.1666333    5.8887
1933.2500333    5.7664
1933.3333333    -18.2788
1933.4166333    -44.5548
1933.5000333    -38.9849
1933.5833333    -30.7225
1933.6666333    -36.6909
1933.7500333    -41.1209
1933.8333333    -40.9355
1933.9166333    -40.4424
1934.0000333    -43.3341
1934.0833333    -44.4565
1934.1666333    -47.348
1934.2500333    -25.0859
1934.3333333    -37.2852
1934.4166333    -34.4076
1934.5000333    -12.5302
1934.5833333    6.1166
1934.6666333    -7.4674
1934.7500333    0.5638
1934.8333333    -6.0202
1934.9166333    -3.5273
1935.0000333    6.5038
1935.0833333    3.9967
1935.1666333    20.2587
1935.2500333    43.3668
1935.3333333    28.0134
1935.4166333    33.0446
1935.5000333    48.9218
1935.5833333    43.4146
1935.6666333    11.0611
1935.7500333    25.246
1935.8333333    6.9694
1935.9166333    17.3082
1936.0000333    26.0315
1936.0833333    22.601
1936.1666333    27.2475
1936.2500333    30.2784
1936.3333333    10.0017
1936.4166333    24.2635
1936.5000333    7.1405
1936.5833333    9.3253
1936.6666333    7.3562
1936.7500333    18.1562
1936.8333333    11.4948
1936.9166333    26.6796
1937.0000333    37.1719
1937.0833333    29.1258
1937.1666333    36.0797
1937.2500333    33.3412
1937.3333333    18.372
1937.4166333    9.5566
1937.5000333    9.1257
1937.5833333    18.8487
1937.6666333    6.2641
1937.7500333    11.4485
1937.8333333    5.9407
1937.9166333    15.2022
1938.0000333    11.0019
1938.0833333    6.1864
1938.1666333    5.0632
1938.2500333    11.8629
1938.3333333    29.355
1938.4166333    11.8471
1938.5000333    19.8006
1938.5833333    3.2927
1938.6666333    4.1693
1938.7500333    -1.6465
1938.8333333    -14.9237
1938.9166333    -14.8932
1939.0000333    -14.4783
1939.0833333    -14.5248
1939.1666333    -15.4944
1939.2500333    -24.7719
1939.3333333    -25.8954
1939.4166333    -41.0189
1939.5000333    -48.8348
1939.5833333    -66.1891
1939.6666333    -62.6204
1939.7500333    -65.1287
1939.8333333    -72.7138
1939.9166333    -68.6836
1940.0000333    -61.6535
1940.0833333    -55.7002
1940.1666333    -40.1316
1940.2500333    -46.1016
1940.3333333    -12.9176
1940.4166333    -25.6567
1940.5000333    -49.6267
1940.5833333    -35.2889
1940.6666333    -30.6435
1940.7500333    -55.8443
1940.8333333    -62.3528
1940.9166333    -59.3227
1941.0000333    -50.9852
1941.0833333    -38.7244
1941.1666333    -52.0791
1941.2500333    -51.8185
1941.3333333    -57.5578
1941.4166333    -61.9125
1941.5000333    -83.5751
1941.5833333    -70.8529
1941.6666333    -84.3615
1941.7500333    -90.5626
1941.8333333    -73.7635
1941.9166333    -65.9645
1942.0000333    -55.0118
1942.0833333    -54.982
1942.1666333    -60.9523
1942.2500333    -36.9227
1942.3333333    -40.0468
1942.4166333    -13.7864
1942.5000333    -31.9107
1942.5833333    3.6574
1942.6666333    7.764
1942.7500333    37.6396
1942.8333333    45.3615
1942.9166333    47.6988
1943.0000333    51.8051
1943.0833333    56.2193
1943.1666333    58.095
1943.2500333    51.6628
1943.3333333    43.3077
1943.4166333    26.8756
1943.5000333    30.828
1943.5833333    29.7805
1943.6666333    17.733
1943.7500333    16.3007
1943.8333333    -2.1315
1943.9166333    6.9748
1944.0000333    5.7733
1944.0833333    0.8026
1944.1666333    -2.8604
1944.2500333    -7.2159
1944.3333333    9.198
1944.4166333    4.9196
1944.5000333    13.1025
1944.5833333    1.9779
1944.6666333    5.6994
1944.7500333    3.0361
1944.8333333    9.9883
1944.9166333    18.7867
1945.0000333    19.0465
1945.0833333    25.4602
1945.1666333    28.4123
1945.2500333    28.3643
1945.3333333    30.9319
1945.4166333    19.1917
1945.5000333    12.6051
1945.5833333    33.8649
1945.6666333    14.2016
1945.7500333    9.0765
1945.8333333    -1.0484
1945.9166333    6.519
1946.0000333    5.317
1946.0833333    9.1921
1946.1666333    15.9902
1946.2500333    12.2496
1946.3333333    8.74
1946.4166333    -2.6158
1946.5000333    -32.0487
1946.5833333    -67.5584
1946.6666333    -91.4527
1946.7500333    -75.501
1946.8333333    -90.2415
1946.9166333    -82.982
1947.0000333    -91.3381
1947.0833333    -102.309
1947.1666333    -103.819
1947.2500333    -127.099
1947.3333333    -96.7622
1947.4166333    -90.349
1947.5000333    -67.2436
1947.5833333    -50.5227
1947.6666333    -23.648
1947.7500333    -24.8504
1947.8333333    -37.9758
1947.9166333    -17.8704
1948.0000333    -12.0728
1948.0833333    -2.1213
1948.1666333    20.9841
1948.2500333    26.9354
1948.3333333    41.1176
1948.4166333    16.2229
1948.5000333    18.7896
1948.5833333    14.2026
1948.6666333    12.077
1948.7500333    25.4129
1948.8333333    18.7489
1948.9166333    24.4694
1949.0000333    19.7283
1949.0833333    18.0642
1949.1666333    7.9386
1949.2500333    4.9666
1949.3333333    2.1487
1949.4166333    23.1768
1949.5000333    13.4356
1949.5833333    12.3868
1949.6666333    -0.2774
1949.7500333    16.5197
1949.8333333    0.7786
1949.9166333    8.422
1950.0000333    12.6037
1950.0833333    15.8625
1950.1666333    33.0444
1950.2500333    41.4568
1950.3333333    41.7155
1950.4166333    39.5896
1950.5000333    24.1559
1950.5833333    28.6453
1950.6666333    15.2116
1950.7500333    20.1624
1950.8333333    0.1903
1950.9166333    5.5258
1951.0000333    3.015
1951.0833333    7.1966
1951.1666333    9.2244
1951.2500333    -21.2095
1951.3333333    -14.3356
1951.4166333    -1.4618
1951.5000333    10.1043
1951.5833333    10.2858
1951.6666333    1.1596
1951.7500333    -2.2744
1951.8333333    -7.1699
1951.9166333    7.55
1952.0000333    10.7313
1952.0833333    17.3743
1952.1666333    21.0941
1952.2500333    25.0446
1952.3333333    44.3798
1952.4166333    35.9458
1952.5000333    13.6654
1952.5833333    -0.2302
1952.6666333    -19.0489
1952.7500333    -15.5601
1952.8333333    -16.5327
1952.9166333    -16.5053
1953.0000333    -15.8627
1953.0833333    -8.143
1953.1666333    -5.4234
1953.2500333    -14.55
1953.3333333    -16.4458
1953.4166333    -25.7262
1953.5000333    -36.6991
1953.5833333    -58.3642
1953.6666333    -67.5677
1953.7500333    -68.3868
1953.8333333    -68.3596
1953.9166333    -63.7171
1954.0000333    -49.9978
1954.0833333    -48.5091
1954.1666333    -39.6358
1954.2500333    -32.2243
1954.3333333    -29.351
1954.4166333    -10.6317
1954.5000333    -13.9894
1954.5833333    -10.5777
1954.6666333    -1.3969
1954.7500333    -2.37
1954.8333333    13.7338
1954.9166333    15.7608
1955.0000333    11.7876
1955.0833333    -1.1086
1955.1666333    1.7645
1955.2500333    1.3297
1955.3333333    -7.2589
1955.4166333    10.8449
1955.5000333    -6.2053
1955.5833333    -23.4862
1955.6666333    -32.7671
1955.7500333    -32.0482
1955.8333333    -32.9445
1955.9166333    -42.0716
1956.0000333    -29.8912
1956.0833333    -15.2491
1956.1666333    -14.4532
1956.2500333    -15.0421
1956.3333333    -26.4001
1956.4166333    -33.1427
1956.5000333    -50.9624
1956.5833333    -51.5512
1956.6666333    -31.6015
1956.7500333    -34.3444
1956.8333333    -34.164
1956.9166333    -31.9836
1957.0000333    -28.1111
1957.0833333    -23.8539
1957.1666333    -18.0582
1957.2500333    -4.3396
1957.3333333    -12.5439
1957.4166333    -12.3637
1957.5000333    -2.4913
1957.5833333    7.2274
1957.6666333    -12.6694
1957.7500333    -21.1816
1957.8333333    -13.0784
1957.9166333    -8.5906
1958.0000333    4.0509
1958.0833333    8.231
1958.1666333    3.7958
1958.2500333    1.3603
1958.3333333    -13.4597
1958.4166333    -2.895
1958.5000333    15.2079
1958.5833333    -6.0736
1958.6666333    -28.2013
1958.7500333    -16.0985
1958.8333333    -19.3031
1958.9166333    -15.4309
1959.0000333    -11.405
1959.0833333    -21.6097
1959.1666333    -31.6606
1959.2500333    -27.1732
1959.3333333    -46.7626
1959.4166333    -46.1982
1959.5000333    -53.4032
1959.5833333    -80.6849
1959.6666333    -90.736
1959.7500333    -87.8641
1959.8333333    -98.7613
1959.9166333    -87.5816
1960.0000333    -81.0943
1960.0833333    -72.9147
1960.1666333    -66.9658
1960.2500333    -53.6325
1960.3333333    -43.299
1960.4166333    -26.8886
1960.5000333    -27.8631
1960.5833333    -21.5297
1960.6666333    -2.2732
1960.7500333    17.2139
1960.8333333    28.2395
1960.9166333    44.9575
1961.0000333    57.8291
1961.0833333    65.0855
1961.1666333    63.111
1961.2500333    72.6749
1961.3333333    69.9312
1961.4166333    59.8029
1961.5000333    68.2898
1961.5833333    79.6999
1961.6666333    63.8023
1961.7500333    46.9045
1961.8333333    52.5454
1961.9166333    47.9554
1962.0000333    43.2114
1962.0833333    41.6983
1962.1666333    34.1852
1962.2500333    31.9797
1962.3333333    14.4665
1962.4166333    8.6457
1962.5000333    -23.7138
1962.5833333    -58.3039
1962.6666333    -76.894
1962.7500333    -81.792
1962.8333333    -87.0745
1962.9166333    -94.7416
1963.0000333    -100.409
1963.0833333    -95.6914
1963.1666333    -100.974
1963.2500333    -97.4105
1963.3333333    -76.1546
1963.4166333    -75.0526
1963.5000333    -81.4123
1963.5833333    -62.8488
1963.6666333    -75.6699
1963.7500333    -74.6451
1963.8333333    -67.0047
1963.9166333    -59.4412
1964.0000333    -55.2626
1964.0833333    -49.93
1964.1666333    -48.9819
1964.2500333    -49.8803
1964.3333333    -49.1631
1964.4166333    -66.9844
1964.5000333    -55.652
1964.5833333    -48.2425
1964.6666333    -56.2177
1964.7500333    -30.8854
1964.8333333    -24.476
1964.9166333    -20.605
1965.0000333    -12.1189
1965.0833333    -11.7096
1965.1666333    -5.6849
1965.2500333    -12.5834
1965.3333333    -8.9434
1965.4166333    6.6198
1965.5000333    -7.3558
1965.5833333    -13.0235
1965.6666333    -1.7681
1965.7500333    -0.5898
1965.8333333    0.6655
1965.9166333    7.767
1966.0000333    12.4837
1966.0833333    9.7389
1966.1666333    19.3019
1966.2500333    16.4031
1966.3333333    22.5814
1966.4166333    37.9135
1966.5000333    19.707
1966.5833333    37.2699
1966.6666333    58.9097
1966.7500333    47.4723
1966.8333333    57.8813
1966.9166333    57.3671
1967.0000333    52.0836
1967.0833333    51.2617
1967.1666333    50.2091
1967.2500333    70.1563
1967.3333333    74.1805
1967.4166333    91.9739
1967.5000333    82.3826
1967.5833333    68.0221
1967.6666333    67.8925
1967.7500333    38.8395
1967.8333333    30.6329
1967.9166333    30.0416
1968.0000333    29.2963
1968.0833333    31.7819
1968.1666333    34.2675
1968.2500333    42.5221
1968.3333333    11.5462
1968.4166333    6.8778
1968.5000333    -14.406
1968.5833333    -28.3821
1968.6666333    -44.2812
1968.7500333    -52.8728
1968.8333333    -50.1566
1968.9166333    -44.7481
1969.0000333    -44.1859
1969.0833333    -34.6236
1969.1666333    -32.0613
1969.2500333    -26.73
1969.3333333    -2.86
1969.4166333    -15.067
1969.5000333    -28.1973
1969.5833333    -21.712
1969.6666333    -15.0729
1969.7500333    19.2583
1969.8333333    14.2051
1969.9166333    14.3826
1970.0000333    31.0984
1970.0833333    32.5067
1970.1666333    36.9149
1970.2500333    54.8614
1970.3333333    64.5004
1970.4166333    28.5239
1970.5000333    47.3935
1970.5833333    60.7247
1970.6666333    44.8251
1970.7500333    29.5407
1970.8333333    8.4873
1970.9166333    11.203
1971.0000333    11.0725
1971.0833333    1.1728
1971.1666333    -2.8038
1971.2500333    -8.6267
1971.3333333    -11.988
1971.4166333    -31.3493
1971.5000333    -53.403
1971.5833333    -69.6874
1971.6666333    -80.0488
1971.7500333    -68.718
1971.8333333    -55.9255
1971.9166333    -41.2869
1972.0000333    -40.4177
1972.0833333    -35.5483
1972.1666333    -39.4482
1972.2500333    -35.1175
1972.3333333    -16.1713
1972.4166333    -29.1482
1972.5000333    -35.5868
1972.5833333    -1.256
1972.6666333    4.4594
1972.7500333    16.9438
1972.8333333    8.5822
1972.9166333    -1.0871
1973.0000333    -0.2181
1973.0833333    -3.5798
1973.1666333    -1.1722
1973.2500333    1.466
1973.3333333    33.8735
1973.4166333    29.5887
1973.5000333    29.073
1973.5833333    32.6343
1973.6666333    2.3495
1973.7500333    -10.0125
1973.8333333    -22.7589
1973.9166333    -18.7361
1974.0000333    -2.0212
1974.0833333    -7.46
1974.1666333    10.9474
1974.2500333    20.2776
1974.3333333    32.9157
1974.4166333    36.0922
1974.5000333    40.5763
1974.5833333    21.5989
1974.6666333    16.3908
1974.7500333    29.9517
1974.8333333    38.1281
1974.9166333    38.9968
1975.0000333    39.3269
1975.0833333    27.2725
1975.1666333    36.7566
1975.2500333    21.6251
1975.3333333    11.5706
1975.4166333    4.5162
1975.5000333    -8.7692
1975.5833333    -46.1314
1975.6666333    -48.0321
1975.7500333    -56.4714
1975.8333333    -59.6029
1975.9166333    -56.4267
1976.0000333    -53.5583
1976.0833333    -61.1514
1976.1666333    -60.1291
1976.2500333    -66.2608
1976.3333333    -56.9309
1976.4166333    -56.1394
1976.5000333    -64.3481
1976.5833333    -85.7105
1976.6666333    -74.9191
1976.7500333    -50.7432
1976.8333333    -51.8749
1976.9166333    -48.0066
1977.0000333    -41.3693
1977.0833333    -43.4241
1977.1666333    -33.2482
1977.2500333    -26.6109
1977.3333333    6.7188
1977.4166333    -1.5669
1977.5000333    -1.2373
1977.5833333    -19.523
1977.6666333    -13.5011
1977.7500333    -27.3254
1977.8333333    -46.9958
1977.9166333    -31.5123
1978.0000333    -26.5675
1978.0833333    -22.9303
1978.1666333    2.3993
1978.2500333    5.344
1978.3333333    13.1351
1978.4166333    -35.0739
1978.5000333    -40.8215
1978.5833333    -58.492
1978.6666333    -35.7779
1978.7500333    -48.0641
1978.8333333    -37.427
1978.9166333    -28.9437
1979.0000333    -25.4607
1979.0833333    -22.7467
1979.1666333    -18.4943
1979.2500333    -45.5498
1979.3333333    -35.9128
1979.4166333    -29.9681
1979.5000333    -25.7159
1979.5833333    -30.3098
1979.6666333    -30.8267
1979.7500333    -31.2669
1979.8333333    -38.5531
1979.9166333    -24.9932
1980.0000333    -13.0488
1980.0833333    -3.8735
1980.1666333    2.4556
1980.2500333    15.9384
1980.3333333    30.6521
1980.4166333    35.8273
1980.5000333    33.4639
1980.5833333    38.4852
1980.6666333    53.8911
1980.7500333    52.7584
1980.8333333    46.9335
1980.9166333    60.9548
1981.0000333    55.3605
1981.0833333    48.151
1981.1666333    36.4029
1981.2500333    48.9624
1981.3333333    54.8297
1981.4166333    56.6201
1981.5000333    40.3334
1981.5833333    12.2006
1981.6666333    18.4525
1981.7500333    12.7811
1981.8333333    23.0329
1981.9166333    23.1309
1982.0000333    13.6133
1982.0833333    22.2497
1982.1666333    25.5784
1982.2500333    30.8299
1982.3333333    26.2355
1982.4166333    20.3333
1982.5000333    49.2003
1982.5833333    38.8365
1982.6666333    57.1651
1982.7500333    56.8012
1982.8333333    60.3605
1982.9166333    60.6121
1983.0000333    57.0173
1983.0833333    58.3458
1983.1666333    63.3666
1983.2500333    82.1564
1983.3333333    85.1771
1983.4166333    76.6593
1983.5000333    82.2953
1983.5833333    34.7005
1983.6666333    26.2597
1983.7500333    6.5878
1983.8333333    -3.6223
1983.9166333    -3.5248
1984.0000333    -0.5044
1984.0833333    -0.4838
1984.1666333    14.8444
1984.2500333    15.4802
1984.3333333    -3.2685
1984.4166333    -12.9404
1984.5000333    -27.2277
1984.5833333    -70.7458
1984.6666333    -66.6484
1984.7500333    -46.5512
1984.8333333    -42.4539
1984.9166333    -32.8181
1985.0000333    -34.2595
1985.0833333    -25.2391
1985.1666333    -12.988
1985.2500333    -26.1987
1985.3333333    -32.7168
1985.4166333    -24.9273
1985.5000333    -10.9842
1985.5833333    -44.9639
1985.6666333    -35.0206
1985.7500333    -41.7698
1985.8333333    -49.5958
1985.9166333    -48.191
1986.0000333    -47.4018
1986.0833333    -44.9201
1986.1666333    -51.3616
1986.2500333    -43.4186
1986.3333333    -27.0139
1986.4166333    -15.2246
1986.5000333    -42.2817
1986.5833333    -61.5693
1986.6666333    -32.5493
1986.7500333    -34.7603
1986.8333333    -27.048
1986.9166333    -26.2588
1987.0000333    -20.2391
1987.0833333    -16.373
1987.1666333    -11.5839
1987.2500333    -12.5642
1987.3333333    -18.4674
1987.4166333    -29.6014
1987.5000333    -35.5049
1987.5833333    1.438
1987.6666333    18.1501
1987.7500333    13.0928
1987.8333333    12.3433
1987.9166333    13.9784
1988.0000333    22.4595
1988.0833333    28.3253
1988.1666333    34.1142
1988.2500333    26.2106
1988.3333333    31.461
1988.4166333    40.0191
1988.5000333    43.8847
1988.5833333    44.9043
1988.6666333    33.0007
1988.7500333    4.9432
1988.8333333    8.8089
1988.9166333    10.3668
1989.0000333    8.6939
1989.0833333    7.8672
1989.1666333    0.6559
1989.2500333    0.6751
1989.3333333    1.7715
1989.4166333    5.9447
1989.5000333    6.887
1989.5833333    36.5987
1989.6666333    34.1565
1989.7500333    17.4833
1989.8333333    21.118
1989.9166333    28.6757
1990.0000333    36.0025
1990.0833333    42.9449
1990.1666333    48.7333
1990.2500333    57.137
1990.3333333    51.6177
1990.4166333    54.3292
1990.5000333    46.5021
1990.5833333    7.2904
1990.6666333    -43.9212
1990.7500333    -67.4407
1990.8333333    -75.8063
1990.9166333    -62.6334
1991.0000333    -68.6914
1991.0833333    -73.057
1991.1666333    -73.6534
1991.2500333    -81.4807
1991.3333333    -81.0771
1991.4166333    -81.8274
1991.5000333    -92.7317
1991.5833333    -93.8666
1991.6666333    -70.9246
1991.7500333    -57.5982
1991.8333333    -61.0409
1991.9166333    -58.4067
1992.0000333    -61.2341
1992.0833333    -46.4461
1992.1666333    -41.3504
1992.2500333    -44.101
1992.3333333    -27.9284
1992.4166333    -33.9866
1992.5000333    -14.7373
1992.5833333    -9.1801
1992.6666333    -26.7768
1992.7500333    -42.2198
1992.8333333    -51.9704
1992.9166333    -44.4133
1993.0000333    -30.241
1993.0833333    -25.4532
1993.1666333    -34.2808
1993.2500333    -39.2624
1993.3333333    -50.167
1993.4166333    -47.9177
1993.5000333    -27.6686
1993.5833333    -76.727
1993.6666333    -63.0932
1993.7500333    -51.921
1993.8333333    -45.5949
1993.9166333    -32.7303
1994.0000333    -37.3275
1994.0833333    -36.6168
1994.1666333    -28.5985
1994.2500333    -24.9649
1994.3333333    -13.0235
1994.4166333    18.6102
1994.5000333    12.6283
1994.5833333    15.185
1994.6666333    53.8956
1994.7500333    34.9905
1994.8333333    31.9318
1994.9166333    41.2577
1995.0000333    34.968
1995.0833333    40.4477
1995.1666333    43.9274
1995.2500333    37.4069
1995.3333333    40.3481
1995.4166333    16.6738
1995.5000333    -33.1544
1995.5833333    -65.5979
1995.6666333    -114.888
1995.7500333    -146.408
1995.8333333    -150.236
1995.9166333    -147.295
1996.0000333    -153.585
1996.0833333    -153.337
1996.1666333    -156.934
1996.2500333    -159.07
1996.3333333    -144.898
1996.4166333    -159.188
1996.5000333    -157.555
1996.5833333    -112.768
1996.6666333    -97.9041
1996.7500333    -77.1173
1996.8333333    -68.561
1996.9166333    -64.0818
1997.0000333    -65.0642
1997.0833333    -66.8926
1997.1666333    -59.0288
1997.2500333    -41.3959
1997.3333333    -55.4551
1997.4166333    -73.4375
1997.5000333    -52.6508
1997.5833333    -28.9409
1997.6666333    -44.8464
1997.7500333    -43.1367
1997.8333333    -47.3499
1997.9166333    -40.3324
1998.0000333    -26.9304
1998.0833333    -16.9898
1998.1666333    -7.7416
1998.2500333    12.4296
1998.3333333    5.7547
1998.4166333    23.6183
1998.5000333    33.8663
1998.5833333    43.7298
1998.6666333    33.4395
1998.7500333    29.6875
1998.8333333    20.3202
1998.9166333    26.4913
1999.0000333    23.5854
1999.0833333    15.6027
1999.1666333    17.0815
1999.2500333    14.637
1999.3333333    -2.5766
1999.4166333    23.4406
1999.5000333    26.3038
1999.5833333    34.0133
1999.6666333    17.6458
1999.7500333    12.3551
1999.8333333    13.7568
1999.9166333    19.9278
2000.0000333    22.7908
2000.0833333    22.5002
2000.1666333    20.5942
2000.2500333    25.611
2000.3333333    32.628
2000.4166333    39.4912
2000.5000333    8.7387
2000.5833333    -7.3982
2000.6666333    -31.6889
2000.7500333    -34.5953
2000.8333333    -37.7322
2000.9166333    -35.023
2001.0000333    -32.0063
2001.0833333    -29.6818
2001.1666333    -9.5881
2001.2500333    7.7363
2001.3333333    11.3684
2001.4166333    11.7698
2001.5000333    11.5556
2001.5833333    44.3416
2001.6666333    48.3583
2001.7500333    47.9902
2001.8333333    43.0069
2001.9166333    53.6389
2002.0000333    55.7323
2002.0833333    54.8259
2002.1666333    49.9963
2002.2500333    41.6281
2002.3333333    27.337
2002.4166333    -3.7234
2002.5000333    0.9084
2002.5833333    -22.5367
2002.6666333    -61.9048
2002.7500333    -68.427
2002.8333333    -62.0259
2002.9166333    -58.0864
2003.0000333    -57.7624
2003.0833333    -57.3614
2003.1666333    -55.4989
2003.2500333    -49.8673
2003.3333333    -57.6971
2003.4166333    -48.9115
2003.5000333    -20.2031
2003.5833333    -22.5714
2003.6666333    -17.4782
2003.7500333    -18.6929
2003.8333333    -16.7536
2003.9166333    -11.4297
2004.0000333    -10.4906
2004.0833333    -5.1667
2004.1666333    8.0033
2004.2500333    10.1731
2004.3333333    15.9585
2004.4166333    25.8208
2004.5000333    37.4521
2004.5833333    18.3912
2004.6666333    1.4073
2004.7500333    1.1924
2004.8333333    6.1315
2004.9166333    7.1475
2005.0000333    5.8556
2005.0833333    9.41
2005.1666333    5.349
2005.2500333    -9.9429
2005.3333333    -0.1578
2005.4166333    -6.065
2005.5000333    -31.28
2005.5833333    -60.1872
2005.6666333    -61.8637
2005.7500333    -54.1558
2005.8333333    -49.8323
2005.9166333    -54.9703
2006.0000333    -58.724
2006.0833333    -53.4775
2006.1666333    -51.6156
2006.2500333    -37.9847
2006.3333333    -9.5844
2006.4166333    -7.3379
2006.5000333    23.9083
2006.5833333    40.3855
2006.6666333    52.1704
2006.7500333    47.5704
2006.8333333    46.0475
2006.9166333    50.3708
2007.0000333    70.6169
2007.0833333    80.0171
2007.1666333    81.6479
2007.2500333    72.7402
2007.3333333    72.5249
2007.4166333    54.925
2007.5000333    51.8633
2007.5833333    23.571
2007.6666333    42.1249
2007.7500333    29.6016
2007.8333333    28.8478
2007.9166333    30.0939
2008.0000333    32.7244
2008.0833333    30.6628
2008.1666333    27.6781
2008.2500333    35.847
2008.3333333    50.17
2008.4166333    26.7237
2008.5000333    11.5849
2008.5833333    -6.9384
2008.6666333    -11.4617
2008.7500333    -43.6775
2008.8333333    -43.8931
2008.9166333    -34.5703
2009.0000333    -27.1707
2009.0833333    -29.3864
2009.1666333    -34.5252
2009.2500333    -29.4334
2009.3333333    -27.2645
2009.4166333    -35.2495
2009.5000333    -40.6193
2009.5833333    -38.6812
2009.6666333    -34.3586
2009.7500333    -45.0361
2009.8333333    -40.8674
2009.9166333    -39.2371
2010.0000333    -34.9916
2010.0833333    -35.1306
2010.1666333    -32.5773
2010.2500333    -25.5626
2010.3333333    -22.8555
2010.4166333    -45.0714
2010.5000333    -46.0568
2010.5833333    -35.5036
2010.6666333    -46.2581
2010.7500333    -51.9359
2010.8333333    -45.6904
2010.9166333    -37.1373
2011.0000333    -26.9689
2011.0833333    -18.1081
2011.1666333    -14.6319
2011.2500333    -12.6175
2011.3333333    -21.526
2011.4166333    7.5655
2011.5000333    28.503
2011.5833333    12.5175
2011.6666333    5.6859
2011.7500333    14.931
2011.8333333    16.8685
2011.9166333    20.8061
2012.0000333    24.3588
2012.0833333    21.7579
2012.1666333    25.1569
2012.2500333    21.7865
2012.3333333    26.1855
2012.4166333    31.3537
2012.5000333    -4.9398
2012.5833333    -34.6947
2012.6666333    -47.8343
2012.7500333    -46.4356
2012.8333333    -42.8828
2012.9166333    -40.7147
2013.0000333    -47.0853
2013.0833333    -49.4557
2013.1666333    -47.2877
2013.2500333    -50.2737
2013.3333333    -45.5672
2013.4166333    -38.0915
2013.5000333    -44.616
2013.5833333    -36.6789
2013.6666333    -30.8955
2013.7500333    -6.3432
2013.8333333    -2.7907
2013.9166333    -4.3151
2014.0000333    -1.609
2014.0833333    13.1743
2014.1666333    13.6498
2014.2500333    22.5097
2014.3333333    13.3698
2014.4166333    22.076
2014.5000333    29.2436
2014.5833333    24.7959
2014.6666333    19.1175
2014.7500333    19.9773
2014.8333333    24.8373
2014.9166333    25.1588
2015.0000333    34.9416
2015.0833333    35.417
2015.1666333    31.8153
2015.2500333    27.4443
2015.3333333    47.1503
2015.4166333    66.7025
2015.5000333    51.4083
2015.5833333    39.9604
2015.6666333    37.3587
2015.7500333    39.1413
2015.8333333    40.7703
2015.9166333    38.707
2016.0000333    48.9512
2016.0833333    47.5801
2016.1666333    55.1321
2016.2500333    43.607
2016.3333333    51.4666
2016.4166333    28.557
2016.5000333    15.6473
2016.5833333    3.4299
2016.6666333    -11.7105
2016.7500333    -5.3126
2016.8333333    -13.53
2016.9166333    -5.132
2017.0000333    -3.0419
2017.0833333    -4.1055
2017.1666333    0.1386
2017.2500333    17.2286
2017.3333333    44.165
2017.4166333    58.9475
2017.5000333    63.8067
2017.5833333    47.4353
2017.6666333    33.8331
2017.7500333    29.2307
2017.8333333    22.2439
2017.9166333    25.0263
2018.0000333    13.0393
2018.0833333    14.7447
2018.1666333    19.1424
2018.2500333    18.0784
2018.3333333    -15.3701
2018.4166333    -26.2032
2018.5000333    -31.8058
2018.5833333    -45.0235
2018.6666333    -13.3951
2018.7500333    -8.5362
2018.8333333    -5.9079
2018.9166333    -2.5872
2019.0000333    2.8101
2019.0833333    14.8999
2019.1666333    20.9897
2019.2500333    25.3101
2019.3333333    22.246
2019.4166333    47.9512
2019.5000333    53.733
2019.5833333    75.4381
2019.6666333    72.2201
2019.7500333    41.2327
2019.8333333    49.63
2019.9166333    53.5658
2020.0000333    64.7322
2020.0833333    70.5141
2020.1666333    69.9883
2020.2500333    68.8469
2020.3333333    67.0903
2020.4166333    67.2568
2020.5000333    57.7307
2020.5833333    27.4356
2020.6666333    -5.398
2020.7500333    -4.4626
2020.8333333    11.1653
2020.9166333    12.5624
2021.0000333    13.5747
2021.0833333    12.8949
2021.1666333    7.8304
2021.2500333    18.458
2021.3333333    24.3935
2021.4166333    18.4828
2021.5000333    32.8796
2021.5833333    59.7381
2021.6666333    57.3658
2021.7500333    49.9164
2021.8333333    50.4672
2021.9166333    45.7872
2022.0000333    51.03
2022.0833333    45.8115
2022.1666333    47.2083
2022.2500333    55.4511
2022.3333333    51.3864
2022.4166333    44.6293
2022.5000333    60.4874
2022.5833333    47.038
2022.6666333    23.204
2022.7500333    34.0621
2022.8333333    27.0741
2022.9166333    23.3939
2023.0000333    37.2519
2023.0833333    46.4178
2023.1666333    57.9682
2023.2500333    66.9031
2023.3333333    85.4535
2023.4166333    100.004
2023.5000333    101.426
2023.5833333    87.4961
2023.6666333    91.1087
2023.7500333    90.7777
2023.8333333    115.4
2023.9166333    157.668
