offs    0.00000000000
bg      0.00014145452
impA    0.00000000000
impB    0.00000000000
impC    0.00000000000
delA    4.56443991226
delB    0.72718786582
asym   -0.00014063427
ann1   -6.01241825118
ann2    1.36385769404
sem1   -0.00097777277
sem2   -0.00006449542
year   -0.00002792655
IR     -0.00000000000
ma     -0.00000000000
mp      0.00011614594
shfT   -0.00000000000
init   -0.00610654429
   27.32166155400   0.00629310815  -1.34633478102
   27.21222081500   0.03071391015  -0.74394973779
 1095.17502233364   0.00037801311  -0.50517738527
    9.08286783775   0.00417125157   1.45350550879
    6.81670784238   0.00115584442   0.35954755068
   13.63341568476   0.00533056996   9.79865182755
   13.66083077700  -0.00286452299  14.70740533035
   13.60611040750  -0.00175298731  20.85034375725
   27.55454988600  -0.00444827093   3.04322453266
   13.77727494300  -0.00215644342  78.40744983215
 6793.47648813065   0.00073197725 -24.00132989110
 1616.30271425126  -0.00040927356   0.51656097950
   27.09267692660  -0.00208564485   1.68227133666
    9.09502787633   0.00248720681   0.63225148866
   13.69115772864   0.00014229750  -3.10291271105
 1305.66025845931   0.00050122153   1.03932271072
   27.44323926226  -0.00003934104   1.35468388833
   27.66676714572  -0.00101825592   2.63524631095
 2190.35004466729   0.00129333521   1.97227802796
   26.98505934729   0.00118998372   6.26691288786
 6167.20701373239  -0.00013282417  -4.01137460634
 -3232.60542850251   0.00085405317   0.27617324872
 -2120.90900683440  -0.00221786117  -0.35929596900
   27.33282433123  -0.00010903150   8.57531299919
   13.71880577217   0.00299668240 -16.81412130744
    9.13295078376   0.00007504452   8.08927334540
    9.12068919638   0.00073943003   0.83713571502
    9.10846048884   0.00155491306   1.01575758686
 3396.73824406533   0.00123429757 -39.19544298169
ltep   23.71905534812
ltep    2.60422619294
ltep    3.91413290270
ltep   12.28983519434
ltep   11.21165301861
ltep   -2.09107104701
ltep    3.18081070896
ltep    3.56168510400
ltep  -61.72163523927
ltep  -17.10853873324
ltep    9.89513841622
harm  45
harm  18
harm  48
harm  29
harm  42
harm  33
harm  2217
harm  8734
harm  8775
harm  9280
harm  50
harm  80
harm  219
harm  186
harm  261
harm  133
harm  55
harm  683
harm  490
harm  1196
harm  119
harm  173
harm  284
harm  23
harm  74
harm  58
harm  139
harm  0
