offs    0.00000000000
bg      0.00014145452
impA    0.00000000000
impB    0.00000000000
impC    0.00000000000
delA    4.57489436714
delB    0.72718786582
asym    0.00268388720
ann1    4.33785120773
ann2   -1.95430910396
sem1   -1.20252317223
sem2   -1.04739190202
year   -0.00002792655
IR     -0.00000000000
ma     -0.00000000000
mp     -0.00011735814
shfT   -0.00000000000
init   -0.00867187077
   27.32166155400   0.00628740454  -1.37592884350
   27.21222081500   0.03091210181  -0.74465266152
 1095.17502233364   0.00019658066  -0.30689204110
    9.08286783775   0.00421465367   1.47122516896
    6.81670784238   0.00139065010   0.56705339778
   13.63341568476   0.00526643107   9.82705079819
   13.66083077700  -0.00264286936  14.69743616673
   13.60611040750  -0.00187182760  20.83013401359
   27.55454988600  -0.00443307027   2.98317876121
   13.77727494300  -0.00244617831  78.50866454931
 6793.47648813065   0.00073457241 -23.94096258213
 1616.30271425126  -0.00059747246   0.56772178283
   27.09267692660  -0.00204397840   1.72167355733
    9.09502787633   0.00265918409   0.57328364036
   13.69115772864   0.00001399851  -3.00528156923
 1305.66025845931   0.00027812891   1.64677763530
   27.44323926226  -0.00013291241   1.10478641579
   27.66676714572  -0.00114668767   2.62310290540
 2190.35004466729   0.00140213023   1.93822602269
   26.98505934729   0.00126833291   6.62285349960
 6167.20701373239  -0.00010152604  -3.96331492631
 -3232.60542850251   0.00078217264   0.29057473739
 -2120.90900683440  -0.00214316763  -0.27128219626
   27.33282433123  -0.00005123429   9.45153534807
   13.71880577217   0.00320519068 -16.75842735390
    9.13295078376   0.00007962085   8.03139831912
    9.12068919638   0.00077925078   0.65407454140
    9.10846048884   0.00130504272   0.98634432906
 3396.73824406533   0.00122636466 -39.23105461691
ltep   27.07354659354
ltep    2.60452777864
ltep    3.91413290270
ltep   12.28983519434
ltep   11.21165301861
ltep   -2.10249300449
ltep    3.18081070896
ltep    3.58245503554
ltep  -61.72163523927
ltep  -17.10853873324
ltep    9.89513841622
harm  45
harm  50
harm  48
harm  18
harm  42
harm  19
harm  2217
harm  8734
harm  8775
harm  9280
harm  50
harm  80
harm  219
harm  186
harm  261
harm  133
harm  55
harm  683
harm  490
harm  1196
harm  119
harm  173
harm  284
harm  23
harm  74
harm  58
harm  139
harm  0
