offs    0.00000000000
bg      0.00014145452
impA    0.00000000000
impB    0.00000000000
impC    0.00000000000
delA    4.56179519176
delB    0.72718786582
asym   -0.00016626390
ann1    0.08788116362
ann2   -1.81175304068
sem1   -0.03270653465
sem2    0.39224278166
year   -0.00002792655
IR     -0.00000000000
ma     -0.00000000000
mp      0.00011729837
shfT   -0.00000000000
init   -0.00673125989
   27.32166155400   0.00623966462  -1.35067593706
   27.21222081500   0.03097745734  -0.74738155990
 1095.17502233364   0.00035161539  -0.12500246113
    9.08286783775   0.00408211285   1.44038889327
    6.81670784238   0.00119327761   0.45030287924
   13.63341568476   0.00515700323   9.80769329733
   13.66083077700  -0.00264553166  14.73456671993
   13.60611040750  -0.00183349244  20.83439980518
   27.55454988600  -0.00443923594   3.02500576902
   13.77727494300  -0.00246125509  78.45491714119
 6793.47648813065   0.00073561626 -24.01332223345
 1616.30271425126  -0.00054768407   0.53225741171
   27.09267692660  -0.00204378410   1.66612698257
    9.09502787633   0.00253921347   0.60707041127
   13.69115772864   0.00009024987  -1.59103315415
 1305.66025845931   0.00029794493   1.24456742129
   27.44323926226  -0.00006513571   0.56518218596
   27.66676714572  -0.00098633085   2.76265307949
 2190.35004466729   0.00134073803   2.03345062518
   26.98505934729   0.00117474311   6.56166772378
 6167.20701373239  -0.00012847023  -3.95383587587
 -3232.60542850251   0.00084066850   0.35512308683
 -2120.90900683440  -0.00212423177  -0.33145191457
   27.33282433123  -0.00019541433   7.98042380054
   13.71880577217   0.00301850972 -16.80364769911
    9.13295078376   0.00007289763   8.02603365617
    9.12068919638   0.00078311524   0.80413560405
    9.10846048884   0.00138538706   1.01562465897
 3396.73824406533   0.00120502536 -39.20400401497
ltep   23.73718931166
ltep    2.60240504516
ltep    3.91413290270
ltep   12.28983519434
ltep   11.21165301861
ltep   -2.09107104701
ltep    3.18081070896
ltep    3.58245503554
ltep  -61.72163523927
ltep  -17.10853873324
ltep    9.89513841622
harm  45
harm  50
harm  47
harm  39
harm  42
harm  3
harm  2217
harm  8734
harm  8775
harm  9280
harm  50
harm  80
harm  219
harm  186
harm  261
harm  133
harm  55
harm  683
harm  490
harm  1196
harm  119
harm  173
harm  284
harm  23
harm  74
harm  58
harm  139
harm  0
