offs    0.00000000000
bg      0.00014145030
impA    0.00000000000
impB    0.00000000000
impC    0.00000000000
delA    4.55311014113
delB    0.79873573316
asym   -0.01256415111
ann1    3.35668939423
ann2   -0.98327692585
sem1    1.41326378792
sem2   -0.78687544366
year   -0.00002792676
IR     -0.00000000000
ma     -0.00000000000
mp     -0.00007499209
shfT   -0.00000000000
init   -0.00014203220
   27.32166155400   0.00604159167  -1.57148232578
   27.21222081500   0.02979565345  -0.80926296769
 1095.17502233364   0.00102933911  -0.39083961986
    9.08286783775   0.00586858404   1.52955809578
    6.81670784238  -0.00079037392   0.42397044243
   13.63341568476   0.00470404722  16.34546674023
   13.66083077700  -0.00241781266  26.53670651064
   13.60611040750  -0.00257334119  20.35550632292
   27.55454988600  -0.00441092879   2.86352921380
   13.77727494300  -0.00253477703   5.04850310136
 6793.47648813065   0.00072613126   0.19146284645
 1616.30271425126  -0.00128439037  -1.42903024080
   27.09267692660  -0.00160290865   2.10210639598
    9.09502787633   0.00289868707   0.56988827331
   13.69115772864   0.00136111800  17.32046901460
 1305.66025845931  -0.00072196048   0.35674047855
   27.44323926226  -0.00119546674   0.92795663406
   27.66676714572  -0.00118675084   3.22614947787
 2190.35004466729   0.00189510035   1.68543450831
   26.98505934729   0.00224494994   5.83665561750
 6167.20701373239  -0.00021479129 -12.52304237468
 -3232.60542850251   0.00041041487   1.47953097192
 -2120.90900683440  -0.00116924848  -0.05794208425
   27.33282433123  -0.00045034059  15.54529086580
   13.71880577217   0.00434812165   1.63593504314
    9.13295078376   0.00005022225  -0.47104631767
    9.12068919638   0.00080601238   0.70177592812
    9.10846048884   0.00188927243   0.91765127437
 3396.73824406533   0.00166142265 -26.13777080868
 1656.31999626209   0.00060869211   8.18361084560
   27.10365333842  -0.00161364094   0.54989038071
ltep   23.13794999488
ltep    9.46066139510
ltep   18.68216048000
ltep  100.00000000000
ltep   10.00000000000
ltep  200.00000000000
ltep  600.00000000000
ltep   70.00000000000
ltep  150.00000000000
ltep  400.00000000000
ltep    0.50000000000
harm  8
harm  24
harm  0
