offs    0.00000000000
bg      0.00014145452
impA    0.00000000000
impB    0.00000000000
impC    0.00000000000
delA    4.56988486518
delB    0.72718786582
asym   -0.00357771366
ann1    7.38510653624
ann2   -2.04573978015
sem1    0.64081874241
sem2    0.94768278476
year   -0.00002792655
IR     -0.00000000000
ma     -0.00000000000
mp      0.00011642122
shfT   -0.00000000000
init   -0.00701373312
   27.32166155400   0.00641967392  -1.32277324104
   27.21222081500   0.03090612932  -0.74283464834
 1095.17502233364   0.00036315941   0.41926421777
    9.08286783775   0.00431956755   1.45051122679
    6.81670784238   0.00098920498   0.44301031987
   13.63341568476   0.00533443699   9.80556708851
   13.66083077700  -0.00259705541  14.68598468175
   13.60611040750  -0.00180368675  20.84985660914
   27.55454988600  -0.00425577508   3.06527780516
   13.77727494300  -0.00245418005  72.14756805615
 6793.47648813065   0.00074116160   7.43159992749
 1616.30271425126  -0.00047956538   0.61357726872
   27.09267692660  -0.00187108312   1.54977774904
    9.09502787633   0.00258356335   0.60238084954
   13.69115772864   0.00036428468  -2.82211385591
 1305.66025845931   0.00038314302   1.48468720796
   27.44323926226  -0.00029096711  -0.09639740226
   27.66676714572  -0.00082918822   2.74277586672
 2190.35004466729   0.00121797164   2.11713353345
   26.98505934729   0.00072034003   6.50909293584
 6167.20701373239  -0.00014070370  -3.76816752670
 -3232.60542850251   0.00080871036   0.21646330598
 -2120.90900683440  -0.00211204757  -0.28311188238
   27.33282433123  -0.00029569799  15.64697170033
   13.71880577217   0.00313896188 -10.60890677327
    9.13295078376   0.00007682971  14.28024714638
    9.12068919638   0.00072419555   0.79097825733
    9.10846048884   0.00145609360   1.01949832230
 3396.73824406533   0.00117322862 -51.80806539684
ltep   24.18512941639
ltep    2.60277315207
ltep    3.91413290270
ltep   12.28983519434
ltep   11.21165301861
ltep   -2.09107104701
ltep    3.18081070896
ltep    3.58245503554
ltep  -61.72163523927
ltep  -17.10853873324
ltep    9.89513841622
harm  45
harm  50
harm  48
harm  18
harm  42
harm  11
harm  2217
harm  8734
harm  8775
harm  9280
harm  50
harm  80
harm  219
harm  186
harm  261
harm  133
harm  55
harm  683
harm  490
harm  1196
harm  119
harm  173
harm  284
harm  23
harm  74
harm  58
harm  139
harm  0
