offs    0.00000000000
bg      0.00014145452
impA    0.00000000000
impB    0.00000000000
impC    0.00000000000
delA    4.56575658964
delB    0.72718786582
asym   -0.00023893881
ann1    0.08897695753
ann2   -1.63479289200
sem1   -0.03542405205
sem2    0.40506847545
year   -0.00002792655
IR     -0.00000000000
ma     -0.00000000000
mp      0.00011671666
shfT   -0.00000000000
init   -0.00629179139
   27.32166155400   0.00631896117  -1.31960874582
   27.21222081500   0.03093197235  -0.74996051967
 1095.17502233364   0.00041236638  -0.11930156628
    9.08286783775   0.00417037786   1.39456130675
    6.81670784238   0.00115479772   0.37239705005
   13.63341568476   0.00536814384   9.81096144425
   13.66083077700  -0.00266838393  14.71366780892
   13.60611040750  -0.00185960305  20.80790004902
   27.55454988600  -0.00441542913   3.02959831265
   13.77727494300  -0.00254181703  78.45451145537
 6793.47648813065   0.00076358088 -23.98537745811
 1616.30271425126  -0.00049404300   0.50091007119
   27.09267692660  -0.00197913987   1.70466571539
    9.09502787633   0.00253731152   0.55891219171
   13.69115772864   0.00010177956  -2.42538193954
 1305.66025845931   0.00033508786   1.04371496846
   27.44323926226  -0.00004909696   0.53842720587
   27.66676714572  -0.00107749158   2.77197461023
 2190.35004466729   0.00135134809   2.02471428025
   26.98505934729   0.00115616987   6.27824073647
 6167.20701373239  -0.00005962331  -3.84514132383
 -3232.60542850251   0.00087951650   0.25934042768
 -2120.90900683440  -0.00212924772  -0.35185104215
   27.33282433123  -0.00026278277   9.63604333812
   13.71880577217   0.00300857539 -16.79103412999
    9.13295078376   0.00007916479   8.02913161345
    9.12068919638   0.00077516297   0.81955366672
    9.10846048884   0.00136719207   1.01954477479
 3396.73824406533   0.00117559163 -39.19922273846
ltep   23.60414463996
ltep    2.60067780017
ltep    3.91413290270
ltep   12.28983519434
ltep   11.21165301861
ltep   -2.09107104701
ltep    3.18081070896
ltep    3.58245503554
ltep  -61.72163523927
ltep  -17.10853873324
ltep    9.89513841622
harm  45
harm  50
harm  2
harm  18
harm  42
harm  7
harm  2217
harm  8734
harm  8775
harm  9280
harm  50
harm  80
harm  219
harm  186
harm  261
harm  133
harm  55
harm  683
harm  490
harm  1196
harm  119
harm  173
harm  284
harm  23
harm  74
harm  58
harm  139
harm  0
