offs    0.00000000000
bg      0.00014145030
impA    0.00000000000
impB    0.00000000000
impC    0.00000000000
delA    4.53354285894
delB    0.79873573316
asym    0.07196947599
ann1    0.01609365892
ann2   -0.53908413288
sem1   -0.00446853527
sem2    0.75914828898
year   -0.00002792676
IR     -0.00000000000
ma     -0.00000000000
mp     -0.00011272928
shfT   -0.00000000000
init   -0.00281223347
   27.32166155400   0.00673514424  -1.41592481015
   27.21222081500   0.03102836801  -0.72656417688
 1095.17502233364   0.00016361483  -0.60149539408
    9.08286783775   0.00511031363   1.40125366720
    6.81670784238   0.00142590159  -0.03286092097
   13.63341568476   0.00461624920   9.93514778836
   13.66083077700  -0.00333596860  20.77471225816
   13.60611040750  -0.00213733694  20.93933895913
   27.55454988600  -0.00509161043   3.18355460854
   13.77727494300  -0.00331339451  23.27977111152
 6793.47648813065   0.00068733799  -0.08464474201
 1616.30271425126  -0.00099842767  -1.15554393760
   27.09267692660  -0.00241162764   2.09860117857
    9.09502787633   0.00235779092   0.85392910709
   13.69115772864   0.00099861491   4.14523600957
 1305.66025845931  -0.00039387378  -0.44852179051
   27.44323926226  -0.00163188026   1.31152563638
   27.66676714572  -0.00099418564   2.77640183606
 2190.35004466729   0.00166948900   2.12693999273
   26.98505934729   0.00211607067   5.51808635972
 6167.20701373239  -0.00023297583 -11.67642855717
 -3232.60542850251   0.00047063905   0.47463746842
 -2120.90900683440  -0.00203301909  -0.18399064766
   27.33282433123  -0.00055049602  54.75463910237
   13.71880577217   0.00340808997   1.82316923842
    9.13295078376   0.00006264965   0.92268367807
    9.12068919638   0.00077118690   0.54482481892
    9.10846048884   0.00179924906   0.79247310586
 3396.73824406533   0.00106264564 -32.49630120881
 1656.31999626209   0.00021559086   5.48335912059
   27.10365333842  -0.00027585009   2.78496090798
ltep   12.12789018803
ltep   23.67275124731
ltep   18.68216048000
ltep  100.00000000000
ltep   10.00000000000
ltep  200.00000000000
ltep  600.00000000000
ltep   70.00000000000
ltep  150.00000000000
ltep  400.00000000000
ltep    0.50000000000
harm  40
harm  19
harm  0
