offs    0.00000000000
bg      0.00014145030
impA    0.00000000000
impB    0.00000000000
impC    0.00000000000
delA    4.55069367949
delB    0.79873573316
asym   -0.01326929383
ann1    3.22917210204
ann2   -0.91769748694
sem1    1.49741462882
sem2   -0.92345992371
year   -0.00002792676
IR     -0.00000000000
ma     -0.00000000000
mp     -0.00007647803
shfT   -0.00000000000
init   -0.00014382144
   27.32166155400   0.00607967359  -1.58174476092
   27.21222081500   0.02986232055  -0.80562956640
 1095.17502233364   0.00101941701  -0.36929009935
    9.08286783775   0.00590158385   1.51535053240
    6.81670784238  -0.00091874441   0.39717983295
   13.63341568476   0.00472434244  16.34474837798
   13.66083077700  -0.00238626060  26.50423763890
   13.60611040750  -0.00257860497  20.34441187876
   27.55454988600  -0.00437554140   2.80607194922
   13.77727494300  -0.00257638773   5.05849730499
 6793.47648813065   0.00072146076   0.20120144899
 1616.30271425126  -0.00132284784  -1.43227958832
   27.09267692660  -0.00172224296   2.05901287637
    9.09502787633   0.00284832657   0.56583489109
   13.69115772864   0.00134201690  17.26181076321
 1305.66025845931  -0.00070896725   0.32959422782
   27.44323926226  -0.00119689372   0.88371225485
   27.66676714572  -0.00115399660   3.30072392087
 2190.35004466729   0.00188929484   1.73795774130
   26.98505934729   0.00224109314   5.81587164359
 6167.20701373239  -0.00022812006 -12.50120507341
 -3232.60542850251   0.00041728735   1.50969782802
 -2120.90900683440  -0.00121151552  -0.06119294188
   27.33282433123  -0.00049489749  15.45603847768
   13.71880577217   0.00436909998   1.58218380129
    9.13295078376   0.00005070523  -0.45604572113
    9.12068919638   0.00082453274   0.67930447501
    9.10846048884   0.00186528063   0.91950490527
 3396.73824406533   0.00166018910 -26.15435880751
 1656.31999626209   0.00064024282   8.20951330805
   27.10365333842  -0.00162111706   0.51993867798
ltep   22.32341706791
ltep    9.46142970306
ltep   18.68216048000
ltep  100.00000000000
ltep   10.00000000000
ltep  200.00000000000
ltep  600.00000000000
ltep   70.00000000000
ltep  150.00000000000
ltep  400.00000000000
ltep    0.50000000000
harm  12
harm  24
harm  0
