offs    0.00000000000
bg      0.00014145030
impA    0.00000000000
impB    0.00000000000
impC    0.00000000000
delA    4.55620407207
delB    0.79873573316
asym   -0.01049477211
ann1    5.48018578411
ann2   -0.70828099744
sem1   -0.38776769530
sem2    0.90355543890
year   -0.00002792676
IR     -0.00000000000
ma     -0.00000000000
mp      0.00007659515
shfT   -0.00000000000
init   -0.00015380627
   27.32166155400   0.00620367236  -1.57554311642
   27.21222081500   0.02974627947  -0.80743251412
 1095.17502233364   0.00104214259  -0.37214326420
    9.08286783775   0.00585061639   1.53648091087
    6.81670784238  -0.00080002712   0.44233142710
   13.63341568476   0.00464865693  16.28417226382
   13.66083077700  -0.00238505228  26.52884107010
   13.60611040750  -0.00254303777  20.34722452415
   27.55454988600  -0.00452156154   2.83401569854
   13.77727494300  -0.00252469962   5.12863236280
 6793.47648813065   0.00074161180   0.17970505994
 1616.30271425126  -0.00122605245   1.35839970970
   27.09267692660  -0.00157413514   2.09088485034
    9.09502787633   0.00288131763   0.58319553407
   13.69115772864   0.00146306556  17.32358086081
 1305.66025845931  -0.00061722752   0.42650852392
   27.44323926226  -0.00126354825   0.92003002627
   27.66676714572  -0.00123121949   3.25341474162
 2190.35004466729   0.00194327932   1.72377773638
   26.98505934729   0.00231032293   5.91576944820
 6167.20701373239  -0.00020883726 -12.34230133839
 -3232.60542850251   0.00037786778   1.54672412321
 -2120.90900683440  -0.00119952680  -0.05449401378
   27.33282433123  -0.00047582030  15.49192413842
   13.71880577217   0.00443930376   1.62570020258
    9.13295078376   0.00005058653  -0.42698189385
    9.12068919638   0.00080398085   0.67611817235
    9.10846048884   0.00190826490   0.94667425336
 3396.73824406533   0.00162752445 -26.16563722921
 1656.31999626209   0.00059249633   8.17496407138
   27.10365333842  -0.00159945202   0.54203925085
ltep   22.48342436494
ltep    9.50635522638
ltep   18.68216048000
ltep  100.00000000000
ltep   10.00000000000
ltep  200.00000000000
ltep  600.00000000000
ltep   70.00000000000
ltep  150.00000000000
ltep  400.00000000000
ltep    0.50000000000
harm  18
harm  25
harm  0
