offs    0.00000000000
bg      0.00014145452
impA    0.00000000000
impB    0.00000000000
impC    0.00000000000
delA    4.55631275484
delB    0.72718786582
asym   -0.00014328627
ann1    0.14891334177
ann2   -1.98107325055
sem1   -0.00464095626
sem2    0.50591909225
year   -0.00002792655
IR     -0.00000000000
ma     -0.00000000000
mp      0.00011762645
shfT   -0.00000000000
init   -0.00570862779
   27.32166155400   0.00628302837  -1.35799554403
   27.21222081500   0.03091894662  -0.74635087618
 1095.17502233364   0.00033028201  -0.24020807155
    9.08286783775   0.00417769680   1.43841953467
    6.81670784238   0.00099245107   0.37910813245
   13.63341568476   0.00518824478   9.80738340186
   13.66083077700  -0.00276350774  14.74479167880
   13.60611040750  -0.00177115102  20.81932177313
   27.55454988600  -0.00437303478   3.03044355120
   13.77727494300  -0.00239412220  78.45778228765
 6793.47648813065   0.00074674245 -24.00781728112
 1616.30271425126  -0.00055525383   0.47783634822
   27.09267692660  -0.00178796180   1.79673541878
    9.09502787633   0.00247129540   0.60165870897
   13.69115772864   0.00006083437  -0.53073255561
 1305.66025845931   0.00027256463   1.11259836373
   27.44323926226  -0.00019433905   0.31456194715
   27.66676714572  -0.00103200638   2.69861078077
 2190.35004466729   0.00147486263   1.98795968661
   26.98505934729   0.00121210932   6.33541018282
 6167.20701373239  -0.00010458112  -3.99927496936
 -3232.60542850251   0.00088180246   0.12754535998
 -2120.90900683440  -0.00203863052  -0.32872329147
   27.33282433123  -0.00030611030   9.34301045095
   13.71880577217   0.00300548541 -16.81406113802
    9.13295078376   0.00007748557   8.03077614962
    9.12068919638   0.00073701795   0.81342667060
    9.10846048884   0.00143123217   1.00876442062
 3396.73824406533   0.00125511670 -39.20400401497
ltep   23.67782715424
ltep    2.60124587924
ltep    3.91413290270
ltep   12.28983519434
ltep   11.21165301861
ltep   -2.09107104701
ltep    3.18081070896
ltep    3.58245503554
ltep  -61.72163523927
ltep  -17.10853873324
ltep    9.89513841622
harm  45
harm  50
harm  48
harm  18
harm  42
harm  7
harm  2217
harm  8734
harm  8775
harm  9280
harm  50
harm  80
harm  219
harm  186
harm  261
harm  133
harm  55
harm  683
harm  490
harm  1196
harm  119
harm  173
harm  284
harm  23
harm  74
harm  58
harm  139
harm  0
