offs    0.00000000000
bg      0.00014145030
impA    0.00000000000
impB    0.00000000000
impC    0.00000000000
delA    4.51429014451
delB    0.79873573316
asym    0.00205480632
ann1    1.03351976846
ann2   -3.45759307786
sem1   -3.40454292880
sem2    1.31000303712
year   -0.00002792676
IR     -0.00000000000
ma     -0.00000000000
mp     -0.00005505840
shfT   -0.00000000000
init   -0.00009340772
   27.32166155400   0.00627651455  -1.41752070676
   27.21222081500   0.02827413946  -0.81884669405
 1095.17502233364   0.00103230883  -0.38835024828
    9.08286783775   0.00602147660   1.67383629863
    6.81670784238  -0.00072684381   0.35469183644
   13.63341568476   0.00427856737  16.29246442225
   13.66083077700  -0.00236544958  26.56923901981
   13.60611040750  -0.00264492696 -20.18045589935
   27.55454988600  -0.00443387342   3.07006266617
   13.77727494300  -0.00250270730   5.33145657761
 6793.47648813065   0.00074356593  -0.19118058322
 1616.30271425126  -0.00128503816  -1.50290224370
   27.09267692660  -0.00169094126   2.15395916023
    9.09502787633   0.00293598048   0.54932079905
   13.69115772864   0.00149391983  17.56582280313
 1305.66025845931  -0.00063635131  -0.51394669048
   27.44323926226  -0.00115415795   0.90074549775
   27.66676714572  -0.00121447612  -3.09790576515
 2190.35004466729   0.00170719936   1.61096054293
   26.98505934729   0.00250270199   6.15406412792
 6167.20701373239  -0.00021435736 -12.15295539922
 -3232.60542850251   0.00038721850   1.34529404852
 -2120.90900683440  -0.00116812201  -0.04556264591
   27.33282433123  -0.00060108015  28.21949277591
   13.71880577217   0.00433550281   1.81072697118
    9.13295078376   0.00005965400  -0.46000401075
    9.12068919638   0.00085007763   0.64893071010
    9.10846048884   0.00196553796   0.92753895162
 3396.73824406533   0.00182564004 -26.30674559062
 1656.31999626209   0.00062716254   8.06367617816
   27.10365333842  -0.00160750475   0.49815516827
ltep   24.28284868978
ltep    8.16900836336
ltep   18.68216048000
ltep  100.00000000000
ltep   10.00000000000
ltep  200.00000000000
ltep  600.00000000000
ltep   70.00000000000
ltep  150.00000000000
ltep  400.00000000000
ltep    0.50000000000
harm  20
harm  29
harm  0
