1896.3333  3.6983
1896.4167  18.0835
1896.5000  27.8816
1896.5833  24.7668
1896.6667  27.0722
1896.7500  28.9574
1896.8333  30.4259
1896.9167  38.1443
1897.0000  43.7831
1897.0833  46.5052
1897.1667  47.9773
1897.2500  54.8661
1897.3333  53.0049
1897.4167  50.7270
1897.5000  42.6194
1897.5833  47.8379
1897.6667  42.6360
1897.7500  37.8545
1897.8333  51.8230
1897.9167  62.0415
1898.0000  59.3433
1898.0833  60.3951
1898.1667  55.1969
1898.2500  46.6654
1898.3333  40.6339
1905.4167  18.2594
1905.5000  14.3112
1905.5833  7.4500
1905.6667  1.4221
1905.7500  13.7275
1905.8333  14.3663
1905.9167  10.8384
1906.0000  10.6439
1906.1667  6.9214
1906.2500  5.8935
1906.3333  4.8656
1906.4167  7.1711
1906.5000  8.6432
1906.5833  7.6153
1906.6667  5.7541
1906.7500  5.5595
1906.8333  6.1983
1906.9167  6.8371
1907.0000  7.4758
1907.0833  13.9479
1907.1667  21.2534
1907.2500  26.8922
1907.3333  35.8643
1907.4167  43.1697
1907.5000  50.4751
1907.5833  59.4473
1907.6667  62.5860
1907.7500  64.8915
1907.8333  58.8636
1907.9167  55.3357
1908.0000  51.8078
1908.0833  38.2799
1908.1667  30.5853
1908.2500  32.8908
1908.3333  26.0296
1908.4167  21.6683
1908.7500  21.7234
1908.8333  21.5289
1908.9167  36.3343
1909.0000  48.6398
1909.0833  55.9452
1909.1667  53.2506
1909.2500  54.7227
1909.3333  68.6948
1909.4167  79.3336
1909.5000  91.6391
1909.5833  98.9445
1909.6667  100.4166
1909.7500  95.2221
1909.8333  96.6942
1909.9167  89.8329
1910.0000  89.6384
1910.0833  90.2772
1910.1667  88.3430
1910.2500  85.3254
1910.3333  87.2245
1910.4167  86.1967
1910.5000  75.1688
1910.5833  66.6409
1910.6667  63.1130
1910.7500  61.2518
1910.8333  50.9713
1910.9167  41.1076
1911.0000  31.2439
1911.0833  18.4635
1911.1667  13.2560
1911.2500  4.9652
1911.3333  -8.6589
1911.4167  -16.0226
1911.5000  -20.8863
1911.5833  -21.1667
1911.6667  -22.6972
1911.7500  -31.7276
1911.8333  -28.5888
1911.9167  -25.4500
1912.0000  -19.8112
1912.0833  -12.0891
1912.1667  -6.4504
1912.2500  0.8551
1912.3333  8.5772
1912.4167  16.7160
1912.5000  22.3547
1912.5833  27.9935
1912.6667  29.0490
1912.7500  28.4377
1912.8333  26.5765
1912.9167  20.5486
1913.0000  15.3541
1913.0833  10.9928
1913.1667  4.5483
1913.2500  -3.1463
1913.3333  -7.9242
1913.4167  -14.7854
1913.5000  -18.7300
1913.5833  -14.7579
1913.6667  -20.3691
1913.7500  -17.2303
1913.8333  -20.3415
1913.9167  -18.0361
1914.0000  -17.8140
1914.0833  -18.8419
1914.1667  -20.2864
1914.2500  -19.2310
1914.3333  -22.7589
1914.4167  -23.7868
1914.5000  -29.3980
1914.5833  -42.5092
1914.6667  -45.2038
1914.7500  -33.3150
1914.8333  -35.5929
1914.9167  -23.6183
1915.0000  -21.2270
1915.0833  -14.2524
1915.1667  -9.3611
1915.2500  -9.0531
1915.3333  -6.2452
1915.4167  0.7295
1915.5000  12.7041
1915.5833  22.1787
1915.6667  29.9867
1915.7500  22.7946
1915.8333  35.1859
1915.9167  23.2388
1916.0000  17.9584
1916.0833  13.9280
1916.1667  10.7310
1916.2500  10.8672
1916.4167  10.3922
1916.5000  8.4452
1916.5833  -0.1686
1916.6667  -4.1990
1916.7500  -9.8961
1916.8333  -12.2598
1916.9167  -11.2902
1917.0000  -6.9014
1917.0833  1.2373
1917.1667  2.2928
1917.2500  3.3482
1917.3333  2.7370
1917.4167  9.2091
1917.5000  1.4287
1917.5833  10.3149
1917.6667  8.7845
1917.7500  15.5875
1917.8333  14.0571
1917.9167  -1.6400
1918.0000  -11.5038
1918.0833  -25.9508
1918.1667  -34.5646
1918.2500  -41.5117
1918.3333  -46.7921
1918.4167  -52.0725
1918.5000  -48.9337
1918.5833  -53.1232
1918.6667  -47.3128
1918.7500  -46.5023
1918.8333  -39.8512
1918.9167  -16.5335
1919.5000  -2.7164
1919.5833  5.9285
1919.6667  8.3234
1919.7500  9.4683
1919.8333  21.4466
1919.9167  12.1748
1920.0000  8.8259
1920.0833  -3.8614
1920.1667  -14.0487
1920.2500  -15.9027
1920.3333  -13.5972
1920.4167  -24.6288
1920.5000  -25.2436
1920.5833  -22.4356
1920.6667  -17.9610
1920.7500  -17.6531
1920.8333  -23.1784
1920.9167  -13.2871
1921.0000  -11.8187
1921.0833  -7.0169
1921.1667  -6.3817
1921.2500  -10.3299
1921.3333  -13.4448
1921.4167  -12.8023
1921.5000  -14.2433
1921.5833  -19.4342
1921.6667  -23.3751
1921.7500  -20.2327
1921.8333  -22.0903
1921.9167  -32.2813
1922.0000  -41.3117
1922.0833  -48.2587
1922.1667  -47.7058
1922.2500  -49.6529
1922.3333  -47.4333
1922.4167  -46.0507
1922.5000  -52.1681
1922.5833  -50.7854
1922.6667  -53.1528
1922.7500  -56.7702
1922.8333  -61.2209
1922.9167  -64.0049
1923.0000  -53.6933
1923.0833  -48.7984
1923.1667  -47.2368
1923.2500  -43.5919
1923.3333  -46.6136
1923.4167  -48.8057
1923.5000  -45.5811
1923.5833  -46.1064
1923.6667  -39.5485
1923.7500  -27.1572
1923.8333  -19.7659
1923.9167  -6.1246
1924.0000  -5.0728
1924.0833  -2.7710
1924.1667  0.7808
1924.2500  -0.6674
1924.3333  0.8011
1924.4167  0.1935
1924.5000  -1.6641
1924.5833  1.0617
1924.6667  -7.0459
1924.7500  -24.7369
1924.8333  -29.0945
1924.9167  -37.2020
1925.0000  -44.9825
1925.0833  -48.5962
1925.1667  -52.6266
1925.2500  -51.2404
1925.3333  -50.2708
1925.4167  -52.6381
1925.5000  -51.6722
1925.5833  -54.4562
1925.6667  -41.8236
1925.7500  -36.2743
1925.8333  -35.7250
1925.9167  -36.0090
1926.0000  -36.5308
1926.0833  -36.6359
1926.1667  -35.0779
1926.2500  -38.9366
1926.3333  -38.6286
1926.4167  -42.4874
1926.5000  -41.7627
1926.5833  -44.7881
1926.6667  -51.5635
1926.7500  -49.1722
1926.8333  -47.1976
1926.9167  -42.7229
1927.0000  -35.8378
1927.0833  -34.7860
1927.1667  -36.6436
1927.2500  -31.0012
1927.3333  -31.1921
1927.4167  -25.5497
1927.5000  -16.1573
1927.5833  -10.9316
1927.6667  -13.2058
1927.7500  -9.2301
1927.8333  -13.1710
1927.9167  -17.1119
1928.0000  -22.3924
1928.0833  -21.8394
1928.1667  -21.2901
1928.2500  -24.9075
1928.3333  -29.7749
1928.4167  -34.2256
1928.5000  -51.5930
1928.5833  -52.9607
1928.6667  -55.4396
1928.7500  -57.9184
1928.8333  -52.3417
1928.9167  -53.7094
1929.0000  -47.5682
1929.0833  -46.4269
1929.1667  -46.1189
1929.2500  -47.4776
1929.3333  -51.3088
1929.4167  -49.8900
1929.5000  -46.9989
1929.5833  -52.8298
1929.6667  -49.1050
1929.7500  -47.5469
1929.8333  -51.4055
1929.9167  -46.3197
1930.0000  -53.4034
1930.0833  -51.3204
1930.1667  -50.8208
1930.2500  -47.7378
1930.3333  -37.5713
1930.4167  -41.7936
1930.5000  -41.2659
1930.5833  -33.6549
1930.6667  -34.3773
1930.7500  -29.2941
1930.8333  -26.2386
1930.9167  -28.6832
1931.0000  -20.4333
1931.0833  -20.6369
1931.1667  -16.6530
1931.2500  -12.8774
1931.3333  -13.1922
1931.4167  -11.4513
1931.5000  -9.2452
1931.5833  -9.8585
1931.6667  -5.1038
1931.7500  -5.2171
1931.8333  -5.1707
1931.9167  -6.7077
1932.0000  -9.7932
1932.0833  -5.6732
1932.1667  -8.9906
1932.2500  -9.2664
1932.3333  -14.9519
1932.4167  -9.8319
1932.5000  -10.0105
1932.5833  -4.7029
1932.6667  -4.7634
1932.7500  -7.6226
1932.8333  -7.2525
1932.9167  1.1453
1933.0000  6.1751
1933.0833  3.4805
1933.1667  6.4526
1933.2500  5.7303
1933.3333  6.3135
1933.4167  8.8134
1933.5000  8.3688
1933.5833  0.7854
1933.6667  -4.5481
1933.7500  -15.1871
1933.8333  -15.7705
1933.9167  -20.6040
1934.0000  -23.7152
1934.0833  -23.2431
1934.1667  -26.2710
1934.2500  -32.4655
1934.3333  -30.6601
1934.4167  -38.5491
1934.5000  -34.2714
1934.5833  -31.9087
1934.6667  -33.1988
1934.7500  -24.9473
1934.8333  -23.3763
1934.9167  -22.0830
1935.0000  -24.0398
1935.0833  -28.0243
1935.1667  -29.5319
1935.2500  -26.6227
1935.3333  -29.8525
1935.4167  -23.9990
1935.5000  -18.0065
1935.5833  -11.3213
1935.6667  -4.3492
1935.7500  -4.4187
1935.8333  -8.3863
1935.9167  -14.7150
1936.0000  -20.5159
1936.0833  -18.7612
1936.1667  -20.0669
1936.2500  -19.4837
1936.3333  -16.4560
1936.4167  -17.3728
1936.5000  -32.0674
1936.5833  -39.4842
1936.6667  -34.3962
1936.7500  -34.4471
1936.8333  -34.2805
1936.9167  -34.3084
1937.0000  -33.6419
1937.0833  -34.5864
1937.1667  -35.3088
1937.2500  -37.6978
1937.3333  -38.4665
1937.4167  -37.2353
1937.5000  -31.7680
1937.5833  -30.3734
1937.6667  -39.6178
1937.7500  -39.9177
1937.8333  -41.7176
1937.9167  -37.5453
1938.0000  -36.1508
1938.0833  -39.2840
1938.1667  -35.1395
1938.2500  -35.6061
1938.3333  -36.1651
1938.4167  -39.7519
1938.5000  -39.7415
1938.5833  -39.7073
1938.6667  -41.5134
1938.7500  -44.5626
1938.8333  -40.8895
1938.9167  -40.1123
1939.0000  -35.9045
1939.0833  -31.0925
1939.1667  -31.6139
1939.2500  -26.4686
1939.3333  -22.4986
1939.4167  -17.7841
1939.5000  -9.7919
1939.5833  -4.5646
1939.6667  8.6002
1939.7500  14.4317
1939.8333  14.2423
1939.9167  16.6571
1940.0000  19.2594
1940.0833  19.2575
1940.1667  19.5681
1940.2500  21.4412
1940.3333  22.9480
1940.4167  23.7797
1940.5000  18.4031
1940.5833  17.8947
1940.6667  13.2280
1940.7500  12.9489
1940.8333  14.8739
1940.9167  17.3238
1941.0000  19.9780
1941.0833  23.8821
1941.1667  31.7238
1941.2500  33.5196
1941.3333  35.8238
1941.4167  36.0696
1941.5000  38.1737
1941.5833  33.2792
1941.6667  39.0439
1941.7500  42.2892
1941.8333  43.7679
1941.9167  37.5548
1942.0000  34.1168
1942.0833  31.4288
1942.1667  25.9769
1942.2500  22.7990
1942.3333  16.7044
1942.4167  16.7932
1942.5000  17.2153
1942.5833  16.5707
1942.6667  5.9002
1942.7500  -5.9175
1942.8333  -9.6353
1942.9167  -11.0281
1943.0000  -9.7625
1943.0833  -9.7636
1943.1667  -6.5008
1943.2500  -9.4787
1943.3333  -3.3732
1943.4167  -2.4011
1943.5000  -5.6290
1943.5833  -4.9223
1943.6667  -2.7739
1943.7500  2.3828
1943.8333  4.8883
1943.9167  4.4771
1944.0000  3.8825
1944.0833  5.5879
1944.1667  4.3767
1944.2500  6.9376
1944.3333  4.0097
1944.4167  9.8652
1944.5000  11.2873
1944.5833  15.6552
1944.6667  15.4815
1944.7500  19.3078
1944.8333  22.9132
1944.9167  31.8020
1945.0000  32.4907
1945.0833  31.6391
1945.1667  30.0613
1945.2500  28.5446
1945.3333  31.7000
1945.4167  30.8721
1945.5000  40.0276
1945.5833  40.6692
1945.6667  44.5109
1945.7500  44.4608
1945.8333  46.2163
1945.9167  43.1384
1946.0000  42.0605
1946.0833  39.8730
1946.1667  38.5618
1946.2500  36.1839
1946.3333  32.1893
1946.4167  27.7114
1946.5000  19.3669
1946.5833  16.4723
1946.6667  21.9944
1946.7500  30.2332
1946.8333  25.5886
1946.9167  27.4441
1947.0000  30.0662
1947.0833  34.0383
1947.1667  35.8104
1947.2500  39.5825
1947.3333  38.8046
1947.4167  44.6267
1947.5000  47.4655
1947.5833  48.1043
1947.6667  38.3097
1947.7500  27.7151
1947.8333  26.3039
1947.9167  23.9094
1948.0000  23.9815
1948.0833  26.4369
1948.1667  27.5757
1948.2500  29.2478
1948.3333  29.8532
1948.4167  21.7253
1948.5000  23.0474
1948.5833  18.8696
1948.6667  18.1583
1948.7500  15.5138
1948.8333  16.5192
1948.9167  14.0747
1949.0000  7.6801
1949.0833  3.3522
1949.1667  4.7410
1949.2500  4.1131
1949.3333  2.7019
1949.4167  5.3573
1949.5000  -5.8539
1949.5833  -4.9818
1949.6667  -4.8097
1949.7500  -2.9376
1949.8333  -5.1988
1949.9167  -7.6267
1950.0000  -6.5546
1950.0833  -8.9492
1950.1667  -14.5771
1950.2500  -15.3883
1950.3333  -15.5828
1950.4167  -17.0107
1950.5000  -10.2720
1950.5833  -6.3832
1950.6667  -9.2278
1950.7500  -4.6056
1950.8333  0.3998
1950.9167  9.4052
1951.0000  13.3107
1951.0833  16.7161
1951.1667  21.1549
1951.2500  21.1437
1951.3333  22.6991
1951.4167  24.8712
1951.5000  23.9433
1951.5833  23.2321
1951.6667  33.0542
1951.7500  32.3930
1951.8333  28.3651
1951.9167  30.5372
1952.0000  32.5593
1952.0833  29.6147
1952.1667  25.8369
1952.2500  24.6756
1952.3333  23.9644
1952.4167  20.1198
1952.5000  21.2753
1952.5833  22.4307
1952.6667  18.8028
1952.7500  17.3749
1952.8333  24.7804
1952.9167  21.4358
1953.0000  18.0746
1953.0833  18.3967
1953.1667  19.5521
1953.2500  21.6243
1953.3333  20.8964
1953.4167  19.1518
1953.5000  20.5406
1953.5833  20.3794
1953.6667  18.2848
1953.7500  20.7569
1953.8333  10.3623
1953.9167  9.2011
1954.0000  8.3232
1954.0833  11.7120
1954.1667  15.1841
1954.2500  15.8562
1954.3333  18.5283
1954.4167  19.6004
1954.5000  18.1892
1954.5833  25.5780
1954.6667  22.2501
1954.7500  22.5555
1954.8333  29.8776
1954.9167  29.8831
1955.0000  31.2219
1955.0833  29.2106
1955.1667  26.4994
1955.2500  21.4882
1955.3333  19.1103
1955.4167  24.4491
1955.5000  21.4712
1955.5833  13.4766
1955.6667  14.4487
1955.7500  10.5542
1955.8333  7.3929
1955.9167  3.8984
1956.0000  1.4038
1956.0833  1.5093
1956.1667  3.5980
1956.2500  5.5368
1956.3333  3.9922
1956.4167  -0.8190
1956.5000  -0.5802
1956.5833  -7.6581
1956.6667  -6.7128
1956.7500  -2.5480
1956.8333  -2.6888
1956.9167  0.9898
1957.0000  1.3018
1957.0833  2.8855
1957.1667  -1.9807
1957.2500  2.0530
1957.3333  5.5201
1957.4167  8.1371
1957.5000  9.9709
1957.5833  20.2213
1957.6667  33.3985
1957.7500  40.3729
1957.8333  43.4696
1957.9167  36.7301
1958.0000  38.3240
1958.0833  38.1628
1958.1667  43.3682
1958.2500  47.6251
1958.3333  51.0282
1958.4167  54.3035
1958.5000  55.8594
1958.5833  55.5219
1958.6667  42.0106
1958.7500  32.8588
1958.8333  27.5213
1958.9167  27.9623
1959.0000  24.6414
1959.0833  16.6753
1959.1667  11.5735
1959.2500  1.5156
1959.3333  -3.6696
1959.4167  -13.0651
1959.5000  -14.0221
1959.5833  -11.8232
1959.6667  -6.8511
1959.7500  -2.2362
1959.8333  4.7002
1959.9167  13.2200
1960.0000  16.6904
1960.0833  24.0432
1960.1667  27.2373
1960.2500  28.0499
1960.3333  29.0714
1960.4167  31.4698
1960.5000  28.4776
1960.5833  26.0747
1960.6667  24.3802
1960.7500  21.8642
1960.8333  22.8720
1960.9167  17.9036
1961.0000  15.8536
1961.0833  13.1950
1961.1667  8.6951
1961.2500  8.0623
1961.3333  7.9137
1961.4167  10.3761
1961.5000  17.3601
1961.5833  9.0400
1961.6667  2.2978
1961.7500  3.9485
1961.8333  -6.3294
1961.9167  -10.9406
1962.0000  -13.3733
1962.0833  -13.4250
1962.1667  -14.8457
1962.2500  -15.2665
1962.3333  -13.5920
1962.4167  -14.6199
1962.5000  -19.0406
1962.5833  -17.1400
1962.6667  -15.3985
1962.7500  -21.1808
1962.8333  -13.5385
1962.9167  -15.2514
1963.0000  -12.7639
1963.0833  -12.2665
1963.1667  -8.9476
1963.2500  -9.2732
1963.3333  -10.6344
1963.4167  -6.0585
1963.5000  -3.4787
1963.5833  1.8570
1963.6667  9.0802
1963.7500  9.5256
1963.8333  -3.3763
1963.9167  2.9163
1964.0000  2.9728
1964.0833  0.2515
1964.1667  0.5302
1964.2500  2.6213
1964.3333  0.0458
1964.4167  -4.2048
1964.5000  -12.7571
1964.5833  -12.9106
1964.6667  -17.9946
1964.7500  -16.1103
1964.8333  -8.0654
1964.9167  -11.8716
1965.0000  -12.4517
1965.0833  -10.8407
1965.1667  -13.6290
1965.2500  -14.6212
1965.3333  -9.5539
1965.4167  -7.7842
1965.5000  -2.9549
1965.5833  3.2553
1965.6667  7.7393
1965.7500  5.7233
1965.8333  5.2073
1965.9167  8.4175
1966.0000  7.5801
1966.0833  11.4743
1966.1667  15.0297
1966.2500  20.0256
1966.3333  14.8192
1966.4167  4.9818
1966.5000  4.8229
1966.5833  -2.1812
1966.6667  -3.9591
1966.7500  -7.6774
1966.8333  -6.6339
1966.9167  -4.7332
1967.0000  -5.8325
1967.0833  -9.3604
1967.1667  -11.8645
1967.2500  -16.8567
1967.3333  -16.9679
1967.4167  -9.3410
1967.5000  -7.0118
1967.5833  -10.3016
1967.6667  -9.4009
1967.7500  -8.0597
1967.8333  -13.3376
1967.9167  -16.2465
1968.0000  -14.6910
1968.0833  -13.7189
1968.1667  -7.4254
1968.2500  -6.5842
1968.3333  -2.7193
1968.4167  4.5028
1968.5000  9.7845
1968.5833  13.1494
1968.6667  10.3596
1968.7500  16.3317
1968.8333  22.8634
1968.9167  25.0021
1969.0000  26.3790
1969.0833  25.1487
1969.1667  23.7994
1969.2500  24.9739
1969.3333  26.6127
1969.4167  18.8348
1969.5000  16.6283
1969.5833  23.9695
1969.6667  23.8344
1969.7500  23.1903
1969.8333  25.2934
1969.9167  20.4203
1970.0000  20.5590
1970.0833  21.2562
1970.1667  22.9460
1970.2500  25.4181
1970.3333  22.0092
1970.4167  25.9218
1970.5000  34.1062
1970.5833  31.1855
1970.6667  29.8243
1970.7500  33.5197
1970.8333  33.2418
1970.9167  39.2735
1971.0000  40.8170
1971.0833  40.9093
1971.1667  36.1995
1971.2500  33.2430
1971.3333  35.1556
1971.4167  36.8658
1971.5000  24.1256
1971.5833  17.5858
1971.6667  19.8793
1971.7500  13.1490
1971.8333  13.8831
1971.9167  12.9861
1972.0000  11.7201
1972.0833  12.7637
1972.1667  14.6643
1972.2500  17.6829
1972.3333  13.9765
1972.4167  12.3057
1972.5000  17.4068
1972.5833  24.5575
1972.6667  22.7677
1972.7500  22.8158
1972.8333  22.0617
1972.9167  19.0100
1973.0000  15.1249
1973.0833  14.4899
1973.1667  13.4263
1973.2500  12.1495
1973.3333  14.0978
1973.4167  11.4985
1973.5000  1.3297
1973.5833  -3.3053
1973.6667  -1.2975
1973.7500  -0.9727
1973.8333  -4.6792
1973.9167  -3.1833
1974.0000  -3.9136
1974.0833  -4.4415
1974.1667  -8.2789
1974.2500  -12.7591
1974.3333  -19.9656
1974.4167  -20.8864
1974.5000  -15.0928
1974.5833  -18.8826
1974.6667  -19.0177
1974.7500  -16.9860
1974.8333  -13.4663
1974.9167  -13.3751
1975.0000  -10.4030
1975.0833  -12.3119
1975.1667  -9.5552
1975.2500  -9.4513
1975.3333  -1.8482
1975.4167  -0.7562
1975.5000  -7.3437
1975.5833  -8.2043
1975.6667  -9.4172
1975.7500  -13.6518
1975.8333  -16.4460
1975.9167  -21.4072
1976.0000  -22.9588
1976.0833  -19.7770
1976.1667  -20.4363
1976.2500  -14.6149
1976.3333  -13.2584
1976.4167  -7.2043
1976.5000  0.8070
1976.5833  7.4471
1976.6667  13.3941
1976.7500  19.2872
1976.8333  17.3233
1976.9167  25.0977
1977.0000  28.9036
1977.0833  27.6235
1977.1667  29.9243
1977.2500  30.4480
1977.3333  31.6020
1977.4167  22.5628
1977.5000  25.4219
1977.5833  20.8605
1977.6667  23.3855
1977.7500  17.6329
1977.8333  24.7955
1977.9167  19.8152
1978.0000  13.7729
1978.0833  13.6456
1978.1667  11.0835
1978.2500  11.6040
1978.3333  5.2004
1978.4167  6.0361
1978.5000  7.3095
1978.5833  8.9316
1978.6667  6.9864
1978.7500  1.4318
1978.8333  -5.5300
1978.9167  -9.2240
1979.0000  -10.1363
1979.0833  -12.0277
1979.1667  -11.5941
1979.2500  -17.4048
1979.3333  -13.7795
1979.4167  -17.5474
1979.5000  -25.5622
1979.5833  -28.0274
1979.6667  -30.8896
1979.7500  -29.1868
1979.8333  -34.9026
1979.9167  -30.2483
1980.0000  -27.2534
1980.0833  -28.0670
1980.1667  -28.2243
1980.2500  -28.0824
1980.3333  -28.9731
1980.4167  -18.8627
1980.5000  -19.0003
1980.5833  -18.7807
1980.6667  -31.4950
1980.7500  -17.9897
1980.8333  -11.0981
1980.9167  -11.9278
1981.0000  -8.9274
1981.0833  -5.4658
1981.1667  -3.9283
1981.2500  0.5679
1981.3333  -0.4647
1981.4167  -2.3617
1981.5000  2.6900
1981.5833  4.6502
1981.6667  10.3009
1981.7500  -2.7156
1981.8333  -3.4578
1981.9167  -4.6881
1982.0000  -5.6069
1982.0833  -7.5713
1982.1667  -10.2015
1982.2500  -17.0480
1982.3333  -13.3854
1982.4167  -21.0562
1982.5000  -28.0327
1982.5833  -32.9296
1982.6667  -28.1599
1982.7500  -21.8068
1982.8333  -25.7554
1982.9167  -24.2952
1983.0000  -25.2397
1983.0833  -22.0950
1983.1667  -18.4253
1983.2500  -13.1207
1983.3333  -13.8053
1983.4167  -0.1408
1983.5000  6.6051
1983.5833  3.7666
1983.6667  -2.1661
1983.7500  -6.3090
1983.8333  1.3932
1983.9167  2.9385
1984.0000  2.8198
1984.0833  1.4484
1984.1667  -0.3386
1984.2500  -1.5704
1984.3333  -4.9974
1984.4167  -10.3130
1984.5000  -17.8885
1984.5833  -0.9589
1984.6667  1.9299
1984.7500  4.2433
1984.8333  0.9773
1984.9167  2.2691
1985.0000  1.5701
1985.0833  -0.6203
1985.1667  -2.1390
1985.2500  -3.4094
1985.3333  -3.1528
1985.4167  -7.6013
1985.5000  0.2279
1985.5833  -15.0500
1985.6667  -10.2445
1985.7500  -15.5700
1985.8333  -16.5622
1985.9167  -20.2330
1986.0000  -18.8204
1986.0833  -14.1935
1986.1667  -13.2452
1986.2500  -13.3445
1986.3333  -9.4583
1986.4167  -11.9703
1986.5000  -20.9387
1986.5833  -13.9467
1986.6667  -16.4927
1986.7500  -11.6992
1986.8333  -13.7095
1986.9167  -16.0588
1987.0000  -15.8962
1987.0833  -19.4241
1987.1667  -18.5591
1987.2500  -19.5513
1987.3333  -27.3768
1987.4167  -27.3452
1987.5000  -13.7302
1987.5833  -20.6629
1987.6667  -25.0774
1987.7500  -27.7601
1987.8333  -20.9842
1987.9167  -21.6073
1988.0000  -21.5876
1988.0833  -25.3893
1988.1667  -26.2743
1988.2500  -24.9569
1988.3333  -23.0086
1988.4167  -16.8937
1988.5000  -24.0242
1988.5833  -20.0801
1988.6667  -22.4176
1988.7500  -28.0169
1988.8333  -38.3067
1988.9167  -38.2825
1989.0000  -42.4886
1989.0833  -44.4451
1989.1667  -48.4067
1989.2500  -50.7039
1989.3333  -50.5336
1989.4167  -52.6721
1989.5000  -51.7277
1989.5833  -53.2350
1989.6667  -49.4489
1989.7500  -49.9148
1989.8333  -51.6069
1989.9167  -47.6250
1990.0000  -46.4734
1990.0833  -42.2679
1990.1667  -39.1215
1990.2500  -37.4729
1990.3333  -35.0180
1990.4167  -28.9805
1990.5000  -33.1375
1990.5833  -31.4987
1990.6667  -30.3877
1990.7500  -16.2032
1990.8333  -7.6021
1990.9167  -4.5475
1991.0000  2.0469
1991.0833  3.9330
1991.1667  4.2286
1991.2500  0.7998
1991.3333  -1.5296
1991.4167  -9.8451
1991.5000  -6.7162
1991.5833  -2.1747
1991.6667  1.4363
1991.7500  -2.7999
1991.8333  -3.6333
1991.9167  -11.2813
1992.0000  -14.3488
1992.0833  -12.7829
1992.1667  -12.9949
1992.2500  -13.2213
1992.3333  -12.3138
1992.4167  -15.4945
1992.5000  -20.3557
1992.5833  -28.6336
1992.6667  -33.5278
1992.7500  -40.6248
1992.8333  -39.0416
1992.9167  -32.5417
1993.0000  -28.5675
1993.0833  -31.9565
1993.1667  -32.0066
1993.2500  -28.5511
1993.3333  -30.8756
1993.4167  -29.4868
1993.5000  -26.2508
1993.5833  -28.4453
1993.6667  -27.8013
1993.7500  -21.9546
1993.8333  -28.2504
1993.9167  -26.9351
1994.0000  -34.9117
1994.0833  -34.7833
1994.1667  -34.8271
1994.2500  -33.6377
1994.3333  -30.3322
1994.4167  -28.0962
1994.5000  -31.4436
1994.5833  -26.6659
1994.6667  -25.7771
1994.7500  -30.6245
1994.8333  -25.0511
1994.9167  -26.3250
1995.0000  -27.1386
1995.0833  -28.2107
1995.1667  -26.8549
1995.2500  -29.5325
1995.3333  -29.5048
1995.4167  -28.3660
1995.5000  -16.2967
1995.5833  -9.6064
1995.6667  -8.1498
1995.7500  -2.1678
1995.8333  0.5265
1995.9167  1.0264
1996.0000  2.3121
1996.0833  7.7728
1996.1667  8.6112
1996.2500  21.0524
1996.3333  25.8718
1996.4167  28.0383
1996.5000  22.1771
1996.5833  24.0005
1996.6667  22.7651
1996.7500  25.2968
1996.8333  29.8801
1996.9167  34.3049
1997.0000  40.0465
1997.0833  37.8658
1997.1667  37.0046
1997.2500  28.3795
1997.3333  26.7266
1997.4167  29.2126
1997.5000  34.8513
1997.5833  30.6061
1997.6667  37.0094
1997.7500  35.9816
1997.8333  35.1620
1997.9167  30.9313
1998.0000  30.1479
1998.0833  33.1339
1998.1667  32.2171
1998.2500  34.8837
1998.3333  31.6197
1998.4167  24.7029
1998.5000  15.1333
1998.5833  7.6700
1998.6667  3.7770
1998.7500  1.3562
1998.8333  3.5187
1998.9167  -2.0509
1999.0000  -8.2732
1999.0833  -8.9122
1999.1667  -5.5096
1999.2500  -9.3925
1999.3333  -6.7315
1999.4167  -5.4678
1999.5000  -2.6345
1999.5833  2.6561
1999.6667  -2.4797
1999.7500  -4.0174
1999.8333  -14.2448
1999.9167  -10.1615
2000.0000  -8.4672
2000.0833  -11.7514
2000.1667  -15.2792
2000.2500  -16.8271
2000.3333  -21.2661
2000.4167  -18.5440
2000.5000  -19.9607
2000.5833  -20.1066
2000.6667  -21.8774
2000.7500  -21.5630
2000.8333  -22.8318
2000.9167  -25.5820
2001.0000  -26.5821
2001.0833  -26.5482
2001.1667  -26.1733
2001.2500  -24.4373
2001.3333  -22.4374
2001.4167  -28.5208
2001.5000  -27.5904
2001.5833  -25.9578
2001.6667  -19.3252
2001.7500  -26.0288
2001.8333  -26.8900
2001.9167  -27.5846
2002.0000  -28.3763
2002.0833  -29.5431
2002.1667  -32.0571
2002.2500  -31.7656
2002.3333  -33.1407
2002.4167  -29.8630
2002.5000  -25.1826
2002.5833  -24.2105
2002.6667  -31.6967
2002.7500  -24.7597
2002.8333  -22.3987
2002.9167  -19.5099
2003.0000  -14.6351
2003.0833  -13.3296
2003.1667  -8.9408
2003.2500  -10.0660
2003.3333  -9.7488
2003.4167  -9.1288
2003.5000  -14.2080
2003.5833  -14.7297
2003.6667  -8.9749
2003.7500  -11.9955
2003.8333  -13.1067
2003.9167  -15.3290
2004.0000  -15.6208
2004.0833  -19.4404
2004.1667  -23.7183
2004.2500  -27.0275
2004.3333  -26.3171
2004.4167  -28.6734
2004.5000  -34.0389
2004.5833  -37.6424
2004.6667  -42.2446
2004.7500  -31.8281
2004.8333  -27.9671
2004.9167  -25.0922
2005.0000  -25.3639
2005.0833  -21.5862
2005.1667  -19.7565
2005.2500  -17.6982
2005.3333  -18.3789
2005.4167  -19.2262
2005.5000  -14.0597
2005.5833  -12.9487
2005.6667  -7.3377
2005.7500  -12.1989
2005.8333  -20.2984
2005.9167  -24.2145
2006.0000  -29.0091
2006.0833  -32.9564
2006.1667  -29.9947
2006.2500  -29.3893
2006.3333  -23.0014
2006.4167  -21.0710
2006.5000  -24.1127
2006.5833  -25.4045
2006.6667  -21.5435
2006.7500  -26.3353
2006.8333  -17.6249
2006.9167  -15.0285
2007.0000  -8.1015
2007.0833  -0.9627
2007.1667  2.1039
2007.2500  3.2189
2007.3333  0.9882
2007.4167  -1.2276
2007.5000  -0.4777
2007.5833  -2.3389
2007.6667  -9.8251
2007.7500  -7.5753
2007.8333  -13.4056
2007.9167  -7.8221
2008.0000  -12.6721
2008.0833  -18.5588
2008.1667  -22.3707
2008.2500  -24.2081
2008.3333  -25.9331
2008.4167  -23.5321
2008.5000  -25.6785
2008.5833  -17.5285
2008.6667  -8.6182
2008.7500  -8.8829
2008.8333  -5.1785
2008.9167  -13.1907
2009.0000  -9.8830
2009.0833  -6.1193
2009.1667  -7.3138
2009.2500  -4.8417
2009.3333  0.9971
2009.4167  1.7525
2009.5000  11.5515
2009.5833  16.5263
2009.6667  23.3380
2009.7500  30.0191
2009.8333  35.1586
2009.9167  41.9480
2010.0000  44.9900
2010.0833  46.1848
2010.1667  47.7493
2010.2500  53.8804
2010.3333  54.5810
2010.4167  59.0010
2010.5000  66.1675
2010.5833  65.8119
2010.6667  61.9090
2010.7500  59.4894
2010.8333  57.0726
2010.9167  54.5447
2011.0000  55.6307
2011.0833  59.8306
2011.1667  60.4802
2011.2500  55.8606
2011.3333  55.1883
2011.4167  50.5798
2011.5000  34.7880
2011.5833  23.6990
2011.6667  16.1156
2011.7500  14.2571
2011.8333  16.3404
2011.9167  12.9653
2012.0000  10.9207
2012.0833  7.8039
2012.1667  7.9735
2012.2500  4.6484
2012.3333  1.5150
2012.4167  3.1788
2012.5000  12.2620
2012.5833  14.3098
2012.6667  15.8930
2012.7500  21.2435
2012.8333  15.4239
2012.9167  10.6772
2013.0000  9.5653
2013.0833  7.9020
2013.1667  8.3080
2013.2500  13.2936
2013.3333  11.6750
2013.4167  9.6466
2013.5000  5.5875
2013.5833  4.3624
2013.6667  -1.0927
2013.7500  -9.9470
2013.8333  -10.4561
2013.9167  -4.0353
2014.0000  -6.6132
2014.0833  -8.4841
2014.1667  -11.6995
2014.2500  -15.7721
2014.3333  -15.2822
2014.4167  -14.8000
2014.5000  -19.4793
2014.5833  -21.8766
2014.6667  -22.1656
2014.7500  -22.5005
2014.8333  -23.8965
2014.9167  -31.1635
2015.0000  -35.1761
2015.0833  -34.1055
2015.1667  -34.6320
2015.2500  -35.7835
2015.3333  -40.0183
2015.4167  -46.8664
2015.5000  -46.9609
2015.5833  -38.2888
2015.6667  -37.1834
2015.7500  -35.1613
2015.8333  -32.3392
2015.9167  -26.9128
2016.0000  -22.6907
2016.0833  -22.5852
2016.1667  -22.7631
2016.2500  -21.8910
2016.3333  -19.2522
2016.4167  -11.0968
2016.5000  -3.7414
2016.5833  -10.6831
2016.6667  -5.6277
2016.7500  -6.3723
2016.8333  -7.2168
2016.9167  -1.8780
2017.0000  0.0107
2017.0833  -0.3838
2017.1667  0.5049
2017.2500  3.7271
2017.3333  2.5992
2017.4167  2.2879
2017.5000  -3.1212
2017.5833  -6.4395
2017.6667  -16.0008
2017.7500  -8.0120
2017.8333  -6.5399
2017.9167  -9.5511
2018.0000  -7.0054
2018.0833  -8.7847
2018.1667  -6.6015
2018.2500  -8.5293
2018.3333  -5.6406
2018.4167  -5.4269
2018.5000  -1.4069
2018.5833  7.7195
2018.6667  15.6083
2018.7500  8.5804
2018.8333  9.1525
2018.9167  11.9746
2019.0000  9.7065
2019.0833  14.7633
2019.1667  15.2243
2019.2500  17.4464
2019.3333  19.7852
2019.4167  25.7158
2019.5000  27.7045
2019.5833  27.6265
2019.6667  27.7486
2019.7500  29.1874
2019.8333  34.6762
2019.9167  33.1149
2020.0000  31.7704
2020.0833  30.3258
2020.1667  32.0313
2020.2500  28.1034
2020.3333  19.4921
2020.4167  9.9309
2020.5000  5.5030
2020.5833  7.0253
2020.6667  8.7140
2020.7500  7.4361
2020.8333  6.6749
2020.9167  3.9304
2021.0000  3.7191
2021.0833  3.9079
2021.1667  0.2133
2021.2500  3.6188
2021.3333  14.3909
2021.4167  19.8297
2021.5000  21.4851
2021.5833  16.7572
2021.6667  6.1292
2021.7500  9.4098
2021.8333  5.6305
2021.9167  8.1526
2022.0000  11.6081
2022.0833  13.8135
2022.1667  16.0190
2022.2500  22.8744
2022.3333  16.7632
2022.4167  20.4686
2022.5000  22.5407
2022.5833  28.4795
2022.6667  41.1018
2022.7500  52.8987
2022.8333  58.4388
2022.9167  62.1276
2023.0000  63.8997
2023.0833  64.2718
2023.1667  66.5939
2023.2500  60.7160
2023.3333  70.5048
2023.4167  71.6936
2023.5000  71.0657
2023.5833  72.9711
2023.6667  76.4932
2023.7500  65.8320
2023.8333  64.6541
2023.9167  62.4762
2024.0000  59.5817
2024.0833  57.0205
2024.1667  56.6426
2024.2500  59.3480
2024.3333  52.3534
2024.4167  53.3089
2024.5000  46.9477
2024.5833  39.8449
2024.6667  28.6254
2024.7500  27.3893
2024.8333  22.5365
2024.9167  25.0670
2025.0000  24.7476
2025.0833  25.9948
2025.1667  25.2087
2025.2500  23.2226
2025.3333  24.7864
2025.4167  16.3170
2025.5000  18.0975
