offs    0.00000000000
bg      0.00014145452
impA    0.00000000000
impB    0.00000000000
impC    0.00000000000
delA    4.56609086456
delB    0.79253785742
asym    0.00947509864
ann1    0.00908253306
ann2   -1.10842803511
sem1   -0.00879090634
sem2    0.68927525260
year   -0.00002792655
IR     -0.00000000000
ma     -0.00000000000
mp      0.00004983585
shfT   -0.00000000000
init   -0.01006020319
   27.32166155400   0.00629694962  -1.33267602851
   27.21222081500   0.03128733461  -0.77327401704
 1095.17502233364   0.00051680922  -0.08838924880
    9.08286783775   0.00437347162   1.45552464267
    6.81670784238   0.00139018898   0.52709973916
   13.63341568476   0.00502408809   9.83426432685
   13.66083077700  -0.00252732411  14.72857473942
   13.60611040750  -0.00185716162  20.78881434361
   27.55454988600  -0.00468419333   3.01782063982
   13.77727494300  -0.00256244745  78.71168045451
 6793.47648813065   0.00075440609 -25.35179772138
 1616.30271425126  -0.00045012018   0.52755212915
   27.09267692660  -0.00188972344   1.91275841369
    9.09502787633   0.00268903333   0.64359626482
   13.69115772864   0.00032023327  -2.08001702154
 1305.66025845931   0.00036654313   1.26959609556
   27.44323926226  -0.00020053986   1.15383399567
   27.66676714572  -0.00097466595   3.01741190757
 2190.35004466729   0.00147280409   1.98394422419
   26.98505934729   0.00116007381   5.68388840049
 6167.20701373239  -0.00010575105   0.82003222787
 -3232.60542850251   0.00089924698   0.34284245518
 -2120.90900683440  -0.00210661776  -0.26718847148
   27.33282433123  -0.00037514419   9.37405417165
   13.71880577217   0.00312676930 -16.71958388654
    9.13295078376   0.00007892230  13.99729676605
    9.12068919638   0.00079128418   0.73085434740
    9.10846048884   0.00133577219   1.01016390121
 3396.73824406533   0.00132240795 -26.74596499945
ltep   24.19974186695
ltep    2.63921875161
ltep    3.91413290270
ltep   12.28983519434
ltep   11.21165301861
ltep   -2.09107104701
ltep    3.18081070896
ltep    3.58245503554
ltep  -61.72138878805
ltep  -17.10853873324
ltep    9.89513841622
harm  45
harm  49
harm  48
harm  12
harm  42
harm  75
harm  2217
harm  8734
harm  8775
harm  9280
harm  50
harm  80
harm  219
harm  186
harm  261
harm  133
harm  55
harm  683
harm  490
harm  1196
harm  119
harm  173
harm  284
harm  23
harm  74
harm  58
harm  139
harm  0
