1807.000033	19.171061
1807.083333	34.095928
1807.166633	48.697073
1807.250033	71.677140
1807.333333	95.031007
1807.416633	106.829317
1807.500033	117.849850
1807.583333	123.981494
1807.666633	130.890915
1807.750033	116.133670
1807.833333	84.043092
1807.916633	8.508069
1808.000033	-57.360287
1808.083333	-112.561976
1808.166633	-102.208110
1808.250033	-81.632022
1808.333333	-39.500378
1808.416633	-18.813178
1808.500033	11.207354
1808.583333	26.450109
1808.666633	43.470642
1808.750033	44.713397
1808.833333	67.733930
1808.916633	96.532240
1809.000033	114.219440
1809.083333	73.573306
1809.166633	5.371616
1809.250033	-31.274517
1809.333333	-14.365096
1809.416633	32.544326
1809.500033	74.231525
1809.583333	102.696503
1809.666633	110.161480
1809.750033	96.959790
1809.833333	68.091434
1809.916633	39.667523
1810.000033	24.465833
1810.083333	29.375255
1810.166633	57.173565
1810.250033	62.971876
1810.333333	62.992409
1810.416633	45.679608
1810.500033	51.366808
1810.583333	61.609563
1810.666633	93.741206
1810.750033	105.872850
1810.833333	97.226716
1810.916633	68.247249
1811.000033	59.156671
1811.083333	83.954981
1811.166633	103.197736
1811.250033	127.996047
1811.333333	111.349913
1811.416633	86.703779
1811.500033	52.168756
1811.583333	67.189289
1811.666633	89.098711
1811.750033	106.119244
1811.833333	70.695332
1811.916633	60.049198
1812.000033	47.625286
1812.083333	59.090264
1812.166633	49.888574
1812.250033	50.353551
1812.333333	50.040751
1812.416633	49.839061
1812.500033	44.970705
1812.583333	67.657905
1812.666633	104.567326
1812.750033	148.698970
1812.833333	132.163947
1812.916633	91.740036
1813.000033	11.093902
1813.083333	-36.663343
1813.166633	-67.420588
1813.250033	-45.955611
1813.333333	-7.601745
1813.416633	14.641010
1813.500033	24.550432
1813.583333	38.459854
1813.666633	84.924831
1813.750033	134.723141
1813.833333	157.854785
1813.916633	136.653096
1814.000033	90.784740
1814.083333	35.360828
1814.166633	15.714694
1814.250033	4.513005
1814.333333	8.533537
1814.416633	-4.334819
1814.500033	0.352381
1814.583333	18.150691
1814.666633	54.726780
1814.750033	92.858423
1814.833333	105.656734
1814.916633	96.455045
1815.000033	60.697800
1815.083333	29.496110
1815.166633	0.738865
1815.250033	-15.240602
1815.333333	-18.331180
1815.416633	-11.310648
1815.500033	1.932107
1815.583333	38.619307
1815.666633	77.750951
1815.750033	106.882595
1815.833333	91.903127
1815.916633	64.479216
1816.000033	36.499748
1816.083333	28.186948
1816.166633	23.651925
1816.250033	15.116902
1816.333333	8.026324
1816.416633	10.269079
1816.500033	40.845167
1816.583333	74.754589
1816.666633	112.552899
1816.750033	133.240099
1816.833333	138.371743
1816.916633	101.392276
1817.000033	43.301697
1817.083333	-35.344437
1817.166633	-63.768348
1817.250033	-65.192260
1817.333333	-14.171727
1817.416633	26.515472
1817.500033	71.424894
1817.583333	102.445427
1817.666633	124.465959
1817.750033	135.486492
1817.833333	123.840358
1817.916633	106.416447
1818.000033	73.881424
1818.083333	65.235290
1818.166633	62.255823
1818.250033	73.276355
1818.333333	58.630222
1818.416633	39.539643
1818.500033	28.115732
1818.583333	47.914042
1818.666633	88.601242
1818.750033	113.955108
1818.833333	118.308974
1818.916633	93.218395
1819.000033	64.461150
1819.083333	34.148350
1819.166633	16.057772
1819.250033	16.967193
1819.333333	15.098837
1819.416633	1.563814
1819.500033	-12.415653
1819.583333	-3.617342
1819.666633	38.958746
1819.750033	81.757057
1819.833333	103.666478
1819.916633	90.242567
1820.000033	43.596433
1820.083333	-9.938590
1820.166633	-46.806946
1820.250033	-55.786413
1820.333333	-45.988103
1820.416633	-35.523126
1820.500033	-20.280371
1820.583333	7.962384
1820.666633	40.649584
1820.750033	78.003450
1820.833333	95.912871
1820.916633	84.933404
1821.000033	63.731715
1821.083333	31.196692
1821.166633	22.217225
1821.250033	-3.762242
1821.333333	-14.519487
1821.416633	-18.832288
1821.500033	5.632689
1821.583333	32.208778
1821.666633	70.118199
1821.750033	126.138732
1821.833333	158.381487
1821.916633	143.624242
1822.000033	51.644775
1822.083333	-10.890248
1822.166633	-42.980826
1822.250033	-21.738071
1822.333333	-4.495316
1822.416633	18.525216
1822.500033	49.101305
1822.583333	97.677393
1822.666633	150.364593
1822.750033	171.718459
1822.833333	156.405658
1822.916633	126.537302
1823.000033	106.891168
1823.083333	76.578367
1823.166633	28.932234
1823.250033	-7.713900
1823.333333	-14.471145
1823.416633	2.993832
1823.500033	20.903254
1823.583333	46.257120
1823.666633	61.499875
1823.750033	73.075963
1823.833333	42.652051
1823.916633	23.561473
1824.000033	-11.306883
1824.083333	-27.841906
1824.166633	-60.599151
1824.250033	-64.245285
1824.333333	-40.780308
1824.416633	-6.315330
1824.500033	18.927425
1824.583333	52.836846
1824.666633	100.857379
1824.750033	139.544579
1824.833333	114.009556
1824.916633	41.918977
1825.000033	-38.282712
1825.083333	-70.817735
1825.166633	-55.019424
1825.250033	-23.332225
1825.333333	-1.756137
1825.416633	3.264396
1825.500033	20.062707
1825.583333	44.972128
1825.666633	68.770439
1825.750033	82.457638
1825.833333	82.367060
1825.916633	80.609815
1826.000033	51.297015
1826.083333	12.873103
1826.166633	-32.106364
1826.250033	-65.419165
1826.333333	-68.509743
1826.416633	-51.378099
1826.500033	-0.802011
1826.583333	42.662966
1826.666633	69.127943
1826.750033	57.037365
1826.833333	16.613453
1826.916633	-31.588236
1827.000033	-68.345481
1827.083333	-81.324948
1827.166633	-69.859971
1827.250033	-52.283883
1827.333333	-36.707794
1827.416633	-34.576151
1827.500033	-29.777840
1827.583333	-0.090641
1827.666633	37.707670
1827.750033	77.950425
1827.833333	83.859847
1827.916633	85.324824
1828.000033	65.012023
1828.083333	41.143667
1828.166633	16.608644
1828.250033	11.629177
1828.333333	30.094154
1828.416633	48.114687
1828.500033	75.468553
1828.583333	85.711308
1828.666633	105.065174
1828.750033	102.419041
1828.833333	99.884018
1828.916633	65.237884
1829.000033	40.925083
1829.083333	37.390061
1829.166633	55.743927
1829.250033	55.764459
1829.333333	30.229437
1829.416633	11.027747
1829.500033	22.603836
1829.583333	30.624368
1829.666633	35.200457
1829.750033	11.665434
1829.833333	-4.202922
1829.916633	-33.404612
1830.000033	-61.828523
1830.083333	-72.030213
1830.166633	-62.231902
1830.250033	-26.766925
1830.333333	-5.079726
1830.416633	13.829696
1830.500033	24.961340
1830.583333	32.092984
1830.666633	44.224628
1830.750033	56.800716
1830.833333	90.265693
1830.916633	95.064004
1831.000033	82.528981
1831.083333	55.993958
1831.166633	57.236713
1831.250033	70.701690
1831.333333	69.277779
1831.416633	49.853867
1831.500033	32.763289
1831.583333	46.894933
1831.666633	68.693243
1831.750033	95.269332
1831.833333	87.400975
1831.916633	70.977064
1832.000033	15.553152
1832.083333	-34.648537
1832.166633	-75.961338
1832.250033	-68.051916
1832.333333	-42.586939
1832.416633	-9.677517
1832.500033	1.009682
1832.583333	9.141326
1832.666633	11.828525
1832.750033	15.404614
1832.833333	6.980702
1832.916633	0.667901
1833.000033	-3.200455
1833.083333	4.820078
1833.166633	-11.381611
1833.250033	-23.583301
1833.333333	-40.451657
1833.416633	-27.542235
1833.500033	-16.188369
1833.583333	14.276608
1833.666633	40.074919
1833.750033	66.428785
1833.833333	72.560429
1833.916633	55.247628
1834.000033	17.823716
1834.083333	-39.933529
1834.166633	-67.690774
1834.250033	-70.559130
1834.333333	-41.871930
1834.416633	-18.406953
1834.500033	8.058024
1834.583333	27.634112
1834.666633	42.321312
1834.750033	29.897400
1834.833333	7.140155
1834.916633	-39.394868
1835.000033	-76.152113
1835.083333	-115.131580
1835.166633	-125.888825
1835.250033	-120.868292
1835.333333	-94.403315
1835.416633	-68.493893
1835.500033	-26.028916
1835.583333	27.436061
1835.666633	90.901039
1835.750033	109.366016
1835.833333	94.846095
1835.916633	69.975024
1836.000033	0.000000
1836.083333	0.000000
1836.166633	0.000000
1836.250033	0.000000
1836.333333	0.000000
1836.416633	0.000000
1836.500033	0.000000
1836.583333	0.000000
1836.666633	0.000000
1836.750033	0.000000
1836.833333	0.000000
1836.916633	0.000000
1837.000033	0.000000
1837.083333	0.000000
1837.166633	0.000000
1837.250033	0.000000
1837.333333	0.000000
1837.416633	0.000000
1837.500033	0.000000
1837.583333	0.000000
1837.666633	0.000000
1837.750033	0.000000
1837.833333	0.000000
1837.916633	0.000000
1838.000033	0.000000
1838.083333	0.000000
1838.166633	0.000000
1838.250033	0.000000
1838.333333	0.000000
1838.416633	0.000000
1838.500033	0.000000
1838.583333	0.000000
1838.666633	0.000000
1838.750033	0.000000
1838.833333	0.000000
1838.916633	0.000000
1839.000033	0.000000
1839.083333	0.000000
1839.166633	0.000000
1839.250033	0.000000
1839.333333	0.000000
1839.416633	0.000000
1839.500033	0.000000
1839.583333	0.000000
1839.666633	0.000000
1839.750033	0.000000
1839.833333	0.000000
1839.916633	0.000000
1840.000033	0.000000
1840.083333	0.000000
1840.166633	0.000000
1840.250033	0.000000
1840.333333	0.000000
1840.416633	0.000000
1840.500033	0.000000
1840.583333	0.000000
1840.666633	0.000000
1840.750033	0.000000
1840.833333	0.000000
1840.916633	0.000000
1841.000033	0.000000
1841.083333	0.000000
1841.166633	0.000000
1841.250033	0.000000
1841.333333	0.000000
1841.416633	0.000000
1841.500033	0.000000
1841.583333	0.000000
1841.666633	0.000000
1841.750033	0.000000
1841.833333	0.000000
1841.916633	0.000000
1842.000033	0.000000
1842.083333	0.000000
1842.166633	0.000000
1842.250033	0.000000
1842.333333	0.000000
1842.416633	0.000000
1842.500033	0.000000
1842.583333	0.000000
1842.666633	0.000000
1842.750033	0.000000
1842.833333	0.000000
1842.916633	0.000000
1843.000033	0.000000
1843.083333	0.000000
1843.166633	0.000000
1843.250033	0.000000
1843.333333	0.000000
1843.416633	0.000000
1843.500033	0.000000
1843.583333	0.000000
1843.666633	0.000000
1843.750033	0.000000
1843.833333	0.000000
1843.916633	0.000000
1844.000033	0.000000
1844.083333	0.000000
1844.166633	0.000000
1844.250033	0.000000
1844.333333	0.000000
1844.416633	0.000000
1844.500033	0.000000
1844.583333	0.000000
1844.666633	0.000000
1844.750033	0.000000
1844.833333	0.000000
1844.916633	0.000000
1845.000033	0.000000
1845.083333	0.000000
1845.166633	0.000000
1845.250033	0.000000
1845.333333	0.000000
1845.416633	0.000000
1845.500033	0.000000
1845.583333	0.000000
1845.666633	0.000000
1845.750033	0.000000
1845.833333	0.000000
1845.916633	0.000000
1846.000033	75.295826
1846.083333	65.285866
1846.166633	51.821501
1846.250033	38.175367
1846.333333	24.862567
1846.416633	11.994211
1846.500033	2.348077
1846.583333	12.479721
1846.666633	36.055809
1846.750033	61.743009
1846.833333	69.945310
1846.916633	68.935350
1847.000033	0.000000
1847.083333	-12.215007
1847.166633	-10.224973
1847.250033	-13.133795
1847.333333	-16.668818
1847.416633	-34.870507
1847.500033	-56.294419
1847.583333	-59.051664
1847.666633	-38.142242
1847.750033	8.322735
1847.833333	27.232157
1847.916633	33.586023
1848.000033	12.495445
1848.083333	11.627088
1848.166633	0.758732
1848.250033	7.890376
1848.333333	2.244242
1848.416633	17.153664
1848.500033	17.174197
1848.583333	41.972507
1848.666633	59.326373
1848.750033	97.013573
1848.833333	100.700772
1848.916633	81.943527
1849.000033	19.519616
1849.083333	-26.904296
1849.166633	-38.328208
1849.250033	-12.752119
1849.333333	3.157302
1849.416633	0.733391
1849.500033	-0.246077
1849.583333	25.441123
1849.666633	67.239433
1849.750033	98.815522
1849.833333	92.613832
1849.916633	52.523254
1850.000033	-5.122880
1850.083333	-30.102347
1850.166633	-22.748481
1850.250033	9.827607
1850.333333	14.181473
1850.416633	-5.242438
1850.500033	-29.888572
1850.583333	-38.090262
1850.666633	-23.514173
1850.750033	-8.382529
1850.833333	17.860226
1850.916633	28.325203
1851.000033	34.679069
1851.083333	15.921824
1851.166633	-7.724310
1851.250033	-35.703777
1851.333333	-54.905467
1851.416633	-59.107156
1851.500033	-57.975512
1851.583333	-44.843868
1851.666633	-33.823336
1851.750033	-23.136136
1851.833333	-13.671159
1851.916633	-21.206182
1852.000033	-27.518982
1852.083333	-58.609561
1852.166633	-60.922361
1852.250033	-42.012939
1852.333333	-4.547962
1852.416633	30.472571
1852.500033	36.604214
1852.583333	56.624747
1852.666633	88.867502
1852.750033	149.999146
1852.833333	203.241901
1852.916633	203.706878
1853.000033	153.505189
1853.083333	72.636833
1853.166633	14.101810
1853.250033	-14.433213
1853.333333	-17.634902
1853.416633	-14.836592
1853.500033	-16.038281
1853.583333	1.982252
1853.666633	28.780562
1853.750033	75.467762
1853.833333	93.710517
1853.916633	75.064383
1854.000033	9.307138
1854.083333	-74.227885
1854.166633	-111.651797
1854.250033	-102.853486
1854.333333	-59.721842
1854.416633	-42.145754
1854.500033	-42.014110
1854.583333	-41.104688
1854.666633	-21.084156
1854.750033	-8.396956
1854.833333	-24.709757
1854.916633	-43.578113
1855.000033	-35.224247
1855.083333	-10.981492
1855.166633	-10.183181
1855.250033	-42.051537
1855.333333	-56.919894
1855.416633	-58.899361
1855.500033	-40.656606
1855.583333	-19.524962
1855.666633	11.273349
1855.750033	48.849437
1855.833333	76.981081
1855.916633	91.557169
1856.000033	84.466591
1856.083333	53.598235
1856.166633	32.063212
1856.250033	10.750411
1856.333333	-7.006834
1856.416633	-25.875190
1856.500033	-16.299101
1856.583333	17.499209
1856.666633	45.186409
1856.750033	55.762497
1856.833333	48.116363
1856.916633	37.470229
1857.000033	13.601873
1857.083333	-0.488705
1857.166633	-6.468173
1857.250033	-3.210327
1857.333333	-2.136960
1857.416633	0.000000
1857.500033	0.000000
1857.583333	0.000000
1857.666633	0.000000
1857.750033	0.000000
1857.833333	0.000000
1857.916633	0.000000
1858.000033	0.000000
1858.083333	0.000000
1858.166633	0.000000
1858.250033	0.000000
1858.333333	0.000000
1858.416633	0.000000
1858.500033	0.000000
1858.583333	0.000000
1858.666633	0.000000
1858.750033	0.000000
1858.833333	0.000000
1858.916633	0.000000
1859.000033	0.000000
1859.083333	0.000000
1859.166633	0.000000
1859.250033	0.000000
1859.333333	0.000000
1859.416633	0.000000
1859.500033	0.000000
1859.583333	0.000000
1859.666633	0.000000
1859.750033	0.000000
1859.833333	0.000000
1859.916633	0.000000
1860.000033	0.000000
1860.083333	0.000000
1860.166633	0.000000
1860.250033	0.000000
1860.333333	0.000000
1860.416633	31.042450
1860.500033	27.004709
1860.583333	22.373671
1860.666633	26.616426
1860.750033	51.636959
1860.833333	80.213047
1860.916633	94.233580
1861.000033	65.809668
1861.083333	25.052423
1861.166633	-36.260377
1861.250033	-68.573178
1861.333333	-72.552645
1861.416633	-44.643223
1861.500033	-14.400468
1861.583333	2.953398
1861.666633	30.751708
1861.750033	60.438908
1861.833333	85.530099
1861.916633	92.297916
1862.000033	0.000000
1862.083333	45.564225
1862.166633	39.304259
1862.250033	10.339882
1862.333333	-2.972918
1862.416633	-17.841274
1862.500033	-18.376297
1862.583333	-15.911320
1862.666633	-9.557454
1862.750033	0.685301
1862.833333	4.039167
1862.916633	-9.051411
1863.000033	-25.141989
1863.083333	-57.788123
1863.166633	-69.100924
1863.250033	-80.969280
1863.333333	-76.170969
1863.416633	-74.039326
1863.500033	-70.003702
1863.583333	-65.930335
1863.666633	0.000000
1863.750033	0.000000
1863.833333	0.000000
1863.916633	0.000000
1864.000033	0.000000
1864.083333	0.000000
1864.166633	-5.700242
1864.250033	-24.849094
1864.333333	-46.257910
1864.416633	-66.681821
1864.500033	-62.550177
1864.583333	-34.307422
1864.666633	16.490888
1864.750033	61.511421
1864.833333	77.420843
1864.916633	62.552487
1865.000033	34.461908
1865.083333	-5.739781
1865.166633	-31.497026
1865.250033	-45.032049
1865.333333	-36.900405
1865.416633	-39.213206
1865.500033	-39.414895
1865.583333	-18.949918
1865.666633	23.292837
1865.750033	69.868925
1865.833333	71.889458
1865.916633	46.798880
1866.000033	24.041635
1866.083333	21.284390
1866.166633	28.638256
1866.250033	18.769900
1866.333333	2.345988
1866.416633	-11.189035
1866.500033	-7.501835
1866.583333	7.852031
1866.666633	22.650341
1866.750033	19.226430
1866.833333	25.580296
1866.916633	25.823051
1867.000033	49.176917
1867.083333	36.641894
1867.166633	42.995760
1867.250033	11.794071
1867.333333	5.703493
1867.416633	-23.983101
1867.500033	-24.937508
1867.583333	0.000000
1867.666633	-58.921199
1867.750033	-60.931162
1867.833333	-63.728866
1867.916633	-78.263889
1868.000033	-101.576690
1868.083333	-130.889490
1868.166633	-135.980069
1868.250033	-126.848425
1868.333333	-113.146123
1868.416633	-110.017194
1868.500033	0.000000
1868.583333	28.332448
1868.666633	31.461371
1868.750033	48.496994
1868.833333	75.184194
1868.916633	103.649171
1869.000033	77.114148
1869.083333	26.356903
1869.166633	-31.622564
1869.250033	-49.824254
1869.333333	-52.470388
1869.416633	-73.227633
1869.500033	-78.651544
1869.583333	-78.297678
1869.666633	-54.832701
1869.750033	-46.478835
1869.833333	-38.902746
1869.916633	-23.104436
1870.000033	-23.306125
1870.083333	-41.507815
1870.166633	-86.820615
1870.250033	-125.577860
1870.333333	-144.890661
1870.416633	-147.425684
1870.500033	-129.960706
1870.583333	-100.495729
1870.666633	-54.030752
1870.750033	-7.121330
1870.833333	10.454758
1870.916633	-7.524709
1871.000033	-46.948621
1871.083333	-69.150310
1871.166633	-76.796444
1871.250033	-74.553689
1871.333333	-79.422045
1871.416633	-77.845957
1871.500033	-57.047647
1871.583333	-20.804892
1871.666633	21.104530
1871.750033	23.569507
1871.833333	16.367818
1871.916633	6.832795
1872.000033	29.186661
1872.083333	33.429416
1872.166633	11.561060
1872.250033	-30.307296
1872.333333	-56.953430
1872.416633	-60.377342
1872.500033	-47.467920
1872.583333	-25.225165
1872.666633	8.795368
1872.750033	56.593678
1872.833333	111.058656
1872.916633	126.079188
1873.000033	103.766388
1873.083333	32.120254
1873.166633	-12.192547
1873.250033	-50.172014
1873.333333	-49.818148
1873.416633	-52.686504
1873.500033	-45.665971
1873.583333	-37.645438
1873.666633	-19.847128
1873.750033	-10.493262
1873.833333	-17.250507
1873.916633	-45.229974
1874.000033	-72.876108
1874.083333	-92.077797
1874.166633	-108.390598
1874.250033	-109.592287
1874.333333	-111.793977
1874.416633	-105.551222
1874.500033	-93.530689
1874.583333	-65.287934
1874.666633	-28.822957
1874.750033	-7.357979
1874.833333	2.995887
1874.916633	1.794197
1875.000033	-5.629714
1875.083333	-32.053626
1875.166633	-63.033093
1875.250033	-82.901449
1875.333333	-86.103139
1875.416633	-80.193717
1875.500033	-70.506518
1875.583333	-42.374874
1875.666633	1.867881
1875.750033	35.888414
1875.833333	27.908947
1875.916633	-7.292743
1876.000033	-31.272210
1876.083333	-23.696122
1876.166633	-23.675589
1876.250033	-45.321723
1876.333333	-82.523412
1876.416633	-93.169546
1876.500033	-78.593458
1876.583333	-32.684036
1876.666633	24.780941
1876.750033	110.468140
1876.833333	178.933118
1876.916633	201.620317
1877.000033	142.751961
1877.083333	65.550272
1877.166633	21.570804
1877.250033	22.702448
1877.333333	24.056314
1877.416633	18.299069
1877.500033	9.779137
1877.583333	12.019171
1877.666633	0.000000
1877.750033	33.535480
1877.833333	13.942186
1877.916633	-37.466623
1878.000033	-84.557201
1878.083333	-97.981113
1878.166633	-62.960580
1878.250033	1.171064
1878.333333	35.413819
1878.416633	47.656574
1878.500033	36.303308
1878.583333	35.848897
1878.666633	0.000000
1878.750033	90.865206
1878.833333	91.021913
1878.916633	107.113104
1879.000033	100.355859
1879.083333	102.265280
1879.166633	62.285813
1879.250033	54.639679
1879.333333	30.215768
1879.416633	47.236300
1879.500033	34.923500
1879.583333	24.832921
1879.666633	-11.035435
1879.750033	-42.014902
1879.833333	-76.327702
1879.916633	-86.084948
1880.000033	-79.619970
1880.083333	-47.710549
1880.166633	-42.467794
1880.250033	-44.113928
1880.333333	-59.204506
1880.416633	-45.183973
1880.500033	-25.274551
1880.583333	13.190426
1880.666633	41.322070
1880.750033	66.120380
1880.833333	64.363135
1880.916633	57.383668
1881.000033	48.293090
1881.083333	46.646956
1881.166633	33.111933
1881.250033	9.354688
1881.333333	-32.291446
1881.416633	-48.048691
1881.500033	-43.472603
1881.583333	-6.007625
1881.666633	29.901796
1881.750033	53.144551
1881.833333	44.053973
1881.916633	1.296728
1882.000033	-50.460517
1882.083333	-69.328873
1882.166633	-56.530563
1882.250033	-24.510030
1882.333333	-8.267275
1882.416633	-6.913409
1882.500033	-11.115098
1882.583333	-0.539010
1882.666633	37.370412
1882.750033	86.279833
1882.833333	117.522588
1882.916633	117.765343
1883.000033	88.119210
1883.083333	44.806409
1883.166633	4.826942
1883.250033	-20.263637
1883.333333	-26.020882
1883.416633	-31.667015
1883.500033	-26.535372
1883.583333	-24.070394
1883.666633	-1.605417
1883.750033	-6.140440
1883.833333	-15.008796
1883.916633	-36.988263
1884.000033	-25.856619
1884.083333	5.830580
1884.166633	19.073335
1884.250033	0.538312
1884.333333	-45.552266
1884.416633	-64.976178
1884.500033	-57.066756
1884.583333	-40.601779
1884.666633	-34.692357
1884.750033	-36.782936
1884.833333	-23.873514
1884.916633	7.480352
1885.000033	27.834218
1885.083333	30.188084
1885.166633	7.319728
1885.250033	-8.993072
1885.333333	-31.305873
1885.416633	-53.729784
1885.500033	-65.709252
1885.583333	-45.466497
1885.666633	-5.001519
1885.750033	19.796791
1885.833333	21.372879
1885.916633	-8.384366
1886.000033	-22.586055
1886.083333	-38.898856
1886.166633	-19.989434
1886.250033	-12.746679
1886.333333	1.496076
1886.416633	-6.150058
1886.500033	-10.796192
1886.583333	-0.775659
1886.666633	22.355985
1886.750033	58.820962
1886.833333	61.063717
1886.916633	40.862028
1887.000033	-15.228551
1887.083333	-63.763573
1887.166633	-98.298596
1887.250033	-111.389175
1887.333333	-110.368642
1887.416633	-97.236998
1887.500033	-76.549798
1887.583333	-58.973710
1887.666633	-38.064288
1887.750033	-23.488200
1887.833333	-16.912112
1887.916633	-51.558246
1888.000033	-84.871046
1888.083333	-105.961625
1888.166633	-94.163314
1888.250033	-85.476115
1888.333333	-71.011137
1888.416633	-54.768382
1888.500033	-42.081183
1888.583333	-42.282872
1888.666633	-33.484562
1888.750033	0.424860
1888.833333	20.112059
1888.916633	-7.422963
1889.000033	-75.402431
1889.083333	-116.270787
1889.166633	-109.472476
1889.250033	-81.563055
1889.333333	-63.986966
1889.416633	-68.077545
1889.500033	-73.945901
1889.583333	-63.925368
1889.666633	-51.238169
1889.750033	-38.773191
1889.833333	-52.197103
1889.916633	-64.398792
1890.000033	-72.600482
1890.083333	-74.691060
1890.166633	-65.337194
1890.250033	-64.205550
1890.333333	-66.296129
1890.416633	-87.942262
1890.500033	-101.699507
1890.583333	-110.456752
1890.666633	-105.325109
1890.750033	-92.971242
1890.833333	-83.395154
1890.916633	-103.374621
1891.000033	-136.576311
1891.083333	-156.333556
1891.166633	-125.868579
1891.250033	-90.959157
1891.333333	-63.716402
1891.416633	-61.362536
1891.500033	-60.008670
1891.583333	-37.877026
1891.666633	-8.230286
1891.750033	17.704196
1891.833333	0.000000
1891.916633	-17.279495
1892.000033	-23.733903
1892.083333	-34.976051
1892.166633	-60.511074
1892.250033	-79.379430
1892.333333	-88.136675
1892.416633	-82.782809
1892.500033	-76.428943
1892.583333	-59.408410
1892.666633	-36.387878
1892.750033	-3.922900
1892.833333	-0.013479
1892.916633	-4.215168
1893.000033	-26.194635
1893.083333	-32.062991
1893.166633	-46.820236
1893.250033	-49.244148
1893.333333	-53.668060
1893.416633	-51.869749
1893.500033	-46.960328
1893.583333	-33.162017
1893.666633	-22.141484
1893.750033	-24.120952
1893.833333	-40.433752
1893.916633	-64.968775
1894.000033	-88.059353
1894.083333	-99.927709
1894.166633	-91.351621
1894.250033	-79.664422
1894.333333	-80.310555
1894.416633	-85.178912
1894.500033	-82.602823
1894.583333	-63.471179
1894.666633	-34.006202
1894.750033	-6.652336
1894.833333	8.368197
1894.916633	-3.833493
1895.000033	-21.924071
1895.083333	-46.014649
1895.166633	-65.660783
1895.250033	-88.084695
1895.333333	-100.064162
1895.416633	-90.376963
1895.500033	-68.467541
1895.583333	-37.447008
1895.666633	-0.870920
1895.750033	44.260724
1895.833333	57.503479
1895.916633	22.412901
1896.000033	-49.788789
1896.083333	-110.657145
1896.166633	-147.636612
1896.250033	-156.949413
1896.333333	-143.595547
1896.416633	-119.686125
1896.500033	-96.887814
1896.583333	-71.867282
1896.666633	-44.513416
1896.750033	-16.159549
1896.833333	-9.027906
1896.916633	-11.229595
1897.000033	-24.209062
1897.083333	-33.966307
1897.166633	-38.501330
1897.250033	-44.465707
1897.333333	-44.614562
1897.416633	0.000000
1897.500033	0.000000
1897.583333	-35.688813
1897.666633	-38.504335
1897.750033	-28.579823
1897.833333	-26.225957
1897.916633	-33.983202
1898.000033	-71.184891
1898.083333	-94.608803
1898.166633	-94.477159
1898.250033	-78.901071
1898.333333	-78.547205
1898.416633	-98.748894
1898.500033	-115.061695
1898.583333	-94.707828
1898.666633	-47.242851
1898.750033	0.666570
1898.833333	17.909325
1898.916633	21.152080
1899.000033	14.283724
1899.083333	-2.695743
1899.166633	-41.675210
1899.250033	-69.765788
1899.333333	-86.856367
1899.416633	-79.835834
1899.500033	-70.593079
1899.583333	-45.350324
1899.666633	-26.107569
1899.750033	-6.420370
1899.833333	-8.510948
1899.916633	6.842918
1900.000033	2.419007
1900.083333	0.106206
1900.166633	-38.762150
1900.250033	-65.186062
1900.333333	-78.276640
1900.416633	-72.478330
1900.500033	-68.791130
1900.583333	-68.548375
1900.666633	-56.750065
1900.750033	-33.618421
1900.833333	-12.931221
1900.916633	-23.910689
1901.000033	-52.223489
1901.083333	-80.869623
1901.166633	-85.404646
1901.250033	-84.384113
1901.333333	-91.585802
1901.416633	-103.231936
1901.500033	-95.100292
1901.583333	-70.857537
1901.666633	-40.170338
1901.750033	-27.705361
1901.833333	-39.573717
1901.916633	-53.886517
1902.000033	-80.199318
1902.083333	-79.067674
1902.166633	-97.380475
1902.250033	-95.471053
1902.333333	-109.228298
1902.416633	-91.429987
1902.500033	-81.298344
1902.583333	-54.166700
1902.666633	-26.146167
1902.750033	0.318810
1902.833333	15.783787
1902.916633	-7.529013
1903.000033	-24.619591
1903.083333	-56.154614
1903.166633	-55.022970
1903.250033	-62.557993
1903.333333	-54.315238
1903.416633	-56.072483
1903.500033	-47.385284
1903.583333	-17.920306
1903.666633	9.433560
1903.750033	47.898537
1903.833333	42.141292
1903.916633	55.272936
1904.000033	31.293469
1904.083333	17.314001
1904.166633	-36.332133
1904.250033	-73.533822
1904.333333	-93.735511
1904.416633	-90.937201
1904.500033	-79.805557
1904.583333	-75.785024
1904.666633	-66.653380
1904.750033	-58.077292
1904.833333	-57.167870
1904.916633	-82.480671
1905.000033	-113.682360
1905.083333	-124.550717
1905.166633	-103.974628
1905.250033	-80.954095
1905.333333	-77.266896
1905.416633	-69.135252
1905.500033	-62.670275
1905.583333	-47.316409
1905.666633	-33.962543
1905.750033	-23.386454
1905.833333	-7.588144
1905.916633	-27.900944
1906.000033	-49.324856
1906.083333	-93.415434
1906.166633	-106.283790
1906.250033	-115.152147
1906.333333	-102.464947
1906.416633	-103.222192
1906.500033	-102.534993
1906.583333	-91.847793
1906.666633	-63.938372
1906.750033	-33.473394
1906.833333	-49.897306
1906.916633	-99.987884
1907.000033	-162.634018
1907.083333	-167.057930
1907.166633	-126.815175
1907.250033	-53.946218
1907.333333	-19.733962
1907.416633	0.000000
1907.500033	-124.384320
1907.583333	-102.005391
1907.666633	-59.136423
1907.750033	10.328554
1907.833333	40.793532
1907.916633	23.591842
1908.000033	-41.943181
1908.083333	-98.478203
1908.166633	-113.346559
1908.250033	-109.437138
1908.333333	-90.527716
1908.416633	-81.840517
1908.500033	-68.375539
1908.583333	-52.466118
1908.666633	-33.223363
1908.750033	-5.425052
1908.833333	-1.960075
1908.916633	-17.939542
1909.000033	-36.585676
1909.083333	-32.120699
1909.166633	-12.989055
1909.250033	-25.190744
1909.333333	-52.725767
1909.416633	-84.705234
1909.500033	-93.462479
1909.583333	-76.775280
1909.666633	-53.643636
1909.750033	-12.511992
1909.833333	3.286318
1909.916633	25.862407
1910.000033	4.549606
1910.083333	-12.763195
1910.166633	-47.631551
1910.250033	-46.722129
1910.333333	-42.257152
1910.416633	-35.125508
1910.500033	-42.993864
1910.583333	-42.639998
1910.666633	-19.619465
1910.750033	42.178845
1910.833333	73.643823
1910.916633	58.108800
1911.000033	-25.092890
1911.083333	-75.183468
1911.166633	-89.496268
1911.250033	-64.364625
1911.333333	-55.455203
1911.416633	-50.101337
1911.500033	-48.969693
1911.583333	-23.393605
1911.666633	9.626928
1911.750033	61.758572
1911.833333	96.445772
1911.916633	140.244082
1912.000033	154.153504
1912.083333	131.729592
1912.166633	46.972347
1912.250033	-35.673787
1912.333333	-63.319921
1912.416633	-31.188277
1912.500033	8.943367
1912.583333	36.741678
1912.666633	37.095544
1912.750033	41.338299
1912.833333	47.469943
1912.916633	65.712698
1913.000033	72.844341
1913.083333	55.642652
1913.166633	37.218740
1913.250033	19.794829
1913.333333	9.593139
1913.416633	-4.941884
1913.500033	-1.365795
1913.583333	37.654738
1913.666633	98.564159
1913.750033	135.695803
1913.833333	116.160780
1913.916633	82.403535
1914.000033	73.757401
1914.083333	94.000156
1914.166633	83.798467
1914.250033	46.819000
1914.333333	11.728421
1914.416633	2.415621
1914.500033	6.436154
1914.583333	8.567797
1914.666633	24.588330
1914.750033	70.942196
1914.833333	134.922276
1914.916633	175.356760
1915.000033	0.000000
1915.083333	0.000000
1915.166633	0.000000
1915.250033	0.000000
1915.333333	0.000000
1915.416633	0.000000
1915.500033	0.000000
1915.583333	0.000000
1915.666633	0.000000
1915.750033	0.000000
1915.833333	0.000000
1915.916633	0.000000
1916.000033	41.710023
1916.083333	50.866729
1916.166633	67.291254
1916.250033	42.645120
1916.333333	15.776764
1916.416633	-9.424926
1916.500033	-13.071060
1916.583333	2.616140
1916.666633	36.525561
1916.750033	98.101650
1916.833333	155.970618
1916.916633	189.682880
1917.000033	0.000000
1917.083333	-38.300811
1917.166633	-39.310777
1917.250033	-47.441820
1917.333333	-40.865732
1917.416633	-32.289644
1917.500033	-20.935778
1917.583333	-5.693023
1917.666633	-9.450268
1917.750033	-23.651957
1917.833333	-49.298091
1917.916633	-62.388669
1918.000033	-55.145914
1918.083333	-55.347604
1918.166633	-51.104849
1918.250033	-61.528760
1918.333333	-61.286005
1918.416633	-61.932139
1918.500033	-37.800495
1918.583333	-16.002185
1918.666633	15.351681
1918.750033	25.483325
1918.833333	43.503858
1918.916633	53.635502
1919.000033	56.322701
1919.083333	31.121012
1919.166633	-18.302900
1919.250033	-73.171256
1919.333333	-107.817390
1919.416633	-120.685746
1919.500033	-104.220769
1919.583333	-83.089125
1919.666633	-52.624148
1919.750033	-40.492504
1919.833333	-33.249749
1919.916633	-49.784772
1920.000033	-58.986461
1920.083333	-49.521484
1920.166633	-19.945396
1920.250033	3.630693
1920.333333	-2.570997
1920.416633	-20.994908
1920.500033	-42.752153
1920.583333	-35.953843
1920.666633	-5.822199
1920.750033	44.753889
1920.833333	65.552200
1920.916633	50.572733
1921.000033	4.148821
1921.083333	-45.275091
1921.166633	-75.365669
1921.250033	-93.345136
1921.333333	-92.769048
1921.416633	-95.081848
1921.500033	-87.505760
1921.583333	-74.263005
1921.666633	-48.353583
1921.750033	-30.333051
1921.833333	-21.979185
1921.916633	-28.736430
1922.000033	-23.827008
1922.083333	-16.917586
1922.166633	-21.341498
1922.250033	-47.098743
1922.333333	-82.744877
1922.416633	-99.168788
1922.500033	-101.188721
1922.583333	-95.643132
1922.666633	0.000000
1922.750033	-26.543489
1922.833333	-50.636783
1922.916633	-54.823370
1923.000033	-78.247281
1923.083333	-45.448971
1923.166633	-44.983993
1923.250033	-47.074572
1923.333333	-92.165150
1923.416633	-124.477951
1923.500033	-130.457418
1923.583333	-107.103552
1923.666633	-67.749686
1923.750033	-35.062486
1923.833333	-19.375287
1923.916633	-25.243643
1924.000033	-20.223110
1924.083333	-20.980355
1924.166633	-3.737600
1924.250033	-16.494845
1924.333333	-19.363201
1924.416633	-35.898224
1924.500033	-26.766580
1924.583333	-6.746047
1924.666633	27.607819
1924.750033	56.517240
1924.833333	63.426662
1924.916633	62.669417
1925.000033	26.578839
1925.083333	-8.400629
1925.166633	-53.268985
1925.250033	-58.248452
1925.333333	-51.227919
1925.416633	-42.540720
1925.500033	-40.520187
1925.583333	-34.610765
1925.666633	-12.590233
1925.750033	30.096967
1925.833333	69.006389
1925.916633	104.915810
1926.000033	88.269676
1926.083333	57.623542
1926.166633	3.644075
1926.250033	-13.224281
1926.333333	-26.203748
1926.416633	-25.405438
1926.500033	-37.273794
1926.583333	-30.475483
1926.666633	6.433939
1926.750033	35.676694
1926.833333	43.808337
1926.916633	-3.837796
1927.000033	-17.150597
1927.083333	-30.574509
1927.166633	-17.331754
1927.250033	-35.533443
1927.333333	-35.179577
1927.416633	-23.047933
1927.500033	3.305933
1927.583333	20.437577
1927.666633	32.346999
1927.750033	52.256420
1927.833333	69.832509
1927.916633	66.408597
1928.000033	46.984685
1928.083333	39.671885
1928.166633	53.914640
1928.250033	59.601839
1928.333333	34.511261
1928.416633	3.865127
1928.500033	-21.558785
1928.583333	-11.982697
1928.666633	0.260058
1928.750033	12.280591
1928.833333	-10.587765
1928.916633	-45.456121
1929.000033	-83.991144
1929.083333	-102.859500
1929.166633	-117.616745
1929.250033	-117.596212
1929.333333	-113.242346
1929.416633	-106.555147
1929.500033	-102.201280
1929.583333	-93.514081
1929.666633	-58.160215
1929.750033	-1.473015
1929.833333	59.325295
1929.916633	78.568050
1930.000033	56.921916
1930.083333	13.831338
1930.166633	-11.925907
1930.250033	-24.794263
1930.333333	-31.218175
1930.416633	-31.086531
1930.500033	-16.288221
1930.583333	8.621201
1930.666633	39.641734
1930.750033	63.884489
1930.833333	73.127244
1930.916633	48.147777
1931.000033	15.723865
1931.083333	-10.255602
1931.166633	-2.790625
1931.250033	0.785463
1931.333333	9.139329
1931.416633	6.382084
1931.500033	4.735951
1931.583333	-7.021294
1931.666633	-6.334095
1931.750033	-5.202451
1931.833333	3.595859
1931.916633	-34.161386
1932.000033	-53.918631
1932.083333	-75.120320
1932.166633	-47.877565
1932.250033	-35.857032
1932.333333	-22.614277
1932.416633	-24.815967
1932.500033	-14.906545
1932.583333	5.558432
1932.666633	31.912298
1932.750033	51.710609
1932.833333	47.620030
1932.916633	31.862785
1933.000033	9.438874
1933.083333	-9.207260
1933.166633	-20.408950
1933.250033	-33.277306
1933.333333	-36.812328
1933.416633	-46.902907
1933.500033	-48.215707
1933.583333	-35.084063
1933.666633	-4.730197
1933.750033	14.068113
1933.833333	-2.355798
1933.916633	-65.446377
1934.000033	-115.648066
1934.083333	-128.738645
1934.166633	-87.607001
1934.250033	-57.142023
1934.333333	-56.788157
1934.416633	-70.323180
1934.500033	-68.080425
1934.583333	-50.948781
1934.666633	-35.150471
1934.750033	-5.463271
1934.833333	7.001706
1934.916633	11.577794
1935.000033	-45.290562
1935.083333	-68.825585
1935.166633	-93.693941
1935.250033	-64.562297
1935.333333	-61.430653
1935.416633	-48.743454
1935.500033	-52.278476
1935.583333	-35.702388
1935.666633	0.207034
1935.750033	48.116455
1935.833333	112.914766
1935.916633	164.601965
1936.000033	205.178054
1936.083333	188.420809
1936.166633	126.885786
1936.250033	47.350763
1936.333333	-1.628704
1936.416633	-20.830394
1936.500033	-22.587639
1936.583333	-38.678217
1936.666633	-40.768795
1936.750033	-45.748262
1936.833333	-15.727730
1936.916633	19.403914
1937.000033	77.313336
1937.083333	100.333869
1937.166633	89.687735
1937.250033	36.374934
1937.333333	-16.271200
1937.416633	-54.402237
1937.500033	-67.689978
1937.583333	0.000000
1937.666633	0.000000
1937.750033	0.000000
1937.833333	0.000000
1937.916633	0.000000
1938.000033	0.000000
1938.083333	0.000000
1938.166633	0.000000
1938.250033	0.000000
1938.333333	0.000000
1938.416633	0.000000
1938.500033	0.000000
1938.583333	0.000000
1938.666633	0.000000
1938.750033	0.000000
1938.833333	0.000000
1938.916633	0.000000
1939.000033	68.543735
1939.083333	25.978219
1939.166633	-35.375034
1939.250033	-67.576724
1939.333333	-60.889524
1939.416633	-43.202325
1939.500033	-32.626237
1939.583333	-23.050148
1939.666633	-5.807393
1939.750033	16.435362
1939.833333	26.900339
1939.916633	30.587538
1940.000033	34.163627
1940.083333	37.295271
1940.166633	24.538026
1940.250033	-2.330330
1940.333333	-22.754242
1940.416633	-39.733709
1940.500033	-46.157621
1940.583333	-39.359310
1940.666633	0.327889
1940.750033	32.570644
1940.833333	46.146732
1940.916633	35.722821
1941.000033	54.743353
1941.083333	70.986108
1941.166633	69.006641
1941.250033	29.138285
1941.333333	-1.396738
1941.416633	-9.042872
1941.500033	-4.911228
1941.583333	-9.112917
1941.666633	-9.203496
1941.750033	-14.294074
1941.833333	-16.717986
1941.916633	-55.141897
1942.000033	-69.232476
1942.083333	-69.878609
1942.166633	-24.080299
1942.250033	-1.504211
1942.333333	4.294100
1942.416633	-16.129812
1942.500033	-16.220390
1942.583333	11.022365
1942.666633	50.042898
1942.750033	83.174542
1942.833333	103.972852
1942.916633	104.882274
1943.000033	80.680584
1943.083333	21.034451
1943.166633	-15.722794
1943.250033	-36.702262
1943.333333	-22.792840
1943.416633	-9.438974
1943.500033	14.026003
1943.583333	43.713203
1943.666633	61.622624
1943.750033	63.865379
1943.833333	30.108134
1943.916633	-12.315777
1944.000033	-55.517467
1944.083333	-70.163601
1944.166633	-68.572416
1944.250033	-60.610157
1944.333333	0.000000
1944.416633	0.000000
1944.500033	0.000000
1944.583333	0.000000
1944.666633	0.000000
1944.750033	0.000000
1944.833333	0.000000
1944.916633	0.000000
1945.000033	0.000000
1945.083333	0.000000
1945.166633	0.000000
1945.250033	0.000000
1945.333333	0.000000
1945.416633	0.000000
1945.500033	0.000000
1945.583333	0.000000
1945.666633	0.000000
1945.750033	0.000000
1945.833333	0.000000
1945.916633	0.000000
1946.000033	0.000000
1946.083333	0.000000
1946.166633	0.000000
1946.250033	0.000000
1946.333333	0.000000
1946.416633	0.000000
1946.500033	0.000000
1946.583333	0.000000
1946.666633	0.000000
1946.750033	0.000000
1946.833333	0.000000
1946.916633	0.000000
1947.000033	0.000000
1947.083333	0.000000
1947.166633	0.000000
1947.250033	0.000000
1947.333333	0.000000
1947.416633	0.000000
1947.500033	0.000000
1947.583333	0.000000
1947.666633	0.000000
1947.750033	0.000000
1947.833333	0.000000
1947.916633	0.000000
1948.000033	0.000000
1948.083333	0.000000
1948.166633	0.000000
1948.250033	0.000000
1948.333333	0.000000
1948.416633	0.000000
1948.500033	0.000000
1948.583333	0.000000
1948.666633	0.000000
1948.750033	0.000000
1948.833333	0.000000
1948.916633	0.000000
1949.000033	0.000000
1949.083333	0.000000
1949.166633	0.000000
1949.250033	0.000000
1949.333333	0.000000
1949.416633	0.000000
1949.500033	0.000000
1949.583333	0.000000
1949.666633	0.000000
1949.750033	0.000000
1949.833333	0.000000
1949.916633	0.000000
1950.000033	0.000000
1950.083333	0.000000
1950.166633	0.000000
1950.250033	0.000000
1950.333333	0.000000
1950.416633	0.000000
1950.500033	0.000000
1950.583333	0.000000
1950.666633	0.000000
1950.750033	0.000000
1950.833333	0.000000
1950.916633	0.000000
1951.000033	0.000000
1951.083333	0.000000
1951.166633	0.000000
1951.250033	0.000000
1951.333333	0.000000
1951.416633	0.000000
1951.500033	0.000000
1951.583333	0.000000
1951.666633	0.000000
1951.750033	0.000000
1951.833333	0.000000
1951.916633	0.000000
1952.000033	0.000000
1952.083333	0.000000
1952.166633	0.000000
1952.250033	0.000000
1952.333333	0.000000
1952.416633	0.000000
1952.500033	0.000000
1952.583333	0.000000
1952.666633	0.000000
1952.750033	0.000000
1952.833333	0.000000
1952.916633	0.000000
1953.000033	-113.256759
1953.083333	-99.183386
1953.166633	-83.925528
1953.250033	-49.793884
1953.333333	-44.995574
1953.416633	-41.641708
1953.500033	-53.287842
1953.583333	-46.933976
1953.666633	-41.802332
1953.750033	-22.892910
1953.833333	-20.094599
1953.916633	-16.962956
1954.000033	-26.942423
1954.083333	-34.033001
1954.166633	-50.901357
1954.250033	-80.214158
1954.333333	-84.193625
1954.416633	-69.728648
1954.500033	-38.263671
1954.583333	-19.798693
1954.666633	5.555173
1954.750033	28.353483
1954.833333	60.818461
1954.916633	75.616771
1955.000033	85.415082
1955.083333	54.324503
1955.166633	8.345036
1955.250033	-31.634431
1955.333333	-35.725010
1955.416633	-27.148921
1955.500033	-20.239500
1955.583333	-13.552300
1955.666633	6.579344
1955.750033	34.599877
1955.833333	51.175965
1955.916633	30.418720
1956.000033	-11.782970
1956.083333	-68.873548
1956.166633	-100.630793
1956.250033	-133.276927
1956.333333	-140.145283
1956.416633	-126.346972
1956.500033	-75.437551
1956.583333	-33.417018
1956.666633	-16.174263
1956.750033	-26.487063
1956.833333	-40.577642
1956.916633	-29.112665
1957.000033	-7.981021
1957.083333	11.928401
1957.166633	-9.495511
1957.250033	-50.919422
1957.333333	-77.010001
1957.416633	-80.656135
1957.500033	-65.413380
1957.583333	-56.392847
1957.666633	-38.038981
1957.750033	-10.240670
1957.833333	18.335418
1957.916633	35.467062
1958.000033	29.154261
1958.083333	1.508128
1958.166633	-35.804673
1958.250033	-66.673029
1958.333333	-67.096941
1958.416633	-44.409741
1958.500033	-5.166986
1958.583333	21.631324
1958.666633	24.985190
1958.750033	22.783501
1958.833333	33.026256
1958.916633	47.935678
1959.000033	42.178433
1959.083333	12.976743
1959.166633	-6.002724
1959.250033	-26.537747
1959.333333	-46.183881
1959.416633	-68.718904
1959.500033	-72.587260
1959.583333	-53.344505
1959.666633	-19.990639
1959.750033	28.696561
1959.833333	54.717094
1959.916633	71.959849
1960.000033	70.869270
1960.083333	77.556470
1960.166633	62.243669
1960.250033	22.041980
1960.333333	-12.604154
1960.416633	-24.472510
1960.500033	-3.674200
1960.583333	35.124111
1960.666633	90.700199
1960.750033	144.165176
1960.833333	159.074598
1960.916633	123.317353
1961.000033	57.337886
1961.083333	6.913974
1961.166633	-19.621049
1961.250033	-20.156071
1961.333333	-34.579983
1961.416633	-48.781673
1961.500033	-48.316695
1961.583333	-11.851718
1961.666633	40.279926
1961.750033	86.967125
1961.833333	105.765436
1961.916633	86.674857
1962.000033	40.362057
1962.083333	-15.839633
1962.166633	-39.707989
1962.250033	-63.465234
1962.333333	-66.555812
1962.416633	-72.757502
1962.500033	-51.181413
1962.583333	-34.049769
1962.666633	-11.140348
1962.750033	-8.230926
1962.833333	-9.321504
1962.916633	-22.078749
1963.000033	-20.280439
1963.083333	-9.593239
1963.166633	-12.794929
1963.250033	-26.107729
1963.333333	-51.753863
1963.416633	-55.288886
1963.500033	-60.935020
1963.583333	-54.358932
1963.666633	-17.893954
1963.750033	41.682134
1963.833333	90.702667
1963.916633	69.056533
1964.000033	22.299288
1964.083333	-18.791290
1964.166633	-30.881869
1964.250033	-46.305780
1964.333333	-69.063025
1964.416633	-91.486937
1964.500033	-103.355293
1964.583333	-97.890316
1964.666633	-82.314228
1964.750033	-68.293695
1964.833333	-62.828718
1964.916633	-72.919296
1965.000033	-74.120986
1965.083333	-82.878231
1965.166633	-67.302142
1965.250033	-63.837165
1965.333333	-45.372188
1965.416633	-42.684988
1965.500033	-24.442233
1965.583333	-1.088367
1965.666633	49.709943
1965.750033	98.841587
1965.833333	140.417676
1965.916633	176.327097
1966.000033	182.347630
1966.083333	172.923718
1966.166633	97.722029
1966.250033	51.853673
1966.333333	-0.348017
1966.416633	-1.216373
1966.500033	-9.529173
1966.583333	23.491359
1966.666633	51.734114
1966.750033	72.087980
1966.833333	44.664069
1966.916633	19.017935
1967.000033	-6.072643
1967.083333	-20.163222
1967.166633	-31.587133
1967.250033	-38.455490
1967.333333	-29.657179
1967.416633	-35.636646
1967.500033	-27.060558
1967.583333	-4.484470
1967.666633	36.313841
1967.750033	53.223263
1967.833333	30.688240
1967.916633	1.819884
1968.000033	-13.381806
1968.083333	1.416505
1968.166633	1.214815
1968.250033	-0.320207
1968.333333	-18.633008
1968.416633	-28.056920
1968.500033	-28.258609
1968.583333	-6.126965
1968.666633	48.115790
1968.750033	102.469656
1968.833333	149.379078
1968.916633	152.066277
1969.000033	132.864588
1969.083333	81.440676
1969.166633	44.683431
1969.250033	12.703964
1969.333333	1.391163
1969.416633	-21.477193
1969.500033	-40.234438
1969.583333	-41.325016
1969.666633	-7.415595
1969.750033	27.049383
1969.833333	66.403249
1969.916633	71.757115
1970.000033	72.777648
1970.083333	25.464847
1970.166633	-24.181287
1970.250033	-63.160754
1970.333333	-75.029110
1970.416633	-68.564133
1970.500033	-67.099156
1970.583333	-59.523067
1970.666633	-40.502535
1970.750033	-25.593113
1970.833333	6.649642
1970.916633	1.114619
1971.000033	0.357374
1971.083333	-36.288760
1971.166633	-41.601560
1971.250033	-43.469916
1971.333333	-34.116050
1971.416633	-32.095518
1971.500033	-37.852763
1971.583333	-39.387785
1971.666633	-49.256141
1971.750033	-60.235609
1971.833333	-62.215076
1971.916633	-42.638988
1972.000033	-3.062899
1972.083333	15.957634
1972.166633	5.311500
1972.250033	-27.445745
1972.333333	-52.869657
1972.416633	-70.293569
1972.500033	-84.828591
1972.583333	-83.030281
1972.666633	-61.565304
1972.750033	-16.766993
1972.833333	7.809095
1972.916633	7.051850
1973.000033	-43.149839
1973.083333	-95.907084
1973.166633	-126.442107
1973.250033	-118.866019
1973.333333	-89.067708
1973.416633	-74.380509
1973.500033	-54.693309
1973.583333	-46.339443
1973.666633	-32.430022
1973.750033	-34.187267
1973.833333	-24.500067
1973.916633	-2.590645
1974.000033	20.207665
1974.083333	16.561531
1974.166633	-8.751269
1974.250033	-31.286292
1974.333333	-42.599093
1974.416633	-48.800782
1974.500033	-47.446916
1974.583333	-42.537494
1974.666633	-22.183628
1974.750033	-23.274207
1974.833333	-15.142563
1974.916633	-28.233141
1975.000033	-23.657053
1975.083333	-45.636520
1975.166633	-66.949320
1975.250033	-99.706565
1975.333333	-107.686033
1975.416633	-99.665500
1975.500033	-75.756078
1975.583333	-58.179990
1975.666633	-44.492790
1975.750033	-54.138924
1975.833333	-74.785058
1975.916633	-107.208970
1976.000033	-119.632882
1976.083333	-124.390127
1976.166633	-122.814038
1976.250033	-129.460172
1976.333333	-130.661862
1976.416633	-123.085773
1976.500033	-94.398574
1976.583333	-28.378041
1976.666633	39.531381
1976.750033	95.551913
1976.833333	91.350224
1976.916633	97.592979
1977.000033	94.835734
1977.083333	96.300711
1977.166633	48.099022
1977.250033	-15.547112
1977.333333	-65.637691
1977.416633	-80.839380
1977.500033	-83.263292
1977.583333	-70.242759
1977.666633	-55.444448
1977.750033	-14.979471
1977.833333	0.818839
1977.916633	21.061594
1978.000033	14.082127
1978.083333	17.547104
1978.166633	-6.654585
1978.250033	-31.300719
1978.333333	-58.946853
1978.416633	-71.815209
1978.500033	-84.016898
1978.583333	-97.663032
1978.666633	-108.642500
1978.750033	-72.733078
1978.833333	-11.490323
1978.916633	70.085765
1979.000033	84.995187
1979.083333	70.015720
1979.166633	16.925142
1979.250033	-21.832103
1979.333333	-63.256015
1979.416633	-88.013260
1979.500033	-102.103838
1979.583333	-80.749972
1979.666633	-55.618328
1979.750033	-14.597796
1979.833333	-7.395494
1979.916633	2.205657
1980.000033	0.000000
1980.083333	-45.028034
1980.166633	-52.732444
1980.250033	-62.696821
1980.333333	-53.231844
1980.416633	-38.807326
1980.500033	-29.261734
1980.583333	0.000000
1980.666633	14.421242
1980.750033	-0.533165
1980.833333	-49.441981
1980.916633	-103.754781
1981.000033	-119.845360
1981.083333	-88.824827
1981.166633	-27.137627
1981.250033	-8.117095
1981.333333	-5.652117
1981.416633	-43.409362
1981.500033	-61.055496
1981.583333	-57.146075
1981.666633	-21.903320
1981.750033	38.339435
1981.833333	77.026635
1981.916633	109.602723
1982.000033	74.178811
1982.083333	16.532678
1982.166633	-64.320582
1982.250033	-96.413879
1982.333333	0.000000
1982.416633	-47.230903
1982.500033	-42.824199
1982.583333	-20.899681
1982.666633	20.120851
1982.750033	45.919162
1982.833333	31.717472
1982.916633	-15.817550
1983.000033	-51.463684
1983.083333	-47.887596
1983.166633	-13.978174
1983.250033	21.486803
1983.333333	27.507336
1983.416633	-1.361020
1983.500033	-27.451599
1983.583333	-35.986621
1983.666633	-5.854978
1983.750033	20.721111
1983.833333	46.630532
1983.916633	35.428843
1984.000033	13.116042
1984.083333	-26.974536
1984.166633	-39.731781
1984.250033	-43.377915
1984.333333	-37.024049
1984.416633	-54.003516
1984.500033	-67.871872
1984.583333	-63.518006
1984.666633	-9.941918
1984.750033	45.411949
1984.833333	87.876926
1984.916633	79.897459
1985.000033	60.251325
1985.083333	29.827413
1985.166633	8.736835
1985.250033	-6.909299
1985.333333	-17.110989
1985.416633	-20.646012
1985.500033	-28.514368
1985.583333	-34.160502
1985.666633	-36.251080
1985.750033	-17.341658
1985.833333	11.012208
1985.916633	32.032741
1986.000033	22.942162
1986.083333	-1.481749
1986.166633	-28.905661
1986.250033	-41.996239
1986.333333	-54.086818
1986.416633	-59.732952
1986.500033	-63.156863
1986.583333	-49.691886
1986.666633	-31.893575
1986.750033	-9.761932
1986.833333	-10.963621
1986.916633	-17.165310
1987.000033	-38.478111
1987.083333	-41.457578
1987.166633	-48.659268
1987.250033	-44.083179
1987.333333	-46.618202
1987.416633	-37.486558
1987.500033	-25.466026
1987.583333	17.776729
1987.666633	59.241707
1987.750033	106.928906
1987.833333	115.838328
1987.916633	114.525527
1988.000033	78.434949
1988.083333	31.344371
1988.166633	-5.079541
1988.250033	-12.170119
1988.333333	5.072636
1988.416633	7.204279
1988.500033	-0.664077
1988.583333	-2.532433
1988.666633	16.710322
1988.750033	35.397522
1988.833333	22.195832
1988.916633	-8.116968
1989.000033	-29.540880
1989.083333	-21.075903
1989.166633	-11.499814
1989.250033	-8.145948
1989.333333	-23.792082
1989.416633	-34.771549
1989.500033	-44.973239
1989.583333	-32.841595
1989.666633	-0.487729
1989.750033	63.310582
1989.833333	120.553337
1989.916633	154.240536
1990.000033	113.483291
1990.083333	47.170490
1990.166633	-35.364532
1990.250033	-59.566222
1990.333333	-56.434578
1990.416633	-34.191823
1990.500033	-30.726846
1990.583333	-15.484091
1990.666633	12.314220
1990.750033	43.334753
1990.833333	38.133063
1990.916633	7.264707
1991.000033	-17.936982
1991.083333	-35.027561
1991.166633	-57.007028
1991.250033	-87.097606
1991.333333	-98.299296
1991.416633	-74.945430
1991.500033	-42.702675
1991.583333	-14.571031
1991.666633	10.671724
1991.750033	16.470035
1991.833333	-2.953877
1991.916633	-56.266677
1992.000033	-102.357256
1992.083333	-123.558945
1992.166633	-120.649524
1992.250033	-100.628991
1992.333333	-83.608458
1992.416633	-53.699036
1992.500033	-25.345170
1992.583333	13.897585
1992.666633	39.140340
1992.750033	59.160873
1992.833333	64.181405
1992.916633	43.757494
1993.000033	-0.666418
1993.083333	-46.534774
1993.166633	-52.514241
1993.250033	-31.160375
1993.333333	-17.806509
1993.416633	-33.230421
1993.500033	-40.432110
1993.583333	-15.856022
1993.666633	34.164511
1993.750033	62.407266
1993.833333	57.872243
1993.916633	45.114998
1994.000033	24.691086
1994.083333	6.600508
1994.166633	-19.378959
1994.250033	-30.580649
1994.333333	-28.004560
1994.416633	-28.206250
1994.500033	-14.296828
1994.583333	12.279260
1994.666633	54.188682
1994.750033	86.098104
1994.833333	98.229747
1994.916633	100.028058
1995.000033	80.270813
1995.083333	45.180235
1995.166633	-5.354788
1995.250033	-46.667589
1995.333333	-60.647056
1995.416633	-61.848745
1995.500033	-40.383768
1995.583333	-17.918791
1995.666633	31.990631
1995.750033	77.677830
1995.833333	135.253919
1995.916633	150.385562
1996.000033	141.294984
1996.083333	75.982184
1996.166633	31.780494
1996.250033	-13.310084
1996.333333	-28.289551
1996.416633	-54.269019
1996.500033	-58.581819
1996.583333	-48.783509
1996.666633	-19.985198
1996.750033	10.590890
1996.833333	30.833645
1996.916633	31.520845
1997.000033	3.208044
1997.083333	-38.993645
1997.166633	-65.528668
1997.250033	-47.397024
1997.333333	-11.932047
1997.416633	12.088486
1997.500033	-3.113204
1997.583333	-2.426004
1997.666633	30.038973
1997.750033	92.615061
1997.833333	137.302261
1997.916633	119.656127
1998.000033	61.898882
1998.083333	7.586081
1998.166633	-9.837830
1998.250033	7.960480
1998.333333	4.536568
1998.416633	-5.776232
1998.500033	-19.644588
1998.583333	-8.735167
1998.666633	17.285366
1998.750033	25.750343
1998.833333	26.659765
1998.916633	0.791409
1999.000033	-15.965836
1999.083333	-41.167526
1999.166633	-36.591437
1999.250033	-33.682016
1999.333333	-25.772594
1999.416633	-23.974283
1999.500033	-0.731528
1999.583333	43.733449
1999.666633	75.087315
1999.750033	78.996737
1999.833333	40.572825
1999.916633	2.815580
2000.000033	-45.274998
2000.083333	-44.810021
2000.166633	-32.678377
2000.250033	3.564378
2000.333333	-0.081756
2000.416633	-17.172334
2000.500033	-26.374024
2000.583333	-10.686824
2000.666633	46.000375
2000.750033	120.909797
2000.833333	207.819218
2000.916633	234.284196
2001.000033	216.304728
2001.083333	145.658594
2001.166633	92.679127
2001.250033	20.255215
2001.333333	-20.613141
2001.416633	-47.703719
2001.500033	-34.572075
2001.583333	-2.107098
2001.666633	18.913435
2001.750033	27.378412
2001.833333	4.398945
2001.916633	1.086144
2002.000033	5.884455
2002.083333	14.349432
2002.166633	6.147743
2002.250033	-9.276169
2002.333333	-21.588970
2002.416633	-38.790659
2002.500033	-45.325682
2002.583333	-25.749593
2002.666633	35.270939
2002.750033	109.847028
2002.833333	155.089783
2002.916633	139.665871
2003.000033	85.908626
2003.083333	40.595825
2003.166633	22.060803
2003.250033	20.081335
2003.333333	10.879646
2003.416633	0.789068
2003.500033	-11.190400
2003.583333	-6.169867
2003.666633	16.183999
2003.750033	49.093421
2003.833333	72.002843
2003.916633	62.690042
2004.000033	37.710575
2004.083333	5.953330
2004.166633	-6.803915
2004.250033	-11.450049
2004.333333	-14.651739
2004.416633	-9.742317
2004.500033	-1.055117
2004.583333	42.076526
2004.666633	58.763726
2004.750033	68.784259
2004.833333	12.471458
2004.916633	-39.508009
2005.000033	-90.376365
2005.083333	-93.689166
2005.166633	-73.335300
2005.250033	-48.870322
2005.333333	-36.405345
2005.416633	-37.607035
2005.500033	-38.253169
2005.583333	-25.343747
2005.666633	1.676786
2005.750033	25.808430
2005.833333	19.162296
2005.916633	-12.928283
2006.000033	-41.463305
2006.083333	-48.998328
2006.166633	-40.088906
2006.250033	-43.623929
2006.333333	-46.270063
2006.416633	-53.916197
2006.500033	-36.562331
2006.583333	6.347091
2006.666633	72.478735
2006.750033	118.610379
2006.833333	113.408689
2006.916633	83.318111
2007.000033	49.116421
2007.083333	28.025843
2007.166633	-3.398069
2007.250033	-13.710869
2007.333333	-0.579225
2007.416633	23.663530
2007.500033	21.350729
2007.583333	1.037929
2007.666633	-19.608205
2007.750033	-22.365450
2007.833333	-13.122695
2007.916633	3.453393
2008.000033	19.807259
2008.083333	25.161125
2008.166633	32.070547
2008.250033	30.535524
2008.333333	30.111612
2008.416633	19.243256
2008.500033	18.930456
2008.583333	22.395433
2008.666633	30.860410
2008.750033	27.547610
2008.833333	27.123698
2008.916633	23.255342
2009.000033	21.942541
2009.083333	7.185296
2009.166633	-12.238615
2009.250033	-19.995860
2009.333333	-15.308661
2009.416633	1.156316
2009.500033	-0.712040
2009.583333	-2.913729
2009.666633	15.662359
2009.750033	72.682892
2009.833333	126.147869
2009.916633	148.946180
2010.000033	124.966712
2010.083333	91.987245
2010.166633	42.118889
2010.250033	5.806088
2010.333333	-20.284490
2010.416633	-21.597291
2010.500033	-13.687869
2010.583333	9.221553
2010.666633	51.353197
2010.750033	94.595952
2010.833333	110.283151
2010.916633	88.637017
2011.000033	45.546439
2011.083333	8.455861
2011.166633	-22.856940
2011.250033	-32.947518
2011.333333	-35.593652
2011.416633	-23.462008
2011.500033	-12.885920
2011.583333	1.801279
2011.666633	23.710701
2011.750033	41.731234
2011.833333	41.085100
2011.916633	-9.894367
2012.000033	-81.540501
2012.083333	-122.186635
2012.166633	-98.277213
2012.250033	-29.923347
2012.333333	12.874963
2012.416633	36.451052
2012.500033	33.249362
2012.583333	52.936562
2012.666633	73.957094
2012.750033	105.533183
2012.833333	112.220382
2012.916633	88.796470
2013.000033	62.372559
2013.083333	39.837536
2013.166633	43.191402
2013.250033	22.323046
2013.333333	3.343579
2013.416633	-19.413666
2013.500033	-16.615356
2013.583333	8.849622
2013.666633	29.981265
2013.750033	54.446243
2013.833333	67.466775
2013.916633	116.376197
2014.000033	146.730063
2014.083333	150.417263
2014.166633	95.104462
2014.250033	48.791662
2014.333333	15.145528
2014.416633	10.499394
2014.500033	12.297704
2014.583333	36.096015
2014.666633	87.005437
2014.750033	124.914858
2014.833333	132.157613
2014.916633	71.289257
2015.000033	5.754234
2015.083333	-51.336344
2015.166633	-62.315811
2015.250033	-56.184167
2015.333333	-36.608079
2015.416633	-19.698657
2015.500033	3.099653
2015.583333	29.453519
2015.666633	54.696274
2015.750033	79.272363
2015.833333	103.848451
2015.916633	125.980095
2016.000033	119.333961
2016.083333	86.354494
2016.166633	48.930582
2016.250033	34.728893
2016.333333	28.304981
2016.416633	17.547736
2016.500033	1.568269
2016.583333	0.477690
2016.666633	19.164890
2016.750033	33.852089
2016.833333	31.761511
2016.916633	13.337599
2017.000033	0.247021
2017.083333	-6.288002
2017.166633	-8.045247
2017.250033	-6.802492
2017.333333	9.995819
2017.416633	21.571907
2017.500033	30.370217
2017.583333	27.390750
2017.666633	30.522394
2017.750033	30.098482
2017.833333	35.341237
2017.916633	31.917326
2018.000033	52.048970
2018.083333	67.180614
2018.166633	94.534480
2018.250033	75.666124
2018.333333	46.686656
2018.416633	11.818300
2018.500033	-0.383389
2018.583333	-1.807301
2018.666633	19.879899
2018.750033	57.011542
2018.833333	85.698742
2018.916633	71.608164
2019.000033	30.739807
2019.083333	10.204785
2019.166633	9.780873
2019.250033	30.245850
2019.333333	32.266383
2019.416633	39.175805
2019.500033	35.196337
2019.583333	49.772426
2019.666633	85.792958
2019.750033	146.035713
2019.833333	184.500691
2019.916633	180.187890
2020.000033	136.541756
2020.083333	99.895622
2020.166633	68.138377
2020.250033	62.603355
2020.333333	49.179443
2020.416633	57.422198
2020.500033	48.887175
2020.583333	65.018819
2020.666633	74.706018
2020.750033	116.837662
2020.833333	139.524862
2020.916633	166.767617
2021.000033	141.565927
2021.083333	107.808682
2021.166633	54.384771
2021.250033	34.183081
2021.333333	32.648058
2021.416633	36.668591
2021.500033	42.244680
2021.583333	48.598546
2021.666633	62.952412
2021.750033	76.195167
2021.833333	65.437922
2021.916633	48.680677
2022.000033	15.034543
2022.083333	5.943964
2022.166633	0.853386
2022.250033	13.985030
2022.333333	12.450007
2022.416633	13.026096
2022.500033	11.491073
2022.583333	37.067161
2022.666633	90.532138
2022.750033	153.441560
2022.833333	192.684315
2022.916633	162.593737
2023.000033	113.280936
2023.083333	61.523691
2023.166633	56.766446
2023.250033	50.009201
2023.333333	52.363067
2023.416633	57.605822
2023.500033	76.404133
2023.583333	113.535777
2023.666633	162.334087
2023.750033	208.799064
2023.833333	217.375153
2023.916633	195.284574
2024.000033	174.638440
2024.083333	172.658973
2024.166633	172.012839
2024.250033	148.922261
2024.333333	113.942794
2024.416633	80.741104
2024.500033	71.317193
2024.583333	84.559948
2024.666633	112.595577
2024.750033	130.057836
2024.833333	0.000000
2024.916633	0.000000
2025.000033	164.172860
2025.083333	164.172860
2025.166633	157.037047
