1874.0000333    -136.491
1874.0833333    -137.277
1874.1666333    -152.429
1874.2500333    -173.637
1874.3333333    -191.976
1874.4166333    -191.497
1874.5000333    -187.312
1874.5833333    -180.05
1874.6666333    -168.173
1874.7500333    -153.22
1874.8333333    -139.804
1874.9166333    -131.004
1875.0000333    -136.051
1875.0833333    -132.636
1875.1666333    -129.221
1875.2500333    -118.884
1875.3333333    -91.6233
1875.4166333    -60.5166
1875.5000333    -56.3336
1875.5833333    -59.0734
1875.6666333    -53.3517
1875.7500333    -49.1692
1875.8333333    -38.8324
1875.9166333    -34.6497
1876.0000333    -32.0061
1876.0833333    -35.5159
1876.1666333    -43.6413
1876.2500333    -49.4596
1876.3333333    -42.2007
1876.4166333    -40.3265
1876.5000333    -41.5299
1876.5833333    -31.9637
1876.6666333    -17.0131
1876.7500333    -2.8323
1876.8333333    17.5027
1876.9166333    30.1452
1877.0000333    38.9409
1877.0833333    38.5063
1877.1666333    36.533
1877.2500333    32.2513
1877.3333333    33.3547
1877.4166333    27.5348
1877.5000333    27.8681
1877.5833333    18.2017
1877.6666333    15.4583
1877.7500333    28.8681
1877.8333333    29.2013
1877.9166333    23.3806
1878.0000333    15.2515
1878.0833333    6.3535
1878.1666333    1.3015
1878.2500333    -4.5204
1878.3333333    -3.4188
1878.4166333    10.7596
1878.5000333    31.0911
1878.5833333    36.0384
1878.6666333    55.6009
1878.7500333    70.5474
1878.8333333    67.802
1878.9166333    68.9025
1879.0000333    66.1563
1879.0833333    53.4104
1879.1666333    46.049
1879.2500333    39.4561
1879.3333333    43.6328
1879.4166333    61.6556
1879.5000333    51.2161
1879.5833333    27.7002
1879.6666333    6.4917
1879.7500333    -4.7174
1879.8333333    -10.5416
1879.9166333    -14.8274
1880.0000333    -23.7292
1880.0833333    -26.4769
1880.1666333    -26.917
1880.2500333    -26.5885
1880.3333333    -19.3366
1880.4166333    -19.7772
1880.5000333    -22.5261
1880.5833333    -4.5054
1880.6666333    18.8998
1880.7500333    52.3043
1880.8333333    70.3246
1880.9166333    80.6524
1881.0000333    90.2103
1881.0833333    89.7686
1881.1666333    84.7114
1881.2500333    88.115
1881.3333333    85.3651
1881.4166333    76.4613
1881.5000333    81.4029
1881.5833333    66.345
1881.6666333    48.9792
1881.7500333    36.9973
1881.8333333    25.0158
1881.9166333    10.7265
1882.0000333    -2.7943
1882.0833333    -22.4685
1882.1666333    -29.8352
1882.2500333    -35.6641
1882.3333333    -40.7234
1882.4166333    -31.1675
1882.5000333    -26.9968
1882.5833333    -27.4412
1882.6666333    -16.3472
1882.7500333    0.1307
1882.8333333    17.3782
1882.9166333    31.5487
1883.0000333    39.5646
1883.0833333    41.4271
1883.1666333    37.9048
1883.2500333    31.3049
1883.3333333    26.2438
1883.4166333    25.798
1883.5000333    20.7362
1883.5833333    17.2131
1883.6666333    15.9977
1883.7500333    20.1661
1883.8333333    18.9503
1883.9166333    13.8883
1884.0000333    1.1332
1884.0833333    -3.1599
1884.1666333    -9.7609
1884.2500333    -7.1318
1884.3333333    -1.4254
1884.4166333    4.2809
1884.5000333    0.7557
1884.5833333    -4.3075
1884.6666333    2.1676
1884.7500333    8.642
1884.8333333    12.809
1884.9166333    13.8991
1885.0000333    10.373
1885.0833333    6.0781
1885.1666333    -3.6015
1885.2500333    -8.6665
1885.3333333    -13.7311
1885.4166333    -14.1804
1885.5000333    -17.7073
1885.5833333    -12.7723
1885.6666333    -1.6836
1885.7500333    0.1736
1885.8333333    3.5697
1885.9166333    3.8888
1886.0000333    5.7456
1886.0833333    2.2182
1886.1666333    -5.9248
1886.2500333    -14.0684
1886.3333333    -18.3655
1886.4166333    -24.2012
1886.5000333    -21.5761
1886.5833333    -23.5659
1886.6666333    -22.479
1886.7500333    -26.7773
1886.8333333    -26.4599
1886.9166333    -29.9888
1887.0000333    -39.6722
1887.0833333    -53.2014
1887.1666333    -67.4999
1887.2500333    -67.1838
1887.3333333    -59.1749
1887.4166333    -48.8585
1887.5000333    -24.6967
1887.5833333    -19.7652
1887.6666333    -1.7569
1887.7500333    17.0199
1887.8333333    41.1817
1887.9166333    65.3434
1888.0000333    82.5813
1888.0833333    97.5119
1888.1666333    103.212
1888.2500333    108.911
1888.3333333    116.148
1888.4166333    118.001
1888.5000333    108.316
1888.5833333    85.5529
1888.6666333    85.0979
1888.7500333    85.4114
1888.8333333    93.4176
1888.9166333    96.039
1889.0000333    90.9675
1889.0833333    78.9733
1889.1666333    60.825
1889.2500333    49.5992
1889.3333333    51.4507
1889.4166333    39.4559
1889.5000333    25.9219
1889.5833333    23.9268
1889.6666333    22.7008
1889.7500333    10.7048
1889.8333333    -1.2907
1889.9166333    -21.7479
1890.0000333    -43.7443
1890.0833333    -64.9711
1890.1666333    -76.198
1890.2500333    -81.2717
1890.3333333    -85.5758
1890.4166333    -88.3416
1890.5000333    -87.262
1890.5833333    -83.105
1890.6666333    -88.1789
1890.7500333    -77.0997
1890.8333333    -65.2509
1890.9166333    -57.2483
1891.0000333    -49.2464
1891.0833333    -48.1673
1891.1666333    -44.7805
1891.2500333    -52.933
1891.3333333    -51.085
1891.4166333    -45.391
1891.5000333    -43.5439
1891.5833333    -34.7733
1891.6666333    -16.0028
1891.7500333    10.4593
1891.8333333    24.6141
1891.9166333    31.8456
1892.0000333    35.2303
1892.0833333    27.8462
1892.1666333    14.3081
1892.2500333    -1.5384
1892.3333333    -1.2306
1892.4166333    -3.2307
1892.5000333    -2.1546
1892.5833333    -10.3088
1892.6666333    -13.0785
1892.7500333    -17.3874
1892.8333333    -10.9267
1892.9166333    -9.0815
1893.0000333    -9.5447
1893.0833333    -13.0844
1893.1666333    -18.1628
1893.2500333    -17.0879
1893.3333333    -2.9358
1893.4166333    10.447
1893.5000333    13.8291
1893.5833333    10.2885
1893.6666333    13.6708
1893.7500333    11.6678
1893.8333333    5.8191
1893.9166333    -4.6452
1894.0000333    -17.4178
1894.0833333    -29.4208
1894.1666333    -40.6548
1894.2500333    -50.3509
1894.3333333    -53.1236
1894.4166333    -72.0503
1894.5000333    -89.4392
1894.5833333    -77.5969
1894.6666333    -55.7548
1894.7500333    -32.3749
1894.8333333    -13.61
1894.9166333    9.0009
1895.0000333    19.3034
1895.0833333    24.2217
1895.1666333    28.3706
1895.2500333    24.8266
1895.3333333    35.8983
1895.4166333    46.2006
1895.5000333    73.4253
1895.5833333    96.8043
1895.6666333    90.9523
1895.7500333    88.1766
1895.8333333    87.709
1895.9166333    98.0105
1896.0000333    88.3112
1896.0833333    83.997
1896.1666333    75.8365
1896.2500333    66.1368
1896.3333333    68.7452
1896.4166333    62.8919
1896.5000333    56.2687
1896.5833333    53.4921
1896.6666333    49.9461
1896.7500333    62.5532
1896.8333333    68.2377
1896.9166333    75.4605
1897.0000333    69.6056
1897.0833333    75.2896
1897.1666333    77.8966
1897.2500333    83.5798
1897.3333333    93.1095
1897.4166333    90.3314
1897.5000333    82.168
1897.5833333    77.8511
1897.6666333    62.7649
1897.7500333    63.8318
1897.8333333    56.4376
1897.9166333    55.1971
1898.0000333    42.4174
1898.0833333    25.792
1898.1666333    -1.6028
1898.2500333    -21.306
1898.3333333    -40.2396
1898.4166333    -55.3271
1898.5000333    -58.8769
1898.5833333    -49.3494
1898.6666333    -40.5912
1898.7500333    -28.7568
1898.8333333    -29.2297
1898.9166333    -32.0105
1899.0000333    -44.0227
1899.0833333    -52.9576
1899.1666333    -64.2003
1899.2500333    -59.2898
1899.3333333    -60.5328
1899.4166333    -44.8529
1899.5000333    -37.6352
1899.5833333    -24.2633
1899.6666333    -17.0454
1899.7500333    -7.5204
1899.8333333    4.3126
1899.9166333    21.5301
1900.0000333    34.1315
1900.0833333    43.6564
1900.1666333    40.8735
1900.2500333    43.4745
1900.3333333    38.3836
1900.4166333    41.754
1900.5000333    38.97
1900.5833333    41.5709
1900.6666333    41.864
1900.7500333    44.4641
1900.8333333    48.6031
1900.9166333    47.3573
1901.0000333    43.8031
1901.0833333    38.7109
1901.1666333    27.4647
1901.2500333    25.4485
1901.3333333    24.9712
1901.4166333    32.9553
1901.5000333    39.4002
1901.5833333    42.7687
1901.6666333    50.7523
1901.7500333    58.7353
1901.8333333    68.2571
1901.9166333    73.1634
1902.0000333    70.3767
1902.0833333    62.2058
1902.1666333    50.1886
1902.2500333    42.0168
1902.3333333    33.0762
1902.4166333    29.5201
1902.5000333    24.4248
1902.5833333    20.8684
1902.6666333    12.6965
1902.7500333    16.8315
1902.8333333    22.5054
1902.9166333    18.1792
1903.0000333    20.0061
1903.0833333    24.1411
1903.1666333    25.1991
1903.2500333    29.3332
1903.3333333    31.9294
1903.4166333    35.2946
1903.5000333    36.3514
1903.5833333    35.1009
1903.6666333    30.7733
1903.7500333    37.9835
1903.8333333    34.4249
1903.9166333    27.02
1904.0000333    17.3067
1904.0833333    -4.7139
1904.1666333    -29.0423
1904.2500333    -50.2945
1904.3333333    -60.7771
1904.4166333    -53.5674
1904.5000333    -43.2816
1904.5833333    -42.9954
1904.6666333    -40.4016
1904.7500333    -35.5009
1904.8333333    -30.5997
1904.9166333    -30.3141
1905.0000333    -35.4137
1905.0833333    -40.513
1905.1666333    -47.9201
1905.2500333    -48.4048
1905.3333333    -46.5815
1905.4166333    -37.0659
1905.5000333    -39.0896
1905.5833333    -45.7282
1905.6666333    -35.4438
1905.7500333    -23.6218
1905.8333333    -10.2608
1905.9166333    -2.2846
1906.0000333    7.9985
1906.0833333    14.436
1906.1666333    20.1041
1906.2500333    30.3868
1906.3333333    36.8238
1906.4166333    47.1068
1906.5000333    58.9275
1906.5833333    58.441
1906.6666333    62.5698
1906.7500333    68.2362
1906.8333333    82.3647
1906.9166333    85.7237
1907.0000333    92.159
1907.0833333    80.1331
1907.1666333    70.4148
1907.2500333    49.1573
1907.3333333    37.131
1907.4166333    34.3354
1907.5000333    28.462
1907.5833333    11.0507
1907.6666333    5.9469
1907.7500333    7.7655
1907.8333333    11.8921
1907.9166333    2.1725
1908.0000333    -13.7017
1908.0833333    -37.2678
1908.1666333    -55.4494
1908.2500333    -72.8625
1908.3333333    -65.6597
1908.4166333    -59.9956
1908.5000333    -66.6399
1908.5833333    -76.3607
1908.6666333    -76.8509
1908.7500333    -64.2649
1908.8333333    -51.6784
1908.9166333    -55.2459
1909.0000333    -61.8911
1909.0833333    -62.382
1909.1666333    -62.1039
1909.2500333    -50.2879
1909.3333333    -29.2408
1909.4166333    -16.6554
1909.5000333    -8.6861
1909.5833333    6.2068
1909.6666333    20.3302
1909.7500333    26.7606
1909.8333333    27.0376
1909.9166333    31.1607
1910.0000333    34.5137
1910.0833333    37.8672
1910.1666333    36.6052
1910.2500333    34.5732
1910.3333333    37.157
1910.4166333    29.7407
1910.5000333    27.7082
1910.5833333    28.7531
1910.6666333    27.4902
1910.7500333    33.9189
1910.8333333    40.348
1910.9166333    38.3154
1911.0000333    23.2052
1911.0833333    3.48
1911.1666333    -12.3992
1911.2500333    -29.8176
1911.3333333    -48.774
1911.4166333    -69.269
1911.5000333    -78.9955
1911.5833333    -82.5677
1911.6666333    -92.2939
1911.7500333    -85.0978
1911.8333333    -82.5166
1911.9166333    -83.0125
1912.0000333    -80.4322
1912.0833333    -79.3899
1912.1666333    -76.04
1912.2500333    -73.4602
1912.3333333    -56.2645
1912.4166333    -30.6074
1912.5000333    -8.7972
1912.5833333    7.6288
1912.6666333    9.4393
1912.7500333    21.2491
1912.8333333    18.4439
1912.9166333    12.5616
1913.0000333    3.6017
1913.0833333    -3.8193
1913.1666333    -6.6251
1913.2500333    1.3377
1913.3333333    0.8393
1913.4166333    1.11
1913.5000333    0.6107
1913.5833333    -7.5804
1913.6666333    -18.0793
1913.7500333    -21.6559
1913.8333333    -25.2321
1913.9166333    -22.6546
1913.9999663    0.0
1914.0833003    0.0
1914.1666333    0.0
1914.2499663    0.0
1914.3333003    0.0
1914.4166333    0.0
1914.4999663    0.0
1914.5833003    0.0
1914.6666333    0.0
1914.7499663    0.0
1914.8333003    0.0
1914.9166333    0.0
1914.9999663    0.0
1915.0833003    0.0
1915.1666333    0.0
1915.2499663    0.0
1915.3333003    0.0
1915.4166333    0.0
1915.4999663    0.0
1915.5833003    0.0
1915.6666333    0.0
1915.7499663    0.0
1915.8333003    0.0
1915.9166333    0.0
1915.9999663    0.0
1916.0833003    0.0
1916.1666333    0.0
1916.2499663    0.0
1916.3333003    0.0
1916.4166333    0.0
1916.4999663    0.0
1916.5833003    0.0
1916.6666333    -41.531
1916.7500333    -34.3437
1916.8333333    -22.5405
1916.9166333    -6.8913
1917.0000333    2.6033
1917.0833333    14.406
1917.1666333    13.1317
1917.2500333    1.8566
1917.3333333    -5.5719
1917.4166333    -6.0774
1917.5000333    -10.4299
1917.5833333    -22.4742
1917.6666333    -45.2879
1917.7500333    -57.3331
1917.8333333    -56.3009
1917.9166333    -63.7304
1918.0000333    -82.6991
1918.0833333    -94.7443
1918.1666333    -99.0973
1918.2500333    -94.9895
1918.3333663    0.0
1918.4167003    0.0
1918.5000333    0.0
1918.5833663    0.0
1918.6667003    0.0
1918.7500333    0.0
1918.8333663    0.0
1918.9167003    0.0
1919.0000333    0.0
1919.0833663    0.0
1919.1667003    0.0
1919.2500333    0.0
1919.3333663    0.0
1919.4167003    0.0
1919.5000333    0.0
1919.5833663    0.0
1919.6667003    0.0
1919.7500333    0.0
1919.8333663    0.0
1919.9167003    0.0
1920.0000333    0.0
1920.0833663    0.0
1920.1667003    0.0
1920.2500333    0.0
1920.3333663    0.0
1920.4167003    0.0
1920.5000333    0.0
1920.5833663    0.0
1920.6667003    0.0
1920.7500333    0.0
1920.8333663    0.0
1920.9167003    0.0
1921.0000333    0.0
1921.0833663    0.0
1921.1667003    0.0
1921.2500333    0.0
1921.3333663    0.0
1921.4167003    0.0
1921.5000333    0.0
1921.5833663    0.0
1921.6667003    0.0
1921.7500333    0.0
1921.8333663    0.0
1921.9167003    0.0
1922.0000333    0.0
1922.0833663    0.0
1922.1667003    0.0
1922.2500333    0.0
1922.3333663    0.0
1922.4167003    0.0
1922.5000333    0.0
1922.5833333    -108.489
1922.6666333    -87.4654
1922.7500333    -72.5963
1922.8333333    -53.1113
1922.9166333    -33.6265
1923.0000333    -7.2194
1923.0833333    6.8805
1923.1666333    -5.9429
1923.2500333    -17.9978
1923.3333333    -22.3598
1923.4166333    -23.6452
1923.5000333    -17.2389
1923.5833333    -16.2168
1923.6666333    -12.8872
1923.7500333    -11.0968
1923.8333333    -2.3829
1923.9166333    6.3309
1924.0000333    11.1978
1924.0833333    8.3729
1924.1666333    7.8555
1924.2500333    15.0296
1924.3333333    32.9735
1924.4166333    37.8402
1924.5000333    25.0139
1924.5833333    -3.1965
1924.6666333    -19.0994
1924.7500333    -29.6184
1924.8333333    -37.8293
1924.9166333    -46.0403
1925.0000333    -55.0214
1925.0833333    -61.6942
1925.1666333    -70.6749
1925.2500333    -78.8872
1925.3333333    -87.0989
1925.4166333    -93.0031
1925.5000333    -77.3696
1925.5833333    -53.2742
1925.6666333    -25.3327
1925.7500333    -5.8535
1925.8333333    10.5493
1925.9166333    23.875
1926.0000333    35.6614
1926.0833333    39.756
1926.1666333    38.4659
1926.2500333    34.8673
1926.3333333    36.6538
1926.4166333    43.0555
1926.5000333    39.4564
1926.5833333    31.2425
1926.6666333    19.9515
1926.7500333    17.8904
1926.8333333    19.676
1926.9166333    19.923
1927.0000333    16.3231
1927.0833333    8.1083
1927.1666333    -1.6452
1927.2500333    -9.8609
1927.3333333    -9.6147
1927.4166333    -7.0608
1927.5000333    -9.1232
1927.5833333    -11.1851
1927.6666333    -22.4778
1927.7500333    -27.6175
1927.8333333    -30.4491
1927.9166333    -27.8961
1928.0000333    -30.7286
1928.0833333    -40.4837
1928.1666333    -54.085
1928.2500333    -66.1487
1928.3333333    -73.5965
1928.4166333    -69.506
1928.5000333    -68.4931
1928.5833333    -69.0183
1928.6666333    -78.0051
1928.7500333    -80.0697
1928.8333333    -72.903
1928.9166333    -63.4287
1929.0000333    -60.8783
1929.0833333    -62.9428
1929.1666333    -61.1613
1929.2500333    -63.2267
1929.3333333    -59.9071
1929.4166333    -55.8183
1929.5000333    -63.2688
1929.5833333    -69.1803
1929.6666333    -75.8612
1929.7500333    -69.466
1929.8333333    -56.1472
1929.9166333    -49.7516
1930.0000333    -54.8953
1930.0833333    -62.3462
1930.1666333    -71.3356
1930.2500333    -78.7874
1930.3333333    -75.4695
1930.4166333    -70.6133
1930.5000333    -61.9117
1930.5833333    -51.6711
1930.6666333    -36.8153
1930.7500333    -18.1142
1930.8333333    -0.951
1930.9166333    16.2121
1931.0000333    31.8359
1931.0833333    42.8448
1931.1666333    44.6228
1931.2500333    48.7077
1931.3333333    58.1777
1931.4166333    63.8014
1931.5000333    64.809
1931.5833333    60.4324
1931.6666333    54.5172
1931.7500333    47.832
1931.8333333    54.2242
1931.9166333    62.1547
1932.0000333    61.6229
1932.0833333    55.707
1932.1666333    43.6371
1932.2500333    33.874
1932.3333333    31.0346
1932.4166333    22.8104
1932.5000333    14.5854
1932.5833333    8.6686
1932.6666333    7.367
1932.7500333    10.6801
1932.8333333    16.3013
1932.9166333    13.4608
1933.0000333    11.3888
1933.0833333    3.1634
1933.1666333    -9.6775
1933.2500333    -14.0576
1933.3333333    -6.1296
1933.4166333    7.1829
1933.5000333    21.2639
1933.5833333    30.7299
1933.6666333    34.042
1933.7500333    41.1994
1933.8333333    49.1266
1933.9166333    50.1305
1934.0000333    44.2106
1934.0833333    32.9065
1934.1666333    27.7562
1934.2500333    20.2973
1934.3333333    14.3774
1934.4166333    5.3805
1934.5000333    -9.0019
1934.5833333    -20.3068
1934.6666333    -19.3042
1934.7500333    -12.9177
1934.8333333    -8.8385
1934.9166333    -7.0671
1935.0000333    -8.3734
1935.0833333    -11.9869
1935.1666333    -23.2929
1935.2500333    -35.3688
1935.3333333    -31.2905
1935.4166333    -26.443
1935.5000333    -21.5964
1935.5833333    -9.0569
1935.6666333    3.4824
1935.7500333    11.4056
1935.8333333    25.4831
1935.9166333    36.4835
1936.0000333    49.0216
1936.0833333    54.6371
1936.1666333    53.3294
1936.2500333    56.6362
1936.3333333    65.3282
1936.4166333    70.9432
1936.5000333    74.2496
1936.5833333    76.0181
1936.6666333    71.6326
1936.7500333    71.0924
1936.8333333    75.1681
1936.9166333    72.3206
1937.0000333    65.6262
1937.0833333    53.5476
1937.1666333    47.6228
1937.2500333    50.1587
1937.3333333    51.1566
1937.4166333    56.7698
1937.5000333    63.9206
1937.5833333    74.1489
1937.6666333    77.4539
1937.7500333    79.2197
1937.8333333    81.7552
1937.9166333    83.5213
1938.0000333    84.5174
1938.0833333    83.2063
1938.1666333    81.1259
1938.2500333    73.66
1938.3333333    66.1946
1938.4166333    61.8061
1938.5000333    53.5705
1938.5833333    46.8739
1938.6666333    33.2541
1938.7500333    29.6335
1938.8333333    31.3981
1938.9166333    30.8548
1939.0000333    31.0799
1939.0833333    30.5363
1939.1666333    29.2233
1939.2500333    25.6018
1939.3333333    33.5193
1939.4166333    45.2828
1939.5000333    60.1224
1939.5833333    69.5779
1939.6666333    68.2641
1939.7500333    80.0263
1939.8333333    95.6353
1939.9166333    112.782
1940.0000333    126.852
1940.0833333    129.384
1940.1666333    122.684
1940.2500333    116.753
1940.3333333    116.977
1940.4166333    119.508
1940.5000333    120.499
1940.5833333    121.492
1940.6666333    130.945
1940.7500333    144.244
1940.8333333    154.467
1940.9166333    162.381
1941.0000333    164.142
1941.0833333    159.748
1941.1666333    153.816
1941.2500333    150.961
1941.3333333    155.798
1941.4166333    159.096
1941.5000333    152.394
1941.5833333    144.923
1941.6666333    135.913
1941.7500333    119.979
1941.8333333    114.816
1941.9166333    111.19
1942.0000333    103.718
1942.0833333    87.0149
1942.1666333    69.5428
1942.2500333    53.6083
1942.3333333    49.9821
1942.4166333    41.7403
1942.5000333    35.0362
1942.5833333    30.6403
1942.6666333    20.8596
1942.7500333    11.0781
1942.8333333    2.0664
1942.9166333    -10.0224
1943.0000333    -27.4966
1943.0833333    -47.278
1943.1666333    -63.9826
1943.2500333    -76.8419
1943.3333333    -84.3161
1943.4166333    -91.0211
1943.5000333    -94.6501
1943.5833333    -97.5093
1943.6666333    -90.3687
1943.7500333    -70.9211
1943.8333333    -50.7038
1943.9166333    -29.7175
1944.0000333    -14.8858
1944.0833333    -5.4382
1944.1666333    -5.2215
1944.2500333    -11.9287
1944.3333333    -4.7892
1944.4166333    4.6578
1944.5000333    12.5656
1944.5833333    21.2431
1944.6666333    29.1512
1944.7500333    28.597
1944.8333333    25.7356
1944.9166333    24.4125
1945.0000333    17.704
1945.0833333    4.8421
1945.1666333    -3.4045
1945.2500333    -7.0365
1945.3333333    -1.4372
1945.4166333    -5.8381
1945.5000333    -8.7014
1945.5833333    -15.4102
1945.6666333    -16.7346
1945.7500333    -16.5214
1945.8333333    -10.1538
1945.9166333    -3.0171
1946.0000333    -2.8043
1946.0833333    -9.514
1946.1666333    -13.9162
1946.2500333    -22.9346
1946.3333333    -28.1064
1946.4166333    -23.2782
1946.5000333    -20.7586
1946.5833333    -22.0846
1946.6666333    -14.18
1946.7500333    -8.5839
1946.8333333    -5.295
1946.9166333    -8.1601
1947.0000333    -14.1029
1947.0833333    -23.8913
1947.1666333    -24.4491
1947.2500333    -25.0077
1947.3333333    -24.7966
1947.4166333    -16.8933
1947.5000333    -9.7601
1947.5833333    8.1429
1947.6666333    23.7381
1947.7500333    26.2555
1947.8333333    25.6965
1947.9166333    32.0605
1948.0000333    37.6544
1948.0833333    38.6334
1948.1666333    38.8431
1948.2500333    32.8981
1948.3333333    26.9536
1948.4166333    27.9321
1948.5000333    15.0636
1948.5833333    -2.4198
1948.6666333    -28.3649
1948.7500333    -45.8492
1948.8333333    -56.4099
1948.9166333    -63.8939
1949.0000333    -73.6864
1949.0833333    -82.7091
1949.1666333    -89.4243
1949.2500333    -97.6787
1949.3333333    -105.163
1949.4166333    -102.648
1949.5000333    -93.2108
1949.5833333    -83.0036
1949.6666333    -69.7197
1949.7500333    -53.3596
1949.8333333    -37.7683
1949.9166333    -23.7155
1950.0000333    -18.1252
1950.0833333    -24.8419
1950.1666333    -38.4819
1950.2500333    -45.9689
1950.3333333    -46.5323
1950.4166333    -38.6343
1950.5000333    -25.3525
1950.5833333    -21.3009
1950.6666333    -6.4802
1950.7500333    7.5704
1950.8333333    21.6215
1950.9166333    31.0571
1951.0000333    38.1842
1951.0833333    43.7734
1951.1666333    49.3624
1951.2500333    53.4121
1951.3333333    45.9239
1951.4166333    47.6663
1951.5000333    47.8694
1951.5833333    41.15
1951.6666333    39.0458
1951.7500333    37.7101
1951.8333333    31.7595
1951.9166333    21.9625
1952.0000333    13.7032
1952.0833333    3.1368
1952.1666333    -14.3529
1952.2500333    -23.3818
1952.3333333    -23.1795
1952.4166333    -9.1311
1952.5000333    4.1472
1952.5833333    22.8106
1952.6666333    38.397
1952.7500333    40.1364
1952.8333333    44.9532
1952.9166333    52.0776
1953.0000333    58.432
1953.0833333    56.3253
1953.1666333    51.1416
1953.2500333    51.3416
1953.3333333    46.9268
1953.4166333    38.6657
1953.5000333    25.0192
1953.5833333    7.527
1953.6666333    -17.6576
1953.7500333    -41.3046
1953.8333333    -45.7202
1953.9166333    -51.6745
1954.0000333    -56.0912
1954.0833333    -66.6611
1954.1666333    -74.1543
1954.2500333    -77.8022
1954.3333333    -76.0649
1954.4166333    -65.097
1954.5000333    -49.5145
1954.5833333    -32.393
1954.6666333    -11.4256
1954.7500333    12.618
1954.8333333    31.2775
1954.9166333    40.7061
1955.0000333    48.5954
1955.0833333    54.9467
1955.1666333    62.0672
1955.2500333    65.3406
1955.3333333    76.3069
1955.4166333    84.9654
1955.5000333    92.0846
1955.5833333    100.743
1955.6666333    106.324
1955.7500333    103.443
1955.8333333    104.408
1955.9166333    106.912
1956.0000333    110.953
1956.0833333    104.226
1956.1666333    90.5753
1956.2500333    73.0777
1956.3333333    66.35
1956.4166333    56.5451
1956.5000333    49.8164
1956.5833333    37.7036
1956.6666333    27.1291
1956.7500333    12.7076
1956.8333333    8.2866
1956.9166333    2.3271
1957.0000333    -5.941
1957.0833333    -17.2854
1957.1666333    -27.0916
1957.2500333    -36.8986
1957.3333333    -37.4742
1957.4166333    -38.8193
1957.5000333    -34.0113
1957.5833333    -27.6644
1957.6666333    -15.1637
1957.7500333    0.4131
1957.8333333    22.1442
1957.9166333    40.029
1958.0000333    52.5284
1958.0833333    58.1053
1958.1666333    59.8359
1958.2500333    58.4886
1958.3333333    56.3728
1958.4166333    50.4106
1958.5000333    55.2168
1958.5833333    60.7928
1958.6666333    56.3686
1958.7500333    46.559
1958.8333333    34.4422
1958.9166333    22.3253
1959.0000333    7.8998
1959.0833333    -4.9866
1959.1666333    -14.7963
1959.2500333    -28.4529
1959.3333333    -31.3398
1959.4166333    -27.3037
1959.5000333    -12.4993
1959.5833333    -10.002
1959.6666333    -11.351
1959.7500333    -5.7778
1959.8333333    -0.204
1959.9166333    6.1389
1960.0000333    11.7117
1960.0833333    16.5158
1960.1666333    13.6275
1960.2500333    11.5075
1960.3333333    24.7727
1960.4166333    35.7301
1960.5000333    50.5328
1960.5833333    55.336
1960.6666333    54.7545
1960.7500333    49.5567
1960.8333333    49.7442
1960.9166333    56.8545
1961.0000333    58.5794
1961.0833333    50.3048
1961.1666333    32.0301
1961.2500333    14.5238
1961.3333333    6.2488
1961.4166333    -1.2571
1961.5000333    -4.1485
1961.5833333    -10.1163
1961.6666333    -10.6996
1961.7500333    -1.2837
1961.8333333    7.3635
1961.9166333    12.9336
1962.0000333    8.5029
1962.0833333    -2.0811
1962.1666333    -12.6653
1962.2500333    -15.558
1962.3333333    -12.2963
1962.4166333    -9.804
1962.5000333    -2.6971
1962.5833333    1.3334
1962.6666333    8.4407
1962.7500333    14.7779
1962.8333333    18.0387
1962.9166333    22.0686
1963.0000333    24.5592
1963.0833333    23.2042
1963.1666333    19.5413
1963.2500333    18.1853
1963.3333333    16.8299
1963.4166333    23.9358
1963.5000333    22.5794
1963.5833333    6.6081
1963.6666333    -4.7479
1963.7500333    -16.1048
1963.8333333    -22.0765
1963.9166333    -29.5868
1964.0000333    -43.2518
1964.0833333    -59.2239
1964.1666333    -72.8885
1964.2500333    -80.4001
1964.3333333    -81.7573
1964.4166333    -80.0378
1964.5000333    -87.5498
1964.5833333    -85.0613
1964.6666333    -76.4191
1964.7500333    -72.3931
1964.8333333    -64.5204
1964.9166333    -65.8786
1965.0000333    -64.93
1965.0833333    -57.0578
1965.1666333    -52.2626
1965.2500333    -49.0067
1965.3333333    -48.058
1965.4166333    -42.494
1965.5000333    -27.7001
1965.5833333    -11.3672
1965.6666333    1.1194
1965.7500333    9.759
1965.8333333    19.9377
1965.9166333    18.5777
1966.0000333    18.7553
1966.0833333    13.5489
1966.1666333    4.4961
1966.2500333    -9.1728
1966.3333333    -17.4566
1966.4166333    -12.6636
1966.5000333    -6.333
1966.5833333    -14.6173
1966.6666333    -23.6709
1966.7500333    -33.4946
1966.8333333    -36.3946
1966.9166333    -39.2948
1967.0000333    -39.8882
1967.0833333    -46.6348
1967.1666333    -56.4585
1967.2500333    -64.7446
1967.3333333    -58.4148
1967.4166333    -49.0082
1967.5000333    -41.9101
1967.5833333    -42.5038
1967.6666333    -38.4822
1967.7500333    -34.4615
1967.8333333    -31.9787
1967.9166333    -34.8807
1968.0000333    -44.7066
1968.0833333    -54.5319
1968.1666333    -57.4343
1968.2500333    -52.6452
1968.3333333    -50.9326
1968.4166333    -56.1431
1968.5000333    -59.0468
1968.5833333    -64.2576
1968.6666333    -69.4686
1968.7500333    -72.3727
1968.8333333    -71.4301
1968.9166333    -71.2569
1969.0000333    -71.0845
1969.0833333    -70.1424
1969.1666333    -76.1235
1969.2500333    -92.8746
1969.3333333    -118.087
1969.4166333    -125.607
1969.5000333    -113.897
1969.5833333    -98.3402
1969.6666333    -82.0144
1969.7500333    -63.3819
1969.8333333    -44.7487
1969.9166333    -41.5003
1970.0000333    -24.4067
1970.0833333    -14.2355
1970.1666333    -10.2183
1970.2500333    -5.4328
1970.3333333    5.5071
1970.4166333    31.8316
1970.5000333    45.8474
1970.5833333    48.3254
1970.6666333    43.1109
1970.7500333    39.434
1970.8333333    37.2962
1970.9166333    30.5428
1971.0000333    33.0193
1971.0833333    24.7272
1971.1666333    12.5888
1971.2500333    -0.3198
1971.3333333    -12.4585
1971.4166333    0.7873
1971.5000333    -2.8909
1971.5833333    -14.2609
1971.6666333    -29.4771
1971.7500333    -45.4635
1971.8333333    -57.6031
1971.9166333    -66.6659
1972.0000333    -74.1911
1972.0833333    -75.5619
1972.1666333    -80.7791
1972.2500333    -81.3817
1972.3333333    -70.4452
1972.4166333    -49.5089
1972.5000333    -52.4197
1972.5833333    -59.176
1972.6666333    -65.9324
1972.7500333    -58.8436
1972.8333333    -46.3696
1972.9166333    -39.2803
1973.0000333    -38.3458
1973.0833333    -42.026
1973.1666333    -60.3218
1973.2500333    -76.3108
1973.3333333    -85.3761
1973.4166333    -93.6723
1973.5000333    -101.2
1973.5833333    -108.728
1973.6666333    -103.947
1973.7500333    -93.7833
1973.8333333    -92.8495
1973.9166333    -93.4543
1974.0000333    -95.5984
1974.0833333    -97.742
1974.1666333    -96.8087
1974.2500333    -92.0302
1974.3333333    -77.2512
1974.4166333    -60.1645
1974.5000333    -46.1557
1974.5833333    -35.9925
1974.6666333    -28.9063
1974.7500333    -21.0517
1974.8333333    -5.5043
1974.9166333    8.5045
1975.0000333    20.974
1975.0833333    24.9825
1975.1666333    23.6063
1975.2500333    22.9984
1975.3333333    19.3142
1975.4166333    7.1683
1975.5000333    -8.0554
1975.5833333    -19.4323
1975.6666333    -36.9633
1975.7500333    -46.8028
1975.8333333    -52.7956
1975.9166333    -61.8655
1976.0000333    -75.5516
1976.0833333    -91.5448
1976.1666333    -101.384
1976.2500333    -109.686
1976.3333333    -119.526
1976.4166333    -116.289
1976.5000333    -113.053
1976.5833333    -108.278
1976.6666333    -98.1183
1976.7500333    -83.3442
1976.8333333    -67.0311
1976.9166333    -57.6412
1977.0000333    -49.7906
1977.0833333    -45.7856
1977.1666333    -44.0884
1977.2500333    -50.0844
1977.3333333    -59.1567
1977.4166333    -58.2292
1977.5000333    -61.1488
1977.5833333    -60.9908
1977.6666333    -53.9099
1977.7500333    -49.1375
1977.8333333    -42.0569
1977.9166333    -36.5149
1978.0000333    -30.9737
1978.0833333    -27.7397
1978.1666333    -26.8135
1978.2500333    -29.7344
1978.3333333    -30.3469
1978.4166333    -27.1135
1978.5000333    -20.0348
1978.5833333    -1.417
1978.6666333    10.2775
1978.7500333    20.4327
1978.8333333    24.4347
1978.9166333    26.1288
1979.0000333    26.2835
1979.0833333    25.6697
1979.1666333    23.5172
1979.2500333    22.9023
1979.3333333    19.211
1979.4166333    19.3658
1979.5000333    29.5197
1979.5833333    28.1357
1979.6666333    5.2131
1979.7500333    0.7511
1979.8333333    -4.4794
1979.9166333    -10.4794
1980.0000333    -19.5572
1980.0833333    -33.2497
1980.1666333    -52.3271
1980.2500333    -56.0207
1980.3333333    -58.9444
1980.4166333    -47.253
1980.5000333    -33.2547
1980.5833333    -25.4097
1980.6666333    -16.0263
1980.7500333    6.433
1980.8333333    18.1238
1980.9166333    22.1221
1981.0000333    25.3502
1981.0833333    27.0405
1981.1666333    23.3461
1981.2500333    23.4969
1981.3333333    19.8021
1981.4166333    24.5687
1981.5000333    36.2576
1981.5833333    46.4085
1981.6666333    49.6363
1981.7500333    34.4016
1981.8333333    34.5521
1981.9166333    28.5486
1982.0000333    24.8519
1982.0833333    22.6943
1982.1666333    25.152
1982.2500333    24.5318
1982.3333333    22.3737
1982.4166333    10.2155
1982.5000333    3.441
1982.5833333    -11.0251
1982.6666333    -27.0299
1982.7500333    -34.5741
1982.8333333    -22.8869
1982.9166333    -26.5844
1983.0000333    -27.9751
1983.0833333    -30.1345
1983.1666333    -41.5248
1983.2500333    -55.9929
1983.3333333    -66.6142
1983.4166333    -74.1588
1983.5000333    -74.012
1983.5833333    -79.2491
1983.6666333    -83.7172
1983.7500333    -82.8016
1983.8333333    -97.27
1983.9166333    -98.6616
1984.0000333    -106.208
1984.0833333    -114.523
1984.1666333    -143.607
1984.2500333    -151.923
1984.3333333    -157.162
1984.4166333    -155.477
1984.5000333    -152.255
1984.5833333    -145.186
1984.6666333    -151.195
1984.7500333    -158.743
1984.8333333    -164.751
1984.9166333    -146.914
1985.0000333    -143.693
1985.0833333    -138.932
1985.1666333    -142.634
1985.2500333    -121.721
1985.3333333    -120.807
1985.4166333    -114.509
1985.5000333    -92.8274
1985.5833333    -64.2219
1985.6666333    -45.6166
1985.7500333    -31.6276
1985.8333333    -25.3302
1985.9166333    -9.8023
1986.0000333    -5.8137
1986.0833333    -7.2091
1986.1666333    -13.9893
1986.2500333    -19.2319
1986.3333333    -24.4739
1986.4166333    -26.6391
1986.5000333    -24.1898
1986.5833333    -29.4323
1986.6666333    -37.7518
1986.7500333    -46.0722
1986.8333333    -37.4689
1986.9166333    -20.4043
1987.0000333    -16.4174
1987.0833333    -15.5069
1987.1666333    -21.5196
1987.2500333    -20.6101
1987.3333333    -12.0077
1987.4166333    1.2099
1987.5000333    18.2728
1987.5833333    25.3363
1987.6666333    27.7842
1987.7500333    32.539
1987.8333333    39.6021
1987.9166333    46.665
1988.0000333    51.4193
1988.0833333    48.4819
1988.1666333    41.6982
1988.2500333    47.2213
1988.3333333    51.9758
1988.4166333    55.9609
1988.5000333    56.0989
1988.5833333    44.6991
1988.6666333    38.6838
1988.7500333    31.8983
1988.8333333    25.1135
1988.9166333    17.5593
1989.0000333    9.2349
1989.0833333    -6.7812
1989.1666333    -16.6435
1989.2500333    -22.6607
1989.3333333    -27.9079
1989.4166333    -27.7707
1989.5000333    -26.096
1989.5833333    -35.1899
1989.6666333    -32.7454
1989.7500333    -35.6865
1989.8333333    -30.1654
1989.9166333    -29.2599
1990.0000333    -42.9706
1990.0833333    -48.9884
1990.1666333    -52.6987
1990.2500333    -57.1791
1990.3333333    -58.582
1990.4166333    -53.0619
1990.5000333    -49.0812
1990.5833333    -55.0999
1990.6666333    -49.5803
1990.7500333    -42.5232
1990.8333333    -30.85
1990.9166333    -23.0231
1991.0000333    -12.1202
1991.0833333    8.014
1991.1666333    -2.6211
1991.2500333    2.1275
1991.3333333    2.2613
1991.4166333    15.4719
1991.5000333    14.0663
1991.5833333    9.5843
1991.6666333    8.179
1991.7500333    2.9268
1991.8333333    -2.3249
1991.9166333    -16.0383
1992.0000333    -23.5987
1992.0833333    -41.9277
1992.1666333    -58.7184
1992.2500333    -57.8177
1992.3333333    -51.5318
1992.4166333    -37.5537
1992.5000333    -37.4227
1992.5833333    -35.7526
1992.6666333    -36.3904
1992.7500333    -31.6444
1992.8333333    -24.5901
1992.9166333    -12.1514
1993.0000333    1.8249
1993.0833333    2.7249
1993.1666333    12.0862
1993.2500333    19.9082
1993.3333333    29.2693
1993.4166333    25.5533
1993.5000333    17.2211
1993.5833333    13.5048
1993.6666333    12.096
1993.7500333    16.071
1993.8333333    23.1235
1993.9166333    28.6374
1994.0000333    29.535
1994.0833333    31.2025
1994.1666333    33.639
1994.2500333    33.767
1994.3333333    40.0494
1994.4166333    47.8701
1994.5000333    51.8437
1994.5833333    58.1257
1994.6666333    62.0998
1994.7500333    66.073
1994.8333333    61.5853
1994.9166333    54.0206
1995.0000333    58.7626
1995.0833333    55.8129
1995.1666333    52.863
1995.2500333    50.6815
1995.3333333    46.1929
1995.4166333    41.7042
1995.5000333    41.0607
1995.5833333    36.5717
1995.6666333    34.3902
1995.7500333    27.5924
1995.8333333    25.4107
1995.9166333    33.2288
1996.0000333    38.7382
1996.0833333    19.6329
1996.1666333    15.1429
1996.2500333    19.1135
1996.3333333    17.7
1996.4166333    23.9788
1996.5000333    37.9489
1996.5833333    41.9197
1996.6666333    44.3518
1996.7500333    48.3215
1996.8333333    51.5226
1996.9166333    56.262
1997.0000333    61.0005
1997.0833333    70.355
1997.1666333    87.4017
1997.2500333    93.6782
1997.3333333    89.9553
1997.4166333    96.2323
1997.5000333    100.97
1997.5833333    104.17
1997.6666333    108.908
1997.7500333    114.414
1997.8333333    121.46
1997.9166333    130.813
1998.0000333    124.011
1998.0833333    122.594
1998.1666333    112.716
1998.2500333    105.145
1998.3333333    102.959
1998.4166333    106.157
1998.5000333    101.662
1998.5833333    97.937
1998.6666333    88.8272
1998.7500333    86.6395
1998.8333333    94.4525
1998.9166333    98.4191
1999.0000333    103.154
1999.0833333    117.12
1999.1666333    118.01
1999.2500333    123.513
1999.3333333    125.172
1999.4166333    117.599
1999.5000333    112.333
1999.5833333    116.299
1999.6666333    117.187
1999.7500333    114.998
1999.8333333    115.886
1999.9166333    114.466
2000.0000333    102.276
2000.0833333    93.9331
2000.1666333    83.2821
2000.2500333    72.6303
2000.3333333    57.3637
2000.4166333    49.02
2000.5000333    48.3677
2000.5833333    47.7161
2000.6666333    53.9874
2000.7500333    40.2577
2000.8333333    57.2979
2000.9166333    41.2611
2000.9999663    0.0
2001.0833333    32.2631
2001.1666333    25.4565
2001.2500333    17.1106
2001.3333333    8.7653
2001.4166333    5.8045
2001.5000333    12.8428
2001.5833333    15.2663
2001.6666333    19.9974
2001.7500333    27.8044
2001.8333333    21.7659
2001.9166333    38.035
2002.0000333    22.7647
2002.0833333    36.7258
2002.1666333    36.8406
2002.2500333    44.6468
2002.3333333    47.069
2002.4166333    49.491
2002.5000333    53.4506
2002.5833333    58.9493
2002.6666333    66.7555
2002.7500333    72.2531
2002.8333333    74.6744
2002.9166333    80.1725
2002.9999663    0.0
2003.0833003    0.0
2003.1666333    0.0
2003.2499663    0.0
2003.3333003    0.0
2003.4166333    0.0
2003.4999663    0.0
2003.5833003    0.0
2003.6666333    0.0
2003.7499663    0.0
2003.8333003    0.0
2003.9166333    0.0
2004.0000333    70.092
2004.0833333    70.2034
2004.1666333    64.1609
2004.2500333    51.9635
2004.3333333    42.8437
2004.4166333    40.6469
2004.5000333    43.8337
2004.5833333    47.0212
2004.6666333    49.4393
2004.7500333    49.5488
2004.8333333    50.4281
2004.9166333    47.4611
2005.0000333    40.6471
2005.0833333    41.526
2005.1666333    37.7894
2005.2500333    40.9749
2005.3333333    48.0072
2005.4166333    49.6547
2005.5000333    52.8398
2005.5833333    51.4101
2005.6666333    49.2111
2005.7500333    47.0111
2005.8333333    48.6579
2005.9166333    51.0738
2006.0000333    55.0272
2006.0833333    51.289
2006.1666333    45.2429
2006.2500333    36.8882
2006.3333333    29.3034
2006.4166333    25.5645
2006.5000333    20.2863
2006.5833333    13.4703
2006.6666333    13.5772
2006.7500333    13.6831
2006.8333333    4.5589
2006.9166333    -2.2577
2007.0000333    -13.6906
2007.0833333    -32.046
2007.1666333    -40.4015
2007.2500333    -52.6042
2007.3333333    -50.96
2007.4166333    -62.3929
2007.5000333    -63.0575
2007.5833333    -65.2599
2007.6666333    -73.6163
2007.7500333    -78.1275
2007.8333333    -78.7919
2007.9166333    -75.6103
2008.0000333    -76.2757
2008.0833333    -80.0175
2008.1666333    -84.5286
2008.2500333    -85.9638
2008.3333333    -88.1675
2008.4166333    -92.6791
2008.5000333    -88.7301
2008.5833333    -89.3958
2008.6666333    -81.6001
2008.7500333    -69.9592
2008.8333333    -63.7023
2008.9166333    -65.907
2009.0000333    -65.0358
2009.0833333    -65.7024
2009.1666333    -64.0614
2009.2500333    -63.9599
2009.3333333    -60.7807
2009.4166333    -49.9095
2009.5000333    -35.9622
2009.5833333    -16.6297
2009.6666333    5.0104
2009.7500333    16.6496
2009.8333333    25.2124
2009.9166333    39.1598
2010.0000333    59.26
2010.0833333    70.1301
2010.1666333    73.3078
2010.2500333    81.0999
2010.3333333    87.3542
2010.4166333    97.4545
2010.5000333    109.862
2010.5833333    113.808
2010.6666333    109.292
2010.7500333    94.7757
2010.8333333    86.4137
2010.9166333    84.9747
2011.0000333    74.3039
2011.0833333    59.7877
2011.1666333    46.8097
2011.2500333    40.7539
2011.3333333    36.2372
2011.4166333    31.7204
2011.5000333    21.818
2011.5833333    8.0701
2011.6666333    -5.678
2011.7500333    -20.9655
2011.8333333    -24.7138
2011.9166333    -24.6161
2012.0000333    -30.6733
2012.0833333    -32.1143
2012.1666333    -44.3248
2012.2500333    -51.9208
2012.3333333    -55.6701
2012.4166333    -57.881
2012.5000333    -50.0928
2012.5833333    -46.1502
2012.6666333    -36.8231
2012.7500333    -27.4969
2012.8333333    -12.7855
2012.9166333    -6.5357
2013.0000333    2.0208
2013.0833333    7.501
2013.1666333    8.3657
2013.2500333    16.9218
2013.3333333    20.0939
2013.4166333    27.8812
2013.5000333    26.4368
2013.5833333    23.4546
2013.6666333    23.5492
2013.7500333    12.1044
2013.8333333    3.7372
2013.9166333    1.5236
2014.0000333    -0.6909
2014.0833333    -6.7509
2014.1666333    -8.9648
2014.2500333    -15.0259
2014.3333333    -14.9325
2014.4166333    -8.6854
2014.5000333    -9.3623
2014.5833333    -2.3462
2014.6666333    2.362
2014.7500333    4.7616
2014.8333333    8.7002
2014.9166333    11.1003
2015.0000333    8.8841
2015.0833333    5.13
2015.1666333    -6.3165
2015.2500333    -13.1486
2015.3333333    -16.1338
2015.4166333    -19.1192
2015.5000333    -19.0287
2015.5833333    -21.2451
2015.6666333    -24.231
2015.7500333    -27.2178
2015.8333333    -25.5885
2015.9166333    -17.8056
2016.0000333    -13.1005
2016.0833333    -15.3179
2016.1666333    -15.2277
2016.2500333    -9.7538
2016.3333333    -9.6639
2016.4166333    -3.4203
2016.5000333    -2.5623
2016.5833333    -4.0113
2016.6666333    -7.7681
2016.7500333    -11.5259
2016.8333333    -11.4369
2016.9166333    -15.9634
2017.0000333    -22.7985
2017.0833333    -29.633
2017.1666333    -37.2369
2017.2500333    -39.4571
2017.3333333    -44.7536
2017.4166333    -46.9732
2017.5000333    -49.9631
2017.5833333    -52.1831
2017.6666333    -53.634
2017.7500333    -47.3936
2017.8333333    -41.9217
2017.9166333    -33.373
2018.0000333    -34.8253
2018.0833333    -31.6616
2018.1666333    -30.8056
2018.2500333    -22.2584
2018.3333333    -14.4797
2018.4166333    6.3758
2018.4999663    0.0
2018.5833003    0.0
2018.6666333    0.0
2018.7499663    0.0
2018.8333003    0.0
2018.9166333    0.0
2019.0000333    20.0499
2019.0833333    31.6734
2019.1666333    36.3737
2019.2500333    33.3808
2019.3333333    21.1577
2019.4166333    13.5499
2019.5000333    4.4026
2019.5833333    3.7176
2019.6666333    -1.583
2019.7500333    -7.6537
2019.8333333    -9.8776
2019.9166333    -9.794
2020.0000333    -26.6345
2020.0833333    -43.684
2020.1666333    -59.0064
2020.2500333    -64.249
2020.3333333    -60.6298
2020.4166333    -44.352
