1848.625 0.11975786763006818
1848.7083 0.11958109291502983
1848.7917 0.11940457913733526
1848.875 0.11922832591181459
1848.9583 0.11905233285386649
1849.0417 0.1188765995794573
1849.125 0.11870112570512029
1849.2083 0.11852591084795473
1849.2917 0.03965248341622632
1849.375 0.039593952343527875
1849.4583 0.03953550766860773
1849.5417 0.03947714926393403
1849.625 0.03941887700216318
1849.7083 0.039360690756139544
1849.7917 0.039302590398895186
1849.875 0.039244575803649595
1849.9583 0.03918664684380939
1850.0417 0.03912880339296806
1850.125 0.03907104532490567
1850.2083 0.03901337251358863
1850.2917 0.13154462889704044
1850.375 0.13135045573123283
1850.4583 0.13115656918464058
1850.5417 0.13096296883418476
1850.625 0.13076965425741097
1850.7083 0.13057662503248835
1850.7917 0.13038388073820875
1850.875 0.13019142095398573
1850.9583 0.1299992452598537
1851.0417 0.129807353236467
1851.125 0.1296157444650989
1851.2083 0.12942441852764083
1851.2917 0.08535666598190438
1851.375 0.08523067091699403
1851.4583 0.08510486183353222
1851.5417 0.08497923845699154
1851.625 0.08485380051324981
1851.7083 0.08472854772858947
1851.7917 0.084603479829697
1851.875 0.08447859654366234
1851.9583 0.08435389759797823
1852.0417 0.08422938272053972
1852.125 0.08410505163964344
1852.2083 0.08398090408398713
1852.2917 0.002427261372351275
1852.375 0.0024236784892730087
1852.4583 0.002420100894892243
1852.5417 0.0024165285814023254
1852.625 0.002412961541008128
1852.7083 0.002409399765926028
1852.7917 0.002405843248383893
1852.875 0.002402291980621062
1852.9583 0.0023987459548883315
1853.0417 0.002395205163447934
1853.125 0.0023916695985735257
1853.2083 0.002388139252550167
1853.2917 0.13974091943524278
1853.375 0.1395346477163051
1853.4583 0.1393286804752699
1853.5417 0.13912301726269694
1853.625 0.13891765762980954
1853.7083 0.13871260112849337
1853.7917 0.13850784731129565
1853.875 0.13830339573142397
1853.9583 0.13809924594274553
1854.0417 0.13789539749978602
1854.125 0.1376918499577287
1854.2083 0.13748860287241346
1854.2917 -0.05667610785309227
1854.375 -0.05659244819036212
1854.4583 -0.05650891201774859
1854.5417 -0.05642549915296778
1854.625 -0.056342209414004876
1854.7083 -0.05625904261911372
1854.7917 -0.05617599858681645
1854.875 -0.05609307713590306
1854.9583 -0.05601027808543104
1855.0417 -0.05592760125472497
1855.125 -0.05584504646337613
1855.2083 -0.055762613531242095
1855.2917 0.1336379379990424
1855.375 0.1334406748974559
1855.4583 0.13324370297614221
1855.5417 0.13304702180528988
1855.625 0.1328506309557218
1855.7083 0.13265452999889443
1855.7917 0.13245871850689678
1855.875 0.13226319605244952
1855.9583 0.132067962208904
1856.0417 0.13187301655024136
1856.125 0.13167835865107164
1856.2083 0.1314839880866327
1856.2917 0.07099007245209162
1856.375 0.07088528393108158
1856.4583 0.07078065008851821
1856.5417 0.07067617069608048
1856.625 0.07057184552578441
1856.7083 0.07046767434998252
1856.7917 0.07036365694136339
1856.875 0.07025979307295109
1856.9583 0.07015608251810479
1857.0417 0.07005252505051816
1857.125 0.06994912044421893
1857.2083 0.0698458684735684
1857.2917 0.11014393697571528
1857.375 0.1099813533938814
1857.4583 0.10981900980184459
1857.5417 0.10965690584535563
1857.625 0.10949504117068826
1857.7083 0.1093334154246383
1857.7917 0.10917202825452299
1857.875 0.10901087930818014
1857.9583 0.10884996823396738
1858.0417 0.10868929468076141
1858.125 0.10852885829795722
1858.2083 0.10836865873546733
1858.2917 0.1477802416783631
1858.375 0.14756210310736176
1858.4583 0.14734428653093573
1858.5417 0.1471267914737885
1858.625 0.14690961746132505
1858.7083 0.14669276401965106
1858.7917 0.1464762306755716
1858.875 0.14626001695659033
1858.9583 0.14604412239090825
1859.0417 0.14582854650742286
1859.125 0.14561328883572702
1859.2083 0.14539834890610798
1859.2917 -0.029790616090946742
1859.375 -0.029746642131034885
1859.4583 -0.029702733081131753
1859.5417 -0.02965888884542361
1859.625 -0.029615109328238156
1859.7083 -0.029571394434044312
1859.7917 -0.02952774406745201
1859.875 -0.02948415813321199
1859.9583 -0.02944063653621559
1860.0417 -0.029397179181494534
1860.125 -0.029353785974220732
1860.2083 -0.02931045681970607
1860.2917 0.20100215164377488
1860.375 0.2007054521551978
1860.4583 0.20040919062504953
1860.5417 0.20011336640685917
1860.625 0.19981797885511007
1860.7083 0.19952302732523847
1860.7917 0.19922851117363197
1860.875 0.19893442975762826
1860.9583 0.1986407824355137
1861.0417 0.19834756856652178
1861.125 0.19805478751083191
1861.2083 0.19776243862956794
1861.2917 0.04385445367474558
1861.375 0.043789720069305454
1861.4583 0.04372508201720877
1861.5417 0.04366053937740913
1861.625 0.043596092009068346
1861.7083 0.04353173977155611
1861.7917 0.043467482524449715
1861.875 0.043403320127533715
1861.9583 0.04333925244079965
1862.0417 0.04327527932444571
1862.125 0.04321140063887647
1862.2083 0.04314761624470254
1862.2917 0.10173301986912031
1862.375 0.10158285165092101
1862.4583 0.10143290509618738
1862.5417 0.10128317987772174
1862.625 0.1011336756688094
1862.7083 0.10098439214321792
1862.7917 0.10083532897519641
1862.875 0.10068648583947484
1862.9583 0.10053786241126329
1863.0417 0.10038945836625128
1863.125 0.10024127338060702
1863.2083 0.10009330713097676
1863.2917 0.02162929619552105
1863.375 0.02159736916853645
1863.4583 0.02156548926907014
1863.5417 0.021533656427557144
1863.625 0.021501870574535162
1863.7083 0.021470131640644437
1863.7917 0.021438439556627588
1863.875 0.02140679425332947
1863.9583 0.021375195661697006
1864.0417 0.021343643712779064
1864.125 0.021312138337726282
1864.2083 0.02128067946779093
1864.2917 0.021828528829852704
1864.375 0.021796307715365903
1864.4583 0.021764134162500264
1864.5417 0.02173200810105003
1864.625 0.021699929460913075
1864.7083 0.021667898172090742
1864.7917 0.02163591416468771
1864.875 0.021603977368911825
1864.9583 0.021572087715073955
1865.0417 0.021540245133587835
1865.125 0.021508449554969916
1865.2083 0.021476700909839216
1865.2917 0.09660660254561697
1865.375 0.09646400143744947
1865.4583 0.09632161082292852
1865.5417 0.09617943039134422
1865.625 0.09603745983244533
1865.7083 0.09589569883643854
1865.7917 0.09575414709398786
1865.875 0.09561280429621387
1865.9583 0.09547167013469314
1866.0417 0.09533074430145747
1866.125 0.09519002648899323
1866.2083 0.09504951639024077
1866.2917 -0.03984613593008976
1866.375 -0.039787319006710835
1866.4583 -0.0397285889030547
1866.5417 -0.039669945490966675
1866.625 -0.03961138864248124
1866.7083 -0.03955291822982177
1866.7917 -0.03949453412540026
1866.875 -0.039436236201817014
1866.9583 -0.03937802433186041
1867.0417 -0.03931989838850661
1867.125 -0.03926185824491925
1867.2083 -0.03920390377444921
1867.2917 0.08145270657263569
1867.375 0.08133247414633733
1867.4583 0.08121241919525057
1867.5417 0.08109254145740405
1867.625 0.08097284067121312
1867.7083 0.08085331657547926
1867.7917 0.08073396890938948
1867.875 0.08061479741251583
1867.9583 0.08049580182481472
1868.0417 0.08037698188662644
1868.125 0.08025833733867456
1868.2083 0.08013986792206536
1868.2917 -0.004385412024566812
1868.375 -0.004378938713240301
1868.4583 -0.004372474957175483
1868.5417 -0.004366020742267828
1868.625 -0.004359576054433622
1868.7083 -0.004353140879609943
1868.7917 -0.004346715203754625
1868.875 -0.0043402990128462325
1868.9583 -0.004333892292884023
1869.0417 -0.004327495029887925
1869.125 -0.0043211072098985
1869.2083 -0.004314728818976915
1869.2917 0.11248020238372182
1869.375 0.11231417023804886
1869.4583 0.11214838317260169
1869.5417 0.11198284082561712
1869.625 0.11181754283586598
1869.7083 0.11165248884265229
1869.7917 0.11148767848581251
1869.875 0.11132311140571473
1869.9583 0.1111587872432579
1870.0417 0.11099470563987102
1870.125 0.11083086623751238
1870.2083 0.11066726867866881
1870.2917 0.043194521677148004
1870.375 0.043130762198027334
1870.4583 0.043067096834341206
1870.5417 0.043003525447165736
1870.625 0.042940047897782094
1870.7083 0.04287666404767622
1870.7917 0.042813373758538505
1870.875 0.04275017689226351
1870.9583 0.04268707331094964
1871.0417 0.04262406287689888
1871.125 0.042561145452616446
1871.2083 0.04249832090081052
1871.2917 -0.041214140628165294
1871.375 -0.04115330439160504
1871.4583 -0.0410925579554779
1871.5417 -0.04103190118722936
1871.625 -0.04097133395450057
1871.7083 -0.04091085612512805
1871.7917 -0.04085046756714342
1871.875 -0.04079016814877308
1871.9583 -0.040729957738437954
1872.0417 -0.040669836204753194
1872.125 -0.040609803416527875
1872.2083 -0.04054985924276473
1872.2917 0.10912600596868177
1872.375 0.10896492495588371
1872.4583 0.10880408171493897
1872.5417 0.10864347589487225
1872.625 0.10848310714522635
1872.7083 0.10832297511606138
1872.7917 0.10816307945795399
1872.875 0.1080034198219966
1872.9583 0.10784399585979666
1873.0417 0.1076848072234759
1873.125 0.10752585356566953
1873.2083 0.10736713453952552
1873.2917 -0.10030011843445694
1873.375 -0.10015206532358047
1873.4583 -0.10000423075405751
1873.5417 -0.09985661440329895
1873.625 -0.09970921594919183
1873.7083 -0.09956203507009867
1873.7917 -0.09941507144485677
1873.875 -0.09926832475277748
1873.9583 -0.09912179467364554
1874.0417 -0.09897548088771835
1874.125 -0.09882938307572527
1874.2083 -0.09868350091886695
1874.2917 0.11768283385188634
1874.375 0.11750912209640206
1874.4583 0.11733566675702374
1874.5417 0.11716246745525528
1874.625 0.1169895238131593
1874.7083 0.11681683545335628
1874.7917 0.11664440199902376
1874.875 0.11647222307389551
1874.9583 0.11630029830226071
1875.0417 0.1161286273089631
1875.125 0.11595720971940023
1875.2083 0.11578604515952255
1875.2917 -0.0032146240539671633
1875.375 -0.003209878944002022
1875.4583 -0.003205140838298718
1875.5417 -0.0032004097265182527
1875.625 -0.003195685598336889
1875.7083 -0.003190968443446129
1875.7917 -0.003186258251552691
1875.875 -0.0031815550123784875
1875.9583 -0.0031768587156606022
1876.0417 -0.003172169351151268
1876.125 -0.0031674869086178443
1876.2083 -0.0031628113778427954
1876.2917 0.09520694234413875
1876.375 0.09506640727587462
1876.4583 0.09492607965157336
1876.5417 0.0947859591650267
1876.625 0.09464604551047841
1876.7083 0.09450633838262353
1876.7917 0.09436683747660779
1876.875 0.09422754248802694
1876.9583 0.09408845311292602
1877.0417 0.09394956904779875
1877.125 0.09381088998958687
1877.2083 0.09367241563567945
1877.2917 0.13072574099815637
1877.375 0.13053277659364218
1877.4583 0.13034009702408952
1877.5417 0.13014770186905322
1877.625 0.1299555907087087
1877.7083 0.1297637631238511
1877.7917 0.12957221869589433
1877.875 0.12938095700687022
1877.9583 0.1291899776394275
1878.0417 0.128999280176831
1878.125 0.12880886420296067
1878.2083 0.12861872930231072
1878.2917 -0.02045697054230669
1878.375 -0.020426773986458393
1878.4583 -0.020396622003778113
1878.5417 -0.02036651452847135
1878.625 -0.020336451494840722
1878.7083 -0.020306432837285827
1878.7917 -0.020276458490303087
1878.875 -0.020246528388485622
1878.9583 -0.020216642466523098
1879.0417 -0.020186800659201583
1879.125 -0.02015700290140341
1879.2083 -0.020127249128107032
1879.2917 0.1678205433264258
1879.375 0.16757282324497152
1879.4583 0.16732546882339142
1879.5417 0.16707847952193455
1879.625 0.16683185480164675
1879.7083 0.16658559412436932
1879.7917 0.166339696952738
1879.875 0.16609416275018177
1879.9583 0.16584899098092154
1880.0417 0.16560418110996916
1880.125 0.16535973260312614
1880.2083 0.16511564492698255
1880.2917 0.02782130297934357
1880.375 0.027780235924598065
1880.4583 0.027739229488975493
1880.5417 0.027698283582995902
1880.625 0.027657398117311424
1880.7083 0.027616573002706073
1880.7917 0.027575808150095558
1880.875 0.027535103470527088
1880.9583 0.027494458875179168
1881.0417 0.027453874275361417
1881.125 0.02741334958251437
1881.2083 0.027372884708209286
1881.2917 0.07257641226862241
1881.375 0.07246928214973183
1881.4583 0.07236231016572303
1881.5417 0.07225549608317293
1881.625 0.07214883966900303
1881.7083 0.07204234069047885
1881.7917 0.07193599891520948
1881.875 0.07182981411114703
1881.9583 0.07172378604658614
1882.0417 0.07161791449016346
1882.125 0.07151219921085715
1882.2083 0.07140663997798641
1882.2917 0.01044371590035112
1882.375 0.010428299920267631
1882.4583 0.010412906695728646
1882.5417 0.01039753619314468
1882.625 0.010382188378975829
1882.7083 0.010366863219731702
1882.7917 0.01035156068197134
1882.875 0.010336280732303145
1882.9583 0.010321023337384813
1883.0417 0.010305788463923254
1883.125 0.01029057607867452
1883.2083 0.010275386148443736
1883.2917 -0.0033952321695858625
1883.375 -0.0033902204637902855
1883.4583 -0.003385216155778932
1883.5417 -0.003380219234631926
1883.625 -0.003375229689445509
1883.7083 -0.003370247509332017
1883.7917 -0.0033652726834198588
1883.875 -0.0033603052008534897
1883.9583 -0.0033553450507933895
1884.0417 -0.0033503922224160376
1884.125 -0.0033454467049138905
1884.2083 -0.0033405084874953577
1884.2917 0.0979580128909425
1884.375 0.09781341696453531
1884.4583 0.09766903447632798
1884.5417 0.09752486511126417
1884.625 0.09738090855475257
1884.7083 0.09723716449266624
1884.7917 0.09709363261134196
1884.875 0.09695031259757947
1884.9583 0.09680720413864083
1885.0417 0.09666430692224975
1885.125 0.0965216206365909
1885.2083 0.09637914497030917
1885.2917 -0.03716129262670882
1885.375 -0.03710643880336892
1885.4583 -0.03705166594981565
1885.5417 -0.03699697394652943
1885.625 -0.03694236267416708
1885.7083 -0.03688783201356162
1885.7917 -0.036833381845721935
1885.875 -0.03677901205183257
1885.9583 -0.03672472251325346
1886.0417 -0.03667051311151965
1886.125 -0.036616383728341056
1886.2083 -0.03656233424560221
1886.2917 0.05628024748643
1886.375 0.05619717215360566
1886.4583 0.05611421944836794
1886.5417 0.056031389189706134
1886.625 0.05594868119687672
1886.7083 0.05586609528940298
1886.7917 0.055783631287074587
1886.875 0.055701289009947225
1886.9583 0.0556190682783422
1887.0417 0.055536968912846034
1887.125 0.05545499073431009
1887.2083 0.05537313356385016
1887.2917 -0.06412376791058577
1887.375 -0.06402911474896975
1887.4583 -0.06393460130498567
1887.5417 -0.0638402273723962
1887.625 -0.0637459927452684
1887.7083 -0.06365189721797336
1887.7917 -0.06355794058518564
1887.875 -0.06346412264188293
1887.9583 -0.06337044318334555
1888.0417 -0.06327690200515595
1888.125 -0.0631834989031984
1888.2083 -0.0630902336736584
1888.2917 0.11071152094509297
1888.375 0.11054809955196174
1888.4583 0.1103849193853217
1888.5417 0.1102219800890982
1888.625 0.11005928130774213
1888.7083 0.10989682268622926
1888.7917 0.10973460387005939
1888.875 0.10957262450525558
1888.9583 0.10941088423836344
1889.0417 0.10924938271645028
1889.125 0.10908811958710439
1889.2083 0.10892709449843424
1889.2917 0.01638628154622923
1889.375 0.01636209373871231
1889.4583 0.01633794163484364
1889.5417 0.01631382518192103
1889.625 0.01628974432732008
1889.7083 0.01626569901849407
1889.7917 0.01624168920297384
1889.875 0.016217714828367688
1889.9583 0.016193775842361244
1890.0417 0.016169872192717354
1890.125 0.01614600382727598
1890.2083 0.016122170693954073
1890.2917 -0.028173344242978755
1890.375 -0.028131757539751754
1890.4583 -0.02809023222270136
1890.5417 -0.028048768201215372
1890.625 -0.028007365384815346
1890.7083 -0.027966023683156385
1890.7917 -0.027924743006026955
1890.875 -0.027883523263348687
1890.9583 -0.027842364365176172
1891.0417 -0.02780126622169677
1891.125 -0.027760228743230413
1891.2083 -0.02771925184022941
1891.2917 0.04813190430635386
1891.375 0.048060856751513524
1891.4583 0.047989914070044014
1891.5417 0.047919076107141634
1891.625 0.0478483427082312
1891.7083 0.047777713718965685
1891.7917 0.047707188985225905
1891.875 0.047636768353120175
1891.9583 0.047566451668983954
1892.0417 0.047496238779379536
1892.125 0.047426129531095707
1892.2083 0.0473561237711474
1892.2917 -0.13692718795893682
1892.375 -0.13672506959200653
1892.4583 -0.13652324957221137
1892.5417 -0.13632172745916085
1892.625 -0.13612050281311447
1892.7083 -0.1359195751949809
1892.7917 -0.1357189441663169
1892.875 -0.1355186092893265
1892.9583 -0.1353185701268598
1893.0417 -0.13511882624241237
1893.125 -0.13491937720012395
1893.2083 -0.13472022256477775
1893.2917 0.09837101396187173
1893.375 0.09822580840414703
1893.4583 0.09808081718449964
1893.5417 0.09793603998654488
1893.625 0.0977914764943651
1893.7083 0.097647126392509
1893.7917 0.09750298936599087
1893.875 0.09735906510029
1893.9583 0.0972153532813499
1894.0417 0.09707185359557771
1894.125 0.09692856572984342
1894.2083 0.09678548937147924
1894.2917 -0.023387298424168604
1894.375 -0.02335277640823542
1894.4583 -0.023318305350286457
1894.5417 -0.023283885175102582
1894.625 -0.023249515807575692
1894.7083 -0.02321519717270855
1894.7917 -0.02318092919561462
1894.875 -0.02314671180151792
1894.9583 -0.023112544915752823
1895.0417 -0.02307842846376393
1895.125 -0.023044362371105895
1895.2083 -0.02301034656344325
1895.2917 0.09426560259599727
1895.375 0.09412645704033074
1895.4583 0.09398751687756604
1895.5417 0.09384878180452252
1895.625 0.09371025151846701
1895.7083 0.09357192571711323
1895.7917 0.09343380409862109
1895.875 0.09329588636159605
1895.9583 0.09315817220508847
1896.0417 0.09302066132859292
1896.125 0.09288335343204757
1896.2083 0.0927462482158335
1896.2917 0.11691254534630835
1896.375 0.11673997061450164
1896.4583 0.11656765062043903
1896.5417 0.11639558498810186
1896.625 0.11622377334202653
1896.7083 0.11605221530730364
1896.7917 0.1158809105095772
1896.875 0.11570985857504383
1896.9583 0.11553905913045188
1897.0417 0.1153685118031007
1897.125 0.11519821622083976
1897.2083 0.11502817201206786
1897.2917 -0.04821655536711683
1897.375 -0.0481453828587562
1897.4583 -0.04807431540821041
1897.5417 -0.04800335286040352
1897.625 -0.04793249506048848
1897.7083 -0.04786174185384682
1897.7917 -0.047791093086088296
1897.875 -0.04772054860305056
1897.9583 -0.04765010825079883
1898.0417 -0.047579771875625544
1898.125 -0.04750953932405002
1898.2083 -0.04743941044281814
1898.2917 0.12684907929280143
1898.375 0.1266618372327296
1898.4583 0.12647487156086065
1898.5417 0.12628818186921764
1898.625 0.12610176775042586
1898.7083 0.12591562879771193
1898.7917 0.12572976460490293
1898.875 0.12554417476642546
1898.9583 0.1253588588773048
1899.0417 0.12517381653316403
1899.125 0.1249890473302231
1899.2083 0.12480455086529801
1899.2917 -0.012943765808491478
1899.375 -0.01292465950209508
1899.4583 -0.012905581398537758
1899.5417 -0.012886531456189268
1899.625 -0.012867509633480823
1899.7083 -0.012848515888904991
1899.7917 -0.01282955018101561
1899.875 -0.0128106124684277
1899.9583 -0.012791702709817365
1900.0417 -0.01277282086392171
1900.125 -0.012753966889538745
1900.2083 -0.012735140745527304
1900.2917 0.08789179967285717
1900.375 0.087762062494425
1900.4583 0.0876325168211791
1900.5417 0.08750316237043847
1900.625 0.08737399885993935
1900.7083 0.08724502600783465
1900.7917 0.08711624353269332
1900.875 0.08698765115349971
1900.9583 0.08685924858965301
1901.0417 0.08673103556096656
1901.125 0.08660301178766733
1901.2083 0.08647517699039524
1901.2917 0.026143962665646135
1901.375 0.026105371534711264
1901.4583 0.02606683736818557
1901.5417 0.026028360081983833
1901.625 0.02598993959214494
1901.7083 0.025951575814831727
1901.7917 0.02591326866633077
1901.875 0.025875018063052223
1901.9583 0.02583682392152962
1902.0417 0.025798686158419702
1902.125 0.025760604690502238
1902.2083 0.025722579434679833
1902.2917 -0.005156941004362682
1902.375 -0.005149328838293295
1902.4583 -0.005141727908550292
1902.5417 -0.005134138198547719
1902.625 -0.005126559691724106
1902.7083 -0.005118992371542429
1902.7917 -0.005111436221490073
1902.875 -0.0051038912250787995
1902.9583 -0.005096357365844707
1903.0417 -0.005088834627348196
1903.125 -0.005081322993173935
1903.2083 -0.00507382244693082
1903.2917 0.07866021680628754
1903.375 0.07854410637708602
1903.4583 0.07842816733861181
1903.5417 0.0783123994378749
1903.625 0.07819680242225865
1903.7083 0.0780813760395194
1903.7917 0.07796612003778576
1903.875 0.07785103416555815
1903.9583 0.07773611817170822
1904.0417 0.07762137180547833
1904.125 0.07750679481648096
1904.2083 0.07739238695469819
1904.2917 -0.037940111705648386
1904.375 -0.037884108266642555
1904.4583 -0.03782818749437226
1904.5417 -0.037772349266813034
1904.625 -0.03771659346212056
1904.7083 -0.037660919958630336
1904.7917 -0.037605328634857486
1904.875 -0.03754981936949644
1904.9583 -0.03749439204142069
1905.0417 -0.03743904652968252
1905.125 -0.037383782713512746
1905.2083 -0.03732860047232046
1905.2917 0.04773245329835664
1905.375 0.04766199537357158
1905.4583 0.0475916414518038
1905.5417 0.04752139137953433
1905.625 0.04745124500347082
1905.7083 0.047381202170547185
1905.7917 0.04731126272792329
1905.875 0.04724142652298461
1905.9583 0.04717169340334188
1906.0417 0.04710206321683079
1906.125 0.047032535811511636
1906.2083 0.04696311103566899
1906.2917 -0.07887048687828217
1906.375 -0.07875406606920504
1906.4583 -0.07863781710900729
1906.5417 -0.0785217397440226
1906.625 -0.0784058337209591
1906.7083 -0.07829009878689881
1906.7917 -0.07817453468929707
1906.875 -0.07805914117598199
1906.9583 -0.07794391799515393
1907.0417 -0.07782886489538493
1907.125 -0.07771398162561814
1907.2083 -0.07759926793516733
1907.2917 0.11075758376184808
1907.375 0.11059409437534433
1907.4583 0.11043084631569687
1907.5417 0.11026783922668287
1907.625 0.11010507275260532
1907.7083 0.10994254653829227
1907.7917 0.10978026022909602
1907.875 0.10961821347089237
1907.9583 0.10945640591007985
1908.0417 0.10929483719357894
1908.125 0.10913350696883128
1908.2083 0.10897241488379897
1908.2917 0.004330388534670743
1908.375 0.004323996443575848
1908.4583 0.004317613787853377
1908.5417 0.004311240553575767
1908.625 0.004304876726836013
1908.7083 0.004298522293747639
1908.7917 0.004292177240444665
1908.875 0.004285841553081582
1908.9583 0.004279515217833313
1909.0417 0.004273198220895194
1909.125 0.004266890548482935
1909.2083 0.004260592186832593
1909.2917 -0.011404583199295234
1909.375 -0.011387748881975773
1909.4583 -0.011370939413809908
1909.5417 -0.011354154758117777
1909.625 -0.01133739487827366
1909.7083 -0.011320659737705902
1909.7917 -0.011303949299896832
1909.875 -0.011287263528382682
1909.9583 -0.011270602386753507
1910.0417 -0.011253965838653108
1910.125 -0.011237353847778951
1910.2083 -0.011220766377882089
1910.2917 -0.010706113373896098
1910.375 -0.010690310068624457
1910.4583 -0.010674530090628437
1910.5417 -0.010658773405474622
1910.625 -0.010643039978780425
1910.7083 -0.010627329776214006
1910.7917 -0.010611642763494208
1910.875 -0.010595978906390472
1910.9583 -0.01058033817072277
1911.0417 -0.010564720522361525
1911.125 -0.01054912592722754
1911.2083 -0.010533554351291923
1911.2917 -0.14436877025285433
1911.375 -0.1441556673584314
1911.4583 -0.14394287902541628
1911.5417 -0.1437304047894845
1911.625 -0.14351824418699705
1911.7083 -0.14330639675499926
1911.7917 -0.14309486203121985
1911.875 -0.14288363955406988
1911.9583 -0.14267272886264176
1912.0417 -0.14246212949670828
1912.125 -0.14225184099672153
1912.2083 -0.142041862903812
1912.2917 0.11437004457403513
1912.375 0.11420122283030677
1912.4583 0.11403265028453284
1912.5417 0.11386432656887197
1912.625 0.11369625131602576
1912.7083 0.113528424159238
1912.7917 0.11336084473229384
1912.875 0.11319351266951898
1912.9583 0.11302642760577891
1913.0417 0.1128595891764781
1913.125 0.11269299701755921
1913.2083 0.11252665076550224
1913.2917 -0.008016966991681973
1913.375 -0.008005133138228569
1913.4583 -0.007993316752738759
1913.5417 -0.007981517809428065
1913.625 -0.007969736282550068
1913.7083 -0.007957972146396354
1913.7917 -0.007946225375296455
1913.875 -0.007934495943617798
1913.9583 -0.007922783825765644
1914.0417 -0.007911088996183036
1914.125 -0.007899411429350741
1914.2083 -0.007887751099787194
1914.2917 0.07204450689570464
1914.375 0.07193816192289745
1914.4583 0.07183197392601708
1914.5417 0.07172594267335117
1914.625 0.07162006793352943
1914.7083 0.0715143494755231
1914.7917 0.07140878706864441
1914.875 0.07130338048254614
1914.9583 0.07119812948722107
1915.0417 0.07109303385300149
1915.125 0.0709880933505587
1915.2083 0.07088330775090253
1915.2917 0.047806289495866044
1915.375 0.04773572258139177
1915.4583 0.047665259830814564
1915.5417 0.04759490109037799
1915.625 0.04752464620655258
1915.7083 0.047454495026035465
1915.7917 0.04738444739575009
1915.875 0.04731450316284584
1915.9583 0.04724466217469774
1916.0417 0.0471749242789061
1916.125 0.04710528932329617
1916.2083 0.047035757155917846
1916.2917 -0.09534004187502007
1916.375 -0.09519931033839768
1916.4583 -0.0950587865357453
1916.5417 -0.09491847016042661
1916.625 -0.09477836090625788
1916.7083 -0.09463845846750739
1916.7917 -0.09449876253889467
1916.875 -0.09435927281558988
1916.9583 -0.09421998899321316
1917.0417 -0.09408091076783391
1917.125 -0.09394203783597022
1917.2083 -0.09380336989458808
1917.2917 0.11628938714752864
1917.375 0.11611773226019806
1917.4583 0.11594633075282818
1917.5417 0.11577518225140457
1917.625 0.11560428638246488
1917.7083 0.11543364277309803
1917.7917 0.1152632510509434
1917.875 0.11509311084419001
1917.9583 0.11492322178157571
1918.0417 0.11475358349238639
1918.125 0.1145841956064551
1918.2083 0.11441505775416133
1918.2917 -0.03889100992395608
1918.375 -0.038833602863084744
1918.4583 -0.038776280540836656
1918.5417 -0.038719042832129055
1918.625 -0.0386618896120638
1918.7083 -0.03860482075592711
1918.7917 -0.03854783613918931
1918.875 -0.03849093563750453
1918.9583 -0.03843411912671046
1919.0417 -0.03837738648282804
1919.125 -0.03832073758206125
1919.2083 -0.038264172300796775
1919.2917 0.10697328449643273
1919.375 0.1068153811180761
1919.4583 0.10665771082106323
1919.5417 0.10650027326134251
1919.625 0.10634306809537016
1919.7083 0.10618609498010952
1919.7917 0.1060293535730303
1919.875 0.1058728435321078
1919.9583 0.10571656451582219
1920.0417 0.10556051618315777
1920.125 0.10540469819360221
1920.2083 0.10524911020714578
1920.2917 0.0032175377247390946
1920.375 0.0032127883139014463
1920.4583 0.0032080459136741572
1920.5417 0.0032033105137088584
1920.625 0.0031985821036724553
1920.7083 0.0031938606732471067
1920.7917 0.0031891462121302013
1920.875 0.0031844387100343355
1920.9583 0.0031797381566872913
1921.0417 0.0031750445418320125
1921.125 0.003170357855226585
1921.2083 0.003165678086644211
1921.2917 -0.001368209522862221
1921.375 -0.0013661899073388064
1921.4583 -0.0013641732729720013
1921.5417 -0.0013621596153613174
1921.625 -0.0013601489301127618
1921.7083 -0.0013581412128388277
1921.7917 -0.0013561364591584846
1921.875 -0.001354134664697169
1921.9583 -0.0013521358250867743
1922.0417 -0.001350139935965642
1922.125 -0.0013481469929785518
1922.2083 -0.001346156991776712
1922.2917 0.04753225747212086
1922.375 0.04746209505660659
1922.4583 0.04739203620790805
1922.5417 0.04732208077315015
1922.625 0.04725222859968347
1922.7083 0.0471824795350839
1922.7917 0.04711283342715234
1922.875 0.04704329012391434
1922.9583 0.04697384947361978
1923.0417 0.04690451132474255
1923.125 0.04683527552598019
1923.2083 0.0467661419262536
1923.2917 -0.024886863333818975
1923.375 -0.024850127808537046
1923.4583 -0.02481344650860283
1923.5417 -0.02477681935397423
1923.625 -0.02474024626472731
1923.7083 -0.024703727161056097
1923.7917 -0.02466726196327243
1923.875 -0.024630850591805767
1923.9583 -0.02459449296720303
1924.0417 -0.02455818901012841
1924.125 -0.024521938641363216
1924.2083 -0.024485741781805685
1924.2917 0.04963946627409116
1924.375 0.04956619340543618
1924.4583 0.0494930286949401
1924.5417 0.04941997198295055
1924.625 0.04934702311005081
1924.7083 0.0492741819170595
1924.7917 0.04920144824503018
1924.875 0.049128821935251046
1924.9583 0.04905630282924457
1925.0417 0.048983890768767156
1925.125 0.04891158559580878
1925.2083 0.04883938715259266
1925.2917 -0.07122313459382637
1925.375 -0.07111800204954248
1925.4583 -0.07101302469151838
1925.5417 -0.07090820229068345
1925.625 -0.07080353461830524
1925.7083 -0.0706990214459889
1925.7917 -0.07059466254567673
1925.875 -0.07049045768964765
1925.9583 -0.07038640665051674
1926.0417 -0.07028250920123472
1926.125 -0.07017876511508743
1926.2083 -0.0700751741656954
1926.2917 0.06778475774820396
1926.375 0.06768470059561757
1926.4583 0.0675847911374999
1926.5417 0.06748502915583901
1926.625 0.06738541443294474
1926.7083 0.06728594675144826
1926.7917 0.06718662589430162
1926.875 0.06708745164477722
1926.9583 0.06698842378646742
1927.0417 0.06688954210328397
1927.125 0.06679080637945764
1927.2083 0.06669221639953764
1927.2917 -0.015381323318211071
1927.375 -0.015358618930597152
1927.4583 -0.015335948056953798
1927.5417 -0.015313310647811
1927.625 -0.015290706653771772
1927.7083 -0.015268136025512049
1927.7917 -0.015245598713780565
1927.875 -0.015223094669398758
1927.9583 -0.015200623843260659
1928.0417 -0.015178186186332782
1928.125 -0.015155781649654022
1928.2083 -0.015133410184335543
1928.2917 -0.004615095798130301
1928.375 -0.0046082834503427695
1928.4583 -0.004601481158269011
1928.5417 -0.0045946889070657745
1928.625 -0.004587906681911722
1928.7083 -0.0045811344680073895
1928.7917 -0.004574372250575162
1928.875 -0.004567620014859238
1928.9583 -0.004560877746125592
1929.0417 -0.004554145429661954
1929.125 -0.004547423050777767
1929.2083 -0.004540710594804158
1929.2917 -0.0022924919537963815
1929.375 -0.002289108003999347
1929.4583 -0.002285729049254186
1929.5417 -0.002282355082187697
1929.625 -0.0022789860954375626
1929.7083 -0.002275622081652332
1929.7917 -0.002272263033491407
1929.875 -0.0022689089436250245
1929.9583 -0.00226555980473424
1930.0417 -0.0022622156095109137
1930.125 -0.0022588763506576925
1930.2083 -0.0022555420208879955
1930.2917 -0.12485673716209647
1930.375 -0.12467243600035045
1930.4583 -0.12448840688574417
1930.5417 -0.12430464941670853
1930.625 -0.12412116319226725
1930.7083 -0.12393794781203588
1930.7917 -0.12375500287622099
1930.875 -0.1235723279856193
1930.9583 -0.1233899227416168
1931.0417 -0.12320778674618782
1931.125 -0.12302591960189428
1931.2083 -0.12284432091188474
1931.2917 0.1382410504200101
1931.375 0.13803699265931174
1931.4583 0.13783323610848974
1931.5417 0.13762978032292786
1931.625 0.13742662485866616
1931.7083 0.13722376927240007
1931.7917 0.13702121312147938
1931.875 0.13681895596390725
1931.9583 0.13661699735833926
1932.0417 0.1364153368640825
1932.125 0.13621397404109453
1932.2083 0.1360129084499825
1932.2917 -0.02420653443111226
1932.375 -0.024170803140042982
1932.4583 -0.024135124591970234
1932.5417 -0.02409949870904002
1932.625 -0.024063925413513272
1932.7083 -0.024028404627765666
1932.7917 -0.02399293627428746
1932.875 -0.023957520275683326
1932.9583 -0.02392215655467218
1933.0417 -0.02388684503408701
1933.125 -0.023851585636874718
1933.2083 -0.02381637828609593
1933.2917 0.053838469702820156
1933.375 0.053758998680764086
1933.4583 0.05367964496596771
1933.5417 0.05360040838527364
1933.625 0.05352128876578013
1933.7083 0.05344228593484061
1933.7917 0.05336339972006337
1933.875 0.05328462994931118
1933.9583 0.05320597645070088
1934.0417 0.05312743905260305
1934.125 0.0530490175836416
1934.2083 0.0529707118726934
1934.2917 -0.027970014635134176
1934.375 -0.027928728066956312
1934.4583 -0.02788750244192539
1934.5417 -0.02784633767008317
1934.625 -0.02780523366160419
1934.7083 -0.02776419032679559
1934.7917 -0.027723207576096903
1934.875 -0.027682285320079852
1934.9583 -0.02764142346944818
1935.0417 -0.02760062193503743
1935.125 -0.02755988062781477
1935.2083 -0.02751919945887878
1935.2917 -0.08492682906401322
1935.375 -0.08480146848183187
1935.4583 -0.08467629294453843
1935.5417 -0.08455130217898796
1935.625 -0.08442649591243867
1935.7083 -0.0843018738725514
1935.7917 -0.084177435787389
1935.875 -0.08405318138541568
1935.9583 -0.08392911039549648
1936.0417 -0.08380522254689671
1936.125 -0.08368151756928124
1936.2083 -0.08355799519271404
1936.2917 0.1144281861870497
1936.375 0.11425927862042488
1936.4583 0.11409062037843777
1936.5417 0.11392221109305999
1936.625 0.11375405039680642
1936.7083 0.1135861379227344
1936.7917 0.11341847330444292
1936.875 0.11325105617607177
1936.9583 0.11308388617230083
1937.0417 0.11291696292834923
1937.125 0.11275028607997452
1937.2083 0.11258385526347194
1937.2917 -0.05014849751119849
1937.375 -0.05007447326099618
1937.4583 -0.05000055827806786
1937.5417 -0.049926752401124
1937.625 -0.04985305546911314
1937.7083 -0.04977946732122154
1937.7917 -0.04970598779687286
1937.875 -0.04963261673572777
1937.9583 -0.04955935397768361
1938.0417 -0.049486199362874066
1938.125 -0.0494131527316688
1938.2083 -0.04934021392467309
1938.2917 0.07137003224679081
1938.375 0.07126468286672606
1938.4583 0.07115948899299261
1938.5417 0.07105445039604741
1938.625 0.07094956684668623
1938.7083 0.07084483811604315
1938.7917 0.07074026397559013
1938.875 0.07063584419713641
1938.9583 0.07053157855282807
1939.0417 0.07042746681514754
1939.125 0.07032350875691308
1939.2083 0.07021970415127832
1939.2917 -0.0332042443180874
1939.375 -0.03315523149793995
1939.4583 -0.03310629102566816
1939.5417 -0.03305742279447923
1939.625 -0.03300862669773803
1939.7083 -0.03295990262896683
1939.7917 -0.03291125048184506
1939.875 -0.0328626701502091
1939.9583 -0.032814161528052034
1940.0417 -0.032765724509523426
1940.125 -0.032717358988929086
1940.2083 -0.03266906486073084
1940.2917 0.016716423629541774
1940.375 0.01669174849894659
1940.4583 0.016667109791337772
1940.5417 0.016642507452951306
1940.625 0.016617941430102545
1940.7083 0.016593411669186087
1940.7917 0.016568918116675657
1940.875 0.016544460719123986
1940.9583 0.0165200394231627
1941.0417 0.016495654175502205
1941.125 0.016471304922931567
1941.2083 0.016446991612318395
1941.2917 0.05682287694464108
1941.375 0.056739000635899706
1941.4583 0.05665524813706636
1941.5417 0.05657161926538509
1941.625 0.05648811383836974
1941.7083 0.056404731673803506
1941.7917 0.056321472589738554
1941.875 0.056238336404495624
1941.9583 0.05615532293666364
1942.0417 0.0560724320050993
1942.125 0.05598966342892669
1942.2083 0.055907017027536886
1942.2917 -0.028311385533069604
1942.375 -0.02826959506694834
1942.4583 -0.028227866287778305
1942.5417 -0.028186199104503328
1942.625 -0.02814459342620164
1942.7083 -0.028103049162085683
1942.7917 -0.028061566221501917
1942.875 -0.02802014451393061
1942.9583 -0.02797878394898565
1943.0417 -0.027937484436414337
1943.125 -0.027896245886097203
1943.2083 -0.027855068208047794
1943.2917 0.046882621365245146
1943.375 0.04681341787827515
1943.4583 0.046744316542645444
1943.5417 0.04667531720757032
1943.625 0.04660641972248667
1943.7083 0.0465376239370536
1943.7917 0.04646892970115215
1943.875 0.04640033686488495
1943.9583 0.04633184527857589
1944.0417 0.046263454792769804
1944.125 0.04619516525823213
1944.2083 0.0461269765259486
1944.2917 -0.09556661916411552
1944.375 -0.0954255531765171
1944.4583 -0.09528469541657215
1944.5417 -0.0951440455769156
1944.625 -0.09500360335063607
1944.7083 -0.09486336843127526
1944.7917 -0.0947233405128272
1944.875 -0.09458351928973763
1944.9583 -0.0944439044569033
1945.0417 -0.09430449570967135
1945.125 -0.09416529274383859
1945.2083 -0.09402629525565089
1945.2917 0.0396969004180978
1945.375 0.039638303781415925
1945.4583 0.039579793639291413
1945.5417 0.03952136986404956
1945.625 0.03946303232820412
1945.7083 0.039404780904457024
1945.7917 0.03934661546569811
1945.875 0.03928853588500486
1945.9583 0.03923054203564208
1946.0417 0.039172633791061666
1946.125 0.03911481102490231
1946.2083 0.03905707361098922
1946.2917 -0.024909560376458723
1946.375 -0.024872791348048155
1946.4583 -0.024836076594439302
1946.5417 -0.024799416035517073
1946.625 -0.024762809591284633
1946.7083 -0.02472625718186323
1946.7917 -0.024689758727492028
1946.875 -0.02465331414852791
1946.9583 -0.02461692336544534
1947.0417 -0.024580586298836155
1947.125 -0.024544302869409416
1947.2083 -0.02450807299799122
1947.2917 0.04233617141130159
1947.375 0.042273678943915934
1947.4583 0.04221127872172747
1947.5417 0.04214897060857295
1947.625 0.042086754468490147
1947.7083 0.0420246301657175
1947.7917 0.04196259756469387
1947.875 0.04190065653005821
1947.9583 0.041838806926649263
1948.0417 0.041777048619505305
1948.125 0.041715381473863826
1948.2083 0.041653805355161236
1948.2917 0.03480112572139833
1948.375 0.03474975574292295
1948.4583 0.03469846159172712
1948.5417 0.0346472431558821
1948.625 0.03459610032362439
1948.7083 0.034545032983355456
1948.7917 0.03449404102364149
1948.875 0.03444312433321317
1948.9583 0.034392282800965436
1949.0417 0.03434151631595721
1949.125 0.03429082476741118
1949.2083 0.03424020804471356
1949.2917 -0.10900189926037868
1949.375 -0.10884100144162397
1949.4583 -0.10868034112430966
1949.5417 -0.10851991795785962
1949.625 -0.1083597315922152
1949.7083 -0.10819978167783448
1949.7917 -0.10804006786569151
1949.875 -0.10788058980727552
1949.9583 -0.1077213471545902
1950.0417 -0.10756233956015288
1950.125 -0.10740356667699384
1950.2083 -0.10724502815865551
1950.2917 0.11054030261701074
1950.375 0.11037713395943463
1950.4583 0.1102142061552865
1950.5417 0.11005151884904235
1950.625 0.10988907168570297
1950.7083 0.10972686431079316
1950.7917 0.10956489637036097
1950.875 0.10940316751097692
1950.9583 0.10924167737973321
1951.0417 0.109080425624243
1951.125 0.10891941189263957
1951.2083 0.1087586358335756
1951.2917 -0.03608143127935759
1951.375 -0.03602817144049433
1951.4583 -0.03597499021853554
1951.5417 -0.03592188749743472
1951.625 -0.03586886316131666
1951.7083 -0.03581591709447721
1951.7917 -0.03576304918138301
1951.875 -0.03571025930667123
1951.9583 -0.03565754735514933
1952.0417 -0.035604913211794806
1952.125 -0.035552356761754944
1952.2083 -0.03549987789034656
1952.2917 0.07479759049873994
1952.375 0.07468718169631525
1952.4583 0.07457693586844057
1952.5417 0.07446685277454898
1952.625 0.0743569321744287
1952.7083 0.07424717382822246
1952.7917 0.07413757749642713
1952.875 0.07402814293989304
1952.9583 0.07391886991982356
1953.0417 0.07380975819777455
1953.125 0.07370080753565383
1953.2083 0.07359201769572067
1953.2917 -0.04264296211767153
1953.375 -0.04258001679619981
1953.4583 -0.042517164388383676
1953.5417 -0.04245440475707317
1953.625 -0.042391737765320806
1953.7083 -0.042329163276381226
1953.7917 -0.04226668115371094
1953.875 -0.042204291260967995
1953.9583 -0.042141993462011695
1954.0417 -0.04207978762090231
1954.125 -0.04201767360190076
1954.2083 -0.04195565126946833
1954.2917 -0.06901413805997039
1954.375 -0.06891226621780588
1954.4583 -0.0688105447487753
1954.5417 -0.06870897343091273
1954.625 -0.06860755204257984
1954.7083 -0.06850628036246552
1954.7917 -0.0684051581695853
1954.875 -0.06830418524328091
1954.9583 -0.0682033613632198
1955.0417 -0.06810268630939467
1955.125 -0.06800215986212294
1955.2083 -0.06790178180204631
1955.2917 0.0857106533836864
1955.375 0.08558413579759798
1955.4583 0.08545780496425216
1955.5417 0.08533166060798303
1955.625 0.08520570245353157
1955.7083 0.08507993022604508
1955.7917 0.08495434365107658
1955.875 0.08482894245458418
1955.9583 0.08470372636293051
1956.0417 0.08457869510288214
1956.125 0.08445384840160894
1956.2083 0.08432918598668349
1956.2917 -0.0654283532571792
1956.375 -0.06533177439575363
1956.4583 -0.06523533809448753
1956.5417 -0.0651390441429477
1956.625 -0.06504289233101156
1956.7083 -0.06494688244886668
1956.7917 -0.06485101428701036
1956.875 -0.06475528763624912
1956.9583 -0.06465970228769828
1957.0417 -0.06456425803278151
1957.125 -0.06446895466323035
1957.2083 -0.06437379197108375
1957.2917 0.04014178619921452
1957.375 0.040082532866160724
1957.4583 0.0400233669970145
1957.5417 0.03996428846267029
1957.625 0.03990529713421309
1957.7083 0.039846392882918205
1957.7917 0.03978757558025094
1957.875 0.03972884509786634
1957.9583 0.03967020130760888
1958.0417 0.03961164408151223
1958.125 0.039553173291798936
1958.2083 0.039494788810880165
1958.2917 -0.05131216724062634
1958.375 -0.051236425296305975
1958.4583 -0.051160795154749715
1958.5417 -0.051085276650925375
1958.625 -0.05100986962004438
1958.7083 -0.050934573897561404
1958.7917 -0.050859389319174
1958.875 -0.05078431572082225
1958.9583 -0.05070935293868841
1959.0417 -0.05063450080919654
1959.125 -0.05055975916901217
1959.2083 -0.050485127855041896
1959.2917 0.054823206451418055
1959.375 0.05474228185840614
1959.4583 0.05466147671827154
1959.5417 0.05458079085468973
1959.625 0.05450022409159647
1959.7083 0.054419776253187405
1959.7917 0.05433944716391768
1959.875 0.05425923664850156
1959.9583 0.05417914453191206
1960.0417 0.05409917063938055
1960.125 0.054019314796396364
1960.2083 0.05393957682870645
1960.2917 0.05906504306311497
1960.375 0.0589778570905953
1960.4583 0.05889079981338185
1960.5417 0.05880387104150735
1960.625 0.05871707058528493
1960.7083 0.05863039825530772
1960.7917 0.05854385386244843
1960.875 0.058457437217858954
1960.9583 0.05837114813296993
1961.0417 0.058284986419490356
1961.125 0.05819895188940715
1961.2083 0.05811304435498477
1961.2917 -0.061005935274707566
1961.375 -0.0609158843491421
1961.4583 -0.060825966347843076
1961.5417 -0.060736181074600847
1961.625 -0.06064652833349539
1961.7083 -0.06055700792889587
1961.7917 -0.06046761966546024
1961.875 -0.06037836334813479
1961.9583 -0.06028923878215372
1962.0417 -0.06020024577303873
1962.125 -0.0601113841265986
1962.2083 -0.06002265364892873
1962.2917 0.016131448165305047
1962.375 0.016107636517611164
1962.4583 0.016083860018315622
1962.5417 0.01606011861553583
1962.625 0.016036412257465785
1962.7083 0.016012740892375952
1962.7917 0.01598910446861316
1962.875 0.015965502934600476
1962.9583 0.015941936238837103
1963.0417 0.015918404329898266
1963.125 0.015894907156435097
1963.2083 0.015871444667174522
1963.2917 -0.12317808887891332
1963.375 -0.12299626557167308
1963.4583 -0.12281471065400891
1963.5417 -0.12263342372975068
1963.625 -0.12245240440331304
1963.7083 -0.12227165227969455
1963.7917 -0.12209116696447686
1963.875 -0.1219109480638238
1963.9583 -0.12173099518448055
1964.0417 -0.12155130793377279
1964.125 -0.1213718859196058
1964.2083 -0.12119272875046362
1964.2917 0.06677096717878857
1964.375 0.06667240648353366
1964.4583 0.06657399127382523
1964.5417 0.0664757213349119
1964.625 0.06637759645235933
1964.7083 0.06627961641204964
1964.7917 0.06618178100018106
1964.875 0.06608409000326738
1964.9583 0.06598654320813754
1965.0417 0.06588914040193514
1965.125 0.06579188137211796
1965.2083 0.06569476590645754
1965.2917 -0.022274793467263992
1965.375 -0.022241913621074038
1965.4583 -0.02220908230885981
1965.5417 -0.022176299458980257
1965.625 -0.022143564999900073
1965.7083 -0.022110878860189552
1965.7917 -0.02207824096852442
1965.875 -0.022045651253685683
1965.9583 -0.02201310964455948
1966.0417 -0.02198061607013692
1966.125 -0.02194817045951392
1966.2083 -0.02191577274189107
1966.2917 0.06825008453175116
1966.375 0.06814934050980755
1966.4583 0.06804874519622126
1966.5417 0.06794829837148371
1966.625 0.06784799981641038
1966.7083 0.06774784931214023
1966.7917 0.06764784664013535
1966.875 0.06754799158218035
1966.9583 0.06744828392038198
1967.0417 0.06734872343716862
1967.125 0.06724930991528981
1967.2083 0.06715004313781575
1967.2917 0.020782051309090534
1967.375 0.020751374901178656
1967.4583 0.02072074377474493
1967.5417 0.020690157862949324
1967.625 0.02065961709905046
1967.7083 0.02062912141640548
1967.7917 0.020598670748469897
1967.875 0.020568265028797453
1967.9583 0.020537904191039968
1968.0417 0.0205075881689472
1968.125 0.0204773168963667
1968.2083 0.020447090307243662
1968.2917 -0.11587011620031054
1968.375 -0.11569908019926849
1968.4583 -0.11552829666464842
1968.5417 -0.1153577652237844
1968.625 -0.11518748550456054
1968.7083 -0.11501745713541028
1968.7917 -0.11484767974531551
1968.875 -0.11467815296380578
1968.9583 -0.11450887642095749
1969.0417 -0.11433984974739309
1969.125 -0.11417107257428026
1969.2083 -0.11400254453333113
1969.2917 0.07780162784221537
1969.375 0.07768678477709157
1969.4583 0.07757211123193762
1969.5417 0.07745760695652494
1969.625 0.07734327170099427
1969.7083 0.07722910521585517
1969.7917 0.07711510725198552
1969.875 0.07700127756063087
1969.9583 0.07688761589340398
1970.0417 0.07677412200228428
1970.125 0.07666079563961727
1970.2083 0.07654763655811402
1970.2917 -0.004806488778512252
1970.375 -0.004799393915344004
1970.4583 -0.00479230952491078
1970.5417 -0.0047852355917537654
1970.625 -0.004778172100436964
1970.7083 -0.004771119035547164
1970.7917 -0.0047640763816939055
1970.875 -0.004757044123509447
1970.9583 -0.00475002224564873
1971.0417 -0.004743010732789348
1971.125 -0.0047360095696315115
1971.2083 -0.0047290187408980154
1971.2917 0.11197958550440433
1971.375 0.11181429231983628
1971.4583 0.11164924312471274
1971.5417 0.11148443755888064
1971.625 0.11131987526271853
1971.7083 0.11115555587713578
1971.7917 0.11099147904357184
1971.875 0.11082764440399542
1971.9583 0.11066405160090372
1972.0417 0.11050070027732163
1972.125 0.11033759007680101
1972.2083 0.11017472064341985
1972.2917 -0.03336558556557365
1972.375 -0.033316334589440194
1972.4583 -0.033267156312724686
1972.5417 -0.03321805062811544
1972.625 -0.033169017428459166
1972.7083 -0.033120056606760755
1972.7917 -0.03307116805618302
1972.875 -0.03302235167004649
1972.9583 -0.03297360734182915
1973.0417 -0.032924934965166235
1973.125 -0.03287633443384998
1973.2083 -0.03282780564182938
1973.2917 -0.09846340716787128
1973.375 -0.09831806522843752
1973.4583 -0.09817293782839423
1973.5417 -0.09802802465105961
1973.625 -0.09788332538021928
1973.7083 -0.09773883970012565
1973.7917 -0.09759456729549718
1973.875 -0.09745050785151772
1973.9583 -0.09730666105383586
1974.0417 -0.09716302658856414
1974.125 -0.09701960414227849
1974.2083 -0.09687639340201745
1974.2917 0.05052174502258196
1974.375 0.050447169821333425
1974.4583 0.05037270470061831
1974.5417 0.05029834949794662
1974.625 0.05022410405106822
1974.7083 0.05014996819797246
1974.7917 0.050075941776887845
1974.875 0.050002024626281664
1974.9583 0.04992821658485966
1975.0417 0.049854517491565636
1975.125 0.04978092718558115
1975.2083 0.049707445506325144
1975.2917 -0.06363849765514754
1975.375 -0.06354456080146868
1975.4583 -0.06345076260807887
1975.5417 -0.0633571028703015
1975.625 -0.06326358138376209
1975.7083 -0.06317019794438786
1975.7917 -0.06307695234840723
1975.875 -0.06298384439234941
1975.9583 -0.062890873873044
1976.0417 -0.06279804058762042
1976.125 -0.06270534433350763
1976.2083 -0.06261278490843356
1976.2917 0.05007953066615764
1976.375 0.05000560821798822
1976.4583 0.0499317948868227
1976.5417 0.049858090511593366
1976.625 0.04978449493147024
1976.7083 0.049711007985860756
1976.7917 0.049637629514409386
1976.875 0.049564359356997316
1976.9583 0.04949119735374208
1977.0417 0.0494181433449972
1977.125 0.049345197171351884
1977.2083 0.04927235867363061
1977.2917 -0.08635645510853737
1977.375 -0.08622898425384005
1977.4583 -0.08610170155900614
1977.5417 -0.08597460674629265
1977.625 -0.08584769953836659
1977.7083 -0.08572097965830434
1977.7917 -0.08559444682959105
1977.875 -0.08546810077612002
1977.9583 -0.0853419412221921
1978.0417 -0.08521596789251513
1978.125 -0.08509018051220331
1978.2083 -0.08496457880677656
1978.2917 0.060816768400674126
1978.375 0.06072699670453144
1978.4583 0.06063735752048435
1978.5417 0.06054785065293162
1978.625 0.06045847590656073
1978.7083 0.06036923308634745
1978.7917 0.06028012199755546
1978.875 0.060191142445735854
1978.9583 0.06010229423672678
1979.0417 0.06001357717665296
1979.125 0.05992499107192533
1979.2083 0.05983653572924056
1979.2917 0.0006828222770274353
1979.375 0.0006818143623423123
1979.4583 0.0006808079354411218
1979.5417 0.0006798029941277443
1979.625 0.000678799536209302
1979.7083 0.0006777975594961542
1979.7917 0.0006767970618018922
1979.875 0.0006757980409433346
1979.9583 0.0006748004947405226
1980.0417 0.0006738044210167154
1980.125 0.0006728098175983851
1980.2083 0.0006718166823152122
1980.2917 -0.07864833288249785
1980.375 -0.0785322399951688
1980.4583 -0.07841631847267348
1980.5417 -0.0783005680620601
1980.625 -0.07818498851075022
1980.7083 -0.07806957956653823
1980.7917 -0.07795434097759084
1980.875 -0.07783927249244643
1980.9583 -0.07772437386001461
1981.0417 -0.07760964482957562
1981.125 -0.07749508515077978
1981.2083 -0.07738069457364694
1981.2917 -0.025296843460696924
1981.375 -0.025259502763316205
1981.4583 -0.025222217184578375
1981.5417 -0.025184986643122746
1981.625 -0.025147811057708722
1981.7083 -0.02511069034721564
1981.7917 -0.025073624430642566
1981.875 -0.025036613227108137
1981.9583 -0.024999656655850383
1982.0417 -0.024962754636226537
1982.125 -0.02492590708771288
1982.2083 -0.024889113929904543
1982.2917 -0.1137990588217344
1982.375 -0.11363107991067875
1982.4583 -0.11346334895347134
1982.5417 -0.1132958655841072
1982.625 -0.1131286294371217
1982.7083 -0.11296164014758958
1982.7917 -0.11279489735112432
1982.875 -0.11262840068387722
1982.9583 -0.1124621497825367
1983.0417 -0.11229614428432744
1983.125 -0.11213038382700961
1983.2083 -0.1119648680488781
1983.2917 0.0959989017551161
1983.375 0.09585719767472803
1983.4583 0.09571570276388285
1983.5417 0.09557441671382519
1983.625 0.09543333921625541
1983.7083 0.09529246996332896
1983.7917 0.09515180864765571
1983.875 0.09501135496229926
1983.9583 0.09487110860077627
1984.0417 0.09473106925705582
1984.125 0.09459123662555871
1984.2083 0.09445161040115682
1984.2917 -0.038925954171162236
1984.375 -0.038868495529050646
1984.4583 -0.03881112170170144
1984.5417 -0.03875383256391944
1984.625 -0.0386966279906943
1984.7083 -0.03863950785720019
1984.7917 -0.03858247203879552
1984.875 -0.03852552041102271
1984.9583 -0.038468652849607876
1985.0417 -0.038411869230460575
1985.125 -0.03835516942967354
1985.2083 -0.0382985533235224
1985.2917 0.02005730148912615
1985.375 0.020027694885189854
1985.4583 0.019998131983592935
1985.5417 0.019968612719826324
1985.625 0.01993913702947617
1985.7083 0.01990970484822371
1985.7917 0.01988031611184512
1985.875 0.01985097075621137
1985.9583 0.0198216687172881
1986.0417 0.01979240993113547
1986.125 0.019763194333908017
1986.2083 0.019734021861854523
1986.2917 -0.010371321190932915
1986.375 -0.010356012072756549
1986.4583 -0.01034072555238571
1986.5417 -0.010325461596463754
1986.625 -0.010310220171683275
1986.7083 -0.01029500124478603
1986.7917 -0.01027980478256287
1986.875 -0.010264630751853666
1986.9583 -0.010249479119547237
1987.0417 -0.010234349852581277
1987.125 -0.010219242917942281
1987.2083 -0.010204158282665481
1987.2917 -0.1157923879904665
1987.375 -0.11562146672411719
1987.4583 -0.11545079775482986
1987.5417 -0.11528038071018856
1987.625 -0.11511021521832705
1987.7083 -0.114940300907928
1987.7917 -0.1147706374082222
1987.875 -0.11460122434898772
1987.9583 -0.1144320613605491
1988.0417 -0.11426314807377659
1988.125 -0.11409448412008528
1988.2083 -0.11392606913143437
1988.2917 0.0989012656513414
1988.375 0.0987552773885372
1988.4583 0.0986095046191621
1988.5417 0.09846394702512601
1988.625 0.09831860428880838
1988.7083 0.09817347609305752
1988.7917 0.09802856212118985
1988.875 0.09788386205698929
1988.9583 0.09773937558470651
1989.0417 0.09759510238905823
1989.125 0.09745104215522661
1989.2083 0.09730719456885847
1989.2917 -0.002816736296139613
1989.375 -0.00281257850871452
1989.4583 -0.002808426858603842
1989.5417 -0.0028042813367482817
1989.625 -0.002800141934101916
1989.7083 -0.002796008641632173
1989.7917 -0.0027918814503198157
1989.875 -0.002787760351158918
1989.9583 -0.0027836453351568497
1990.0417 -0.002779536393334253
1990.125 -0.0027754335167250255
1990.2083 -0.002771336696376299
1990.2917 0.1191261972642262
1990.375 0.11895035495848279
1990.4583 0.11877477221375281
1990.5417 0.11859944864689799
1990.625 0.11842438387534558
1990.7083 0.11824957751708758
1990.7917 0.11807502919067983
1990.875 0.11790073851524126
1990.9583 0.117726705110453
1991.0417 0.11755292859655755
1991.125 0.11737940859435803
1991.2083 0.11720614472521722
1991.2917 -0.05257996647087049
1991.375 -0.052502353126765815
1991.4583 -0.05242485434780044
1991.5417 -0.05234746996486465
1991.625 -0.052270199809098326
1991.7083 -0.05219304371189064
1991.7917 -0.05211600150487962
1991.875 -0.05203907301995184
1991.9583 -0.051962258089242
1992.0417 -0.051885556545132605
1992.125 -0.05180896822025357
1992.2083 -0.05173249294748187
1992.2917 -0.10312347304589908
1992.375 -0.10297125237829531
1992.4583 -0.10281925640377994
1992.5417 -0.10266748479068326
1992.625 -0.10251593720782516
1992.7083 -0.10236461332451437
1992.7917 -0.10221351281054773
1992.875 -0.10206263533620953
1992.9583 -0.10191198057227073
1993.0417 -0.10176154818998828
1993.125 -0.10161133786110439
1993.2083 -0.10146134925784579
1993.2917 0.036515443580699344
1993.375 0.036461543095819164
1993.4583 0.03640772217350171
1993.5417 0.0363539806963046
1993.625 0.0363003185469588
1993.7083 0.0362467356083684
1993.7917 0.036193231763610306
1993.875 0.03613980689593403
1993.9583 0.036086460888761426
1994.0417 0.03603319362568641
1994.125 0.03598000499047475
1994.2083 0.03592689486706376
1994.2917 -0.0303524995523645
1994.375 -0.03030769619568112
1994.4583 -0.030262958973279915
1994.5417 -0.030218287787540002
1994.625 -0.030173682540984594
1994.7083 -0.03012914313628079
1994.7917 -0.030084669476239365
1994.875 -0.03004026146381455
1994.9583 -0.029995919002103834
1995.0417 -0.029951641994347734
1995.125 -0.029907430343929602
1995.2083 -0.029863283954375403
1995.2917 0.044673282543256046
1995.375 0.0446073402636573
1995.4583 0.044541495321527194
1995.5417 0.04447574757318579
1995.625 0.04441009687516523
1995.7083 0.04434454308420944
1995.7917 0.04427908605727379
1995.875 0.044213725651524816
1995.9583 0.04414846172433988
1996.0417 0.04408329413330687
1996.125 0.04401822273622389
1996.2083 0.04395324739109895
1996.2917 -0.12788153832565197
1996.375 -0.12769277225171005
1996.4583 -0.1275042848155695
1996.5417 -0.12731607560593272
1996.625 -0.1271281442121093
1996.7083 -0.12694049022401502
1996.7917 -0.12675311323217098
1996.875 -0.12656601282770272
1996.9583 -0.12637918860233935
1997.0417 -0.12619264014841258
1997.125 -0.1260063670588559
1997.2083 -0.12582036892720366
1997.2917 0.023169942009652278
1997.375 0.023135740833752392
1997.4583 0.023101590142244412
1997.5417 0.02306748986060828
1997.625 0.023033439914433927
1997.7083 0.022999440229421127
1997.7917 0.022965490731379323
1997.875 0.02293159134622748
1997.9583 0.0228977419999939
1998.0417 0.022863942618816087
1998.125 0.022830193128940572
1998.2083 0.022796493456722747
1998.2917 -0.03932092700263924
1998.375 -0.039262885340713476
1998.4583 -0.039204929354146247
1998.5417 -0.03914705891647207
1998.625 -0.03908927390141214
1998.7083 -0.03903157418287404
1998.7917 -0.03897395963495148
1998.875 -0.038916430131924036
1998.9583 -0.038858985548256834
1999.0417 -0.03880162575860033
1999.125 -0.038744350637789984
1999.2083 -0.03868716006084603
1999.2917 -0.045726386784821216
1999.375 -0.04565889001693796
1999.4583 -0.045591492881105145
1999.5417 -0.0455241952302558
1999.625 -0.04545699691754003
1999.7083 -0.04538989779632472
1999.7917 -0.045322897720193184
1999.875 -0.04525599654294487
1999.9583 -0.04518919411859503
2000.0417 -0.04512249030137441
2000.125 -0.04505588494572892
2000.2083 -0.04498937790631933
2000.2917 -0.03060916262859166
2000.375 -0.03056398041127007
2000.4583 -0.030518864887467245
2000.5417 -0.03047381595873681
2000.625 -0.030428833526777707
2000.7083 -0.03038391749343398
2000.7917 -0.030339067760694567
2000.875 -0.030294284230693073
2000.9583 -0.03024956680570757
2001.0417 -0.030204915388160367
2001.125 -0.03016032988061782
2001.2083 -0.030115810185790102
2001.2917 -0.11198947714080558
2001.375 -0.11182416935518258
2001.4583 -0.11165910558055672
2001.5417 -0.11149428545674313
2001.625 -0.11132970862408857
2001.7083 -0.11116537472347071
2001.7917 -0.11100128339629732
2001.875 -0.11083743428450547
2001.9583 -0.11067382703056079
2002.0417 -0.11051046127745666
2002.125 -0.11034733666871342
2002.2083 -0.11018445284837763
2002.2917 0.09140737013428982
2002.375 0.09127244361858224
2002.4583 0.09113771626804716
2002.5417 0.09100318778869668
2002.625 0.09086885788697681
2002.7083 0.0907347262697669
2002.7917 0.090600792644379
2002.875 0.09046705671855713
2002.9583 0.09033351820047679
2003.0417 0.09020017679874419
2003.125 0.09006703222239568
2003.2083 0.0899340841808971
2003.2917 -0.08489656507514756
2003.375 -0.08477124916567218
2003.4583 -0.08464611823514329
2003.5417 -0.08452117201051325
2003.625 -0.0843964102191375
2003.7083 -0.08427183258877394
2003.7917 -0.08414743884758227
2003.875 -0.08402322872412352
2003.9583 -0.08389920194735934
2004.0417 -0.08377535824665147
2004.125 -0.08365169735176117
2004.2083 -0.08352821899284858
2004.2917 -0.015404123818289372
2004.375 -0.01538138577483318
2004.4583 -0.015358681295026974
2004.5417 -0.015336010329327418
2004.625 -0.015313372828264303
2004.7083 -0.015290768742440444
2004.7917 -0.01526819802253157
2004.875 -0.01524566061928622
2004.9583 -0.01522315648352563
2005.0417 -0.015200685566143634
2005.125 -0.015178247818106545
2005.2083 -0.015155843190453058
2005.2917 -0.02294453656201867
2005.375 -0.022910668107338373
2005.4583 -0.022876849645919843
2005.5417 -0.02284308110396797
2005.625 -0.02280936240779658
2005.7083 -0.022775693483828262
2005.7917 -0.022742074258594213
2005.875 -0.022708504658734082
2005.9583 -0.0226749846109958
2006.0417 -0.02264151404223543
2006.125 -0.022608092879416994
2006.2083 -0.022574721049612334
2006.2917 -0.09499130580524713
2006.375 -0.09485108903830607
2006.4583 -0.09471107924548296
2006.5417 -0.09457127612126308
2006.625 -0.09443167936058268
2006.7083 -0.09429228865882833
2006.7917 -0.09415310371183623
2006.875 -0.09401412421589156
2006.9583 -0.0938753498677278
2007.0417 -0.09373678036452611
2007.125 -0.09359841540391461
2007.2083 -0.09346025468396778
2007.2917 0.12044369833842718
2007.375 0.12026591126795504
2007.4583 0.1200883866291656
2007.5417 0.1199111240346832
2007.625 0.11973412309770394
2007.7083 0.11955738343199492
2007.7917 0.11938090465189333
2007.875 0.11920468637230565
2007.9583 0.1190287282087068
2008.0417 0.1188530297771393
2008.125 0.11867759069421241
2008.2083 0.11850241057710134
2008.2917 -0.04381414962853325
2008.375 -0.04374947551593836
2008.4583 -0.04368489686886945
2008.5417 -0.04362041354640976
2008.625 -0.04355602540785054
2008.7083 -0.04349173231269073
2008.7917 -0.04342753412063667
2008.875 -0.043363430691601784
2008.9583 -0.04329942188570628
2009.0417 -0.043235507563276834
2009.125 -0.04317168758484631
2009.2083 -0.04310796181115343
2009.2917 0.11491440048586052
2009.375 0.11474477521779512
2009.4583 0.11457540033376727
2009.5417 0.11440627546418483
2009.625 0.1142374002400012
2009.7083 0.11406877429271456
2009.7917 0.11390039725436701
2009.875 0.1137322687575438
2009.9583 0.11356438843537253
2010.0417 0.11339675592152233
2010.125 0.11322937085020308
2010.2083 0.1130622328561646
2010.2917 -0.04526798779313217
2010.375 -0.04520116766848525
2010.4583 -0.04513444617709497
2010.5417 -0.04506782317336869
2010.625 -0.04500129851192865
2010.7083 -0.04493487204761171
2010.7917 -0.04486854363546898
2010.875 -0.044802313130765554
2010.9583 -0.04473618038898015
2011.0417 -0.04467014526580482
2011.125 -0.044604207617144634
2011.2083 -0.04453836729911736
2011.2917 -0.0469175899001295
2011.375 -0.04684833479606819
2011.4583 -0.046779181919539205
2011.5417 -0.04671013111964439
2011.625 -0.04664118224570831
2011.7083 -0.04657233514727795
2011.7917 -0.04650358967412239
2011.875 -0.046434945676232436
2011.9583 -0.046366403003820354
2012.0417 -0.0462979615073195
2012.125 -0.04622962103738399
2012.2083 -0.04616138144488842
2012.2917 0.03699284682712845
2012.375 0.03693824164681142
2012.4583 0.036883717069258797
2012.5417 0.036829272975492745
2012.625 0.03677490924671108
2012.7083 0.036720625764286946
2012.7917 0.03666642240976862
2012.875 0.03661229906487921
2012.9583 0.03655825561151642
2013.0417 0.03650429193175228
2013.125 0.0364504079078329
2013.2083 0.03639660342217821
2013.2917 -0.01641281147539317
2013.375 -0.016388584507019757
2013.4583 -0.01636439330009998
2013.5417 -0.016340237801846316
2013.625 -0.016316117959549164
2013.7083 -0.01629203372057673
2013.7917 -0.016267985032374914
2013.875 -0.01624397184246718
2013.9583 -0.016219994098454458
2014.0417 -0.016196051748015028
2014.125 -0.0161721447389044
2014.2083 -0.016148273018955196
2014.2917 0.015694401257569025
2014.375 0.01567123473527778
2014.4583 0.01564810240911458
2014.5417 0.01562500422860249
2014.625 0.015601940143339078
2014.7083 0.015578910102996313
2014.7917 0.015555914057320448
2014.875 0.01553295195613192
2014.9583 0.015510023749325237
2015.0417 0.015487129386868864
2015.125 0.015464268818805122
2015.2083 0.015441441995250072
2015.2917 -0.1325184556813335
2015.375 -0.1323228450487799
2015.4583 -0.13212752315728782
2015.5417 -0.13193248958064632
2015.625 -0.13173774389327353
2015.7083 -0.13154328567021578
2015.7917 -0.1313491144871467
2015.875 -0.13115522992036627
2015.9583 -0.13096163154679985
2016.0417 -0.13076831894399737
2016.125 -0.1305752916901323
2016.2083 -0.13038254936400076
2016.2917 -0.001407899128654716
2016.375 -0.001405820927262224
2016.4583 -0.0014037457935050048
2016.5417 -0.001401673722854919
2016.625 -0.0013996047107905107
2016.7083 -0.0013975387527969984
2016.7917 -0.0013954758443662648
2016.875 -0.0013934159809968472
2016.9583 -0.0013913591581939271
2017.0417 -0.0013893053714693214
2017.125 -0.0013872546163414714
2017.2083 -0.0013852068883354342
2017.2917 -0.027067029626444816
2017.375 -0.027027075955393078
2017.4583 -0.026987181259997425
2017.5417 -0.02694734545320383
2017.625 -0.026907568448086765
2017.7083 -0.026867850157849014
2017.7917 -0.02682819049582148
2017.875 -0.026788589375463
2017.9583 -0.02674904671036015
2018.0417 -0.026709562414227075
2018.125 -0.02667013640090527
2018.2083 -0.026630768584363418
2018.2917 -0.0035508411524635755
2018.375 -0.0035455997520838344
2018.4583 -0.003540366088540736
2018.5417 -0.003535140150413928
2018.625 -0.0035299219262999145
2018.7083 -0.0035247114048120335
2018.7917 -0.0035195085745804303
2018.875 -0.003514313424252033
2018.9583 -0.003509125942490529
2019.0417 -0.003503946117976338
2019.125 -0.0034987739394065896
2019.2083 -0.003493609395495097
2019.2917 -0.025625871987701162
2019.375 -0.025588045610963825
2019.4583 -0.025550275069781185
2019.5417 -0.025512560281734323
2019.625 -0.025474901164525977
2019.7083 -0.025437297635980363
2019.7917 -0.025399749614042996
2019.875 -0.025362257016780514
2019.9583 -0.025324819762380494
2020.0417 -0.02528743776915128
2020.125 -0.0252501109555218
2020.2083 -0.025212839240041383
2020.2917 -0.14430475455014408
2020.375 -0.1440917461493676
2020.4583 -0.14387905217051675
2020.5417 -0.14366667214947298
2020.625 -0.14345460562280285
2020.7083 -0.14324285212775695
2020.7917 -0.143031411202269
2020.875 -0.14282028238495476
2020.9583 -0.14260946521511098
2021.0417 -0.1423989592327145
2021.125 -0.14218876397842126
2021.2083 -0.14197887899356512
2021.2917 0.08152967016308324
2021.375 0.08140932413074765
2021.4583 0.08128915574131765
2021.5417 0.08116916473257434
2021.625 0.08104935084268591
2021.7083 0.08092971381020704
2021.7917 0.08081025337407831
2021.875 0.08069096927362567
2021.9583 0.08057186124855982
2022.0417 0.08045292903897572
2022.125 0.08033417238535194
2022.2083 0.08021559102855015
2022.2917 -0.11246574676687718
2022.375 -0.11229973595915553
2022.4583 -0.11213397020016269
2022.5417 -0.11196844912818198
2022.625 -0.11180317238203064
2022.7083 -0.11163813960105905
2022.7917 -0.11147335042514996
2022.875 -0.11130880449471767
2022.9583 -0.11114450145070728
2023.0417 -0.11098044093459389
2023.125 -0.1108166225883818
2023.2083 -0.11065304605460378
2023.2917 0.021118546404378408
2023.375 0.02108737329570057
2023.4583 0.021056246201681415
2023.5417 0.021025165054398654
2023.625 0.020994129786030262
2023.7083 0.020963140328854324
2023.7917 0.02093219661524889
