1880	0
1880.083333	0
1880.166667	0
1880.25	0
1880.333333	0
1880.416667	-0.836737425
1880.5	-0.791405923
1880.583333	-0.730655519
1880.666667	-0.628289568
1880.75	-0.433740567
1880.833333	-0.211655079
1880.916667	-0.010773573
1881	0.200314339
1881.083333	0.361894522
1881.166667	0.48504294
1881.25	0.52304325
1881.333333	0.508060258
1881.416667	0.517280106
1881.5	0.3425437
1881.583333	0.193894748
1881.666667	0.003871133
1881.75	-0.212138246
1881.833333	-0.406824009
1881.916667	-0.58813391
1882	-0.61495365
1882.083333	-0.669838531
1882.166667	-0.695430985
1882.25	-0.533435715
1882.333333	-0.388749953
1882.416667	-0.392779833
1882.5	-0.406807008
1882.583333	-0.378946411
1882.666667	-0.376635053
1882.75	-0.563710643
1882.833333	-0.74023836
1882.916667	-0.779166672
1883	-0.766374932
1883.083333	-0.787298887
1883.166667	-0.773684336
1883.25	-0.719243899
1883.333333	-0.662123081
1883.416667	-0.594161775
1883.5	-0.497789609
1883.583333	-0.409990456
1883.666667	-0.373299628
1883.75	-0.401381447
1883.833333	-0.37681481
1883.916667	-0.362799505
1884	-0.401409918
1884.083333	-0.389209071
1884.166667	-0.320490644
1884.25	-0.12749464
1884.333333	0.056088211
1884.416667	0.058356646
1884.5	0.201825436
1884.583333	0.293027702
1884.666667	0.36373838
1884.75	0.368507469
1884.833333	0.354385306
1884.916667	0.513079157
1885	0.482622474
1885.083333	0.494689415
1885.166667	0.481713764
1885.25	0.368390791
1885.333333	0.387657858
1885.416667	0.357774955
1885.5	0.34718038
1885.583333	0.357760371
1885.666667	0.420210387
1885.75	0.585201969
1885.833333	0.62464781
1885.916667	0.724254465
1886	0.74583244
1886.083333	0.59594528
1886.166667	0.420483158
1886.25	0.177682426
1886.333333	-0.125976648
1886.416667	-0.452415613
1886.5	-0.68528167
1886.583333	-0.801725235
1886.666667	-0.929781489
1886.75	-1.006353418
1886.833333	-1.045624958
1886.916667	-1.087511075
1887	-1.0608003
1887.083333	-1.059977189
1887.166667	-1.05692142
1887.25	-1.060016457
1887.333333	-1.045037146
1887.416667	-0.969759059
1887.5	-0.955925513
1887.583333	-0.918833895
1887.666667	-0.835738863
1887.75	-0.712427548
1887.833333	-0.501142911
1887.916667	-0.311871275
1888	-0.123718245
1888.083333	0.14291586
1888.166667	0.345507647
1888.25	0.494529767
1888.333333	0.575457343
1888.416667	0.616316876
1888.5	0.676489067
1888.583333	0.701815939
1888.666667	0.723336236
1888.75	0.830655397
1888.833333	0.9641623
1888.916667	1.074133844
1889	1.183932719
1889.083333	1.225277801
1889.166667	1.250188809
1889.25	1.164621387
1889.333333	1.011134479
1889.416667	0.845753679
1889.5	0.46593626
1889.583333	0.098032426
1889.666667	-0.213669185
1889.75	-0.517466737
1889.833333	-0.784952722
1889.916667	-1.02129172
1890	-1.138990652
1890.083333	-1.21525673
1890.166667	-1.234125768
1890.25	-1.221318353
1890.333333	-1.214779939
1890.416667	-1.183001249
1890.5	-1.079866736
1890.583333	-1.03355842
1890.666667	-1.044125277
1890.75	-1.053256842
1890.833333	-1.058991516
1890.916667	-1.041868062
1891	-0.99381041
1891.083333	-0.881354741
1891.166667	-0.736153651
1891.25	-0.48452106
1891.333333	-0.252027198
1891.416667	-0.024837597
1891.5	0.142242882
1891.583333	0.262844015
1891.666667	0.259799418
1891.75	0.166382182
1891.833333	0.14711449
1891.916667	0.07402841
1892	-0.0990998
1892.083333	-0.233550132
1892.166667	-0.313339231
1892.25	-0.41884268
1892.333333	-0.601088866
1892.416667	-0.743586106
1892.5	-0.756968441
1892.583333	-0.792073475
1892.666667	-0.837545263
1892.75	-0.910002195
1892.833333	-0.980712873
1892.916667	-1.035928641
1893	-1.089537451
1893.083333	-1.136755379
1893.166667	-1.149946184
1893.25	-1.133147527
1893.333333	-1.112500915
1893.416667	-1.113266442
1893.5	-1.119909588
1893.583333	-1.129701039
1893.666667	-1.132670702
1893.75	-1.137006528
1893.833333	-1.135550344
1893.916667	-1.120405142
1894	-1.102924829
1894.083333	-1.090796981
1894.166667	-1.073829008
1894.25	-1.039324996
1894.333333	-1.015962425
1894.416667	-1.002048282
1894.5	-0.984390365
1894.583333	-0.956292467
1894.666667	-0.959500106
1894.75	-0.950562141
1894.833333	-0.943756525
1894.916667	-0.906474055
1895	-0.892526926
1895.083333	-0.860122394
1895.166667	-0.790730175
1895.25	-0.708525516
1895.333333	-0.577531979
1895.416667	-0.538438187
1895.5	-0.481021783
1895.583333	-0.264355116
1895.666667	-0.050933516
1895.75	0.112065816
1895.833333	0.251487489
1895.916667	0.443333804
1896	0.594984129
1896.083333	0.544984129
1896.166667	0.501521507
1896.25	0.390573936
1896.333333	0.246686443
1896.416667	0.054840128
1896.5	0.097464103
1896.583333	0.218246616
1896.666667	0.32366421
1896.75	0.515132352
1896.833333	0.753269114
1896.916667	1.037143702
1897	1.131295654
1897.083333	1.138464445
1897.166667	1.090971615
1897.25	0.837996544
1897.333333	0.564474688
1897.416667	0.333406136
1897.5	0.174059397
1897.583333	-0.068441629
1897.666667	-0.272565774
1897.75	-0.320222752
1897.833333	-0.381675153
1897.916667	-0.463514183
1898	-0.626633845
1898.083333	-0.687914696
1898.166667	-0.754401612
1898.25	-0.758741866
1898.333333	-0.756590134
1898.416667	-0.739372589
1898.5	-0.752636347
1898.583333	-0.772102405
1898.666667	-0.696614147
1898.75	-0.66218603
1898.833333	-0.669567574
1898.916667	-0.728571878
1899	-0.74062188
1899.083333	-0.735761078
1899.166667	-0.787834675
1899.25	-0.789274496
1899.333333	-0.620540522
1899.416667	-0.423344508
1899.5	-0.302577167
1899.583333	-0.029853772
1899.666667	0.204158783
1899.75	0.461202366
1899.833333	0.617165977
1899.916667	0.771969406
1900	0.993445334
1900.083333	1.050454713
1900.166667	1.10699531
1900.25	1.0825349
1900.333333	1.015712442
1900.416667	0.956205644
1900.5	0.90263751
1900.583333	0.86053658
1900.666667	0.819427253
1900.75	0.792038958
1900.833333	0.731925427
1900.916667	0.715728241
1901	0.722313759
1901.083333	0.664870492
1901.166667	0.577416378
1901.25	0.409311512
1901.333333	0.27430224
1901.416667	0.060219137
1901.5	-0.181991042
1901.583333	-0.374484022
1901.666667	-0.503038915
1901.75	-0.535742466
1901.833333	-0.56717745
1901.916667	-0.580795122
1902	-0.607359159
1902.083333	-0.589602584
1902.166667	-0.584918032
1902.25	-0.41758636
1902.333333	-0.19924215
1902.416667	0.045608587
1902.5	0.363459717
1902.583333	0.631776709
1902.666667	0.918379249
1902.75	1.041046309
1902.833333	1.133613293
1902.916667	1.183860989
1903	1.176070365
1903.083333	1.153464545
1903.166667	1.101601118
1903.25	1.004398459
1903.333333	0.744865937
1903.416667	0.638121582
1903.5	0.329245539
1903.583333	0.074237122
1903.666667	-0.202998897
1903.75	-0.411011242
1903.833333	-0.503603245
1903.916667	-0.761681074
1904	-0.78741447
1904.083333	-0.84127014
1904.166667	-0.865829769
1904.25	-0.89923878
1904.333333	-0.859351404
1904.416667	-0.628665365
1904.5	-0.341927736
1904.583333	-0.071316675
1904.666667	0.099009066
1904.75	0.399420289
1904.833333	0.569379267
1904.916667	0.661578619
1905	0.654677906
1905.083333	0.673624775
1905.166667	0.816819159
1905.25	0.747582039
1905.333333	0.856237397
1905.416667	0.829696185
1905.5	0.843182416
1905.583333	0.871728377
1905.666667	0.910473581
1905.75	0.997104255
1905.833333	0.975739734
1905.916667	1.027998202
1906	1.034308135
1906.083333	1.000763364
1906.166667	0.951228308
1906.25	0.886648286
1906.333333	0.758377952
1906.416667	0.642650111
1906.5	0.368750425
1906.583333	0.130948504
1906.666667	-0.168122695
1906.75	-0.435382411
1906.833333	-0.554695348
1906.916667	-0.738268878
1907	-0.747432785
1907.083333	-0.752772147
1907.166667	-0.712062789
1907.25	-0.681328384
1907.333333	-0.699846583
1907.416667	-0.687541513
1907.5	-0.685314248
1907.583333	-0.712966473
1907.666667	-0.54358331
1907.75	-0.50219473
1907.833333	-0.471267153
1907.916667	-0.414548416
1908	-0.377547648
1908.083333	-0.199080831
1908.166667	-0.391460917
1908.25	-0.431730892
1908.333333	-0.460200958
1908.416667	-0.488374554
1908.5	-0.534059579
1908.583333	-0.683564689
1908.666667	-0.671462166
1908.75	-0.665709988
1908.833333	-0.710253782
1908.916667	-0.810810274
1909	-0.768275455
1909.083333	-0.819213392
1909.166667	-0.821502836
1909.25	-0.84108856
1909.333333	-0.784741368
1909.416667	-0.780812755
1909.5	-0.857726675
1909.583333	-0.865527113
1909.666667	-0.8967117
1909.75	-0.944866991
1909.833333	-1.048991136
1909.916667	-1.047394742
1910	-1.041455588
1910.083333	-1.010641292
1910.166667	-1.005118791
1910.25	-0.999804209
1910.333333	-0.993585766
1910.416667	-0.990348002
1910.5	-0.985967681
1910.583333	-1.010748231
1910.666667	-1.051908602
1910.75	-1.033220367
1910.833333	-0.95664983
1910.916667	-0.920015847
1911	-0.889499229
1911.083333	-0.858314897
1911.166667	-0.819941038
1911.25	-0.833945939
1911.333333	-0.883393287
1911.416667	-0.883393287
1911.5	-0.835736309
1911.583333	-0.796998467
1911.666667	-0.567901786
1911.75	-0.317771957
1911.833333	0.005763079
1911.916667	0.302395728
1912	0.588067651
1912.083333	0.828099921
1912.166667	0.888370056
1912.25	0.940764008
1912.333333	0.788011485
1912.416667	0.543062511
1912.5	0.282859557
1912.583333	0.025609742
1912.666667	-0.062833989
1912.75	-0.249856062
1912.833333	-0.183189396
1912.916667	-0.218206404
1913	-0.240037376
1913.083333	-0.063917442
1913.166667	-0.047250776
1913.25	-0.133407661
1913.333333	-0.288266038
1913.416667	-0.238266038
1913.5	-0.228280161
1913.583333	-0.348990839
1913.666667	-0.378389706
1913.75	-0.203272786
1913.833333	0.033990122
1913.916667	0.254315863
1914	0.458308924
1914.083333	0.657380122
1914.166667	0.714393227
1914.25	0.823969444
1914.333333	0.691564912
1914.416667	0.58504629
1914.5	0.566938117
1914.583333	0.57772797
1914.666667	0.62088392
1914.75	0.567423847
1914.833333	0.642044273
1914.916667	0.732340675
1915	0.767352703
1915.083333	0.741862614
1915.166667	0.721092427
1915.25	0.750369678
1915.333333	0.779267628
1915.416667	0.816632248
1915.5	0.704380912
1915.583333	0.607277749
1915.666667	0.559329509
1915.75	0.526718257
1915.833333	0.341983492
1915.916667	0.087251492
1916	-0.01457939
1916.083333	-0.182018017
1916.166667	-0.373210932
1916.25	-0.587148155
1916.333333	-0.602528958
1916.416667	-0.622598433
1916.5	-0.740457635
1916.583333	-0.813045558
1916.666667	-0.884936134
1916.75	-0.947013632
1916.833333	-1.085664391
1916.916667	-1.199101865
1917	-1.231674236
1917.083333	-1.211489671
1917.166667	-1.150457941
1917.25	-1.045845625
1917.333333	-0.918551433
1917.416667	-0.738447292
1917.5	-0.567548492
1917.583333	-0.320424584
1917.666667	-0.215958764
1917.75	-0.092872684
1917.833333	-0.110876233
1917.916667	-0.218964256
1918	-0.334448979
1918.083333	-0.549921787
1918.166667	-0.68435359
1918.25	-0.842408836
1918.333333	-0.801836621
1918.416667	-0.559035889
1918.5	-0.450379221
1918.583333	-0.241721109
1918.666667	0.028296945
1918.75	0.31374637
1918.833333	0.567307072
1918.916667	0.655956934
1919	0.9108713
1919.083333	1.038728419
1919.166667	1.090123564
1919.25	1.067839783
1919.333333	1.015285073
1919.416667	0.955426664
1919.5	0.850017408
1919.583333	0.795658727
1919.666667	0.755395975
1919.75	0.677044765
1919.833333	0.443377824
1919.916667	0.410389527
1920	0.438313605
1920.083333	0.436179586
1920.166667	0.43966362
1920.25	0.312904432
1920.333333	0.337907546
1920.416667	0.330477762
1920.5	0.261694151
1920.583333	0.192687227
1920.666667	0.157954603
1920.75	0.340091323
1920.833333	0.369327133
1920.916667	0.262907719
1921	0.307648639
1921.083333	0.127371075
1921.166667	-0.15783772
1921.25	-0.396911082
1921.333333	-0.509631681
1921.416667	-0.569341276
1921.5	-0.765234458
1921.583333	-0.734802162
1921.666667	-0.604914335
1921.75	-0.447977693
1921.833333	-0.457264835
1921.916667	-0.498739704
1922	-0.534611651
1922.083333	-0.488954759
1922.166667	-0.37309588
1922.25	-0.5289037
1922.333333	-0.281581912
1922.416667	-0.274284941
1922.5	-0.262364614
1922.583333	-0.365464773
1922.666667	-0.515345458
1922.75	-0.47785463
1922.833333	-0.648824298
1922.916667	-0.659605304
1923	-0.655769881
1923.083333	-0.653870498
1923.166667	-0.704789339
1923.25	-0.743408989
1923.333333	-0.733946249
1923.416667	-0.677160807
1923.5	-0.644977669
1923.583333	-0.425145438
1923.666667	-0.138153031
1923.75	0.133586851
1923.833333	0.372376502
1923.916667	0.605251307
1924	0.792825739
1924.083333	0.850577705
1924.166667	0.821327672
1924.25	0.649620872
1924.333333	0.340505481
1924.416667	0.035757852
1924.5	-0.242272563
1924.583333	-0.521756143
1924.666667	-0.780399751
1924.75	-0.869868359
1924.833333	-0.890214393
1924.916667	-0.889192487
1925	-0.893349097
1925.083333	-0.860413993
1925.166667	-0.827188849
1925.25	-0.834335059
1925.333333	-0.765739206
1925.416667	-0.701049244
1925.5	-0.414049921
1925.583333	-0.162352156
1925.666667	0.105232415
1925.75	0.379076532
1925.833333	0.651152454
1925.916667	0.932681642
1926	1.020310979
1926.083333	1.07217107
1926.166667	1.107733532
1926.25	1.121572385
1926.333333	1.106746278
1926.416667	1.026098595
1926.5	0.952905694
1926.583333	0.828158471
1926.666667	0.602250747
1926.75	0.33066952
1926.833333	0.09222642
1926.916667	-0.117874933
1927	-0.197457871
1927.083333	-0.182077068
1927.166667	-0.208691891
1927.25	-0.191211131
1927.333333	-0.232627687
1927.416667	-0.217246884
1927.5	-0.362747584
1927.583333	-0.492678109
1927.666667	-0.488634098
1927.75	-0.315429017
1927.833333	-0.220743255
1927.916667	-0.072860199
1928	0.134196784
1928.083333	0.260573045
1928.166667	0.245590054
1928.25	0.080813917
1928.333333	0.080813917
1928.416667	-0.087503074
1928.5	-0.178193758
1928.583333	-0.34276173
1928.666667	-0.321204593
1928.75	-0.300766024
1928.833333	-0.336151118
1928.916667	-0.280034973
1929	-0.368154922
1929.083333	-0.327103663
1929.166667	-0.331560864
1929.25	-0.33837556
1929.333333	-0.33837556
1929.416667	-0.249415525
1929.5	-0.208436029
1929.583333	-0.108590949
1929.666667	0.047245866
1929.75	0.217204844
1929.833333	0.356633949
1929.916667	0.428828994
1930	0.551000549
1930.083333	0.602379222
1930.166667	0.600844875
1930.25	0.602154357
1930.333333	0.498110346
1930.416667	0.452425321
1930.5	0.487157324
1930.583333	0.520510879
1930.666667	0.61931994
1930.75	0.690552507
1930.833333	0.946870643
1930.916667	1.058173804
1931	1.128283064
1931.083333	1.183055587
1931.166667	1.17554012
1931.25	1.160888132
1931.333333	1.070190895
1931.416667	0.987755247
1931.5	0.889721909
1931.583333	0.762062255
1931.666667	0.473003568
1931.75	0.231530656
1931.833333	0.01264055
1931.916667	-0.191021214
1932	-0.404442814
1932.083333	-0.541640852
1932.166667	-0.350295174
1932.25	-0.188788245
1932.333333	-0.013993994
1932.416667	0.146846032
1932.5	0.199581297
1932.583333	0.322229613
1932.666667	0.262466506
1932.75	0.202703398
1932.833333	0.081178355
1932.916667	-0.098188698
1933	-0.11928788
1933.083333	-0.216428332
1933.166667	-0.314534157
1933.25	-0.321437717
1933.333333	-0.393513639
1933.416667	-0.44135521
1933.5	-0.500379588
1933.583333	-0.614828465
1933.666667	-0.686542272
1933.75	-0.878010413
1933.833333	-0.944194994
1933.916667	-0.972968019
1934	-0.998294891
1934.083333	-0.99216188
1934.166667	-1.008359046
1934.25	-0.941569917
1934.333333	-0.886642748
1934.416667	-0.799052125
1934.5	-0.747615254
1934.583333	-0.687901648
1934.666667	-0.645640118
1934.75	-0.622611431
1934.833333	-0.561221845
1934.916667	-0.547128792
1935	-0.532119054
1935.083333	-0.509024659
1935.166667	-0.477031327
1935.25	-0.486328572
1935.333333	-0.55352598
1935.416667	-0.577285577
1935.5	-0.617375635
1935.583333	-0.50390249
1935.666667	-0.368570328
1935.75	-0.186097713
1935.833333	0.024568484
1935.916667	0.096644406
1936	0.374387456
1936.083333	0.450229294
1936.166667	0.403088842
1936.25	0.404649878
1936.333333	0.272362313
1936.416667	0.207094316
1936.5	-0.033460303
1936.583333	-0.244407874
1936.666667	-0.297112502
1936.75	-0.284125015
1936.833333	-0.268896673
1936.916667	-0.038007778
1937	-0.032112339
1937.083333	0.153455658
1937.166667	0.289493619
1937.25	0.263129647
1937.333333	0.182706518
1937.416667	-0.04086814
1937.5	0.100418953
1937.583333	-0.065403739
1937.666667	-0.080018646
1937.75	-0.209099535
1937.833333	-0.023432631
1937.916667	0.146028058
1938	0.019651796
1938.083333	0.174117921
1938.166667	0.064574665
1938.25	0.167279292
1938.333333	-0.00483968
1938.416667	-0.239360468
1938.5	-0.327975789
1938.583333	-0.557906314
1938.666667	-0.605273195
1938.75	-0.799610763
1938.833333	-0.845289408
1938.916667	-0.83707879
1939	-0.808509754
1939.083333	-0.820956326
1939.166667	-0.88642369
1939.25	-0.828688663
1939.333333	-0.77060064
1939.416667	-0.585196267
1939.5	-0.365440387
1939.583333	-0.162168986
1939.666667	0.10078073
1939.75	0.073122361
1939.833333	0.250736598
1939.916667	0.250736598
1940	0.348449606
1940.083333	0.503413779
1940.166667	0.575935006
1940.25	0.839267114
1940.333333	0.842168742
1940.416667	0.92850425
1940.5	0.82383417
1940.583333	0.772382736
1940.666667	0.627838667
1940.75	0.573048372
1940.833333	0.615309179
1940.916667	0.688202972
1941	0.807615713
1941.083333	0.856208761
1941.166667	1.016846663
1941.25	1.116930822
1941.333333	1.168972905
1941.416667	1.128822995
1941.5	1.075434056
1941.583333	1.030640014
1941.666667	0.970171167
1941.75	0.941637343
1941.833333	0.930429486
1941.916667	0.961906088
1942	0.949676854
1942.083333	0.922875445
1942.166667	0.868771924
1942.25	0.828771258
1942.333333	0.595789067
1942.416667	0.28778023
1942.5	0.034006094
1942.583333	-0.250628387
1942.666667	-0.514239284
1942.75	-0.83155528
1942.833333	-0.982974797
1942.916667	-1.0483819
1943	-1.107352778
1943.083333	-1.125099803
1943.166667	-1.119623714
1943.25	-1.057237738
1943.333333	-0.953113592
1943.416667	-0.822798527
1943.5	-0.690224341
1943.583333	-0.4719102
1943.666667	-0.378758383
1943.75	-0.360213098
1943.833333	-0.378064228
1943.916667	-0.430799493
1944	-0.488811838
1944.083333	-0.459412971
1944.166667	-0.454139575
1944.25	-0.288308335
1944.333333	-0.108096249
1944.416667	0.03324943
1944.5	0.188402227
1944.583333	0.12173556
1944.666667	0.105315749
1944.75	-0.028134927
1944.833333	-0.189097213
1944.916667	-0.307414205
1945	-0.454554657
1945.083333	-0.568815567
1945.166667	-0.624156068
1945.25	-0.691279103
1945.333333	-0.705716607
1945.416667	-0.748752044
1945.5	-0.778922872
1945.583333	-0.817414485
1945.666667	-0.820200997
1945.75	-0.829464674
1945.833333	-0.824438186
1945.916667	-0.818893577
1946	-0.799276909
1946.083333	-0.728174044
1946.166667	-0.677250958
1946.25	-0.638160704
1946.333333	-0.634231659
1946.416667	-0.447207449
1946.5	-0.307785776
1946.583333	-0.34632116
1946.666667	-0.318969476
1946.75	-0.220166089
1946.833333	-0.186793467
1946.916667	-0.222475676
1947	-0.14725989
1947.083333	-0.087167368
1947.166667	0.073672658
1947.25	0.046243469
1947.333333	-0.006649161
1947.416667	0.008579181
1947.5	-0.199587419
1947.583333	-0.240874273
1947.666667	-0.499848496
1947.75	-0.606675727
1947.833333	-0.625472481
1947.916667	-0.598857658
1948	-0.457506559
1948.083333	-0.254747808
1948.166667	0.048322271
1948.25	0.28257869
1948.333333	0.517774825
1948.416667	0.487888976
1948.5	0.409796347
1948.583333	0.284846746
1948.666667	0.128988954
1948.75	-0.091781234
1948.833333	-0.275864399
1948.916667	-0.213948995
1949	-0.286162999
1949.083333	-0.177609114
1949.166667	-0.277642196
1949.25	-0.067557026
1949.333333	-0.020365789
1949.416667	-0.264527378
1949.5	-0.255571845
1949.583333	-0.434836408
1949.666667	-0.445604062
1949.75	-0.659673734
1949.833333	-0.807787256
1949.916667	-0.848940085
1950	-0.915639298
1950.083333	-1.025482539
1950.166667	-1.063512917
1950.25	-1.081081428
1950.333333	-1.078901289
1950.416667	-1.050887411
1950.5	-1.053309979
1950.583333	-0.9814734
1950.666667	-0.983873534
1950.75	-0.976724226
1950.833333	-0.982483991
1950.916667	-0.997891
1951	-1.001855016
1951.083333	-1.012939538
1951.166667	-0.98438747
1951.25	-0.901265337
1951.333333	-0.758180963
1951.416667	-0.638213646
1951.5	-0.325643909
1951.583333	-0.024157938
1951.666667	0.258514015
1951.75	0.475369015
1951.833333	0.675269657
1951.916667	0.865705487
1952	0.834388147
1952.083333	0.757923922
1952.166667	0.654834709
1952.25	0.613416873
1952.333333	0.363480625
1952.416667	0.087644155
1952.5	-0.144458241
1952.583333	-0.334120244
1952.666667	-0.466054907
1952.75	-0.606106977
1952.833333	-0.597647648
1952.916667	-0.585850316
1953	-0.35783122
1953.083333	-0.168169217
1953.166667	0.008605708
1953.25	0.188188448
1953.333333	0.381070682
1953.416667	0.611392728
1953.5	0.585928327
1953.583333	0.537612002
1953.666667	0.595860952
1953.75	0.504888626
1953.833333	0.499083369
1953.916667	0.456914354
1954	0.486462054
1954.083333	0.529504983
1954.166667	0.409749103
1954.25	0.260191119
1954.333333	0.046059882
1954.416667	-0.167561039
1954.5	-0.439969422
1954.583333	-0.689550764
1954.666667	-0.875365623
1954.75	-0.940074586
1954.833333	-0.999016985
1954.916667	-0.99808236
1955	-0.965157918
1955.083333	-0.940089411
1955.166667	-0.920012416
1955.25	-0.923469122
1955.333333	-0.928033833
1955.416667	-0.962471446
1955.5	-1.018556227
1955.583333	-1.02940952
1955.666667	-1.072547698
1955.75	-1.120259796
1955.833333	-1.165755437
1955.916667	-1.188661718
1956	-1.182018572
1956.083333	-1.188020287
1956.166667	-1.156538423
1956.25	-1.093575767
1956.333333	-0.991256947
1956.416667	-0.93761704
1956.5	-0.914364093
1956.583333	-0.899372511
1956.666667	-0.897634865
1956.75	-0.888882582
1956.833333	-0.928361413
1956.916667	-0.903450405
1957	-0.86658299
1957.083333	-0.798232648
1957.166667	-0.592102329
1957.25	-0.345646253
1957.333333	-0.066344927
1957.416667	0.18191979
1957.5	0.445085434
1957.583333	0.674871665
1957.666667	0.749066378
1957.75	0.784426121
1957.833333	0.846627831
1957.916667	0.906339007
1958	0.97472317
1958.083333	1.023789256
1958.166667	1.068285331
1958.25	1.017709316
1958.333333	0.937985111
1958.416667	0.848225863
1958.5	0.674731302
1958.583333	0.559178301
1958.666667	0.300550989
1958.75	0.178887402
1958.833333	0.121874298
1958.916667	0.121874298
1959	0.197831607
1959.083333	0.234033079
1959.166667	0.41181281
1959.25	0.527282864
1959.333333	0.473348397
1959.416667	0.286318594
1959.5	0.088836241
1959.583333	-0.135733626
1959.666667	-0.34205245
1959.75	-0.37337791
1959.833333	-0.425429671
1959.916667	-0.366954759
1960	-0.255192823
1960.083333	-0.230123744
1960.166667	-0.155929031
1960.25	-0.194539444
1960.333333	-0.088553217
1960.416667	-0.125821017
1960.5	-0.232724576
1960.583333	-0.151074918
1960.666667	-0.075066953
1960.75	-0.135829475
1960.833333	-0.275837508
1960.916667	-0.177731682
1961	-0.158948072
1961.083333	-0.125614738
1961.166667	-0.207186879
1961.25	-0.102998503
1961.333333	-0.016924936
1961.416667	0.012209465
1961.5	-0.017521716
1961.583333	-0.134188383
1961.666667	-0.201668798
1961.75	-0.402197149
1961.833333	-0.458178798
1961.916667	-0.600636172
1962	-0.589688601
1962.083333	-0.573021935
1962.166667	-0.559555629
1962.25	-0.513400704
1962.333333	-0.548764733
1962.416667	-0.537185582
1962.5	-0.545139342
1962.583333	-0.538565197
1962.666667	-0.556568372
1962.75	-0.558030179
1962.833333	-0.559308476
1962.916667	-0.597801547
1963	-0.600795358
1963.083333	-0.625686495
1963.166667	-0.541789411
1963.25	-0.48687153
1963.333333	-0.377580887
1963.416667	-0.203179194
1963.5	0.032523067
1963.583333	0.275620608
1963.666667	0.4508164
1963.75	0.644393752
1963.833333	0.788731319
1963.916667	0.901778805
1964	0.90565408
1964.083333	0.871143505
1964.166667	0.670105876
1964.25	0.396018188
1964.333333	0.108308533
1964.416667	-0.218821172
1964.5	-0.498488766
1964.583333	-0.767388705
1964.666667	-0.861449551
1964.75	-0.906781053
1964.833333	-0.93821044
1964.916667	-0.954264589
1965	-0.9457242
1965.083333	-0.900427569
1965.166667	-0.836882587
1965.25	-0.720215921
1965.333333	-0.47276613
1965.416667	-0.188561391
1965.5	0.087269183
1965.583333	0.373608181
1965.666667	0.657873582
1965.75	0.919349874
1965.833333	1.053529453
1965.916667	1.142419297
1966	1.169588394
1966.083333	1.135089955
1966.166667	1.099847646
1966.25	1.01084584
1966.333333	0.763193117
1966.416667	0.624860831
1966.5	0.527622259
1966.583333	0.323077072
1966.666667	0.133968713
1966.75	-0.025773574
1966.833333	-0.086328121
1966.916667	-0.233672736
1967	-0.437206569
1967.083333	-0.509223854
1967.166667	-0.586216965
1967.25	-0.67028433
1967.333333	-0.650554612
1967.416667	-0.623305981
1967.5	-0.5524073
1967.583333	-0.52048146
1967.666667	-0.534239646
1967.75	-0.515644715
1967.833333	-0.531177588
1967.916667	-0.572043891
1968	-0.648438708
1968.083333	-0.699014723
1968.166667	-0.716292259
1968.25	-0.727812935
1968.333333	-0.741184564
1968.416667	-0.569934918
1968.5	-0.3480394
1968.583333	-0.108924602
1968.666667	0.073639829
1968.75	0.282181643
1968.833333	0.538032434
1968.916667	0.61068075
1969	0.67599856
1969.083333	0.748580932
1969.166667	0.84148396
1969.25	0.842945767
1969.333333	0.801732435
1969.416667	0.741419463
1969.5	0.636010207
1969.583333	0.587870167
1969.666667	0.57196025
1969.75	0.611618179
1969.833333	0.651872446
1969.916667	0.704325642
1970	0.775224322
1970.083333	0.75503928
1970.166667	0.725762028
1970.25	0.661072066
1970.333333	0.533401166
1970.416667	0.304677219
1970.5	0.016082328
1970.583333	-0.246364244
1970.666667	-0.478543917
1970.75	-0.683625558
1970.833333	-0.853951299
1970.916667	-0.938258435
1971	-0.975339447
1971.083333	-1.001454683
1971.166667	-1.043555613
1971.25	-1.073332281
1971.333333	-1.070596292
1971.416667	-1.042198077
1971.5	-0.973458817
1971.583333	-0.919267971
1971.666667	-0.874308593
1971.75	-0.857356978
1971.833333	-0.860092966
1971.916667	-0.870129971
1972	-0.863726189
1972.083333	-0.807528823
1972.166667	-0.746524589
1972.25	-0.522952313
1972.333333	-0.273550528
1972.416667	0.019083131
1972.5	0.297853243
1972.583333	0.566056076
1972.666667	0.831201278
1972.75	0.976560595
1972.833333	1.108731123
1972.916667	1.219974626
1973	1.278952577
1973.083333	1.26212842
1973.166667	1.207246103
1973.25	0.94141467
1973.333333	0.588779518
1973.416667	0.187575067
1973.5	-0.201194748
1973.583333	-0.557733162
1973.666667	-0.881865373
1973.75	-1.04726627
1973.833333	-1.162335933
1973.916667	-1.253856009
1974	-1.312782545
1974.083333	-1.333573357
1974.166667	-1.336370697
1974.25	-1.293540612
1974.333333	-1.20188561
1974.416667	-1.095248563
1974.5	-0.992741686
1974.583333	-0.882898445
1974.666667	-0.781499774
1974.75	-0.759170675
1974.833333	-0.774333418
1974.916667	-0.789450388
1975	-0.756458801
1975.083333	-0.757920608
1975.166667	-0.787338374
1975.25	-0.771019902
1975.333333	-0.774387253
1975.416667	-0.806165943
1975.5	-0.890378713
1975.583333	-0.974141495
1975.666667	-1.0461224
1975.75	-1.120175898
1975.833333	-1.154893331
1975.916667	-1.181991807
1976	-1.22000646
1976.083333	-1.211283479
1976.166667	-1.148720333
1976.25	-1.054660084
1976.333333	-0.969942651
1976.416667	-0.756505176
1976.5	-0.468348656
1976.583333	-0.204770071
1976.666667	0.058497357
1976.75	0.321070011
1976.833333	0.594083869
1976.916667	0.727417203
1977	0.815620003
1977.083333	0.846427239
1977.166667	0.82600592
1977.25	0.588112279
1977.333333	0.402897573
1977.416667	0.36956424
1977.5	0.328615116
1977.583333	0.288345141
1977.666667	0.293490045
1977.75	0.534056397
1977.833333	0.732072104
1977.916667	0.806077212
1978	0.835695169
1978.083333	0.871385643
1978.166667	0.801656313
1978.25	0.543043918
1978.333333	0.257229059
1978.416667	-0.028579449
1978.5	-0.285470859
1978.583333	-0.53572813
1978.666667	-0.705652404
1978.75	-0.70145556
1978.833333	-0.649338616
1978.916667	-0.493439362
1979	-0.340701509
1979.083333	-0.159468044
1979.166667	0.029723922
1979.25	0.195624881
1979.333333	0.210174603
1979.416667	0.199412081
1979.5	0.087608682
1979.583333	0.113984944
1979.666667	0.169362477
1979.75	0.194924954
1979.833333	0.343526283
1979.916667	0.448636681
1980	0.646775588
1980.083333	0.666142038
1980.166667	0.600671984
1980.25	0.580926679
1980.333333	0.54241787
1980.416667	0.505353515
1980.5	0.405320433
1980.583333	0.229647197
1980.666667	0.12191217
1980.75	-0.007900509
1980.833333	-0.015288403
1980.916667	-0.016667778
1981	-0.152041403
1981.083333	-0.183914277
1981.166667	-0.149749476
1981.25	-0.163190823
1981.333333	-0.271172531
1981.416667	-0.435722253
1981.5	-0.433209496
1981.583333	-0.392116776
1981.666667	-0.412642405
1981.75	-0.372791491
1981.833333	-0.404116952
1981.916667	-0.295471374
1982	-0.219514065
1982.083333	-0.208895908
1982.166667	-0.188370279
1982.25	-0.077853108
1982.333333	0.143120395
1982.416667	0.258885591
1982.5	0.425552257
1982.583333	0.646372291
1982.666667	0.866439619
1982.75	1.020492222
1982.833333	1.125912835
1982.916667	1.22045741
1983	1.346931698
1983.083333	1.434531926
1983.166667	1.45470149
1983.25	1.395382651
1983.333333	1.331974495
1983.416667	1.208802334
1983.5	0.893717633
1983.583333	0.585297372
1983.666667	0.250779575
1983.75	-0.094752039
1983.833333	-0.448304556
1983.916667	-0.741984593
1984	-0.835778712
1984.083333	-0.897021356
1984.166667	-0.894640279
1984.25	-0.854591531
1984.333333	-0.810755768
1984.416667	-0.806423078
1984.5	-0.762761135
1984.583333	-0.746835226
1984.666667	-0.729966502
1984.75	-0.752707616
1984.833333	-0.800420625
1984.916667	-0.848462023
1985	-0.900285786
1985.083333	-0.953866398
1985.166667	-1.018564384
1985.25	-1.031715407
1985.333333	-1.008782949
1985.416667	-0.947924299
1985.5	-0.920862108
1985.583333	-0.878538908
1985.666667	-0.841070165
1985.75	-0.809411916
1985.833333	-0.760588675
1985.916667	-0.720701299
1986	-0.738667045
1986.083333	-0.755333712
1986.166667	-0.748526945
1986.25	-0.721912349
1986.333333	-0.726882617
1986.416667	-0.668613813
1986.5	-0.453810573
1986.583333	-0.238827582
1986.666667	0.008215321
1986.75	0.273047941
1986.833333	0.557276169
1986.916667	0.769408203
1987	0.884553405
1987.083333	0.983181311
1987.166667	1.04075436
1987.25	1.039873496
1987.333333	1.028896046
1987.416667	1.049496609
1987.5	1.060615355
1987.583333	1.083096543
1987.666667	1.103659679
1987.75	1.140791723
1987.833333	1.171098801
1987.916667	1.156289168
1988	1.101802284
1988.083333	0.997644863
1988.166667	0.881242328
1988.25	0.570210599
1988.333333	0.210131141
1988.416667	-0.162035471
1988.5	-0.507307097
1988.583333	-0.805908426
1988.666667	-1.08787055
1988.75	-1.212151088
1988.833333	-1.287448959
1988.916667	-1.320585648
1989	-1.346495088
1989.083333	-1.34157342
1989.166667	-1.34157342
1989.25	-1.276220444
1989.333333	-1.179211258
1989.416667	-1.078023804
1989.5	-0.959547379
1989.583333	-0.891398599
1989.666667	-0.801929456
1989.75	-0.731744482
1989.833333	-0.673960377
1989.916667	-0.600719565
1990	-0.462888429
1990.083333	-0.235958877
1990.166667	-0.058683044
1990.25	0.13170987
1990.333333	0.317277867
1990.416667	0.377370388
1990.5	0.418349884
1990.583333	0.387068311
1990.666667	0.370267739
1990.75	0.345376602
1990.833333	0.29823615
1990.916667	0.392517054
1991	0.446991139
1991.083333	0.472553616
1991.166667	0.467523216
1991.25	0.483806957
1991.333333	0.547220664
1991.416667	0.587310723
1991.5	0.59952038
1991.583333	0.614530118
1991.666667	0.639999086
1991.75	0.722612692
1991.833333	0.790009836
1991.916667	0.867770908
1992	0.948013736
1992.083333	1.050855128
1992.166667	1.176805677
1992.25	1.215721512
1992.333333	1.225594002
1992.416667	1.134797133
1992.5	1.009923381
1992.583333	0.733241624
1992.666667	0.466756522
1992.75	0.170249491
1992.833333	-0.07993526
1992.916667	-0.167937091
1993	-0.166347921
1993.083333	0.006214146
1993.166667	0.182836013
1993.25	0.441298393
1993.333333	0.664386862
1993.416667	0.764386862
1993.5	0.771937863
1993.583333	0.730592184
1993.666667	0.701314933
1993.75	0.641453882
1993.833333	0.56891808
1993.916667	0.508233062
1994	0.441357865
1994.083333	0.308024531
1994.166667	0.182216044
1994.25	0.111083557
1994.333333	0.085252803
1994.416667	0.099207028
1994.5	0.137006181
1994.583333	0.32385789
1994.666667	0.470091975
1994.75	0.599338344
1994.833333	0.714928692
1994.916667	0.811659485
1995	0.919794293
1995.083333	0.955065568
1995.166667	0.966322979
1995.25	0.894811637
1995.333333	0.745727846
1995.416667	0.609534965
1995.5	0.463601004
1995.583333	0.205404453
1995.666667	-0.037092788
1995.75	-0.265116685
1995.833333	-0.441180212
1995.916667	-0.629742021
1996	-0.792980497
1996.083333	-0.825640903
1996.166667	-0.815280383
1996.25	-0.771041559
1996.333333	-0.7292548
1996.416667	-0.64556847
1996.5	-0.573558464
1996.583333	-0.529444917
1996.666667	-0.511157395
1996.75	-0.502166574
1996.833333	-0.488044411
1996.916667	-0.539600026
1997	-0.586529712
1997.083333	-0.576892277
1997.166667	-0.520534575
1997.25	-0.335160333
1997.333333	-0.088416922
1997.416667	0.199603808
1997.5	0.519712961
1997.583333	0.833502424
1997.666667	1.115850198
1997.75	1.270880099
1997.833333	1.374696268
1997.916667	1.448728695
1998	1.497182671
1998.083333	1.505412951
1998.166667	1.467332599
1998.25	1.373234049
1998.333333	1.251398417
1998.416667	0.894552602
1998.5	0.492880053
1998.583333	0.100669409
1998.666667	-0.25369627
1998.75	-0.593622022
1998.833333	-0.915901151
1998.916667	-1.01662128
1999	-1.080376499
1999.083333	-1.126441641
1999.166667	-1.135379606
1999.25	-1.103567737
1999.333333	-1.07418178
1999.416667	-1.031824923
1999.5	-0.978422165
1999.583333	-0.945508046
1999.666667	-0.938399519
1999.75	-0.957547711
1999.833333	-0.999997095
1999.916667	-1.044378417
2000	-1.114610696
2000.083333	-1.155774395
2000.166667	-1.190104742
2000.25	-1.170027747
2000.333333	-1.121193244
2000.416667	-1.058702918
2000.5	-0.961548689
2000.583333	-0.855393408
2000.666667	-0.772393838
2000.75	-0.746925948
2000.833333	-0.742192317
2000.916667	-0.7577158
2001	-0.788232418
2001.083333	-0.820519984
2001.166667	-0.831906738
2001.25	-0.799590522
2001.333333	-0.746540048
2001.416667	-0.641956077
2001.5	-0.468942218
2001.583333	-0.380750508
2001.666667	-0.353472165
2001.75	-0.34716873
2001.833333	-0.344073348
2001.916667	-0.401835101
2002	-0.480862724
2002.083333	-0.436766869
2002.166667	-0.293298079
2002.25	-0.145953464
2002.333333	0.018614508
2002.416667	0.269090196
2002.5	0.457281726
2002.583333	0.596725064
2002.666667	0.69237107
2002.75	0.809515607
2002.833333	0.931045047
2002.916667	0.991513894
2003	1.030674902
2003.083333	1.024564898
2003.166667	0.989111866
2003.25	0.780738859
2003.333333	0.462648115
2003.416667	0.192094098
2003.5	0.089463472
2003.583333	-0.006602062
2003.666667	-0.057522393
2003.75	0.084383953
2003.833333	0.308652296
2003.916667	0.475581516
2004	0.498204218
2004.083333	0.529654845
2004.166667	0.412400495
2004.25	0.340186491
2004.333333	0.288807819
2004.416667	0.256887871
2004.5	0.27862295
2004.583333	0.345305163
2004.666667	0.534432337
2004.75	0.63600757
2004.833333	0.714536407
2004.916667	0.79261128
2005	0.810614456
2005.083333	0.760197474
2005.166667	0.711966638
2005.25	0.657758286
2005.333333	0.617811915
2005.416667	0.555549681
2005.5	0.414161102
2005.583333	0.29584411
2005.666667	0.160511947
2005.75	0.007770514
2005.833333	-0.194070738
2005.916667	-0.416581901
2006	-0.564906817
2006.083333	-0.672009313
2006.166667	-0.767268924
2006.25	-0.794006294
2006.333333	-0.738729214
2006.416667	-0.544391647
2006.5	-0.350532551
2006.583333	-0.108717346
2006.666667	0.165970282
2006.75	0.402554006
2006.833333	0.622822668
2006.916667	0.747624143
2007	0.846775725
2007.083333	0.803131377
2007.166667	0.606294089
2007.25	0.394330791
2007.333333	0.125255908
2007.416667	-0.116212233
2007.5	-0.345610704
2007.583333	-0.529176305
2007.666667	-0.6345939
2007.75	-0.765129893
2007.833333	-0.870543344
2007.916667	-1.01535297
2008	-1.136958397
2008.083333	-1.22843457
2008.166667	-1.238744817
2008.25	-1.198775176
2008.333333	-1.122611758
2008.416667	-1.021689625
2008.5	-0.832038156
2008.583333	-0.648064742
2008.666667	-0.555978889
2008.75	-0.490032963
2008.833333	-0.458079005
2008.916667	-0.505638728
2009	-0.638972062
2009.083333	-0.746074558
2009.166667	-0.799304204
2009.25	-0.791350444
2009.333333	-0.621252642
2009.416667	-0.346472092
2009.5	-0.041361694
2009.583333	0.2303076
2009.666667	0.50916581
2009.75	0.75579846
2009.833333	0.890522626
2009.916667	0.998083027
2010	1.058943642
2010.083333	1.108756519
2010.166667	1.143721005
2010.25	1.105143602
2010.333333	0.837151286
2010.416667	0.481690754
2010.5	0.125153389
2010.583333	-0.248102329
2010.666667	-0.62867027
2010.75	-0.967479392
2010.833333	-1.111762404
2010.916667	-1.193314695
2011	-1.253388423
2011.083333	-1.248261916
2011.166667	-1.205086898
2011.25	-1.134371777
2011.333333	-1.046874207
2011.416667	-0.917421784
2011.5	-0.780045563
2011.583333	-0.728363334
2011.666667	-0.708668383
2011.75	-0.726023808
2011.833333	-0.778693751
2011.916667	-0.866142931
2012	-0.946939918
2012.083333	-0.941710106
2012.166667	-0.911883528
2012.25	-0.840908762
2012.333333	-0.737614332
2012.416667	-0.504470863
2012.5	-0.233189191
2012.583333	0.032382277
2012.666667	0.258406491
2012.75	0.428089763
2012.833333	0.594543152
2012.916667	0.472089674
2013	0.25352317
2013.083333	0.012713274
2013.166667	-0.160201842
2013.25	-0.287272819
2013.333333	-0.47120724
2013.416667	-0.50685743
2013.5	-0.487036795
2013.583333	-0.471380287
2013.666667	-0.45901933
2013.75	-0.493528536
2013.833333	-0.428907052
2013.916667	-0.383164341
2014	-0.402984976
2014.083333	-0.425035628
2014.166667	-0.419131483
2014.25	-0.249290115
2014.333333	-0.11391649
2014.416667	0.051553564
2014.5	0.21965843
2014.583333	0.393822786
2014.666667	0.539298016
2014.75	0.56657636
2014.833333	0.61200598
2014.916667	0.642785332
2015	0.710711907
2015.083333	0.774181524
2015.166667	0.788272203
2015.25	0.830916032
2015.333333	0.84365033
2015.416667	0.885962732
2015.5	0.966110236
2015.583333	1.068192901
2015.666667	1.189013629
2015.75	1.278667558
2015.833333	1.375887233
2015.916667	1.453992092
2016	1.512492158
2016.083333	1.526676237
2016.166667	1.501203966
2016.25	1.424218667
2016.333333	1.268835073
2016.416667	1.042993235
2016.5	0.692993235
2016.583333	0.335425864
2016.666667	0.01156852
2016.75	-0.30355156
2016.833333	-0.547642524
2016.916667	-0.70749116
2017	-0.887134024
2017.083333	-0.814234166
2017.166667	-1.048568988
2017.25	-1.185563201
2017.333333	-1.321678794
2017.416667	-1.396266827
2017.5	-1.340486082
2017.583333	-1.398214679
2017.666667	-1.233390689
2017.75	-1.071945822
2017.833333	-0.960682001
2017.916667	-0.800311226
2018	-0.589448778
2018.083333	-0.46073094
2018.166667	-0.245806044
2018.25	-0.107690634
2018.333333	0.070736546
2018.416667	0.241969195
2018.5	0.386061753
2018.583333	0.554675001
2018.666667	0.623513734
2018.75	0.769786574
2018.833333	0.820842224
2018.916667	0.892523277
2019	0.834447802
2019.083333	0.930074532
2019.166667	1.010502974
2019.25	0.891215989
2019.333333	0.863779741
2019.416667	0.768812286
2019.5	0.693368297
2019.583333	0.549024321
2019.666667	0.42529083
2019.75	0.344939549
2019.833333	0.233029908
2019.916667	0.129348154
