1880	0
1880.083333	0.000297618
1880.166667	0.000595239
1880.25	0.231444062
1880.333333	-0.465199619
1880.416667	-0.166780923
1880.5	-0.048733304
1880.583333	0.335171601
1880.666667	0.323447474
1880.75	0.325015201
1880.833333	0.326120261
1880.916667	0.325630759
1881	0.328190814
1881.083333	0.328306177
1881.166667	0.329414444
1881.25	0.328743756
1881.333333	0.327706616
1881.416667	0.325849414
1881.5	0.090575072
1881.583333	-0.243809921
1881.666667	-0.299105667
1881.75	-0.274691123
1881.833333	-0.285692099
1881.916667	-0.279680543
1882	-0.280662985
1882.083333	-0.27858966
1882.166667	-0.278576778
1882.25	-0.278629588
1882.333333	-0.280015964
1882.416667	-0.281677288
1882.5	-0.407568303
1882.583333	-0.60334507
1882.666667	-0.642062577
1882.75	-0.626987852
1882.833333	-0.634323647
1882.916667	-0.629024507
1883	-0.630472021
1883.083333	-0.627642224
1883.166667	-0.628316821
1883.25	-0.627855828
1883.333333	-0.629583186
1883.416667	-0.631041739
1883.5	-0.634421473
1883.583333	-0.601011681
1883.666667	-0.570871648
1883.75	-0.579629387
1883.833333	-0.5783183
1883.916667	-0.576465961
1884	-0.576334605
1884.083333	-0.574342544
1884.166667	-0.574520414
1884.25	-0.574373282
1884.333333	-0.575896188
1884.416667	-0.577489941
1884.5	-0.465991042
1884.583333	-0.32970489
1884.666667	-0.319935036
1884.75	-0.325951588
1884.833333	-0.322990052
1884.916667	-0.323287911
1885	-0.321439698
1885.083333	-0.32065341
1885.166667	-0.320018646
1885.25	-0.320417606
1885.333333	-0.321566111
1885.416667	-0.323425941
1885.5	-0.14901487
1885.583333	0.143808563
1885.666667	0.2051006
1885.75	0.174350188
1885.833333	0.189027661
1885.916667	0.183246752
1886	0.187626277
1886.083333	0.187267169
1886.166667	0.18840139
1886.25	0.187801828
1886.333333	0.186716883
1886.416667	0.184855494
1886.5	0.133010625
1886.583333	0.027704901
1886.666667	0.000336733
1886.75	0.015512942
1886.833333	0.007721068
1886.916667	0.012442355
1887	0.012134118
1887.083333	0.013746016
1887.166667	0.01413149
1887.25	0.013754752
1887.333333	0.012659283
1887.416667	0.010731908
1887.5	0.288574668
1887.583333	0.705309461
1887.666667	0.767193182
1887.75	0.731364836
1887.833333	0.75077276
1887.916667	0.741537534
1888	0.748227971
1888.083333	0.746380007
1888.166667	0.748459054
1888.25	0.747261342
1888.333333	0.746557607
1888.416667	0.744449647
1888.5	0.780523615
1888.583333	0.822129193
1888.666667	0.825102498
1888.75	0.823079417
1888.833333	0.823613974
1888.916667	0.824811924
1889	0.825736362
1889.083333	0.82708998
1889.166667	0.827380405
1889.25	0.827186438
1889.333333	0.825919708
1889.416667	0.824124338
1889.5	0.667408213
1889.583333	0.504986504
1889.666667	0.512996156
1889.75	0.512953317
1889.833333	0.510482455
1889.916667	0.51417249
1890	0.513315903
1890.083333	0.515877306
1890.166667	0.515359246
1890.25	0.515711764
1890.333333	0.514065942
1890.416667	0.512543804
1890.5	0.536056155
1890.583333	0.552922333
1890.666667	0.536376848
1890.75	0.536416333
1890.833333	0.538997508
1890.916667	0.537871147
1891	0.540540357
1891.083333	0.540749211
1891.166667	0.541739859
1891.25	0.541140436
1891.333333	0.540093174
1891.416667	0.5381927
1891.5	0.412956672
1891.583333	0.246193672
1891.666667	0.221811549
1891.75	0.232428817
1891.833333	0.227986735
1891.916667	0.230665782
1892	0.231492502
1892.083333	0.232518614
1892.166667	0.233176813
1892.25	0.23270061
1892.333333	0.231610289
1892.416667	0.229728409
1892.5	0.10525441
1892.583333	-0.082269904
1892.666667	-0.110523832
1892.75	-0.095048837
1892.833333	-0.103961567
1892.916667	-0.097736959
1893	-0.099489002
1893.083333	-0.096690684
1893.166667	-0.097201072
1893.25	-0.096932736
1893.333333	-0.098481587
1893.416667	-0.100092498
1893.5	-0.630512353
1893.583333	-1.396722182
1893.666667	-1.520139572
1893.75	-1.463516818
1893.833333	-1.490603311
1893.916667	-1.47616925
1894	-1.481723753
1894.083333	-1.47711085
1894.166667	-1.478520811
1894.25	-1.47778319
1894.333333	-1.47959419
1894.416667	-1.481045345
1894.5	-0.881896376
1894.583333	-0.006721093
1894.666667	0.135859558
1894.75	0.069801694
1894.833333	0.101138416
1894.916667	0.086825459
1895	0.095888548
1895.083333	0.092821816
1895.166667	0.095578927
1895.25	0.093981359
1895.333333	0.093522985
1895.416667	0.091260089
1895.5	0.152750847
1895.583333	0.207635636
1895.666667	0.187033296
1895.75	0.188441699
1895.833333	0.191584989
1895.916667	0.189142792
1896	0.193191254
1896.083333	0.192237756
1896.166667	0.194113703
1896.25	0.192875003
1896.333333	0.192277242
1896.416667	0.190063249
1896.5	0.075433112
1896.583333	-0.122737327
1896.666667	-0.165100554
1896.75	-0.145744624
1896.833333	-0.155814299
1896.916667	-0.149112908
1897	-0.151152039
1897.083333	-0.148159146
1897.166667	-0.148790022
1897.25	-0.14846422
1897.333333	-0.150020856
1897.416667	-0.151660094
1897.5	-0.279663977
1897.583333	-0.40113916
1897.666667	-0.377140509
1897.75	-0.380421709
1897.833333	-0.383839664
1897.916667	-0.378261255
1898	-0.380851565
1898.083333	-0.376982475
1898.166667	-0.378396639
1898.25	-0.377468626
1898.333333	-0.379462572
1898.416667	-0.380789634
1898.5	-0.663174637
1898.583333	-1.140226317
1898.666667	-1.258589838
1898.75	-1.211239377
1898.833333	-1.230502786
1898.916667	-1.221621764
1899	-1.2234832
1899.083333	-1.221265931
1899.166667	-1.221128234
1899.25	-1.221400388
1899.333333	-1.222538224
1899.416667	-1.224452849
1899.5	-0.629114131
1899.583333	0.256708461
1899.666667	0.397433648
1899.75	0.326121011
1899.833333	0.362604371
1899.916667	0.344608979
1900	0.356047048
1900.083333	0.351512734
1900.166667	0.355161646
1900.25	0.353023993
1900.333333	0.352894194
1900.416667	0.350429333
1900.5	0.60005546
1900.583333	0.965163385
1900.666667	1.027320059
1900.75	0.999330498
1900.833333	1.01200828
1900.916667	1.007150856
1901	1.011274651
1901.083333	1.010855908
1901.166667	1.01216449
1901.25	1.011369504
1901.333333	1.0104651
1901.416667	1.008447335
1901.5	0.947495065
1901.583333	0.892920618
1901.666667	0.900521855
1901.75	0.896811525
1901.833333	0.897463504
1901.916667	0.899157703
1902	0.899456852
1902.083333	0.901369727
1902.166667	0.901219756
1902.25	0.901352791
1902.333333	0.899849092
1902.416667	0.89822514
1902.5	0.949122513
1902.583333	1.023634621
1902.666667	1.044700549
1902.75	1.039711448
1902.833333	1.039551865
1902.916667	1.041894204
1903	1.041942887
1903.083333	1.04385677
1903.166667	1.043814221
1903.25	1.04381095
1903.333333	1.042437572
1903.416667	1.040700424
1903.5	0.897923314
1903.583333	0.675297566
1903.666667	0.631609039
1903.75	0.650894124
1903.833333	0.641827479
1903.916667	0.647279531
1904	0.646362371
1904.083333	0.64848553
1904.166667	0.648473152
1904.25	0.648384758
1904.333333	0.647091943
1904.416667	0.645293224
1904.5	0.496198288
1904.583333	0.241177354
1904.666667	0.177158064
1904.75	0.202061996
1904.833333	0.191764964
1904.916667	0.197281473
1905	0.19652869
1905.083333	0.198494264
1905.166667	0.198594727
1905.25	0.198430073
1905.333333	0.197190156
1905.416667	0.195352236
1905.5	-0.026070906
1905.583333	-0.352266217
1905.666667	-0.410900953
1905.75	-0.384807522
1905.833333	-0.396383525
1905.916667	-0.390361977
1906	-0.391114586
1906.083333	-0.389348231
1906.166667	-0.389021797
1906.25	-0.389369357
1906.333333	-0.390485488
1906.416667	-0.392394217
1906.5	-0.05226632
1906.583333	0.441056643
1906.666667	0.509393226
1906.75	0.47039119
1906.833333	0.49141397
1906.916667	0.481327634
1907	0.488483501
1907.083333	0.486370744
1907.166667	0.488607174
1907.25	0.487311171
1907.333333	0.486672364
1907.416667	0.484518787
1907.5	0.165509873
1907.583333	-0.3006764
1907.666667	-0.378534281
1907.75	-0.343291099
1907.833333	-0.359985452
1907.916667	-0.350789079
1908	-0.353603929
1908.083333	-0.350480038
1908.166667	-0.351047326
1908.25	-0.350808044
1908.333333	-0.352309467
1908.416667	-0.353963914
1908.5	-0.435184918
1908.583333	-0.508494708
1908.666667	-0.491448411
1908.75	-0.49338725
1908.833333	-0.495635312
1908.916667	-0.491914927
1909	-0.492769637
1909.083333	-0.490256116
1909.166667	-0.490707509
1909.25	-0.490421068
1909.333333	-0.492009617
1909.416667	-0.493578628
1909.5	-0.48848073
1909.583333	-0.457642018
1909.666667	-0.450574454
1909.75	-0.458161208
1909.833333	-0.453199831
1909.916667	-0.455026014
1910	-0.452179416
1910.083333	-0.451990811
1910.166667	-0.451025995
1910.25	-0.451585885
1910.333333	-0.452677187
1910.416667	-0.454531891
1910.5	-0.499855011
1910.583333	-0.574464005
1910.666667	-0.593341962
1910.75	-0.585269305
1910.833333	-0.58855605
1910.916667	-0.586394367
1911	-0.58533666
1911.083333	-0.584416351
1911.166667	-0.583705232
1911.25	-0.584213051
1911.333333	-0.585279759
1911.416667	-0.58718255
1911.5	-0.379027018
1911.583333	-0.040463281
1911.666667	0.038220182
1911.75	0.005339616
1911.833333	0.018170728
1911.916667	0.014697271
1912	0.01721959
1912.083333	0.018166883
1912.166667	0.018436789
1912.25	0.018390212
1912.333333	0.016958978
1912.416667	0.015310836
1912.5	-0.104742001
1912.583333	-0.286681964
1912.666667	-0.32308764
1912.75	-0.309939652
1912.833333	-0.315713618
1912.916667	-0.311613387
1913	-0.312177779
1913.083333	-0.309983518
1913.166667	-0.310203706
1913.25	-0.310070476
1913.333333	-0.311556102
1913.416667	-0.313198925
1913.5	0.188133059
1913.583333	0.93087418
1913.666667	1.050371488
1913.75	0.99148651
1913.833333	1.02080582
1913.916667	1.006930783
1914	1.015986906
1914.083333	1.012842582
1914.166667	1.015670521
1914.25	1.014024663
1914.333333	1.013595368
1914.416667	1.011316539
1914.5	1.086491981
1914.583333	1.148537221
1914.666667	1.122966961
1914.75	1.126291621
1914.833333	1.128816009
1914.916667	1.126481696
1915	1.130597197
1915.083333	1.129535942
1915.166667	1.131512851
1915.25	1.130192488
1915.333333	1.129657315
1915.416667	1.127395945
1915.5	0.935755676
1915.583333	0.642325372
1915.666667	0.591544277
1915.75	0.614977464
1915.833333	0.602870742
1915.916667	0.610625412
1916	0.60802007
1916.083333	0.611331372
1916.166667	0.610511716
1916.25	0.610956544
1916.333333	0.609319509
1916.416667	0.607738634
1916.5	0.387907311
1916.583333	0.117802372
1916.666667	0.113498242
1916.75	0.125657627
1916.833333	0.114515782
1916.916667	0.123719961
1917	0.119527168
1917.083333	0.124054111
1917.166667	0.122399813
1917.25	0.123395212
1917.333333	0.121398173
1917.416667	0.120055116
1917.5	-0.1527901
1917.583333	-0.578736446
1917.666667	-0.667575672
1917.75	-0.630217609
1917.833333	-0.646333175
1917.916667	-0.638271539
1918	-0.640056413
1918.083333	-0.637713579
1918.166667	-0.637730486
1918.25	-0.637866456
1918.333333	-0.639114913
1918.416667	-0.64094053
1918.5	-0.052947733
1918.583333	0.815525163
1918.666667	0.951517788
1918.75	0.882780857
1918.833333	0.91779912
1918.916667	0.900664566
1919	0.911584561
1919.083333	0.907368098
1919.166667	0.910818459
1919.25	0.908807319
1919.333333	0.908594918
1919.416667	0.906185696
1919.5	0.826207277
1919.583333	0.673408226
1919.666667	0.632644071
1919.75	0.651719925
1919.833333	0.642962175
1919.916667	0.647815157
1920	0.647572355
1920.083333	0.649096663
1920.166667	0.649554094
1920.25	0.649122788
1920.333333	0.648069519
1920.416667	0.646107757
1920.5	0.361917579
1920.583333	-0.067734632
1920.666667	-0.150789305
1920.75	-0.117290199
1920.833333	-0.131858438
1920.916667	-0.124026934
1921	-0.126121779
1921.083333	-0.123340052
1921.166667	-0.123753507
1921.25	-0.123584905
1921.333333	-0.125047537
1921.416667	-0.126731323
1921.5	-0.168521709
1921.583333	-0.239392061
1921.666667	-0.251403563
1921.75	-0.244151785
1921.833333	-0.248794141
1921.916667	-0.24485516
1922	-0.245338731
1922.083333	-0.24327589
1922.166667	-0.243336787
1922.25	-0.243360623
1922.333333	-0.244706137
1922.416667	-0.246468799
1922.5	-0.382394331
1922.583333	-0.587027305
1922.666667	-0.623128393
1922.75	-0.606751421
1922.833333	-0.614807813
1922.916667	-0.609629581
1923	-0.610534706
1923.083333	-0.60834805
1923.166667	-0.608431908
1923.25	-0.608461323
1923.333333	-0.609797511
1923.416667	-0.611566072
1923.5	-0.486063622
1923.583333	-0.316973738
1923.666667	-0.299065738
1923.75	-0.311405819
1923.833333	-0.30487737
1923.916667	-0.306898802
1924	-0.304312989
1924.083333	-0.303802455
1924.166667	-0.303082467
1924.25	-0.303501847
1924.333333	-0.304642627
1924.416667	-0.306515698
1924.5	-0.102913035
1924.583333	0.255030418
1924.666667	0.342864556
1924.75	0.305191863
1924.833333	0.321587789
1924.916667	0.315280412
1925	0.319968472
1925.083333	0.319343453
1925.166667	0.320707517
1925.25	0.319923381
1925.333333	0.318977877
1925.416667	0.317015195
1925.5	0.704933811
1925.583333	1.286601485
1925.666667	1.380145799
1925.75	1.331615575
1925.833333	1.356319089
1925.916667	1.344775437
1926	1.352520288
1926.083333	1.35016984
1926.166667	1.352495534
1926.25	1.351176085
1926.333333	1.350530151
1926.416667	1.348398402
1926.5	0.975818736
1926.583333	0.44180127
1926.666667	0.35633733
1926.75	0.394917813
1926.833333	0.376743055
1926.916667	0.386610762
1927	0.383476555
1927.083333	0.386767371
1927.166667	0.386098758
1927.25	0.38641124
1927.333333	0.384848809
1927.416667	0.383249792
1927.5	0.490789503
1927.583333	0.680771792
1927.666667	0.737695831
1927.75	0.717725336
1927.833333	0.723596671
1927.916667	0.723681709
1928	0.724443352
1928.083333	0.726243339
1928.166667	0.726105769
1928.25	0.72625285
1928.333333	0.724729054
1928.416667	0.723126264
1928.5	0.553876792
1928.583333	0.318843362
1928.666667	0.271743029
1928.75	0.285761617
1928.833333	0.281962716
1928.916667	0.283747701
1929	0.28508085
1929.083333	0.285914807
1929.166667	0.286598816
1929.25	0.286164603
1929.333333	0.285014425
1929.416667	0.283189517
1929.5	0.261117604
1929.583333	0.198783346
1929.666667	0.170657211
1929.75	0.181254339
1929.833333	0.177419077
1929.916667	0.179611982
1930	0.180740428
1930.083333	0.181589587
1930.166667	0.182356513
1930.25	0.181804999
1930.333333	0.180774762
1930.416667	0.178839463
1930.5	0.329715277
1930.583333	0.596489556
1930.666667	0.669232884
1930.75	0.639660214
1930.833333	0.650646113
1930.916667	0.648210234
1931	0.65014224
1931.083333	0.651430049
1931.166667	0.651500554
1931.25	0.651572645
1931.333333	0.650069522
1931.416667	0.648465835
1931.5	0.152014839
1931.583333	-0.636646254
1931.666667	-0.796473737
1931.75	-0.725744097
1931.833333	-0.758484098
1931.916667	-0.741702188
1932	-0.748255483
1932.083333	-0.743224631
1932.166667	-0.74478705
1932.25	-0.74402551
1932.333333	-0.745795306
1932.416667	-0.747321458
1932.5	-0.608430599
1932.583333	-0.376768428
1932.666667	-0.329728709
1932.75	-0.351465927
1932.833333	-0.340764189
1932.916667	-0.345422569
1933	-0.340908354
1933.083333	-0.341809169
1933.166667	-0.340100453
1933.25	-0.341177
1933.333333	-0.341905432
1933.416667	-0.344019062
1933.5	-0.233057426
1933.583333	-0.124811552
1933.666667	-0.144756445
1933.75	-0.143505138
1933.833333	-0.140183611
1933.916667	-0.142902961
1934	-0.138558507
1934.083333	-0.139771134
1934.166667	-0.13769148
1934.25	-0.139080927
1934.333333	-0.139570626
1934.416667	-0.141861199
1934.5	-0.351738106
1934.583333	-0.641896338
1934.666667	-0.681068001
1934.75	-0.663467898
1934.833333	-0.672634431
1934.916667	-0.666364029
1935	-0.668224345
1935.083333	-0.665278295
1935.166667	-0.665930403
1935.25	-0.665548856
1935.333333	-0.667178166
1935.416667	-0.668737046
1935.5	-0.68879131
1935.583333	-0.683933391
1935.666667	-0.646378967
1935.75	-0.652421311
1935.833333	-0.65582919
1935.916667	-0.649796941
1936	-0.652761018
1936.083333	-0.64866434
1936.166667	-0.650197075
1936.25	-0.649217117
1936.333333	-0.651225648
1936.416667	-0.652558082
1936.5	-0.747144968
1936.583333	-0.868445913
1936.666667	-0.890861745
1936.75	-0.886368521
1936.833333	-0.886707255
1936.916667	-0.886029823
1937	-0.884445524
1937.083333	-0.883592021
1937.166667	-0.882982135
1937.25	-0.883357734
1937.333333	-0.884535588
1937.416667	-0.886360959
1937.5	-0.278101585
1937.583333	0.590265477
1937.666667	0.71447942
1937.75	0.651061589
1937.833333	0.683525774
1937.916667	0.667686448
1938	0.677922531
1938.083333	0.674074815
1938.166667	0.677327131
1938.25	0.675418145
1938.333333	0.675158761
1938.416667	0.672764368
1938.5	0.541993868
1938.583333	0.334003944
1938.666667	0.291555155
1938.75	0.311387191
1938.833333	0.302314298
1938.916667	0.307287616
1939	0.307003285
1939.083333	0.308541498
1939.166667	0.308991817
1939.25	0.308568258
1939.333333	0.307504688
1939.416667	0.305555682
1939.5	0.418279084
1939.583333	0.546601386
1939.666667	0.5473928
1939.75	0.541744355
1939.833333	0.545544241
1939.916667	0.544692608
1940	0.546751022
1940.083333	0.547508265
1940.166667	0.548112449
1940.25	0.547743827
1940.333333	0.546586367
1940.416667	0.544711455
1940.5	0.57472603
1940.583333	0.66353655
1940.666667	0.703246247
1940.75	0.688623926
1940.833333	0.693494294
1940.916667	0.693177131
1941	0.694649904
1941.083333	0.695793223
1941.166667	0.696169751
1941.25	0.695939678
1941.333333	0.694686216
1941.416667	0.692889406
1941.5	0.616643867
1941.583333	0.486612569
1941.666667	0.458925831
1941.75	0.471885279
1941.833333	0.46515154
1941.916667	0.469862474
1942	0.469091762
1942.083333	0.471262046
1942.166667	0.471161019
1942.25	0.471151785
1942.333333	0.469801484
1942.416667	0.468039784
1942.5	0.452138077
1942.583333	0.453264873
1942.666667	0.45967671
1942.75	0.453092349
1942.833333	0.456645658
1942.916667	0.456219929
1943	0.457911749
1943.083333	0.458949868
1943.166667	0.459338845
1943.25	0.459142019
1943.333333	0.457840308
1943.416667	0.456092029
1943.5	0.376720356
1943.583333	0.254049557
1943.666667	0.233030391
1943.75	0.245299237
1943.833333	0.238824253
1943.916667	0.242960494
1944	0.242902222
1944.083333	0.244416569
1944.166667	0.244830947
1944.25	0.244455718
1944.333333	0.243345675
1944.416667	0.24143813
1944.5	0.062773777
1944.583333	-0.17761569
1944.666667	-0.222119768
1944.75	-0.208659505
1944.833333	-0.212072942
1944.916667	-0.210729504
1945	-0.2089648
1945.083333	-0.208493315
1945.166667	-0.207533418
1945.25	-0.208164578
1945.333333	-0.209180109
1945.416667	-0.211094334
1945.5	-0.517222286
1945.583333	-0.985343864
1945.666667	-1.072037874
1945.75	-1.032460733
1945.833333	-1.051229723
1945.916667	-1.041054213
1946	-1.044330809
1946.083333	-1.040984078
1946.166667	-1.04166622
1946.25	-1.041359864
1946.333333	-1.042907643
1946.416667	-1.04452461
1946.5	-0.945429247
1946.583333	-0.744701295
1946.666667	-0.676868135
1946.75	-0.701959379
1946.833333	-0.693661234
1946.916667	-0.694734185
1947	-0.693419851
1947.083333	-0.691879796
1947.166667	-0.69190109
1947.25	-0.691798778
1947.333333	-0.69331384
1947.416667	-0.694907076
1947.5	-0.706187961
1947.583333	-0.76423862
1947.666667	-0.80475975
1947.75	-0.794352961
1947.833333	-0.796099507
1947.916667	-0.795524162
1948	-0.79344868
1948.083333	-0.793091708
1948.166667	-0.792084729
1948.25	-0.792750611
1948.333333	-0.793724425
1948.416667	-0.795691391
1948.5	-0.662664801
1948.583333	-0.437589587
1948.666667	-0.389347778
1948.75	-0.412052329
1948.833333	-0.401305894
1948.916667	-0.405500978
1949	-0.401586249
1949.083333	-0.401938123
1949.166667	-0.400666341
1949.25	-0.401419038
1949.333333	-0.402378813
1949.416667	-0.40432962
1949.5	-0.254365102
1949.583333	-0.018605483
1949.666667	0.036280616
1949.75	0.014286449
1949.833333	0.021918216
1949.916667	0.021029586
1950	0.022223084
1950.083333	0.023869582
1950.166667	0.023768359
1950.25	0.023916211
1950.333333	0.022388262
1950.416667	0.020781755
1950.5	-0.571319247
1950.583333	-1.465060537
1950.666667	-1.627527981
1950.75	-1.555199112
1950.833333	-1.588935552
1950.916667	-1.571519507
1951	-1.578484631
1951.083333	-1.573179868
1951.166667	-1.574930085
1951.25	-1.574034786
1951.333333	-1.575904227
1951.416667	-1.577352461
1951.5	-0.957183572
1951.583333	-0.029144223
1951.666667	0.130329649
1951.75	0.055953235
1951.833333	0.091416078
1951.916667	0.075032802
1952	0.085151323
1952.083333	0.081535348
1952.166667	0.084585783
1952.25	0.082826441
1952.333333	0.08246091
1952.416667	0.080142069
1952.5	0.274700897
1952.583333	0.564681953
1952.666667	0.599774975
1952.75	0.575489651
1952.833333	0.590568142
1952.916667	0.582547977
1953	0.589214077
1953.083333	0.587032975
1953.166667	0.589477889
1953.25	0.587985369
1953.333333	0.587489115
1953.416667	0.585247898
1953.5	0.526685438
1953.583333	0.4402931
1953.666667	0.429380232
1953.75	0.43505004
1953.833333	0.431125354
1953.916667	0.434988101
1954	0.434287213
1954.083333	0.436647195
1954.166667	0.436306031
1954.25	0.436514461
1954.333333	0.434986368
1954.416667	0.433365181
1954.5	0.346394858
1954.583333	0.267583471
1954.666667	0.296640497
1954.75	0.294450401
1954.833333	0.289306983
1954.916667	0.296118839
1955	0.292802118
1955.083333	0.297063427
1955.166667	0.295447328
1955.25	0.296476362
1955.333333	0.2944328
1955.416667	0.293129803
1955.5	-0.009437519
1955.583333	-0.499726119
1955.666667	-0.609454286
1955.75	-0.564190713
1955.833333	-0.583607154
1955.916667	-0.573985817
1956	-0.576596345
1956.083333	-0.573782877
1956.166667	-0.574075797
1956.25	-0.574051704
1956.333333	-0.575388255
1956.416667	-0.577171025
1956.5	-0.475834802
1956.583333	-0.346966967
1956.666667	-0.342674359
1956.75	-0.348986502
1956.833333	-0.343856078
1956.916667	-0.34651358
1957	-0.342698663
1957.083333	-0.343378194
1957.166667	-0.341713831
1957.25	-0.342811812
1957.333333	-0.343494587
1957.416667	-0.345662287
1957.5	-0.480438193
1957.583333	-0.725183459
1957.666667	-0.789662094
1957.75	-0.761814346
1957.833333	-0.773798062
1957.916667	-0.767782785
1958	-0.768421583
1958.083333	-0.766782612
1958.166667	-0.766339616
1958.25	-0.766789708
1958.333333	-0.767815143
1958.416667	-0.769805563
1958.5	-0.652618259
1958.583333	-0.497242117
1958.666667	-0.485167401
1958.75	-0.496733383
1958.833333	-0.489771854
1958.916667	-0.492342606
1959	-0.489335254
1959.083333	-0.489107527
1959.166667	-0.488206565
1959.25	-0.48874061
1959.333333	-0.489807859
1959.416667	-0.491729427
1959.5	-0.554701441
1959.583333	-0.6342504
1959.666667	-0.636941926
1959.75	-0.632446627
1959.833333	-0.636140601
1959.916667	-0.632661803
1960	-0.632841295
1960.083333	-0.631002018
1960.166667	-0.630899815
1960.25	-0.631038114
1960.333333	-0.632306606
1960.416667	-0.634119019
1960.5	-0.729636933
1960.583333	-0.843585698
1960.666667	-0.850250604
1960.75	-0.846775885
1960.833333	-0.849242216
1960.916667	-0.846432104
1961	-0.846377331
1961.083333	-0.844543893
1961.166667	-0.844529558
1961.25	-0.844554478
1961.333333	-0.845933214
1961.416667	-0.847647673
1961.5	-0.83373971
1961.583333	-0.787248499
1961.666667	-0.76787381
1961.75	-0.777458783
1961.833333	-0.773702383
1961.916667	-0.773723304
1962	-0.772447207
1962.083333	-0.771100789
1962.166667	-0.770920211
1962.25	-0.770979111
1962.333333	-0.772373465
1962.416667	-0.774057163
1962.5	-0.863457464
1962.583333	-0.990551988
1962.666667	-1.008014828
1962.75	-0.997272677
1962.833333	-1.0031249
1962.916667	-0.999216651
1963	-0.999214372
1963.083333	-0.997692883
1963.166667	-0.997310647
1963.25	-0.997646322
1963.333333	-0.998796542
1963.416667	-1.000665588
1963.5	-0.682247436
1963.583333	-0.19445202
1963.666667	-0.116787357
1963.75	-0.16005784
1963.833333	-0.137028877
1963.916667	-0.148072689
1964	-0.14046337
1964.083333	-0.142778931
1964.166667	-0.140468115
1964.25	-0.14177119
1964.333333	-0.142438655
1964.416667	-0.144544664
1964.5	-0.143629898
1964.583333	-0.128454849
1964.666667	-0.12099793
1964.75	-0.125698159
1964.833333	-0.123705903
1964.916667	-0.123249535
1965	-0.121978018
1965.083333	-0.120761279
1965.166667	-0.120443833
1965.25	-0.120608248
1965.333333	-0.121933098
1965.416667	-0.12365648
1965.5	-0.019560572
1965.583333	0.163891656
1965.666667	0.214201472
1965.75	0.194089818
1965.833333	0.201256223
1965.916667	0.200248257
1966	0.201725969
1966.083333	0.203098583
1966.166667	0.203205808
1966.25	0.203215159
1966.333333	0.201768342
1966.416667	0.200122623
1966.5	0.177031102
1966.583333	0.095490671
1966.666667	0.047724419
1966.75	0.061110051
1966.833333	0.058227328
1966.916667	0.059171558
1967	0.061179115
1967.083333	0.06149864
1967.166667	0.062570663
1967.25	0.061840201
1967.333333	0.060922425
1967.416667	0.058908674
1967.5	0.065909277
1967.583333	0.085558198
1967.666667	0.089517434
1967.75	0.086675641
1967.833333	0.08858305
1967.916667	0.088270289
1968	0.090517146
1968.083333	0.09085357
1968.166667	0.091863844
1968.25	0.091191094
1968.333333	0.090225604
1968.416667	0.088252299
1968.5	-0.093616156
1968.583333	-0.346095696
1968.666667	-0.37332237
1968.75	-0.356408171
1968.833333	-0.367032239
1968.916667	-0.359422945
1969	-0.362159507
1969.083333	-0.358704423
1969.166667	-0.359636094
1969.25	-0.359105513
1969.333333	-0.360812844
1969.416667	-0.362331535
1969.5	-0.914234151
1969.583333	-1.726281221
1969.666667	-1.860044281
1969.75	-1.797315622
1969.833333	-1.828045446
1969.916667	-1.81142808
1970	-1.818288969
1970.083333	-1.812900493
1970.166667	-1.814763337
1970.25	-1.813769349
1970.333333	-1.815717078
1970.416667	-1.817104161
1970.5	-1.176173926
1970.583333	-0.222948398
1970.666667	-0.061299072
1970.75	-0.136642504
1970.833333	-0.100771103
1970.916667	-0.117313677
1971	-0.107142491
1971.083333	-0.11076824
1971.166667	-0.107723506
1971.25	-0.109472838
1971.333333	-0.109848539
1971.416667	-0.112158313
1971.5	-0.136639934
1971.583333	-0.196479556
1971.666667	-0.235487036
1971.75	-0.227059312
1971.833333	-0.226303144
1971.916667	-0.228199103
1972	-0.22405719
1972.083333	-0.225260887
1972.166667	-0.223150627
1972.25	-0.224561206
1972.333333	-0.225049858
1972.416667	-0.227323306
1972.5	-0.365302836
1972.583333	-0.592647713
1972.666667	-0.642108
1972.75	-0.621391275
1972.833333	-0.63104371
1972.916667	-0.625120963
1973	-0.626469842
1973.083333	-0.623979494
1973.166667	-0.624280909
1973.25	-0.624153218
1973.333333	-0.625603111
1973.416667	-0.627288628
1973.5	-0.81396936
1973.583333	-1.056059783
1973.666667	-1.067018159
1973.75	-1.054367668
1973.833333	-1.065002539
1973.916667	-1.056182598
1974	-1.060210505
1974.083333	-1.055716714
1974.166667	-1.057392781
1974.25	-1.056362558
1974.333333	-1.058389874
1974.416667	-1.059712262
1974.5	-1.298551484
1974.583333	-1.715823084
1974.666667	-1.820215488
1974.75	-1.776917724
1974.833333	-1.795698297
1974.916667	-1.786224637
1975	-1.788840525
1975.083333	-1.785993423
1975.166667	-1.786308027
1975.25	-1.786282476
1975.333333	-1.787602618
1975.416667	-1.789414838
1975.5	-1.345633685
1975.583333	-0.675599512
1975.666667	-0.563668349
1975.75	-0.619687488
1975.833333	-0.591618295
1975.916667	-0.604856861
1976	-0.596161406
1976.083333	-0.599093777
1976.166667	-0.59638698
1976.25	-0.597970217
1976.333333	-0.598424069
1976.416667	-0.600702798
1976.5	-0.291854482
1976.583333	0.1507802
1976.666667	0.222145018
1976.75	0.190015772
1976.833333	0.204650437
1976.916667	0.198814452
1977	0.203459077
1977.083333	0.202743379
1977.166667	0.204234484
1977.25	0.203318016
1977.333333	0.202501166
1977.416667	0.200415485
1977.5	0.384964271
1977.583333	0.678061933
1977.666667	0.732843836
1977.75	0.704411461
1977.833333	0.718295962
1977.916667	0.712751153
1978	0.717098107
1978.083333	0.716697796
1978.166667	0.717899018
1978.25	0.717224513
1978.333333	0.716215781
1978.416667	0.714279389
1978.5	0.680970261
1978.583333	0.623032753
1978.666667	0.613774361
1978.75	0.620699009
1978.833333	0.616231741
1978.916667	0.619860217
1979	0.619737739
1979.083333	0.621472599
1979.166667	0.621672227
1979.25	0.621457289
1979.333333	0.620245079
1979.416667	0.618392419
1979.5	0.45342205
1979.583333	0.263074743
1979.666667	0.254988417
1979.75	0.259696725
1979.833333	0.256327305
1979.916667	0.259758711
1980	0.259394639
1980.083333	0.261511248
1980.166667	0.261330427
1980.25	0.261444407
1980.333333	0.25996257
1980.416667	0.258328357
1980.5	0.036969442
1980.583333	-0.303766292
1980.666667	-0.37126406
1980.75	-0.343493121
1980.833333	-0.355999219
1980.916667	-0.348865586
1981	-0.350764198
1981.083333	-0.348000002
1981.166667	-0.348454902
1981.25	-0.348229115
1981.333333	-0.34974998
1981.416667	-0.351378781
1981.5	-0.542025024
1981.583333	-0.814157469
1981.666667	-0.859618442
1981.75	-0.839270543
1981.833333	-0.848420175
1981.916667	-0.843362995
1982	-0.843781749
1982.083333	-0.842086225
1982.166667	-0.841792554
1982.25	-0.842071016
1982.333333	-0.843265459
1982.416667	-0.845096747
1982.5	-0.432273152
1982.583333	0.152735388
1982.666667	0.230387126
1982.75	0.187229143
1982.833333	0.210184663
1982.916667	0.199161786
1983	0.206788904
1983.083333	0.204431498
1983.166667	0.206797722
1983.25	0.205432278
1983.333333	0.204830207
1983.416667	0.20265806
1983.5	-0.237855898
1983.583333	-0.874947791
1983.666667	-0.979585182
1983.75	-0.93247254
1983.833333	-0.954483519
1983.916667	-0.942877267
1984	-0.94680241
1984.083333	-0.943153244
1984.166667	-0.943980768
1984.25	-0.943602175
1984.333333	-0.945187194
1984.416667	-0.946784137
1984.5	-0.938764802
1984.583333	-0.925975618
1984.666667	-0.913568276
1984.75	-0.913742511
1984.833333	-0.916487994
1984.916667	-0.912773033
1985	-0.913457133
1985.083333	-0.911143151
1985.166667	-0.911413259
1985.25	-0.911279037
1985.333333	-0.912742206
1985.416667	-0.914415403
1985.5	-0.951648192
1985.583333	-1.012455605
1985.666667	-1.035904742
1985.75	-1.030794894
1985.833333	-1.030812519
1985.916667	-1.030902896
1986	-1.028493971
1986.083333	-1.028343361
1986.166667	-1.027197723
1986.25	-1.027956559
1986.333333	-1.028870501
1986.416667	-1.030873657
1986.5	-0.914873674
1986.583333	-0.764802823
1986.666667	-0.751241808
1986.75	-0.758814826
1986.833333	-0.754557882
1986.916667	-0.756056889
1987	-0.753193882
1987.083333	-0.753192035
1987.166667	-0.751988014
1987.25	-0.752782788
1987.333333	-0.753663703
1987.416667	-0.75570136
1987.5	-0.786107085
1987.583333	-0.751449162
1987.666667	-0.701062196
1987.75	-0.718806769
1987.833333	-0.714126983
1987.916667	-0.713154851
1988	-0.713098693
1988.083333	-0.710754853
1988.166667	-0.711294996
1988.25	-0.710858401
1988.333333	-0.712587514
1988.416667	-0.714044608
1988.5	-0.878543855
1988.583333	-1.13277635
1988.666667	-1.181505033
1988.75	-1.161459858
1988.833333	-1.17121236
1988.916667	-1.164768336
1989	-1.166733414
1989.083333	-1.163693919
1989.166667	-1.164427574
1989.25	-1.163980919
1989.333333	-1.165658585
1989.416667	-1.167183342
1989.5	-0.656726358
1989.583333	0.11857447
1989.666667	0.251452257
1989.75	0.186472995
1989.833333	0.21852772
1989.916667	0.203452338
1990	0.213014276
1990.083333	0.209674314
1990.166667	0.212561902
1990.25	0.210914315
1990.333333	0.210463305
1990.416667	0.208214731
1990.5	0.290962008
1990.583333	0.336667763
1990.666667	0.294067114
1990.75	0.303880984
1990.833333	0.304029459
1990.916667	0.302205104
1991	0.306394037
1991.083333	0.305072959
1991.166667	0.307306814
1991.25	0.305780191
1991.333333	0.305396999
1991.416667	0.303027943
1991.5	0.260469433
1991.583333	0.214136558
1991.666667	0.211497747
1991.75	0.210294809
1991.833333	0.210921818
1991.916667	0.212012038
1992	0.212941423
1992.083333	0.214355244
1992.166667	0.214562378
1992.25	0.214451551
1992.333333	0.21311087
1992.416667	0.211378566
1992.5	0.186207275
1992.583333	0.149499852
1992.666667	0.162490474
1992.75	0.166126986
1992.833333	0.159302017
1992.916667	0.166247702
1993	0.163283595
1993.083333	0.167109425
1993.166667	0.165879029
1993.25	0.166600164
1993.333333	0.164794255
1993.416667	0.163307718
1993.5	-0.072904453
1993.583333	-0.43992499
1993.666667	-0.511712714
1993.75	-0.480217864
1993.833333	-0.49481389
1993.916667	-0.486751743
1994	-0.488948087
1994.083333	-0.486179737
1994.166667	-0.486522114
1994.25	-0.486443421
1994.333333	-0.487816304
1994.416667	-0.48958263
1994.5	-0.01950321
1994.583333	0.656179161
1994.666667	0.757217766
1994.75	0.706316993
1994.833333	0.730979591
1994.916667	0.718784106
1995	0.726025279
1995.083333	0.723169315
1995.166667	0.725208114
1995.25	0.723627699
1995.333333	0.722996439
1995.416667	0.720725153
1995.5	0.509442215
1995.583333	0.211471268
1995.666667	0.166161442
1995.75	0.187880168
1995.833333	0.177659322
1995.916667	0.183310097
1996	0.182628096
1996.083333	0.184402288
1996.166667	0.184709244
1996.25	0.184375881
1996.333333	0.18325291
1996.416667	0.181345227
1996.5	0.006819497
1996.583333	-0.287900583
1996.666667	-0.364130054
1996.75	-0.336125448
1996.833333	-0.346721241
1996.916667	-0.341606306
1997	-0.341902835
1997.083333	-0.340287922
1997.166667	-0.339953614
1997.25	-0.340260898
1997.333333	-0.341421435
1997.416667	-0.343297328
1997.5	-0.511187128
1997.583333	-0.749342399
1997.666667	-0.787060164
1997.75	-0.76993955
1997.833333	-0.77796303
1997.916667	-0.773155957
1998	-0.773634646
1998.083333	-0.771806822
1998.166667	-0.771631074
1998.25	-0.771828916
1998.333333	-0.773067669
1998.416667	-0.774883017
1998.5	-0.807721166
1998.583333	-0.843270637
1998.666667	-0.840617458
1998.75	-0.840683904
1998.833333	-0.841916332
1998.916667	-0.83945337
1999	-0.839366379
1999.083333	-0.837472389
1999.166667	-0.83753103
1999.25	-0.837495229
1999.333333	-0.838918224
1999.416667	-0.840602569
1999.5	-1.014150486
1999.583333	-1.241381084
1999.666667	-1.270521759
1999.75	-1.259837369
1999.833333	-1.264862368
1999.916667	-1.260918341
2000	-1.261516732
2000.083333	-1.259238436
2000.166667	-1.259547102
2000.25	-1.259333428
2000.333333	-1.260889853
2000.416667	-1.262470105
2000.5	-0.985855109
2000.583333	-0.568350502
2000.666667	-0.489364243
2000.75	-0.522692785
2000.833333	-0.508473099
2000.916667	-0.513669421
2001	-0.509557666
2001.083333	-0.50988084
2001.166667	-0.508674622
2001.25	-0.509378061
2001.333333	-0.510362152
2001.416667	-0.512309576
2001.5	-0.112179994
2001.583333	0.482426148
2001.666667	0.57648428
2001.75	0.527895562
2001.833333	0.552561337
2001.916667	0.541055364
2002	0.548780699
2002.083333	0.546433628
2002.166667	0.548766839
2002.25	0.547433309
2002.333333	0.546805113
2002.416667	0.544653772
2002.5	0.159725659
2002.583333	-0.429196808
2002.666667	-0.53900124
2002.75	-0.489507994
2002.833333	-0.512631706
2002.916667	-0.500506851
2003	-0.50466404
2003.083333	-0.500924783
2003.166667	-0.501770481
2003.25	-0.501410691
2003.333333	-0.502957861
2003.416667	-0.504602253
2003.5	-0.310682192
2003.583333	0.039481084
2003.666667	0.136084992
2003.75	0.097405575
2003.833333	0.112224381
2003.916667	0.107963281
2004	0.11087206
2004.083333	0.111591978
2004.166667	0.112007833
2004.25	0.111866294
2004.333333	0.110495285
2004.416667	0.108810841
2004.5	0.130860452
2004.583333	0.13798003
2004.666667	0.113538619
2004.75	0.115869971
2004.833333	0.118278097
2004.916667	0.116666419
2005	0.119916925
2005.083333	0.119632118
2005.166667	0.120993323
2005.25	0.120131606
2005.333333	0.119264744
2005.416667	0.117241476
2005.5	0.190065906
2005.583333	0.294929892
2005.666667	0.305110429
2005.75	0.297109781
2005.833333	0.302218958
2005.916667	0.300075146
2006	0.30332915
2006.083333	0.30312211
2006.166667	0.304422727
2006.25	0.30359614
2006.333333	0.302710977
2006.416667	0.300697124
2006.5	0.301372133
2006.583333	0.352609678
2006.666667	0.394633239
2006.75	0.380993078
2006.833333	0.383605231
2006.916667	0.385621263
2007	0.385150508
2007.083333	0.387757889
2007.166667	0.387089935
2007.25	0.387583485
2007.333333	0.385834863
2007.416667	0.38437731
2007.5	-0.258423669
2007.583333	-1.21365729
2007.666667	-1.378425054
2007.75	-1.303735169
2007.833333	-1.33940614
2007.916667	-1.320554496
2008	-1.328530903
2008.083333	-1.322533196
2008.166667	-1.324752737
2008.25	-1.323539197
2008.333333	-1.325627238
2008.416667	-1.32692163
2008.5	-1.129382535
2008.583333	-0.85280318
2008.666667	-0.814315361
2008.75	-0.831875345
2008.833333	-0.82329345
2008.916667	-0.826842052
2009	-0.822921234
2009.083333	-0.823502324
2009.166667	-0.821963845
2009.25	-0.822953771
2009.333333	-0.823721248
2009.416667	-0.825823177
2009.5	-0.738691137
2009.583333	-0.682456305
2009.666667	-0.720626545
2009.75	-0.712069884
2009.833333	-0.711572557
2009.916667	-0.71349388
2010	-0.709228497
2010.083333	-0.710591903
2010.166667	-0.708319611
2010.25	-0.709880827
2010.333333	-0.710233504
2010.416667	-0.712629321
2010.5	-0.648037311
2010.583333	-0.560332477
2010.666667	-0.551108901
2010.75	-0.558526726
2010.833333	-0.554587923
2010.916667	-0.555303982
2011	-0.553359455
2011.083333	-0.55253806
2011.166667	-0.551968746
2011.25	-0.552313664
2011.333333	-0.553493153
2011.416667	-0.555344124
2011.5	-0.678154703
2011.583333	-0.828584661
2011.666667	-0.821589436
2011.75	-0.814662759
2011.833333	-0.823328252
2011.916667	-0.815331563
2012	-0.818909196
2012.083333	-0.814716473
2012.166667	-0.816172391
2012.25	-0.815308043
2012.333333	-0.817208533
2012.416667	-0.818629636
2012.5	-0.913158068
2012.583333	-1.069317922
2012.666667	-1.107948042
2012.75	-1.094350632
2012.833333	-1.099787766
2012.916667	-1.096256447
2013	-1.096264898
2013.083333	-1.094532272
2013.166667	-1.094394185
2013.25	-1.094532397
2013.333333	-1.09581191
2013.416667	-1.097614395
2013.5	-0.71563063
2013.583333	-0.15810666
2013.666667	-0.07135218
2013.75	-0.115239228
2013.833333	-0.094179719
2013.916667	-0.104444256
2014	-0.098278994
2014.083333	-0.10051326
2014.166667	-0.098846736
2014.25	-0.10019574
2014.333333	-0.100976959
2014.416667	-0.103146349
2014.5	-0.314337896
2014.583333	-0.613561959
2014.666667	-0.658945795
2014.75	-0.636797613
2014.833333	-0.647438948
2014.916667	-0.641462767
2015	-0.642375783
2015.083333	-0.640443346
2015.166667	-0.640243679
2015.25	-0.640503808
2015.333333	-0.641677802
2015.416667	-0.643548773
2015.5	-0.447692473
2015.583333	-0.159047752
2015.666667	-0.121380962
2015.75	-0.14641992
2015.833333	-0.13224145
2015.916667	-0.138735694
2016	-0.133573712
2016.083333	-0.13453195
2016.166667	-0.132985045
2016.25	-0.133859304
2016.333333	-0.134761528
2016.416667	-0.136746942
2016.5	0.020267252
2016.583333	0.280580525
2016.666667	0.338861045
2016.75	0.313656127
2016.833333	0.324543547
2016.916667	0.320796823
2017	0.324231076
2017.083333	0.324251039
2017.166667	0.325268382
2017.25	0.324677769
2017.333333	0.323620771
2017.416667	0.321724118
2017.5	0.353150751
2017.583333	0.398153889
2017.666667	0.408667566
2017.75	0.404763739
2017.833333	0.405382936
2017.916667	0.406955604
2018	0.407473716
2018.083333	0.409153873
2018.166667	0.409206839
2018.25	0.409179033
2018.333333	0.407797017
2018.416667	0.406082515
2018.5	0.203348868
2018.583333	-0.07506187
2018.666667	-0.115971225
2018.75	-0.099854304
2018.833333	-0.107460553
2018.916667	-0.102278687
2019	-0.10347344
2019.083333	-0.10090954
2019.166667	-0.101350939
2019.25	-0.101080913
2019.333333	-0.102654973
2019.416667	-0.104237427
2019.5	-0.108334619
2019.583333	-0.11988054
2019.666667	-0.121042443
2019.75	-0.117581849
2019.833333	-0.120227429
2019.916667	-0.117707317
2020	-0.117115295
2020.083333	-0.115840963
2020.166667	-0.115353664
2020.25	-0.115738549
2020.333333	-0.116859547
2020.416667	-0.118751942
2020.5	-0.205831675
2020.583333	-0.346788124
2020.666667	-0.387356749
2020.75	-0.375088727
2020.833333	-0.378208336
2020.916667	-0.376900035
2021	-0.375149052
2021.083333	-0.374675238
2021.166667	-0.373695295
2021.25	-0.374365634
2021.333333	-0.375328722
2021.416667	-0.377303529
2021.5	-0.739835371
2021.583333	-1.301421148
2021.666667	-1.407232672
2021.75	-1.358554074
2021.833333	-1.38172662
2021.916667	-1.369392751
2022	-1.373733513
2022.083333	-1.369866724
2022.166667	-1.370792853
2022.25	-1.370385264
2022.333333	-1.371959276
2022.416667	-1.373589808
2022.5	-1.193880765
2022.583333	-0.845305465
2022.666667	-0.741285197
2022.75	-0.783386362
2022.833333	-0.766981411
2022.916667	-0.77197652
2023	-0.768733428
2023.083333	-0.768158374
2023.166667	-0.767688358
2023.25	-0.767840274
2023.333333	-0.76922211
2023.416667	-0.770885546
2023.5	-0.873027054
2023.583333	-1.064564109
2023.666667	-1.13156773
2023.75	-1.110476035
2023.833333	-1.116180901
2023.916667	-1.114381181
2024	-1.112504143
2024.083333	-1.112274601
2024.166667	-1.036583153
