1880	0
1880.083333	0
1880.166667	0
1880.25	0
1880.333333	0
1880.416667	0
1880.5	0
1880.583333	0
1880.666667	0
1880.75	0
1880.833333	0
1880.916667	0
1881	1.769146529
1881.083333	3.090342289
1881.166667	4.167699008
1881.25	5.172308177
1881.333333	6.21577984
1881.416667	6.065094831
1881.5	5.804117809
1881.583333	5.854830071
1881.666667	6.125954319
1881.75	6.504758575
1881.833333	6.875681226
1881.916667	7.111887241
1882	6.943835481
1882.083333	6.386351859
1882.166667	5.493463545
1882.25	4.357613259
1882.333333	2.838444475
1882.416667	1.959466899
1882.5	1.0065642
1882.583333	0.123736252
1882.666667	-0.669159344
1882.75	-1.330246058
1882.833333	-1.823148113
1882.916667	-2.144154775
1883	-2.322559735
1883.083333	-2.399188536
1883.166667	-2.44637662
1883.25	-2.532051961
1883.333333	-2.736898857
1883.416667	-3.521206757
1883.5	-4.902504231
1883.583333	-6.335538833
1883.666667	-7.832461541
1883.75	-9.377614176
1883.833333	-10.9555567
1883.916667	-12.51715145
1884	-13.94962201
1884.083333	-15.04485057
1884.166667	-15.55897566
1884.25	-15.32397372
1884.333333	-13.67558596
1884.416667	-10.49649167
1884.5	-7.139816252
1884.583333	-4.117110268
1884.666667	-1.667453034
1884.75	0.198953603
1884.833333	1.611199883
1884.916667	2.752128892
1885	3.79429108
1885.083333	4.855369567
1885.166667	6.004064661
1885.25	7.231524005
1885.333333	8.089571842
1885.416667	8.880986014
1885.5	9.618288002
1885.583333	10.38050994
1885.666667	11.20910385
1885.75	12.1202143
1885.833333	13.05185279
1885.916667	13.82205274
1886	14.20235067
1886.083333	13.96048336
1886.166667	12.94740875
1886.25	11.17684794
1886.333333	8.828900153
1886.416667	6.395618884
1886.5	3.556648217
1886.583333	1.177983009
1886.666667	-0.701253635
1886.75	-2.176936718
1886.833333	-3.364256738
1886.916667	-4.37397886
1887	-5.256578287
1887.083333	-6.016860196
1887.166667	-6.676525577
1887.25	-7.27538347
1887.333333	-7.9225253
1887.416667	-6.758449164
1887.5	-6.114857473
1887.583333	-5.540597038
1887.666667	-4.949783155
1887.75	-4.233093119
1887.833333	-3.286307581
1887.916667	-2.043640142
1888	-0.517222505
1888.083333	1.194496343
1888.166667	2.8856042
1888.25	4.339499142
1888.333333	4.072687955
1888.416667	4.864725813
1888.5	6.365411559
1888.583333	7.306970899
1888.666667	7.834271809
1888.75	8.095188696
1888.833333	8.172153395
1888.916667	8.13263943
1889	8.051308876
1889.083333	8.035148231
1889.166667	8.18984763
1889.25	8.603315057
1889.333333	8.533189439
1889.416667	8.385477083
1889.5	7.280459296
1889.583333	6.327736361
1889.666667	5.372579599
1889.75	4.328455941
1889.833333	3.139582526
1889.916667	1.807228532
1890	0.395788346
1890.083333	-1.012294542
1890.166667	-2.34388499
1890.25	-3.563562201
1890.333333	-5.1359089
1890.416667	-4.394552165
1890.5	-3.798182878
1890.583333	-3.134406088
1890.666667	-2.444173588
1890.75	-1.739602461
1890.833333	-1.043640605
1890.916667	-0.399920042
1891	0.188795689
1891.083333	0.727405851
1891.166667	1.248961367
1891.25	1.814536527
1891.333333	1.864299079
1891.416667	2.775242783
1891.5	3.165421022
1891.583333	3.648339206
1891.666667	4.184177883
1891.75	4.709140594
1891.833333	5.157150322
1891.916667	5.457891864
1892	5.578429734
1892.083333	5.494586765
1892.166667	5.167632771
1892.25	4.586099859
1892.333333	3.269376295
1892.416667	2.095767485
1892.5	2.045454647
1892.583333	1.819925141
1892.666667	1.537887751
1892.75	1.295794102
1892.833333	1.144387492
1892.916667	1.087495412
1893	1.093546214
1893.083333	1.136966489
1893.166667	1.194492266
1893.25	1.288774981
1893.333333	1.889288711
1893.416667	1.515096272
1893.5	0.641875036
1893.583333	-0.11086368
1893.666667	-0.808433119
1893.75	-1.530885496
1893.833333	-2.373996935
1893.916667	-3.35438679
1894	-4.400789256
1894.083333	-5.371082013
1894.166667	-6.096353949
1894.25	-6.446475416
1894.333333	-6.382497014
1894.416667	-6.098735964
1894.5	-5.870668295
1894.583333	-5.490937162
1894.666667	-5.087721248
1894.75	-4.690444875
1894.833333	-4.301430592
1894.916667	-3.900666811
1895	-3.488154662
1895.083333	-3.120054335
1895.166667	-2.879729043
1895.25	-2.847050992
1895.333333	-2.247127763
1895.416667	-2.345198989
1895.5	-1.242315017
1895.583333	-0.189805807
1895.666667	0.940614137
1895.75	2.202838023
1895.833333	3.558683399
1895.916667	4.901614529
1896	6.104001461
1896.083333	7.02264763
1896.166667	7.565178674
1896.25	7.725701633
1896.333333	8.241541179
1896.416667	7.184814279
1896.5	5.860283196
1896.583333	4.513415536
1896.666667	3.245577792
1896.75	2.101612951
1896.833333	1.110578152
1896.916667	0.284254808
1897	-0.36835812
1897.083333	-0.872366812
1897.166667	-1.294700461
1897.25	-1.694251083
1897.333333	-2.354862227
1897.416667	-2.84297175
1897.5	-3.782826578
1897.583333	-4.757244257
1897.666667	-5.736252918
1897.75	-6.698111053
1897.833333	-7.608089597
1897.916667	-8.409949905
1898	-9.035862541
1898.083333	-9.393452723
1898.166667	-9.385584842
1898.25	-8.922846344
1898.333333	-8.049566169
1898.416667	-7.019899441
1898.5	-6.620036353
1898.583333	-5.940367612
1898.666667	-5.191447924
1898.75	-4.537539176
1898.833333	-4.053446301
1898.916667	-3.709703455
1899	-3.463259274
1899.083333	-3.292736677
1899.166667	-3.215106109
1899.25	-3.29476188
1899.333333	-2.948070233
1899.416667	-2.346986434
1899.5	-0.957241777
1899.583333	0.255199284
1899.666667	1.428409713
1899.75	2.674760106
1899.833333	4.042925052
1899.916667	5.515719762
1900	6.971526525
1900.083333	8.193114716
1900.166667	8.978111109
1900.25	9.218756271
1900.333333	9.222145448
1900.416667	8.432915875
1900.5	6.897040166
1900.583333	5.433710662
1900.666667	4.173404551
1900.75	3.107331138
1900.833333	2.167239125
1900.916667	1.299600773
1901	0.505883602
1901.083333	-0.203321721
1901.166667	-0.801555156
1901.25	-1.263725377
1901.333333	-2.385642015
1901.416667	-1.671849044
1901.5	-1.307180639
1901.583333	-0.922972314
1901.666667	-0.510531251
1901.75	-0.048339979
1901.833333	0.526055783
1901.916667	1.272140782
1902	2.198016206
1902.083333	3.222668054
1902.166667	4.188264876
1902.25	4.936767078
1902.333333	4.149568267
1902.416667	4.380669312
1902.5	5.643513634
1902.583333	6.41342359
1902.666667	6.852293441
1902.75	7.093308004
1902.833333	7.231638296
1902.916667	7.330526591
1903	7.43554499
1903.083333	7.607958776
1903.166667	7.922002706
1903.25	8.488016563
1903.333333	8.644006982
1903.416667	8.190604377
1903.5	6.274701035
1903.583333	4.501440731
1903.666667	2.690345167
1903.75	0.708449148
1903.833333	-1.497185874
1903.916667	-3.872949258
1904	-6.297971022
1904.083333	-8.585436869
1904.166667	-10.52215759
1904.25	-11.94621419
1904.333333	-12.99188065
1904.416667	-10.69152275
1904.5	-8.209504338
1904.583333	-5.800275038
1904.666667	-3.635996605
1904.75	-1.763804846
1904.833333	-0.160754497
1904.916667	1.239006958
1905	2.498433018
1905.083333	3.666134932
1905.166667	4.836698081
1905.25	6.118256548
1905.333333	6.785112551
1905.416667	7.573847358
1905.5	8.667744709
1905.583333	9.906459309
1905.666667	11.23690718
1905.75	12.56004164
1905.833333	13.75120149
1905.916667	14.66036958
1906	15.13544822
1906.083333	15.02182137
1906.166667	14.23102661
1906.25	12.75769049
1906.333333	10.74326986
1906.416667	7.500679869
1906.5	4.320845802
1906.583333	1.487882824
1906.666667	-0.83951288
1906.75	-2.632647504
1906.833333	-3.942429292
1906.916667	-4.893858655
1907	-5.641519871
1907.083333	-6.340927904
1907.166667	-7.112517074
1907.25	-8.008782078
1907.333333	-8.386467945
1907.416667	-8.878941465
1907.5	-8.733083681
1907.583333	-8.563120353
1907.666667	-8.294352285
1907.75	-7.899218898
1907.833333	-7.354747749
1907.916667	-6.634386154
1908	-5.720013895
1908.083333	-4.573014768
1908.166667	-3.167617676
1908.25	-1.519403273
1908.333333	0.189358153
1908.416667	1.291332862
1908.5	1.064716901
1908.583333	0.828226331
1908.666667	0.550871727
1908.75	0.237688515
1908.833333	-0.083819298
1908.916667	-0.37152481
1909	-0.633192087
1909.083333	-0.902522978
1909.166667	-1.239801204
1909.25	-1.729400506
1909.333333	-2.637900859
1909.416667	-2.469347829
1909.5	-2.743890878
1909.583333	-3.109662742
1909.666667	-3.526657087
1909.75	-3.944937647
1909.833333	-4.321756876
1909.916667	-4.626357907
1910	-4.846318605
1910.083333	-4.952710381
1910.166667	-4.857882105
1910.25	-4.495815799
1910.333333	-4.013066631
1910.416667	-3.71094809
1910.5	-4.621654587
1910.583333	-5.082662305
1910.666667	-5.263900742
1910.75	-5.330553012
1910.833333	-5.387469113
1910.916667	-5.486093349
1911	-5.642305451
1911.083333	-5.894416827
1911.166667	-6.27774107
1911.25	-6.874172579
1911.333333	-7.146468099
1911.416667	-6.336367235
1911.5	-4.818666393
1911.583333	-3.494431791
1911.666667	-2.215176787
1911.75	-0.848565079
1911.833333	0.71729743
1911.916667	2.49047426
1912	4.370490379
1912.083333	6.176328692
1912.166667	7.703487924
1912.25	8.804267003
1912.333333	9.277336812
1912.416667	9.21352088
1912.5	8.557358289
1912.583333	7.705569367
1912.666667	6.816538353
1912.75	5.941873824
1912.833333	5.100841973
1912.916667	4.302849779
1913	3.559055816
1913.083333	2.922516879
1913.166667	2.443131643
1913.25	2.14678962
1913.333333	0.983772175
1913.416667	1.543411922
1913.5	1.497867682
1913.583333	1.502298213
1913.666667	1.534379169
1913.75	1.62017075
1913.833333	1.810318517
1913.916667	2.151769036
1914	2.626973427
1914.083333	3.171769334
1914.166667	3.660048734
1914.25	3.942982296
1914.333333	2.649993484
1914.416667	2.744283229
1914.5	4.139915083
1914.583333	5.123527421
1914.666667	5.782643219
1914.75	6.230970136
1914.833333	6.542944897
1914.916667	6.77342854
1915	6.973916775
1915.083333	7.228834528
1915.166667	7.656346649
1915.25	8.349481647
1915.333333	8.750489786
1915.416667	8.216365254
1915.5	7.74207399
1915.583333	7.435704255
1915.666667	7.181029898
1915.75	6.90973055
1915.833333	6.577612556
1915.916667	6.137886973
1916	5.555567849
1916.083333	4.794631897
1916.166667	3.829616844
1916.25	2.637026473
1916.333333	1.239450803
1916.416667	1.427598787
1916.5	0.595376627
1916.583333	-0.027027775
1916.666667	-0.409554022
1916.75	-0.580660908
1916.833333	-0.606181156
1916.916667	-0.59474443
1917	-0.610073574
1917.083333	-0.654708499
1917.166667	-0.684371659
1917.25	-0.636168644
1917.333333	-1.712678272
1917.416667	-0.62044202
1917.5	-0.411213611
1917.583333	-0.133485086
1917.666667	0.142066373
1917.75	0.365523557
1917.833333	0.535453742
1917.916667	0.672808755
1918	0.825375823
1918.083333	1.05512242
1918.166667	1.355314603
1918.25	1.65026739
1918.333333	0.793863966
1918.416667	0.681509961
1918.5	1.986321183
1918.583333	2.829745289
1918.666667	3.333344141
1918.75	3.670714132
1918.833333	3.974536178
1918.916667	4.303670732
1919	4.642836996
1919.083333	4.986474004
1919.166667	5.343373165
1919.25	5.753906296
1919.333333	6.537929872
1919.416667	6.416380791
1919.5	7.572247134
1919.583333	9.008349901
1919.666667	10.74034581
1919.75	12.72731616
1919.833333	14.81963812
1919.916667	16.80340155
1920	18.43267886
1920.083333	19.4631359
1920.166667	19.69395657
1920.25	19.01007896
1920.333333	17.06239178
1920.416667	13.03015233
1920.5	8.953260879
1920.583333	5.252531027
1920.666667	2.116691544
1920.75	-0.394848524
1920.833333	-2.357215191
1920.916667	-3.92079487
1921	-5.237392389
1921.083333	-6.452871724
1921.166667	-7.688654835
1921.25	-9.046451763
1921.333333	-10.03716169
1921.416667	-10.61091494
1921.5	-10.91611894
1921.583333	-11.21388973
1921.666667	-11.4481056
1921.75	-11.55807854
1921.833333	-11.48130426
1921.916667	-11.15359126
1922	-10.45994038
1922.083333	-9.288202429
1922.166667	-7.586530366
1922.25	-5.399886627
1922.333333	-3.353908323
1922.416667	-2.410265006
1922.5	-1.704458882
1922.583333	-1.101562348
1922.666667	-0.671387107
1922.75	-0.409743768
1922.833333	-0.261111769
1922.916667	-0.184356736
1923	-0.154890563
1923.083333	-0.181387024
1923.166667	-0.341096061
1923.25	-0.725785441
1923.333333	-0.546751438
1923.416667	0.272374649
1923.5	0.550876593
1923.583333	0.769821071
1923.666667	1.027918164
1923.75	1.38965438
1923.833333	1.854000842
1923.916667	2.363756684
1924	2.821648701
1924.083333	3.14254492
1924.166667	3.275536403
1924.25	3.238584952
1924.333333	2.419168455
1924.416667	1.65118438
1924.5	0.68649058
1924.583333	-0.053037681
1924.666667	-0.625216036
1924.75	-1.116778386
1924.833333	-1.613025246
1924.916667	-2.127876074
1925	-2.634874588
1925.083333	-3.106032204
1925.166667	-3.53533623
1925.25	-3.97394534
1925.333333	-4.092725442
1925.416667	-3.050244613
1925.5	-2.033773337
1925.583333	-1.105439614
1925.666667	-0.175293876
1925.75	0.870391792
1925.833333	2.106342983
1925.916667	3.554522637
1926	5.161836467
1926.083333	6.754010034
1926.166667	8.092750618
1926.25	8.968349246
1926.333333	8.319106295
1926.416667	8.341399136
1926.5	8.427756567
1926.583333	8.142741074
1926.666667	7.691546731
1926.75	7.199535182
1926.833333	6.714554732
1926.916667	6.242457767
1927	5.819453256
1927.083333	5.497013522
1927.166667	5.331350204
1927.25	5.391091336
1927.333333	4.585285892
1927.416667	3.590246979
1927.5	3.626582256
1927.583333	3.788933414
1927.666667	4.059702346
1927.75	4.415966738
1927.833333	4.841179563
1927.916667	5.317074925
1928	5.805215328
1928.083333	6.21927669
1928.166667	6.413054586
1928.25	6.268002306
1928.333333	5.868046923
1928.416667	5.721397525
1928.5	5.271493306
1928.583333	4.716017492
1928.666667	4.203176392
1928.75	3.798052428
1928.833333	3.491153398
1928.916667	3.24695234
1929	3.036103355
1929.083333	2.873909982
1929.166667	2.794730306
1929.25	2.862533718
1929.333333	1.89625853
1929.416667	2.754937066
1929.5	3.655026796
1929.583333	4.764469148
1929.666667	6.062082066
1929.75	7.506983796
1929.833333	9.034101864
1929.916667	10.58507386
1930	12.05962037
1930.083333	13.29111734
1930.166667	14.07407711
1930.25	14.19890775
1930.333333	12.18786745
1930.416667	10.51889815
1930.5	8.736667834
1930.583333	6.846006452
1930.666667	5.118141744
1930.75	3.716213821
1930.833333	2.653812262
1930.916667	1.854345763
1931	1.211077572
1931.083333	0.610646492
1931.166667	0.001709318
1931.25	-0.596431865
1931.333333	-1.659685997
1931.416667	-2.321540199
1931.5	-1.795018998
1931.583333	-1.035175777
1931.666667	-0.019470145
1931.75	1.210233863
1931.833333	2.585041345
1931.916667	4.032163624
1932	5.492506636
1932.083333	6.88021218
1932.166667	8.086901763
1932.25	9.009385102
1932.333333	9.147191946
1932.416667	7.546529491
1932.5	5.694871437
1932.583333	3.887488327
1932.666667	2.270891569
1932.75	0.913361443
1932.833333	-0.169875973
1932.916667	-1.021613179
1933	-1.728429334
1933.083333	-2.4011736
1933.166667	-3.162176423
1933.25	-4.070792725
1933.333333	-4.765033702
1933.416667	-4.910953184
1933.5	-4.921029702
1933.583333	-4.878719662
1933.666667	-4.721962817
1933.75	-4.437880632
1933.833333	-4.037185329
1933.916667	-3.511857261
1934	-2.850904918
1934.083333	-2.032381102
1934.166667	-1.047583218
1934.25	0.090811525
1934.333333	0.78566463
1934.416667	1.638073878
1934.5	2.349331238
1934.583333	2.756852107
1934.666667	2.893340833
1934.75	2.862879061
1934.833333	2.774784652
1934.916667	2.733148255
1935	2.778790662
1935.083333	2.890500207
1935.166667	3.017681718
1935.25	3.11007596
1935.333333	2.821349149
1935.416667	2.794849332
1935.5	1.186321233
1935.583333	-0.378060741
1935.666667	-1.933979298
1935.75	-3.5187119
1935.833333	-5.171211216
1935.916667	-6.897725788
1936	-8.644877674
1936.083333	-10.29007279
1936.166667	-11.60234108
1936.25	-12.336398
1936.333333	-12.6629179
1936.416667	-11.01962043
1936.5	-10.59889693
1936.583333	-9.712419919
1936.666667	-8.695906364
1936.75	-7.78825967
1936.833333	-7.074502388
1936.916667	-6.535152309
1937	-6.100530002
1937.083333	-5.749194067
1937.166667	-5.500211684
1937.25	-5.408951281
1937.333333	-5.175936644
1937.416667	-3.86967421
1937.5	-2.705888282
1937.583333	-1.782771776
1937.666667	-0.971844652
1937.75	-0.172720958
1937.833333	0.700871516
1937.916667	1.664682943
1938	2.642667265
1938.083333	3.502549825
1938.166667	4.112854226
1938.25	4.422391501
1938.333333	4.492610207
1938.416667	4.257958468
1938.5	3.501230174
1938.583333	2.754566035
1938.666667	2.093978057
1938.75	1.498009349
1938.833333	0.9290266
1938.916667	0.390213951
1939	-0.118837141
1939.083333	-0.582408884
1939.166667	-0.984990616
1939.25	-1.317427917
1939.333333	-1.875461965
1939.416667	-1.363058952
1939.5	-0.946355154
1939.583333	-0.534936108
1939.666667	-0.095315411
1939.75	0.424282094
1939.833333	1.068892732
1939.916667	1.872904728
1940	2.789108561
1940.083333	3.701753954
1940.166667	4.470823511
1940.25	4.968470865
1940.333333	4.40179716
1940.416667	4.884466362
1940.5	5.556764747
1940.583333	5.895890174
1940.666667	6.008765474
1940.75	5.98155975
1940.833333	5.866831521
1940.916667	5.715582725
1941	5.584181315
1941.083333	5.531449635
1941.166667	5.661261897
1941.25	6.055488441
1941.333333	5.629561297
1941.416667	5.36636425
1941.5	5.90102564
1941.583333	6.590876409
1941.666667	7.392873364
1941.75	8.273020169
1941.833333	9.216528117
1941.916667	10.17536224
1942	11.05021253
1942.083333	11.66577031
1942.166667	11.82843865
1942.25	11.37068399
1942.333333	9.995245539
1942.416667	8.774787271
1942.5	5.662353616
1942.583333	2.946549254
1942.666667	0.818851406
1942.75	-0.726029592
1942.833333	-1.810104498
1942.916667	-2.633917352
1943	-3.388756344
1943.083333	-4.19592527
1943.166667	-5.095097817
1943.25	-6.058326938
1943.333333	-8.178601359
1943.416667	-8.717245558
1943.5	-8.070609471
1943.583333	-7.359468829
1943.666667	-6.581463206
1943.75	-5.750434312
1943.833333	-4.839227116
1943.916667	-3.78902863
1944	-2.553484973
1944.083333	-1.086454965
1944.166667	0.592739739
1944.25	2.361343171
1944.333333	4.108732554
1944.416667	3.781652568
1944.5	3.719724092
1944.583333	3.394121226
1944.666667	2.930887785
1944.75	2.465328299
1944.833333	2.082799228
1944.916667	1.816146281
1945	1.609574757
1945.083333	1.386773093
1945.166667	1.089575724
1945.25	0.677305672
1945.333333	0.678168423
1945.416667	0.451772057
1945.5	0.098736897
1945.583333	-0.151487764
1945.666667	-0.320922709
1945.75	-0.43632874
1945.833333	-0.539341098
1945.916667	-0.669360303
1946	-0.837110629
1946.083333	-1.006602397
1946.166667	-1.096093764
1946.25	-1.049205542
1946.333333	-1.139031581
1946.416667	-0.693338108
1946.5	-0.596218856
1946.583333	-0.517058823
1946.666667	-0.497042732
1946.75	-0.511834327
1946.833333	-0.500423175
1946.916667	-0.431917851
1947	-0.301298206
1947.083333	-0.138491954
1947.166667	0.016793701
1947.25	0.115950555
1947.333333	-0.087325445
1947.416667	-0.902862012
1947.5	-2.172581723
1947.583333	-3.495234401
1947.666667	-4.893298885
1947.75	-6.381743267
1947.833333	-7.950088195
1947.916667	-9.586971837
1948	-11.21508955
1948.083333	-12.65173298
1948.166667	-13.65148907
1948.25	-13.98172863
1948.333333	-12.68311899
1948.416667	-10.97397718
1948.5	-9.599978649
1948.583333	-8.026346931
1948.666667	-6.550951668
1948.75	-5.340395985
1948.833333	-4.400352572
1948.916667	-3.655075679
1949	-3.022044938
1949.083333	-2.425305161
1949.166667	-1.85870373
1949.25	-1.381172782
1949.333333	-0.544975183
1949.416667	0.2411669
1949.5	0.757642989
1949.583333	1.066909531
1949.666667	1.237032873
1949.75	1.353182592
1949.833333	1.46912525
1949.916667	1.580712184
1950	1.614325482
1950.083333	1.492398331
1950.166667	1.172445331
1950.25	0.66832431
1950.333333	0.469549816
1950.416667	0.393885665
1950.5	-0.193651852
1950.583333	-0.590677086
1950.666667	-0.84028701
1950.75	-1.009290139
1950.833333	-1.177422817
1950.916667	-1.380984688
1951	-1.608186302
1951.083333	-1.822412578
1951.166667	-1.977307398
1951.25	-2.0772592
1951.333333	-2.358494235
1951.416667	-1.140124502
1951.5	-0.182086756
1951.583333	0.750934606
1951.666667	1.698629729
1951.75	2.731350715
1951.833333	3.900594797
1951.916667	5.184343311
1952	6.498113904
1952.083333	7.680711273
1952.166667	8.531190262
1952.25	8.890217165
1952.333333	7.699450391
1952.416667	6.868441806
1952.5	6.060645908
1952.583333	5.181785632
1952.666667	4.364536962
1952.75	3.643820797
1952.833333	3.004116766
1952.916667	2.401639026
1953	1.830293929
1953.083333	1.331460122
1953.166667	0.950939133
1953.25	0.724796105
1953.333333	0.231446198
1953.416667	-0.050951782
1953.5	1.116701046
1953.583333	2.333369109
1953.666667	3.637164806
1953.75	5.07789341
1953.833333	6.690749441
1953.916667	8.458611222
1954	10.27960558
1954.083333	11.96357863
1954.166667	13.2224231
1954.25	13.78214586
1954.333333	13.3133415
1954.416667	11.99759323
1954.5	9.182506631
1954.583333	6.559866474
1954.666667	4.393752876
1954.75	2.74936989
1954.833333	1.511083417
1954.916667	0.494830812
1955	-0.463607916
1955.083333	-1.436438036
1955.166667	-2.429797088
1955.25	-3.434004936
1955.333333	-5.541194992
1955.416667	-5.295117964
1955.5	-6.052114179
1955.583333	-6.744243384
1955.666667	-7.4728033
1955.75	-8.271810962
1955.833333	-9.115871626
1955.916667	-9.885252173
1956	-10.37803188
1956.083333	-10.38613042
1956.166667	-9.769879756
1956.25	-8.55462336
1956.333333	-7.954141361
1956.416667	-5.83147729
1956.5	-4.266577533
1956.583333	-2.86831816
1956.666667	-1.689838349
1956.75	-0.692344565
1956.833333	0.171394214
1956.916667	0.910644344
1957	1.528241789
1957.083333	2.010287647
1957.166667	2.349639646
1957.25	2.558099116
1957.333333	2.621012922
1957.416667	2.725030775
1957.5	3.709092691
1957.583333	4.730542238
1957.666667	5.813135016
1957.75	6.924752141
1957.833333	7.992707525
1957.916667	8.912128692
1958	9.587667143
1958.083333	9.941764895
1958.166667	9.895552374
1958.25	9.418696815
1958.333333	8.885387925
1958.416667	7.023257683
1958.5	4.351492578
1958.583333	1.941867864
1958.666667	-0.039910069
1958.75	-1.553796879
1958.833333	-2.660003679
1958.916667	-3.474588981
1959	-4.142217633
1959.083333	-4.783028117
1959.166667	-5.517629426
1959.25	-6.41756842
1959.333333	-7.456938481
1959.416667	-8.760192869
1959.5	-10.4570164
1959.583333	-12.2403243
1959.666667	-14.14267727
1959.75	-16.17271291
1959.833333	-18.30631139
1959.916667	-20.40681427
1960	-22.20407434
1960.083333	-23.32378848
1960.166667	-23.40195613
1960.25	-22.22520062
1960.333333	-18.98870839
1960.416667	-15.07033814
1960.5	-11.56274098
1960.583333	-8.259581173
1960.666667	-5.476555611
1960.75	-3.273142694
1960.833333	-1.551764162
1960.916667	-0.143581954
1961	1.10606282
1961.083333	2.270024263
1961.166667	3.343377459
1961.25	4.251141605
1961.333333	5.267220747
1961.416667	6.649577529
1961.5	5.550711307
1961.583333	4.272506449
1961.666667	2.801449059
1961.75	1.130296919
1961.833333	-0.765235497
1961.916667	-2.90880933
1962	-5.260565482
1962.083333	-7.712909215
1962.166667	-10.05079236
1962.25	-11.97938121
1962.333333	-13.34965631
1962.416667	-11.86153975
1962.5	-9.906743933
1962.583333	-7.827136907
1962.666667	-5.897406374
1962.75	-4.287515818
1962.833333	-3.021371381
1962.916667	-2.024560174
1963	-1.155349855
1963.083333	-0.286062906
1963.166667	0.644667903
1963.25	1.672466248
1963.333333	2.965676173
1963.416667	4.475547607
1963.5	5.549050343
1963.583333	6.543541758
1963.666667	7.522395582
1963.75	8.514965319
1963.833333	9.506845783
1963.916667	10.42490252
1964	11.11608361
1964.083333	11.38322008
1964.166667	11.03304028
1964.25	10.00812766
1964.333333	8.039247827
1964.416667	6.747908526
1964.5	5.639055452
1964.583333	4.531395622
1964.666667	3.556842869
1964.75	2.73725073
1964.833333	2.01988012
1964.916667	1.382244807
1965	0.833015895
1965.083333	0.411042233
1965.166667	0.157489018
1965.25	0.111919224
1965.333333	-0.296763431
1965.416667	0.07968692
1965.5	1.249771564
1965.583333	2.495975854
1965.666667	3.863485754
1965.75	5.404791043
1965.833333	7.137825647
1965.916667	9.047215571
1966	11.03012232
1966.083333	12.84927399
1966.166667	14.19525988
1966.25	14.78366811
1966.333333	13.64327545
1966.416667	12.42860761
1966.5	10.10921143
1966.583333	7.848290797
1966.666667	5.915015687
1966.75	4.390869865
1966.833333	3.19958119
1966.916667	2.195620489
1967	1.267970425
1967.083333	0.342289262
1967.166667	-0.578827414
1967.25	-1.440504887
1967.333333	-3.373297435
1967.416667	-3.457623783
1967.5	-4.472533015
1967.583333	-5.399533439
1967.666667	-6.33948947
1967.75	-7.365118613
1967.833333	-8.454803724
1967.916667	-9.483575615
1968	-10.24066559
1968.083333	-10.51575917
1968.166667	-10.17055794
1968.25	-9.186479955
1968.333333	-8.618175909
1968.416667	-6.307218152
1968.5	-4.382761067
1968.583333	-2.690941885
1968.666667	-1.275382222
1968.75	-0.106472623
1968.833333	0.884983099
1968.916667	1.752089768
1969	2.506326647
1969.083333	3.141745167
1969.166667	3.64759788
1969.25	4.066300601
1969.333333	4.191844478
1969.416667	4.232056672
1969.5	5.098767494
1969.583333	6.040532059
1969.666667	7.072197581
1969.75	8.135763648
1969.833333	9.12993718
1969.916667	9.968964921
1970	10.53918625
1970.083333	10.7335341
1970.166667	10.48135215
1970.25	9.764517354
1970.333333	8.990368766
1970.416667	6.966853731
1970.5	5.664427114
1970.583333	4.292332852
1970.666667	3.024597825
1970.75	1.985065355
1970.833333	1.198113227
1970.916667	0.648593865
1971	0.268894997
1971.083333	-0.036459423
1971.166667	-0.319483278
1971.25	-0.582507898
1971.333333	-0.719626601
1971.416667	-2.024886581
1971.5	-3.219404919
1971.583333	-4.305317348
1971.666667	-5.33979799
1971.75	-6.390362796
1971.833333	-7.496834291
1971.916667	-8.632303976
1972	-9.676939042
1972.083333	-10.44835326
1972.166667	-10.72472414
1972.25	-10.3568473
1972.333333	-8.865430755
1972.416667	-7.042396254
1972.5	-4.189968364
1972.583333	-1.770636032
1972.666667	0.085875882
1972.75	1.433073603
1972.833333	2.460938422
1972.916667	3.36439864
1973	4.278802757
1973.083333	5.245970214
1973.166667	6.255613137
1973.25	7.301113728
1973.333333	8.449042147
1973.416667	7.855732816
1973.5	6.928712786
1973.583333	6.02439433
1973.666667	5.138643629
1973.75	4.22108403
1973.833333	3.204998264
1973.916667	2.000960663
1974	0.530264013
1974.083333	-1.195442586
1974.166667	-3.049892862
1974.25	-4.806556115
1974.333333	-5.415288731
1974.416667	-4.927454988
1974.5	-4.923486945
1974.583333	-4.628277814
1974.666667	-4.228759308
1974.75	-3.864338816
1974.833333	-3.575272826
1974.916667	-3.318978401
1975	-3.058986911
1975.083333	-2.759935664
1975.166667	-2.411707125
1975.25	-2.042309394
1975.333333	-2.043009763
1975.416667	-1.853071015
1975.5	-1.879806142
1975.583333	-2.024615317
1975.666667	-2.252811068
1975.75	-2.515593966
1975.833333	-2.770793723
1975.916667	-2.987632508
1976	-3.17584252
1976.083333	-3.345895065
1976.166667	-3.462638985
1976.25	-3.477984829
1976.333333	-2.936272477
1976.416667	-2.106125877
1976.5	-0.477213889
1976.583333	0.882045379
1976.666667	1.890249495
1976.75	2.553363573
1976.833333	2.956686814
1976.916667	3.227615893
1977	3.494032548
1977.083333	3.84442899
1977.166667	4.351821099
1977.25	5.049415513
1977.333333	5.758899869
1977.416667	6.551775193
1977.5	7.45428469
1977.583333	8.417918806
1977.666667	9.490866549
1977.75	10.70744354
1977.833333	12.0768229
1977.916667	13.49841758
1978	14.75627713
1978.083333	15.5569254
1978.166667	15.61450751
1978.25	14.7775892
1978.333333	12.34776328
1978.416667	11.05492711
1978.5	10.70664187
1978.583333	10.02646406
1978.666667	9.239868572
1978.75	8.461807442
1978.833333	7.748643494
1978.916667	7.120143906
1979	6.606091707
1979.083333	6.288910403
1979.166667	6.282088045
1979.25	6.709703262
1979.333333	6.101904464
1979.416667	5.517242321
1979.5	5.071848284
1979.583333	4.863833205
1979.666667	4.78464508
1979.75	4.769442895
1979.833333	4.795711859
1979.916667	4.856527227
1980	4.918386382
1980.083333	4.933549408
1980.166667	4.812336243
1980.25	4.435144591
1980.333333	3.152712741
1980.416667	2.923610444
1980.5	1.647492196
1980.583333	0.590409036
1980.666667	-0.190546881
1980.75	-0.694587109
1980.833333	-0.992241477
1980.916667	-1.186372137
1981	-1.386161031
1981.083333	-1.650709371
1981.166667	-1.967695784
1981.25	-2.313764919
1981.333333	-3.447908438
1981.416667	-3.100613955
1981.5	-2.863677312
1981.583333	-2.569285799
1981.666667	-2.258944504
1981.75	-1.946349589
1981.833333	-1.624440456
1981.916667	-1.269917087
1982	-0.839325273
1982.083333	-0.298405528
1982.166667	0.361989575
1982.25	1.074845048
1982.333333	1.2492439
1982.416667	1.566383407
1982.5	3.41435496
1982.583333	4.649377901
1982.666667	5.385252814
1982.75	5.820106433
1982.833333	6.144582746
1982.916667	6.459459909
1983	6.809127431
1983.083333	7.209412508
1983.166667	7.686571959
1983.25	8.303286807
1983.333333	9.032127984
1983.416667	8.697248245
1983.5	7.897646863
1983.583333	7.354023901
1983.666667	6.974310691
1983.75	6.63669121
1983.833333	6.214399129
1983.916667	5.582813234
1984	4.668843317
1984.083333	3.501693546
1984.166667	2.172230321
1984.25	0.805505142
1984.333333	-0.814572251
1984.416667	-1.295842816
1984.5	-1.367783179
1984.583333	-1.413809297
1984.666667	-1.482818849
1984.75	-1.5497734
1984.833333	-1.559510216
1984.916667	-1.46102193
1985	-1.253252774
1985.083333	-0.950795914
1985.166667	-0.597777362
1985.25	-0.247057055
1985.333333	0.042984713
1985.416667	-0.87567607
1985.5	-2.079749837
1985.583333	-3.32213783
1985.666667	-4.613063982
1985.75	-5.940483263
1985.833333	-7.310949953
1985.916667	-8.721438332
1986	-10.11407558
1986.083333	-11.3407489
1986.166667	-12.19034552
1986.25	-12.48726193
1986.333333	-11.19365308
1986.416667	-8.711956508
1986.5	-6.461643505
1986.583333	-4.335539444
1986.666667	-2.566362071
1986.75	-1.20819529
1986.833333	-0.185322873
1986.916667	0.633048897
1987	1.384440627
1987.083333	2.162383751
1987.166667	3.015738685
1987.25	3.919068229
1987.333333	4.368943205
1987.416667	5.16434667
1987.5	5.96646684
1987.583333	6.745952037
1987.666667	7.567913375
1987.75	8.474173842
1987.833333	9.43879567
1987.916667	10.32535373
1988	10.9451798
1988.083333	11.09608781
1988.166667	10.63286181
1988.25	9.545479495
1988.333333	7.915046655
1988.416667	6.111676142
1988.5	3.782407328
1988.583333	1.784184257
1988.666667	0.159318
1988.75	-1.156964944
1988.833333	-2.245727815
1988.916667	-3.18271298
1989	-4.006535874
1989.083333	-4.710285593
1989.166667	-5.322567355
1989.25	-5.896048266
1989.333333	-6.618902997
1989.416667	-6.514759019
1989.5	-6.370356684
1989.583333	-6.336794806
1989.666667	-6.328536305
1989.75	-6.233374379
1989.833333	-5.942769177
1989.916667	-5.371123027
1990	-4.50348159
1990.083333	-3.380945269
1990.166667	-2.12012084
1990.25	-0.852264752
1990.333333	-0.020224292
1990.416667	2.121677861
1990.5	4.062100525
1990.583333	5.500138844
1990.666667	6.489083263
1990.75	7.117490979
1990.833333	7.466020817
1990.916667	7.6403443
1991	7.765823795
1991.083333	7.978651213
1991.166667	8.394677598
1991.25	9.082336686
1991.333333	8.549682913
1991.416667	8.516782477
1991.5	8.655973981
1991.583333	8.904196716
1991.666667	9.209921532
1991.75	9.555241963
1991.833333	9.903628597
1991.916667	10.18848382
1992	10.31966763
1992.083333	10.15156738
1992.166667	9.528427671
1992.25	8.344934566
1992.333333	6.406539133
1992.416667	4.656165725
1992.5	4.663908132
1992.583333	4.487179984
1992.666667	4.261569032
1992.75	4.070204471
1992.833333	3.934969783
1992.916667	3.833117955
1993	3.788692086
1993.083333	3.854474334
1993.166667	4.105092834
1993.25	4.634982329
1993.333333	5.267000226
1993.416667	5.46716719
1993.5	5.182745092
1993.583333	5.094485223
1993.666667	5.119597903
1993.75	5.186445393
1993.833333	5.24390525
1993.916667	5.250362322
1994	5.179427889
1994.083333	4.990697672
1994.166667	4.595995819
1994.25	3.930466768
1994.333333	2.181014517
1994.416667	2.646528996
1994.5	3.097307025
1994.583333	3.322610352
1994.666667	3.437537004
1994.75	3.535996658
1994.833333	3.657747071
1994.916667	3.80490135
1995	3.968763321
1995.083333	4.183566563
1995.166667	4.495397228
1995.25	4.99387481
1995.333333	4.454974611
1995.416667	3.915845747
1995.5	3.11618814
1995.583333	2.466418711
1995.666667	1.850404085
1995.75	1.161784838
1995.833333	0.30881708
1995.916667	-0.708287197
1996	-1.813596743
1996.083333	-2.885818052
1996.166667	-3.800933205
1996.25	-4.485915438
1996.333333	-4.717058975
1996.416667	-4.712181104
1996.5	-3.44874414
1996.583333	-2.374787638
1996.666667	-1.518277028
1996.75	-0.801779437
1996.833333	-0.149424404
1996.916667	0.497992384
1997	1.171609434
1997.083333	1.846269512
1997.166667	2.495870092
1997.25	3.129536227
1997.333333	4.327733745
1997.416667	3.897913019
1997.5	4.360094828
1997.583333	4.949931341
1997.666667	5.699002468
1997.75	6.562267706
1997.833333	7.425232223
1997.916667	8.132463269
1998	8.547281208
1998.083333	8.551238125
1998.166667	8.097430747
1998.25	7.238030125
1998.333333	6.670775298
1998.416667	5.380266236
1998.5	4.061617278
1998.583333	2.788500387
1998.666667	1.640298797
1998.75	0.650418516
1998.833333	-0.159386667
1998.916667	-0.783869331
1999	-1.224037812
1999.083333	-1.511818346
1999.166667	-1.713769076
1999.25	-1.87225048
1999.333333	-2.305392697
1999.416667	-2.528263944
1999.5	-2.93673265
1999.583333	-3.332147346
1999.666667	-3.66850214
1999.75	-3.924844024
1999.833333	-4.095237174
1999.916667	-4.170380182
2000	-4.148423133
2000.083333	-4.015477129
2000.166667	-3.751815075
2000.25	-3.321550989
2000.333333	-2.898745562
2000.416667	-2.51420813
2000.5	-2.103400991
2000.583333	-1.653981335
2000.666667	-1.268823965
2000.75	-1.005895085
2000.833333	-0.872638912
2000.916667	-0.800939917
2001	-0.736780382
2001.083333	-0.656565273
2001.166667	-0.570606821
2001.25	-0.521339145
2001.333333	-0.158574336
2001.416667	-0.123602658
2001.5	0.05810817
2001.583333	0.139835385
2001.666667	0.186731784
2001.75	0.263697325
2001.833333	0.399371731
2001.916667	0.601498687
2002	0.824790694
2002.083333	0.967937636
2002.166667	0.963979135
2002.25	0.812375037
2002.333333	0.850182642
2002.416667	1.723916422
2002.5	2.20109663
2002.583333	2.581236179
2002.666667	2.868639175
2002.75	3.038809055
2002.833333	3.085826344
2002.916667	3.045689082
2003	3.007345296
2003.083333	3.052719889
2003.166667	3.258959056
2003.25	3.691861985
2003.333333	3.196369734
2003.416667	3.584545563
2003.5	3.541847108
2003.583333	3.511168024
2003.666667	3.457862206
2003.75	3.356190858
2003.833333	3.228771215
2003.916667	3.106317915
2004	2.987432171
2004.083333	2.81986855
2004.166667	2.515240394
2004.25	2.013748726
2004.333333	0.91601201
2004.416667	1.408368611
2004.5	3.214082322
2004.583333	4.529718687
2004.666667	5.472510269
2004.75	6.157103331
2004.833333	6.685625915
2004.916667	7.144762841
2005	7.60634805
2005.083333	8.161746035
2005.166667	8.920715724
2005.25	10.02177739
2005.333333	10.52646593
2005.416667	10.08822891
2005.5	9.057774923
2005.583333	8.224963902
2005.666667	7.439451752
2005.75	6.571752051
2005.833333	5.534095091
2005.916667	4.300187125
2006	2.865027607
2006.083333	1.257617015
2006.166667	-0.456396797
2006.25	-2.204081692
2006.333333	-3.864153029
2006.416667	-2.926802181
2006.5	-2.044376106
2006.583333	-1.198499655
2006.666667	-0.416275737
2006.75	0.309229384
2006.833333	0.985531173
2006.916667	1.626604057
2007	2.245475303
2007.083333	2.865272616
2007.166667	3.570022763
2007.25	4.466536123
2007.333333	4.350665069
2007.416667	4.766307404
2007.5	4.321202703
2007.583333	4.003511809
2007.666667	3.678237118
2007.75	3.22198624
2007.833333	2.564909402
2007.916667	1.693550811
2008	0.655187498
2008.083333	-0.470626037
2008.166667	-1.579583274
2008.25	-2.583908048
2008.333333	-3.618321842
2008.416667	-3.719236695
2008.5	-2.251145789
2008.583333	-1.066942647
2008.666667	-0.151791363
2008.75	0.58237846
2008.833333	1.258299264
2008.916667	1.944369054
2009	2.652910016
2009.083333	3.373685125
2009.166667	4.105790436
2009.25	4.913096943
2009.333333	6.204027035
2009.416667	6.420318778
2009.5	6.623276278
2009.583333	7.035285453
2009.666667	7.630584056
2009.75	8.30700886
2009.833333	8.931982852
2009.916667	9.356809585
2010	9.431616258
2010.083333	9.070951674
2010.166667	8.266234984
2010.25	7.08574247
2010.333333	5.405236289
2010.416667	4.013070133
2010.5	2.098455001
2010.583333	0.447085157
2010.666667	-0.909105804
2010.75	-1.974029658
2010.833333	-2.777031384
2010.916667	-3.353429789
2011	-3.778938413
2011.083333	-4.140931808
2011.166667	-4.509795185
2011.25	-4.944836821
2011.333333	-5.590783222
2011.416667	-5.611621123
2011.5	-6.137064517
2011.583333	-6.683694712
2011.666667	-7.247208635
2011.75	-7.808636712
2011.833333	-8.341855821
2011.916667	-8.803383314
2012	-9.11356266
2012.083333	-9.153631554
2012.166667	-8.776384366
2012.25	-7.909266003
2012.333333	-6.774197
2012.416667	-5.695233796
2012.5	-5.046428235
2012.583333	-4.317234639
2012.666667	-3.667234171
2012.75	-3.158319736
2012.833333	-2.764769312
2012.916667	-2.443945194
2013	-2.170183147
2013.083333	-1.96661837
2013.166667	-1.876748792
2013.25	-1.974431447
2013.333333	-1.604100723
2013.416667	-0.952039724
2013.5	-2.692088423
2013.583333	-4.622308926
2013.666667	-6.775924273
2013.75	-9.148964563
2013.833333	-11.68300116
2013.916667	-14.29194536
2014	-16.81667508
2014.083333	-18.99209805
2014.166667	-20.48777413
2014.25	-20.98631396
2014.333333	-20.4501941
2014.416667	-17.08468051
2014.5	-13.34892818
2014.583333	-9.679003113
2014.666667	-6.46404415
2014.75	-3.886252486
2014.833333	-1.900432718
2014.916667	-0.336773441
2015	0.983424607
2015.083333	2.232628694
2015.166667	3.516442139
2015.25	4.862931943
2015.333333	6.543627529
2015.416667	8.441741708
2015.5	9.238443234
2015.583333	9.908360308
2015.666667	10.46638052
2015.75	10.93683236
2015.833333	11.30768211
2015.916667	11.50939023
2016	11.38665024
2016.083333	10.76883599
2016.166667	9.539617113
2016.25	7.694929669
2016.333333	5.034642319
2016.416667	4.445585577
2016.5	4.291075797
2016.583333	4.017249349
2016.666667	3.720662434
2016.75	3.456216885
2016.833333	3.228535509
2016.916667	3.041141375
2017	2.925048992
2017.083333	2.94644038
2017.166667	3.210365436
2017.25	3.791080917
2017.333333	3.546300773
2017.416667	2.984999943
2017.5	3.054474849
2017.583333	3.228102559
2017.666667	3.451439598
2017.75	3.707594399
2017.833333	4.005408812
2017.916667	4.324739141
2018	4.627060962
2018.083333	4.836326294
2018.166667	4.849866259
2018.25	4.556389077
2018.333333	4.058932988
2018.416667	4.007114455
2018.5	2.715450841
2018.583333	1.619805558
2018.666667	0.803894888
2018.75	0.248876397
2018.833333	-0.11686748
2018.916667	-0.413146732
2019	-0.727490078
2019.083333	-1.081813275
2019.166667	-1.45419963
2019.25	-1.802135737
2019.333333	-3.134220905
2019.416667	-2.63241917
2019.5	-3.14142191
2019.583333	-3.710940004
2019.666667	-4.416389681
2019.75	-5.297223735
2019.833333	-6.318466664
2019.916667	-7.381241869
