offs    0.06344610298
bg      0.00014145356
impA    1.94037943369
impB   -0.66847695067
impC   -2.06544457167
delA    4.52789595190
delB    0.72718930642
asym    0.01636295765
ann1    0.08331586265
ann2   -1.69541646402
sem1   -0.04832083571
sem2  132.35414704499
year    0.00030312426
IR     -0.00030725331
ma     -0.00543144372
mp      0.00011589099
shfT   -0.43950602556
init    0.14261871438
   27.32166155400   0.00667256848  -1.53487150729
   27.21222081500   0.03042059850  -0.75057138322
 1095.17502233364   0.00026458573  -2.54104585191
    9.08286783775   0.00304853793   1.60897126021
    6.81670784238   0.00110949786   3.07017487745
   13.63341568476   0.00477074975   9.76477814337
   13.66083077700  -0.00297654227  33.62206773913
   13.60611040750  -0.00118088575  21.11715955968
   27.55454988600  -0.00363332668   2.58361977415
   13.77727494300  -0.00231290686  97.42128879412
 6793.47648813065   0.00085262361 -23.97103596919
 1616.30271425126  -0.00029044322   6.38761307733
   27.09267692660  -0.00100871929   2.41291585678
    9.09502787633   0.00224905965   0.79018919615
   13.69115772864   0.00024586691  -1.11835600334
 1305.66025845931  -0.00006425087   1.38755402356
   27.44323926226  -0.00013344502   6.36424125921
   27.66676714572  -0.00034367839   1.48779703366
 2190.35004466729   0.00123767485   1.69741127592
   26.98505934729   0.00016574705   7.04484338713
 6167.20701373239  -0.00014393414 -10.53058149280
 -3232.60542850251  -0.00083940497   0.24947769775
 -2120.90900683440  -0.00290838859  -0.44161931421
   27.33282433123   0.00004578748  -5.24419032792
   13.71880577217   0.00330513445 -35.50548312649
    9.13295078376   0.00004922877  -4.72380981407
    9.12068919638   0.00063547601   0.74065300139
    9.10846048884   0.00126665395   0.67027570893
 3396.73824406533   0.00078798309 -23.27265040099
ltep   23.55097902473
ltep    1.98945702471
ltep    3.91409468133
ltep  -46.97266296067
ltep    9.18223532339
ltep   -3.38839133780
ltep    1.34406062492
ltep    3.58909066144
ltep -117.24390085519
ltep  -17.10834702383
ltep    9.89893130156
harm  12
harm  29
harm  45
harm  9
harm  35
harm  551
harm  2217
harm  8734
harm  8775
harm  9280
harm  50
harm  80
harm  219
harm  186
harm  261
harm  133
harm  55
harm  683
harm  490
harm  1196
harm  119
harm  173
harm  284
harm  23
harm  74
harm  58
harm  139
harm  0
