1880.000000000	0.83
1880.083333000	0.80
1880.166667000	0.70
1880.250000000	0.60
1880.333333000	0.51
1880.416667000	0.41
1880.500000000	0.31
1880.583333000	0.23
1880.666667000	0.22
1880.750000000	0.25
1880.833333000	0.24
1880.916667000	0.16
1881.000000000	0.04
1881.083333000	-0.05
1881.166667000	-0.10
1881.250000000	-0.13
1881.333333000	-0.20
1881.416667000	-0.30
1881.500000000	-0.37
1881.583333000	-0.36
1881.666667000	-0.31
1881.750000000	-0.28
1881.833333000	-0.31
1881.916667000	-0.39
1882.000000000	-0.46
1882.083333000	-0.52
1882.166667000	-0.55
1882.250000000	-0.57
1882.333333000	-0.58
1882.416667000	-0.59
1882.500000000	-0.63
1882.583333000	-0.69
1882.666667000	-0.75
1882.750000000	-0.78
1882.833333000	-0.79
1882.916667000	-0.83
1883.000000000	-0.92
1883.083333000	-1.00
1883.166667000	-1.01
1883.250000000	-0.97
1883.333333000	-0.93
1883.416667000	-0.96
1883.500000000	-1.08
1883.583333000	-1.21
1883.666667000	-1.31
1883.750000000	-1.39
1883.833333000	-1.48
1883.916667000	-1.57
1884.000000000	-1.59
1884.083333000	-1.52
1884.166667000	-1.39
1884.250000000	-1.29
1884.333333000	-1.27
1884.416667000	-1.27
1884.500000000	-1.22
1884.583333000	-1.10
1884.666667000	-0.97
1884.750000000	-0.91
1884.833333000	-0.92
1884.916667000	-0.96
1885.000000000	-0.99
1885.083333000	-0.97
1885.166667000	-0.96
1885.250000000	-0.97
1885.333333000	-1.01
1885.416667000	-1.07
1885.500000000	-1.12
1885.583333000	-1.12
1885.666667000	-1.06
1885.750000000	-0.95
1885.833333000	-0.83
1885.916667000	-0.74
1886.000000000	-0.67
1886.083333000	-0.61
1886.166667000	-0.59
1886.250000000	-0.62
1886.333333000	-0.72
1886.416667000	-0.84
1886.500000000	-0.93
1886.583333000	-0.96
1886.666667000	-0.93
1886.750000000	-0.85
1886.833333000	-0.70
1886.916667000	-0.45
1887.000000000	-0.16
1887.083333000	0.06
1887.166667000	0.12
1887.250000000	0.07
1887.333333000	0.05
1887.416667000	0.15
1887.500000000	0.32
1887.583333000	0.48
1887.666667000	0.55
1887.750000000	0.61
1887.833333000	0.70
1887.916667000	0.83
1888.000000000	0.89
1888.083333000	0.81
1888.166667000	0.63
1888.250000000	0.43
1888.333333000	0.31
1888.416667000	0.25
1888.500000000	0.20
1888.583333000	0.14
1888.666667000	0.08
1888.750000000	0.05
1888.833333000	0.04
1888.916667000	-0.01
1889.000000000	-0.11
1889.083333000	-0.21
1889.166667000	-0.29
1889.250000000	-0.31
1889.333333000	-0.29
1889.416667000	-0.25
1889.500000000	-0.21
1889.583333000	-0.18
1889.666667000	-0.15
1889.750000000	-0.12
1889.833333000	-0.12
1889.916667000	-0.15
1890.000000000	-0.23
1890.083333000	-0.30
1890.166667000	-0.28
1890.250000000	-0.15
1890.333333000	0.06
1890.416667000	0.27
1890.500000000	0.39
1890.583333000	0.45
1890.666667000	0.51
1890.750000000	0.60
1890.833333000	0.65
1890.916667000	0.60
1891.000000000	0.48
1891.083333000	0.38
1891.166667000	0.37
1891.250000000	0.44
1891.333333000	0.47
1891.416667000	0.41
1891.500000000	0.30
1891.583333000	0.24
1891.666667000	0.24
1891.750000000	0.22
1891.833333000	0.10
1891.916667000	-0.10
1892.000000000	-0.31
1892.083333000	-0.46
1892.166667000	-0.58
1892.250000000	-0.71
1892.333333000	-0.86
1892.416667000	-0.96
1892.500000000	-0.98
1892.583333000	-0.96
1892.666667000	-0.98
1892.750000000	-1.08
1892.833333000	-1.22
1892.916667000	-1.33
1893.000000000	-1.41
1893.083333000	-1.49
1893.166667000	-1.57
1893.250000000	-1.63
1893.333333000	-1.60
1893.416667000	-1.50
1893.500000000	-1.39
1893.583333000	-1.32
1893.666667000	-1.32
1893.750000000	-1.34
1893.833333000	-1.36
1893.916667000	-1.36
1894.000000000	-1.37
1894.083333000	-1.38
1894.166667000	-1.38
1894.250000000	-1.35
1894.333333000	-1.29
1894.416667000	-1.20
1894.500000000	-1.09
1894.583333000	-0.97
1894.666667000	-0.83
1894.750000000	-0.70
1894.833333000	-0.58
1894.916667000	-0.47
1895.000000000	-0.39
1895.083333000	-0.35
1895.166667000	-0.39
1895.250000000	-0.48
1895.333333000	-0.59
1895.416667000	-0.70
1895.500000000	-0.78
1895.583333000	-0.83
1895.666667000	-0.85
1895.750000000	-0.80
1895.833333000	-0.66
1895.916667000	-0.46
1896.000000000	-0.26
1896.083333000	-0.14
1896.166667000	-0.11
1896.250000000	-0.16
1896.333333000	-0.22
1896.416667000	-0.30
1896.500000000	-0.40
1896.583333000	-0.51
1896.666667000	-0.62
1896.750000000	-0.67
1896.833333000	-0.64
1896.916667000	-0.55
1897.000000000	-0.45
1897.083333000	-0.41
1897.166667000	-0.42
1897.250000000	-0.46
1897.333333000	-0.47
1897.416667000	-0.42
1897.500000000	-0.33
1897.583333000	-0.25
1897.666667000	-0.24
1897.750000000	-0.28
1897.833333000	-0.35
1897.916667000	-0.41
1898.000000000	-0.46
1898.083333000	-0.53
1898.166667000	-0.63
1898.250000000	-0.74
1898.333333000	-0.81
1898.416667000	-0.81
1898.500000000	-0.77
1898.583333000	-0.74
1898.666667000	-0.73
1898.750000000	-0.75
1898.833333000	-0.79
1898.916667000	-0.85
1899.000000000	-0.90
1899.083333000	-0.89
1899.166667000	-0.78
1899.250000000	-0.62
1899.333333000	-0.49
1899.416667000	-0.47
1899.500000000	-0.53
1899.583333000	-0.58
1899.666667000	-0.54
1899.750000000	-0.46
1899.833333000	-0.41
1899.916667000	-0.42
1900.000000000	-0.44
1900.083333000	-0.38
1900.166667000	-0.24
1900.250000000	-0.11
1900.333333000	-0.08
1900.416667000	-0.12
1900.500000000	-0.16
1900.583333000	-0.12
1900.666667000	-0.01
1900.750000000	0.13
1900.833333000	0.24
1900.916667000	0.30
1901.000000000	0.32
1901.083333000	0.27
1901.166667000	0.16
1901.250000000	0.04
1901.333333000	-0.06
1901.416667000	-0.12
1901.500000000	-0.14
1901.583333000	-0.15
1901.666667000	-0.16
1901.750000000	-0.17
1901.833333000	-0.18
1901.916667000	-0.21
1902.000000000	-0.28
1902.083333000	-0.35
1902.166667000	-0.41
1902.250000000	-0.46
1902.333333000	-0.54
1902.416667000	-0.65
1902.500000000	-0.78
1902.583333000	-0.88
1902.666667000	-0.95
1902.750000000	-1.04
1902.833333000	-1.12
1902.916667000	-1.14
1903.000000000	-1.04
1903.083333000	-0.84
1903.166667000	-0.65
1903.250000000	-0.57
1903.333333000	-0.61
1903.416667000	-0.67
1903.500000000	-0.67
1903.583333000	-0.60
1903.666667000	-0.51
1903.750000000	-0.43
1903.833333000	-0.33
1903.916667000	-0.19
1904.000000000	-0.04
1904.083333000	0.06
1904.166667000	0.06
1904.250000000	-0.02
1904.333333000	-0.13
1904.416667000	-0.22
1904.500000000	-0.29
1904.583333000	-0.35
1904.666667000	-0.35
1904.750000000	-0.27
1904.833333000	-0.14
1904.916667000	0.00
1905.000000000	0.09
1905.083333000	0.13
1905.166667000	0.12
1905.250000000	0.07
1905.333333000	-0.01
1905.416667000	-0.11
1905.500000000	-0.20
1905.583333000	-0.27
1905.666667000	-0.33
1905.750000000	-0.41
1905.833333000	-0.48
1905.916667000	-0.51
1906.000000000	-0.52
1906.083333000	-0.53
1906.166667000	-0.58
1906.250000000	-0.62
1906.333333000	-0.59
1906.416667000	-0.49
1906.500000000	-0.38
1906.583333000	-0.31
1906.666667000	-0.27
1906.750000000	-0.22
1906.833333000	-0.11
1906.916667000	-0.01
1907.000000000	0.00
1907.083333000	-0.10
1907.166667000	-0.23
1907.250000000	-0.28
1907.333333000	-0.24
1907.416667000	-0.19
1907.500000000	-0.20
1907.583333000	-0.23
1907.666667000	-0.21
1907.750000000	-0.11
1907.833333000	0.04
1907.916667000	0.15
1908.000000000	0.18
1908.083333000	0.15
1908.166667000	0.11
1908.250000000	0.08
1908.333333000	0.06
1908.416667000	0.07
1908.500000000	0.10
1908.583333000	0.15
1908.666667000	0.17
1908.750000000	0.12
1908.833333000	-0.02
1908.916667000	-0.24
1909.000000000	-0.45
1909.083333000	-0.60
1909.166667000	-0.66
1909.250000000	-0.65
1909.333333000	-0.63
1909.416667000	-0.63
1909.500000000	-0.64
1909.583333000	-0.64
1909.666667000	-0.63
1909.750000000	-0.68
1909.833333000	-0.86
1909.916667000	-1.16
1910.000000000	-1.45
1910.083333000	-1.60
1910.166667000	-1.56
1910.250000000	-1.43
1910.333333000	-1.35
1910.416667000	-1.39
1910.500000000	-1.46
1910.583333000	-1.45
1910.666667000	-1.36
1910.750000000	-1.25
1910.833333000	-1.19
1910.916667000	-1.18
1911.000000000	-1.17
1911.083333000	-1.13
1911.166667000	-1.10
1911.250000000	-1.09
1911.333333000	-1.07
1911.416667000	-0.99
1911.500000000	-0.85
1911.583333000	-0.74
1911.666667000	-0.69
1911.750000000	-0.66
1911.833333000	-0.57
1911.916667000	-0.40
1912.000000000	-0.23
1912.083333000	-0.21
1912.166667000	-0.35
1912.250000000	-0.55
1912.333333000	-0.66
1912.416667000	-0.63
1912.500000000	-0.54
1912.583333000	-0.52
1912.666667000	-0.59
1912.750000000	-0.66
1912.833333000	-0.64
1912.916667000	-0.52
1913.000000000	-0.38
1913.083333000	-0.28
1913.166667000	-0.27
1913.250000000	-0.31
1913.333333000	-0.35
1913.416667000	-0.38
1913.500000000	-0.38
1913.583333000	-0.39
1913.666667000	-0.39
1913.750000000	-0.37
1913.833333000	-0.30
1913.916667000	-0.20
1914.000000000	-0.09
1914.083333000	-0.01
1914.166667000	0.02
1914.250000000	0.01
1914.333333000	-0.04
1914.416667000	-0.11
1914.500000000	-0.22
1914.583333000	-0.33
1914.666667000	-0.39
1914.750000000	-0.34
1914.833333000	-0.21
1914.916667000	-0.07
1915.000000000	0.01
1915.083333000	0.03
1915.166667000	0.01
1915.250000000	0.02
1915.333333000	0.06
1915.416667000	0.10
1915.500000000	0.13
1915.583333000	0.15
1915.666667000	0.20
1915.750000000	0.27
1915.833333000	0.30
1915.916667000	0.27
1916.000000000	0.19
1916.083333000	0.10
1916.166667000	0.05
1916.250000000	0.03
1916.333333000	0.03
1916.416667000	0.08
1916.500000000	0.18
1916.583333000	0.29
1916.666667000	0.36
1916.750000000	0.31
1916.833333000	0.15
1916.916667000	-0.04
1917.000000000	-0.16
1917.083333000	-0.19
1917.166667000	-0.16
1917.250000000	-0.14
1917.333333000	-0.16
1917.416667000	-0.22
1917.500000000	-0.31
1917.583333000	-0.44
1917.666667000	-0.59
1917.750000000	-0.76
1917.833333000	-0.94
1917.916667000	-1.08
1918.000000000	-1.17
1918.083333000	-1.15
1918.166667000	-1.03
1918.250000000	-0.87
1918.333333000	-0.76
1918.416667000	-0.77
1918.500000000	-0.85
1918.583333000	-0.92
1918.666667000	-0.89
1918.750000000	-0.77
1918.833333000	-0.62
1918.916667000	-0.51
1919.000000000	-0.42
1919.083333000	-0.33
1919.166667000	-0.26
1919.250000000	-0.24
1919.333333000	-0.29
1919.416667000	-0.35
1919.500000000	-0.34
1919.583333000	-0.22
1919.666667000	-0.03
1919.750000000	0.17
1919.833333000	0.33
1919.916667000	0.45
1920.000000000	0.52
1920.083333000	0.49
1920.166667000	0.32
1920.250000000	0.06
1920.333333000	-0.20
1920.416667000	-0.41
1920.500000000	-0.56
1920.583333000	-0.69
1920.666667000	-0.82
1920.750000000	-0.92
1920.833333000	-0.97
1920.916667000	-0.96
1921.000000000	-0.93
1921.083333000	-0.90
1921.166667000	-0.90
1921.250000000	-0.95
1921.333333000	-1.07
1921.416667000	-1.24
1921.500000000	-1.45
1921.583333000	-1.64
1921.666667000	-1.79
1921.750000000	-1.88
1921.833333000	-1.87
1921.916667000	-1.74
1922.000000000	-1.51
1922.083333000	-1.25
1922.166667000	-1.07
1922.250000000	-1.02
1922.333333000	-1.05
1922.416667000	-1.05
1922.500000000	-1.00
1922.583333000	-0.89
1922.666667000	-0.79
1922.750000000	-0.68
1922.833333000	-0.56
1922.916667000	-0.41
1923.000000000	-0.29
1923.083333000	-0.25
1923.166667000	-0.27
1923.250000000	-0.30
1923.333333000	-0.30
1923.416667000	-0.28
1923.500000000	-0.27
1923.583333000	-0.29
1923.666667000	-0.29
1923.750000000	-0.27
1923.833333000	-0.27
1923.916667000	-0.33
1924.000000000	-0.40
1924.083333000	-0.41
1924.166667000	-0.30
1924.250000000	-0.10
1924.333333000	0.10
1924.416667000	0.21
1924.500000000	0.26
1924.583333000	0.30
1924.666667000	0.36
1924.750000000	0.42
1924.833333000	0.45
1924.916667000	0.47
1925.000000000	0.49
1925.083333000	0.53
1925.166667000	0.59
1925.250000000	0.70
1925.333333000	0.85
1925.416667000	1.01
1925.500000000	1.12
1925.583333000	1.17
1925.666667000	1.20
1925.750000000	1.29
1925.833333000	1.42
1925.916667000	1.52
1926.000000000	1.47
1926.083333000	1.25
1926.166667000	0.94
1926.250000000	0.62
1926.333333000	0.35
1926.416667000	0.11
1926.500000000	-0.12
1926.583333000	-0.32
1926.666667000	-0.47
1926.750000000	-0.56
1926.833333000	-0.64
1926.916667000	-0.73
1927.000000000	-0.80
1927.083333000	-0.85
1927.166667000	-0.91
1927.250000000	-1.01
1927.333333000	-1.12
1927.416667000	-1.18
1927.500000000	-1.11
1927.583333000	-0.96
1927.666667000	-0.83
1927.750000000	-0.83
1927.833333000	-0.98
1927.916667000	-1.16
1928.000000000	-1.27
1928.083333000	-1.25
1928.166667000	-1.10
1928.250000000	-0.90
1928.333333000	-0.69
1928.416667000	-0.50
1928.500000000	-0.33
1928.583333000	-0.16
1928.666667000	0.01
1928.750000000	0.16
1928.833333000	0.23
1928.916667000	0.21
1929.000000000	0.14
1929.083333000	0.10
1929.166667000	0.17
1929.250000000	0.29
1929.333333000	0.37
1929.416667000	0.36
1929.500000000	0.26
1929.583333000	0.16
1929.666667000	0.11
1929.750000000	0.14
1929.833333000	0.21
1929.916667000	0.30
1930.000000000	0.35
1930.083333000	0.33
1930.166667000	0.21
1930.250000000	0.02
1930.333333000	-0.13
1930.416667000	-0.21
1930.500000000	-0.23
1930.583333000	-0.30
1930.666667000	-0.45
1930.750000000	-0.60
1930.833333000	-0.62
1930.916667000	-0.49
1931.000000000	-0.32
1931.083333000	-0.25
1931.166667000	-0.34
1931.250000000	-0.51
1931.333333000	-0.61
1931.416667000	-0.62
1931.500000000	-0.62
1931.583333000	-0.68
1931.666667000	-0.83
1931.750000000	-0.96
1931.833333000	-1.00
1931.916667000	-0.94
1932.000000000	-0.85
1932.083333000	-0.78
1932.166667000	-0.73
1932.250000000	-0.67
1932.333333000	-0.61
1932.416667000	-0.54
1932.500000000	-0.50
1932.583333000	-0.48
1932.666667000	-0.44
1932.750000000	-0.36
1932.833333000	-0.26
1932.916667000	-0.16
1933.000000000	-0.11
1933.083333000	-0.07
1933.166667000	-0.02
1933.250000000	0.05
1933.333333000	0.14
1933.416667000	0.21
1933.500000000	0.26
1933.583333000	0.32
1933.666667000	0.42
1933.750000000	0.53
1933.833333000	0.61
1933.916667000	0.60
1934.000000000	0.53
1934.083333000	0.43
1934.166667000	0.37
1934.250000000	0.34
1934.333333000	0.30
1934.416667000	0.24
1934.500000000	0.18
1934.583333000	0.17
1934.666667000	0.20
1934.750000000	0.19
1934.833333000	0.07
1934.916667000	-0.14
1935.000000000	-0.35
1935.083333000	-0.48
1935.166667000	-0.53
1935.250000000	-0.57
1935.333333000	-0.65
1935.416667000	-0.76
1935.500000000	-0.85
1935.583333000	-0.89
1935.666667000	-0.94
1935.750000000	-1.06
1935.833333000	-1.21
1935.916667000	-1.32
1936.000000000	-1.32
1936.083333000	-1.23
1936.166667000	-1.12
1936.250000000	-1.03
1936.333333000	-0.96
1936.416667000	-0.91
1936.500000000	-0.88
1936.583333000	-0.90
1936.666667000	-0.95
1936.750000000	-0.99
1936.833333000	-0.98
1936.916667000	-0.90
1937.000000000	-0.78
1937.083333000	-0.66
1937.166667000	-0.54
1937.250000000	-0.43
1937.333333000	-0.35
1937.416667000	-0.33
1937.500000000	-0.36
1937.583333000	-0.39
1937.666667000	-0.36
1937.750000000	-0.28
1937.833333000	-0.19
1937.916667000	-0.11
1938.000000000	-0.05
1938.083333000	-0.02
1938.166667000	-0.06
1938.250000000	-0.21
1938.333333000	-0.47
1938.416667000	-0.73
1938.500000000	-0.92
1938.583333000	-0.99
1938.666667000	-0.97
1938.750000000	-0.90
1938.833333000	-0.78
1938.916667000	-0.59
1939.000000000	-0.37
1939.083333000	-0.22
1939.166667000	-0.20
1939.250000000	-0.28
1939.333333000	-0.40
1939.416667000	-0.49
1939.500000000	-0.58
1939.583333000	-0.67
1939.666667000	-0.73
1939.750000000	-0.72
1939.833333000	-0.58
1939.916667000	-0.34
1940.000000000	-0.08
1940.083333000	0.13
1940.166667000	0.29
1940.250000000	0.42
1940.333333000	0.50
1940.416667000	0.55
1940.500000000	0.55
1940.583333000	0.55
1940.666667000	0.56
1940.750000000	0.57
1940.833333000	0.61
1940.916667000	0.69
1941.000000000	0.81
1941.083333000	0.93
1941.166667000	1.03
1941.250000000	1.06
1941.333333000	1.07
1941.416667000	1.11
1941.500000000	1.19
1941.583333000	1.29
1941.666667000	1.34
1941.750000000	1.33
1941.833333000	1.24
1941.916667000	1.10
1942.000000000	0.92
1942.083333000	0.75
1942.166667000	0.64
1942.250000000	0.63
1942.333333000	0.67
1942.416667000	0.66
1942.500000000	0.56
1942.583333000	0.42
1942.666667000	0.30
1942.750000000	0.23
1942.833333000	0.14
1942.916667000	-0.02
1943.000000000	-0.18
1943.083333000	-0.25
1943.166667000	-0.18
1943.250000000	-0.02
1943.333333000	0.10
1943.416667000	0.12
1943.500000000	0.07
1943.583333000	0.02
1943.666667000	0.01
1943.750000000	0.03
1943.833333000	0.04
1943.916667000	0.02
1944.000000000	-0.01
1944.083333000	-0.07
1944.166667000	-0.15
1944.250000000	-0.26
1944.333333000	-0.34
1944.416667000	-0.37
1944.500000000	-0.35
1944.583333000	-0.30
1944.666667000	-0.25
1944.750000000	-0.16
1944.833333000	-0.06
1944.916667000	0.03
1945.000000000	0.06
1945.083333000	-0.02
1945.166667000	-0.18
1945.250000000	-0.38
1945.333333000	-0.58
1945.416667000	-0.76
1945.500000000	-0.89
1945.583333000	-0.97
1945.666667000	-1.02
1945.750000000	-1.07
1945.833333000	-1.13
1945.916667000	-1.17
1946.000000000	-1.15
1946.083333000	-1.07
1946.166667000	-0.99
1946.250000000	-0.95
1946.333333000	-0.94
1946.416667000	-0.88
1946.500000000	-0.75
1946.583333000	-0.59
1946.666667000	-0.48
1946.750000000	-0.46
1946.833333000	-0.49
1946.916667000	-0.53
1947.000000000	-0.54
1947.083333000	-0.54
1947.166667000	-0.52
1947.250000000	-0.45
1947.333333000	-0.32
1947.416667000	-0.17
1947.500000000	-0.06
1947.583333000	-0.01
1947.666667000	0.03
1947.750000000	0.11
1947.833333000	0.21
1947.916667000	0.28
1948.000000000	0.29
1948.083333000	0.27
1948.166667000	0.28
1948.250000000	0.33
1948.333333000	0.36
1948.416667000	0.31
1948.500000000	0.17
1948.583333000	0.00
1948.666667000	-0.15
1948.750000000	-0.23
1948.833333000	-0.25
1948.916667000	-0.23
1949.000000000	-0.17
1949.083333000	-0.11
1949.166667000	-0.08
1949.250000000	-0.08
1949.333333000	-0.10
1949.416667000	-0.11
1949.500000000	-0.14
1949.583333000	-0.23
1949.666667000	-0.39
1949.750000000	-0.55
1949.833333000	-0.64
1949.916667000	-0.62
1950.000000000	-0.58
1950.083333000	-0.59
1950.166667000	-0.67
1950.250000000	-0.75
1950.333333000	-0.75
1950.416667000	-0.67
1950.500000000	-0.59
1950.583333000	-0.57
1950.666667000	-0.59
1950.750000000	-0.59
1950.833333000	-0.55
1950.916667000	-0.48
1951.000000000	-0.44
1951.083333000	-0.44
1951.166667000	-0.45
1951.250000000	-0.41
1951.333333000	-0.32
1951.416667000	-0.20
1951.500000000	-0.06
1951.583333000	0.08
1951.666667000	0.20
1951.750000000	0.27
1951.833333000	0.28
1951.916667000	0.24
1952.000000000	0.20
1952.083333000	0.20
1952.166667000	0.24
1952.250000000	0.27
1952.333333000	0.27
1952.416667000	0.24
1952.500000000	0.23
1952.583333000	0.27
1952.666667000	0.34
1952.750000000	0.38
1952.833333000	0.36
1952.916667000	0.29
1953.000000000	0.23
1953.083333000	0.23
1953.166667000	0.30
1953.250000000	0.36
1953.333333000	0.36
1953.416667000	0.28
1953.500000000	0.19
1953.583333000	0.16
1953.666667000	0.21
1953.750000000	0.29
1953.833333000	0.33
1953.916667000	0.31
1954.000000000	0.27
1954.083333000	0.24
1954.166667000	0.22
1954.250000000	0.19
1954.333333000	0.12
1954.416667000	0.04
1954.500000000	-0.03
1954.583333000	-0.09
1954.666667000	-0.17
1954.750000000	-0.27
1954.833333000	-0.34
1954.916667000	-0.34
1955.000000000	-0.29
1955.083333000	-0.25
1955.166667000	-0.27
1955.250000000	-0.32
1955.333333000	-0.37
1955.416667000	-0.40
1955.500000000	-0.43
1955.583333000	-0.53
1955.666667000	-0.70
1955.750000000	-0.88
1955.833333000	-1.00
1955.916667000	-1.01
1956.000000000	-0.95
1956.083333000	-0.86
1956.166667000	-0.76
1956.250000000	-0.67
1956.333333000	-0.64
1956.416667000	-0.68
1956.500000000	-0.77
1956.583333000	-0.86
1956.666667000	-0.87
1956.750000000	-0.78
1956.833333000	-0.63
1956.916667000	-0.43
1957.000000000	-0.18
1957.083333000	0.09
1957.166667000	0.30
1957.250000000	0.39
1957.333333000	0.33
1957.416667000	0.20
1957.500000000	0.08
1957.583333000	0.03
1957.666667000	0.05
1957.750000000	0.12
1957.833333000	0.27
1957.916667000	0.47
1958.000000000	0.66
1958.083333000	0.78
1958.166667000	0.78
1958.250000000	0.71
1958.333333000	0.63
1958.416667000	0.58
1958.500000000	0.53
1958.583333000	0.46
1958.666667000	0.37
1958.750000000	0.29
1958.833333000	0.24
1958.916667000	0.19
1959.000000000	0.11
1959.083333000	0.04
1959.166667000	0.00
1959.250000000	0.00
1959.333333000	0.03
1959.416667000	0.04
1959.500000000	0.03
1959.583333000	0.04
1959.666667000	0.04
1959.750000000	0.00
1959.833333000	-0.10
1959.916667000	-0.23
1960.000000000	-0.33
1960.083333000	-0.36
1960.166667000	-0.36
1960.250000000	-0.35
1960.333333000	-0.36
1960.416667000	-0.35
1960.500000000	-0.33
1960.583333000	-0.30
1960.666667000	-0.29
1960.750000000	-0.28
1960.833333000	-0.29
1960.916667000	-0.31
1961.000000000	-0.37
1961.083333000	-0.45
1961.166667000	-0.51
1961.250000000	-0.51
1961.333333000	-0.49
1961.416667000	-0.50
1961.500000000	-0.59
1961.583333000	-0.71
1961.666667000	-0.78
1961.750000000	-0.79
1961.833333000	-0.78
1961.916667000	-0.78
1962.000000000	-0.79
1962.083333000	-0.75
1962.166667000	-0.65
1962.250000000	-0.53
1962.333333000	-0.46
1962.416667000	-0.45
1962.500000000	-0.41
1962.583333000	-0.31
1962.666667000	-0.17
1962.750000000	-0.06
1962.833333000	-0.03
1962.916667000	-0.04
1963.000000000	-0.04
1963.083333000	0.00
1963.166667000	0.04
1963.250000000	0.04
1963.333333000	0.03
1963.416667000	0.03
1963.500000000	0.06
1963.583333000	0.10
1963.666667000	0.13
1963.750000000	0.16
1963.833333000	0.20
1963.916667000	0.22
1964.000000000	0.21
1964.083333000	0.16
1964.166667000	0.09
1964.250000000	0.03
1964.333333000	-0.04
1964.416667000	-0.12
1964.500000000	-0.24
1964.583333000	-0.37
1964.666667000	-0.48
1964.750000000	-0.53
1964.833333000	-0.49
1964.916667000	-0.37
1965.000000000	-0.21
1965.083333000	-0.08
1965.166667000	0.00
1965.250000000	0.04
1965.333333000	0.11
1965.416667000	0.26
1965.500000000	0.46
1965.583333000	0.63
1965.666667000	0.71
1965.750000000	0.72
1965.833333000	0.72
1965.916667000	0.75
1966.000000000	0.77
1966.083333000	0.72
1966.166667000	0.62
1966.250000000	0.53
1966.333333000	0.51
1966.416667000	0.52
1966.500000000	0.50
1966.583333000	0.40
1966.666667000	0.26
1966.750000000	0.12
1966.833333000	0.00
1966.916667000	-0.13
1967.000000000	-0.27
1967.083333000	-0.36
1967.166667000	-0.33
1967.250000000	-0.21
1967.333333000	-0.13
1967.416667000	-0.16
1967.500000000	-0.31
1967.583333000	-0.50
1967.666667000	-0.63
1967.750000000	-0.70
1967.833333000	-0.75
1967.916667000	-0.79
1968.000000000	-0.80
1968.083333000	-0.74
1968.166667000	-0.62
1968.250000000	-0.46
1968.333333000	-0.28
1968.416667000	-0.08
1968.500000000	0.11
1968.583333000	0.28
1968.666667000	0.41
1968.750000000	0.53
1968.833333000	0.66
1968.916667000	0.79
1969.000000000	0.87
1969.083333000	0.84
1969.166667000	0.70
1969.250000000	0.56
1969.333333000	0.49
1969.416667000	0.53
1969.500000000	0.61
1969.583333000	0.67
1969.666667000	0.67
1969.750000000	0.60
1969.833333000	0.49
1969.916667000	0.36
1970.000000000	0.25
1970.083333000	0.13
1970.166667000	0.01
1970.250000000	-0.12
1970.333333000	-0.25
1970.416667000	-0.35
1970.500000000	-0.42
1970.583333000	-0.46
1970.666667000	-0.53
1970.750000000	-0.66
1970.833333000	-0.85
1970.916667000	-1.00
1971.000000000	-1.04
1971.083333000	-0.94
1971.166667000	-0.78
1971.250000000	-0.63
1971.333333000	-0.55
1971.416667000	-0.53
1971.500000000	-0.53
1971.583333000	-0.51
1971.666667000	-0.45
1971.750000000	-0.35
1971.833333000	-0.25
1971.916667000	-0.17
1972.000000000	-0.12
1972.083333000	-0.08
1972.166667000	-0.04
1972.250000000	0.01
1972.333333000	0.04
1972.416667000	0.01
1972.500000000	-0.05
1972.583333000	-0.10
1972.666667000	-0.06
1972.750000000	0.05
1972.833333000	0.19
1972.916667000	0.27
1973.000000000	0.27
1973.083333000	0.20
1973.166667000	0.09
1973.250000000	-0.03
1973.333333000	-0.15
1973.416667000	-0.26
1973.500000000	-0.37
1973.583333000	-0.48
1973.666667000	-0.63
1973.750000000	-0.79
1973.833333000	-0.92
1973.916667000	-0.94
1974.000000000	-0.86
1974.083333000	-0.73
1974.166667000	-0.63
1974.250000000	-0.58
1974.333333000	-0.57
1974.416667000	-0.57
1974.500000000	-0.60
1974.583333000	-0.70
1974.666667000	-0.87
1974.750000000	-1.04
1974.833333000	-1.14
1974.916667000	-1.12
1975.000000000	-1.00
1975.083333000	-0.81
1975.166667000	-0.60
1975.250000000	-0.42
1975.333333000	-0.33
1975.416667000	-0.35
1975.500000000	-0.46
1975.583333000	-0.57
1975.666667000	-0.61
1975.750000000	-0.59
1975.833333000	-0.51
1975.916667000	-0.41
1976.000000000	-0.29
1976.083333000	-0.16
1976.166667000	-0.05
1976.250000000	-0.03
1976.333333000	-0.09
1976.416667000	-0.16
1976.500000000	-0.17
1976.583333000	-0.11
1976.666667000	0.00
1976.750000000	0.08
1976.833333000	0.14
1976.916667000	0.19
1977.000000000	0.24
1977.083333000	0.28
1977.166667000	0.30
1977.250000000	0.32
1977.333333000	0.39
1977.416667000	0.50
1977.500000000	0.63
1977.583333000	0.74
1977.666667000	0.81
1977.750000000	0.84
1977.833333000	0.83
1977.916667000	0.75
1978.000000000	0.64
1978.083333000	0.54
1978.166667000	0.51
1978.250000000	0.54
1978.333333000	0.56
1978.416667000	0.54
1978.500000000	0.47
1978.583333000	0.41
1978.666667000	0.40
1978.750000000	0.42
1978.833333000	0.46
1978.916667000	0.52
1979.000000000	0.57
1979.083333000	0.61
1979.166667000	0.58
1979.250000000	0.51
1979.333333000	0.42
1979.416667000	0.36
1979.500000000	0.33
1979.583333000	0.31
1979.666667000	0.29
1979.750000000	0.30
1979.833333000	0.37
1979.916667000	0.47
1980.000000000	0.54
1980.083333000	0.54
1980.166667000	0.49
1980.250000000	0.44
1980.333333000	0.41
1980.416667000	0.39
1980.500000000	0.35
1980.583333000	0.30
1980.666667000	0.28
1980.750000000	0.24
1980.833333000	0.16
1980.916667000	0.04
1981.000000000	-0.06
1981.083333000	-0.03
1981.166667000	0.12
1981.250000000	0.29
1981.333333000	0.38
1981.416667000	0.38
1981.500000000	0.38
1981.583333000	0.43
1981.666667000	0.50
1981.750000000	0.50
1981.833333000	0.39
1981.916667000	0.22
1982.000000000	0.08
1982.083333000	0.02
1982.166667000	0.05
1982.250000000	0.12
1982.333333000	0.19
1982.416667000	0.22
1982.500000000	0.21
1982.583333000	0.13
1982.666667000	0.05
1982.750000000	0.03
1982.833333000	0.08
1982.916667000	0.17
1983.000000000	0.22
1983.083333000	0.18
1983.166667000	0.12
1983.250000000	0.07
1983.333333000	0.05
1983.416667000	0.02
1983.500000000	-0.07
1983.583333000	-0.24
1983.666667000	-0.42
1983.750000000	-0.56
1983.833333000	-0.60
1983.916667000	-0.55
1984.000000000	-0.47
1984.083333000	-0.43
1984.166667000	-0.49
1984.250000000	-0.60
1984.333333000	-0.66
1984.416667000	-0.60
1984.500000000	-0.45
1984.583333000	-0.32
1984.666667000	-0.29
1984.750000000	-0.35
1984.833333000	-0.42
1984.916667000	-0.46
1985.000000000	-0.47
1985.083333000	-0.50
1985.166667000	-0.53
1985.250000000	-0.51
1985.333333000	-0.42
1985.416667000	-0.28
1985.500000000	-0.17
1985.583333000	-0.13
1985.666667000	-0.11
1985.750000000	-0.08
1985.833333000	-0.04
1985.916667000	-0.04
1986.000000000	-0.07
1986.083333000	-0.06
1986.166667000	0.07
1986.250000000	0.29
1986.333333000	0.52
1986.416667000	0.66
1986.500000000	0.69
1986.583333000	0.70
1986.666667000	0.76
1986.750000000	0.84
1986.833333000	0.89
1986.916667000	0.87
1987.000000000	0.80
1987.083333000	0.72
1987.166667000	0.65
1987.250000000	0.58
1987.333333000	0.53
1987.416667000	0.51
1987.500000000	0.55
1987.583333000	0.62
1987.666667000	0.66
1987.750000000	0.64
1987.833333000	0.57
1987.916667000	0.48
1988.000000000	0.37
1988.083333000	0.20
1988.166667000	-0.02
1988.250000000	-0.27
1988.333333000	-0.50
1988.416667000	-0.64
1988.500000000	-0.72
1988.583333000	-0.79
1988.666667000	-0.90
1988.750000000	-1.05
1988.833333000	-1.21
1988.916667000	-1.32
1989.000000000	-1.33
1989.083333000	-1.24
1989.166667000	-1.09
1989.250000000	-0.93
1989.333333000	-0.78
1989.416667000	-0.67
1989.500000000	-0.59
1989.583333000	-0.57
1989.666667000	-0.59
1989.750000000	-0.65
1989.833333000	-0.70
1989.916667000	-0.70
1990.000000000	-0.63
1990.083333000	-0.48
1990.166667000	-0.30
1990.250000000	-0.10
1990.333333000	0.08
1990.416667000	0.23
1990.500000000	0.33
1990.583333000	0.39
1990.666667000	0.47
1990.750000000	0.60
1990.833333000	0.75
1990.916667000	0.88
1991.000000000	0.94
1991.083333000	0.91
1991.166667000	0.86
1991.250000000	0.82
1991.333333000	0.78
1991.416667000	0.71
1991.500000000	0.59
1991.583333000	0.48
1991.666667000	0.44
1991.750000000	0.48
1991.833333000	0.54
1991.916667000	0.58
1992.000000000	0.60
1992.083333000	0.61
1992.166667000	0.60
1992.250000000	0.55
1992.333333000	0.43
1992.416667000	0.27
1992.500000000	0.10
1992.583333000	-0.06
1992.666667000	-0.23
1992.750000000	-0.41
1992.833333000	-0.54
1992.916667000	-0.55
1993.000000000	-0.41
1993.083333000	-0.20
1993.166667000	-0.02
1993.250000000	0.08
1993.333333000	0.15
1993.416667000	0.21
1993.500000000	0.27
1993.583333000	0.28
1993.666667000	0.23
1993.750000000	0.14
1993.833333000	0.09
1993.916667000	0.09
1994.000000000	0.13
1994.083333000	0.19
1994.166667000	0.25
1994.250000000	0.32
1994.333333000	0.38
1994.416667000	0.41
1994.500000000	0.42
1994.583333000	0.46
1994.666667000	0.52
1994.750000000	0.57
1994.833333000	0.57
1994.916667000	0.52
1995.000000000	0.49
1995.083333000	0.50
1995.166667000	0.53
1995.250000000	0.53
1995.333333000	0.46
1995.416667000	0.38
1995.500000000	0.36
1995.583333000	0.39
1995.666667000	0.43
1995.750000000	0.41
1995.833333000	0.34
1995.916667000	0.26
1996.000000000	0.19
1996.083333000	0.15
1996.166667000	0.12
1996.250000000	0.12
1996.333333000	0.15
1996.416667000	0.19
1996.500000000	0.21
1996.583333000	0.21
1996.666667000	0.23
1996.750000000	0.31
1996.833333000	0.44
1996.916667000	0.56
1997.000000000	0.62
1997.083333000	0.63
1997.166667000	0.63
1997.250000000	0.64
1997.333333000	0.64
1997.416667000	0.61
1997.500000000	0.53
1997.583333000	0.47
1997.666667000	0.46
1997.750000000	0.52
1997.833333000	0.63
1997.916667000	0.76
1998.000000000	0.87
1998.083333000	0.91
1998.166667000	0.85
1998.250000000	0.70
1998.333333000	0.54
1998.416667000	0.42
1998.500000000	0.35
1998.583333000	0.28
1998.666667000	0.18
1998.750000000	0.04
1998.833333000	-0.11
1998.916667000	-0.26
1999.000000000	-0.39
1999.083333000	-0.50
1999.166667000	-0.56
1999.250000000	-0.57
1999.333333000	-0.57
1999.416667000	-0.60
1999.500000000	-0.67
1999.583333000	-0.74
1999.666667000	-0.80
1999.750000000	-0.88
1999.833333000	-1.03
1999.916667000	-1.22
2000.000000000	-1.37
2000.083333000	-1.35
2000.166667000	-1.16
2000.250000000	-0.89
2000.333333000	-0.66
2000.416667000	-0.53
2000.500000000	-0.43
2000.583333000	-0.31
2000.666667000	-0.17
2000.750000000	-0.06
2000.833333000	-0.01
2000.916667000	0.01
2001.000000000	0.02
2001.083333000	0.07
2001.166667000	0.16
2001.250000000	0.27
2001.333333000	0.42
2001.416667000	0.55
2001.500000000	0.63
2001.583333000	0.61
2001.666667000	0.55
2001.750000000	0.49
2001.833333000	0.50
2001.916667000	0.55
2002.000000000	0.58
2002.083333000	0.55
2002.166667000	0.49
2002.250000000	0.44
2002.333333000	0.42
2002.416667000	0.41
2002.500000000	0.37
2002.583333000	0.30
2002.666667000	0.19
2002.750000000	0.10
2002.833333000	0.05
2002.916667000	0.08
2003.000000000	0.15
2003.083333000	0.20
2003.166667000	0.18
2003.250000000	0.12
2003.333333000	0.12
2003.416667000	0.24
2003.500000000	0.45
2003.583333000	0.64
2003.666667000	0.75
2003.750000000	0.78
2003.833333000	0.81
2003.916667000	0.85
2004.000000000	0.84
2004.083333000	0.72
2004.166667000	0.53
2004.250000000	0.38
2004.333333000	0.34
2004.416667000	0.39
2004.500000000	0.45
2004.583333000	0.46
2004.666667000	0.43
2004.750000000	0.43
2004.833333000	0.45
2004.916667000	0.43
2005.000000000	0.36
2005.083333000	0.29
2005.166667000	0.28
2005.250000000	0.35
2005.333333000	0.43
2005.416667000	0.47
2005.500000000	0.48
2005.583333000	0.52
2005.666667000	0.61
2005.750000000	0.67
2005.833333000	0.65
2005.916667000	0.55
2006.000000000	0.46
2006.083333000	0.44
2006.166667000	0.49
2006.250000000	0.54
2006.333333000	0.56
2006.416667000	0.55
2006.500000000	0.57
2006.583333000	0.63
2006.666667000	0.69
2006.750000000	0.70
2006.833333000	0.64
2006.916667000	0.55
2007.000000000	0.47
2007.083333000	0.40
2007.166667000	0.35
2007.250000000	0.32
2007.333333000	0.30
2007.416667000	0.26
2007.500000000	0.18
2007.583333000	0.04
2007.666667000	-0.16
2007.750000000	-0.36
2007.833333000	-0.53
2007.916667000	-0.66
2008.000000000	-0.74
2008.083333000	-0.76
2008.166667000	-0.71
2008.250000000	-0.57
2008.333333000	-0.39
2008.416667000	-0.21
2008.500000000	-0.08
2008.583333000	-0.04
2008.666667000	-0.07
2008.750000000	-0.13
2008.833333000	-0.18
2008.916667000	-0.18
2009.000000000	-0.11
2009.083333000	0.00
2009.166667000	0.12
2009.250000000	0.23
2009.333333000	0.33
2009.416667000	0.41
2009.500000000	0.48
2009.583333000	0.52
2009.666667000	0.55
2009.750000000	0.59
2009.833333000	0.65
2009.916667000	0.72
2010.000000000	0.77
2010.083333000	0.78
2010.166667000	0.74
2010.250000000	0.65
2010.333333000	0.50
2010.416667000	0.27
2010.500000000	0.01
2010.583333000	-0.22
2010.666667000	-0.35
2010.750000000	-0.39
2010.833333000	-0.37
2010.916667000	-0.33
2011.000000000	-0.26
2011.083333000	-0.21
2011.166667000	-0.18
2011.250000000	-0.23
2011.333333000	-0.34
2011.416667000	-0.46
2011.500000000	-0.52
2011.583333000	-0.53
2011.666667000	-0.55
2011.750000000	-0.59
2011.833333000	-0.63
2011.916667000	-0.61
2012.000000000	-0.52
2012.083333000	-0.43
2012.166667000	-0.41
2012.250000000	-0.43
2012.333333000	-0.41
2012.416667000	-0.30
2012.500000000	-0.10
2012.583333000	0.08
2012.666667000	0.19
2012.750000000	0.20
2012.833333000	0.16
2012.916667000	0.08
2013.000000000	0.00
2013.083333000	-0.07
2013.166667000	-0.09
2013.250000000	-0.07
2013.333333000	-0.04
2013.416667000	-0.04
2013.500000000	-0.08
2013.583333000	-0.11
2013.666667000	-0.12
2013.750000000	-0.13
2013.833333000	-0.15
2013.916667000	-0.19
2014.000000000	-0.18
2014.083333000	-0.08
2014.166667000	0.07
2014.250000000	0.22
2014.333333000	0.29
2014.416667000	0.29
2014.500000000	0.28
2014.583333000	0.29
2014.666667000	0.33
2014.750000000	0.40
2014.833333000	0.50
2014.916667000	0.62
2015.000000000	0.73
2015.083333000	0.82
2015.166667000	0.87
2015.250000000	0.93
2015.333333000	1.00
2015.416667000	1.06
2015.500000000	1.08
2015.583333000	1.05
2015.666667000	1.05
2015.750000000	1.10
2015.833333000	1.16
2015.916667000	1.16
2016.000000000	1.07
2016.083333000	0.92
2016.166667000	0.77
2016.250000000	0.65
2016.333333000	0.51
2016.416667000	0.34
2016.500000000	0.16
2016.583333000	0.02
2016.666667000	-0.07
2016.750000000	-0.14
2016.833333000	-0.22
2016.916667000	-0.30
2017.000000000	-0.34
2017.083333000	-0.31
2017.166667000	-0.26
2017.250000000	-0.22
2017.333333000	-0.20
2017.416667000	-0.16
2017.500000000	-0.08
2017.583333000	0.00
2017.666667000	0.04
2017.750000000	0.03
2017.833333000	0.01
2017.916667000	0.00
2018.000000000	0.03
2018.083333000	0.08
2018.166667000	0.16
2018.250000000	0.29
2018.333333000	0.44
2018.416667000	0.57
2018.500000000	0.65
2018.583333000	0.70
2018.666667000	0.75
2018.750000000	0.79
2018.833333000	0.80
2018.916667000	0.76
2019.000000000	0.72
2019.083333000	0.72
2019.166667000	0.77
2019.250000000	0.83
2019.333333000	0.85
2019.416667000	0.85
2019.500000000	0.88
2019.583333000	0.92
2019.666667000	0.93
2019.750000000	0.87
2019.833333000	0.74
2019.916667000	0.58
2020.000000000	0.45
2020.083333000	0.35
2020.166667000	0.29
2020.250000000	0.26
2020.333333000	0.28
2020.416667000	0.32
2020.500000000	0.35
2020.583333000	0.31
2020.666667000	0.22
2020.750000000	0.13
2020.833333000	0.08
2020.916667000	0.05
2021.000000000	0.03
2021.083333000	-0.02
2021.166667000	-0.04
2021.250000000	-0.01
2021.333333000	0.06
2021.416667000	0.13
2021.500000000	0.15
2021.583333000	0.13
2021.666667000	0.12
2021.750000000	0.16
2021.833333000	0.26
2021.916667000	0.38
2022.000000000	0.46
2022.083333000	0.42
2022.166667000	0.26
2022.250000000	0.07
2022.333333000	-0.03
2022.416667000	0.03
2022.500000000	0.20
2022.583333000	0.37
2022.666667000	0.47
2022.750000000	0.54
2022.833333000	0.63
2022.916667000	0.73
2023.000000000	0.76
2023.083333000	0.67
2023.166667000	0.46
2023.250000000	0.26
2023.333333000	0.16
2023.416667000	0.17
2023.500000000	0.21
2023.583333000	0.22
2023.666667000	0.17
2023.750000000	0.09
2023.833333000	-0.05
2023.916667000	-0.21
2024.000000000	-0.36
2024.083333000	-0.38
2024.166667000	-0.26
