 1865 -0.4769746      -1.248674      0.1062477     -0.1333569     -0.1247727      0.1028817      0.1701960      0.5063619      0.7878446      -1.042434     -0.5935763      0.6208020    
 1866  0.4240774      0.6477427     -0.4770804      -1.163548     -0.7587000      0.3658839     -0.8640110E-01 -0.2944946E-01  0.9188651     -0.1131600     -0.2873410      0.2525990    
 1867  -2.908884      0.8559030      -3.320505      0.9716918      -1.657751      0.3795153E-01 -0.5915494      0.5954708      0.5158353       1.120428      -2.140765     -0.3718396E-01
 1868  0.5926468       2.454611       2.593599      0.8088069      0.9051786       1.080833      0.1509015      0.4195354      -1.019504       1.809197      -1.099565     -0.5759051E-02
 1869  0.8693002       1.999341      0.2185335     -0.1453262      -1.059852     -0.6150299     -0.3640256E-01 -0.2755189     -0.8798853E-01 -0.7418834      0.8257537     -0.2477390E-02
 1870  0.3821248      -2.563284      -1.532731      0.4709475      0.6184781      0.1813018      0.1884502      -1.065806      0.1602022      0.4903035      -1.216255      -1.952456    
 1871   1.653982     -0.3845702      0.5254104      -1.327394     -0.5865677     -0.2514710      0.2761177      0.3832283E-01 -0.7918095      0.1520837      -1.870558      0.7442163    
 1872  0.8823096     -0.8008497     -0.9044881     -0.2917589      0.4016712      0.1379486     -0.6289779     -0.7070903     -0.6574662      0.8747186      0.2724089     -0.3204417    
 1873   1.122214     -0.6487737      0.7994208      -1.703403     -0.3424205      0.7041037     -0.1335605E-02  0.9419768     -0.7914491      0.8868080      -1.134753      0.4683247    
 1874   1.255716      0.6079525      0.5739673      0.9175707     -0.5111099      0.8142484E-01  0.2324041      0.2944394      0.5774428      0.9638276     -0.1156893      0.3042722E-01
 1875 -0.6177230     -0.9779865     -0.7182654     -0.9390561      0.9525753       1.168020     -0.3406366     -0.4870809     -0.4991844      0.8170951E-01  -1.919956     -0.3507444    
 1876  0.6806746     -0.7434059      0.2966342     -0.2319534      0.3461085       1.206049      0.5803517      0.9896922E-01  -1.378340     -0.9854301      -2.621134      -1.339944    
 1877  0.7167026      0.8635886     -0.5319443E-01  -1.639314      -1.111971     -0.7643149E-02  0.3835600      -1.663465      -1.176705      0.3007011E-01   1.320735       1.693266    
 1878  0.3689543     -0.3581499      0.1466386      -1.492161     -0.3287694     -0.3757261      0.1385718      -1.070890      0.4550688     -0.7174644      -1.926241      -3.611811    
 1879 -0.7590720      0.6042694      0.8362488     -0.9060439E-01  0.6705980     -0.4392146     -0.1157837     -0.2043037       1.196679     -0.1728863      -2.353769     -0.7447671    
 1880 -0.6532705      0.6676789      0.2644095      0.6279079     -0.2278522     -0.8604182E-02 -0.9848513     -0.1137942     -0.3475479      -2.487385      0.5698774      -1.400632    
 1881  -4.906938     -0.9229043      -1.927434      -1.029446      0.3611602      0.4587550      0.5064145     -0.2688735     -0.7704728     -0.4880085      0.9017331       1.868961    
 1882  0.8730623      0.3565592       2.552608     -0.6164886     -0.5079074      0.6377122E-01  0.5504885      0.2209828      0.6411716      0.1610907      0.9545328     -0.9046107    
 1883  0.5942085       1.942498      -1.796334      0.6107348      0.5416988     -0.7577796     -0.6844205      0.3907534     -0.2136852       1.322303       1.130949      0.5230464    
 1884  0.5697894      0.5155619      0.7736012      -1.072679      0.1542013      0.3626813     -0.8009900      0.2662581      0.5921341      0.7290067     -0.6792424       1.437269    
 1885 -0.3111274      -1.758065      0.6312911      0.6010070     -0.6219952      0.6195186      0.1035049      -1.462671      0.7729129     -0.1615177     -0.7128678     -0.8189446    
 1886  0.2440985     -0.2395791     -0.8139787     -0.6498738     -0.4678769      0.3075991      0.2085856      0.9137955     -0.3855771      0.3620049      0.9377201     -0.1160846    
 1887   1.390901      0.7770024      -1.560792      -1.677223      0.2212528     -0.6497365     -0.5677821E-01 -0.6948808     -0.2523151      -1.694935     -0.7059030      -1.752462    
 1888  -1.267183      -1.546743      -1.179820     -0.3601318     -0.5811237     -0.5335274     -0.5010398     -0.1234018      -1.023987      -1.599102       1.317652       1.014825    
 1889  0.9913929      0.1288232     -0.1764093      0.9183707      0.2108452      0.6459390     -0.8628377      0.4579250     -0.4622363      0.5216873      0.9958847       2.092973    
 1890   1.913222     -0.7032552       1.356569      0.9015579     -0.2247698      0.6274445      0.3862821      0.3001237      0.5659540      0.1716184       1.649707     -0.5187540    
 1891  0.1771671      0.4070382     -0.9578094     -0.8344558     -0.2984667      -1.359362     -0.6865419      0.6638402E-01  0.6798015      0.6407797      0.1841370E-01   1.151169    
 1892  0.4110269      -1.695898      -1.173415     -0.3122547     -0.8616593     -0.5191965     -0.4778428E-02 -0.4746347E-01  0.9077368      -1.625762      0.4268875     -0.8426428    
 1893  -1.914840      0.6314105     -0.6879216     -0.4342682     -0.6562211      -1.014136     -0.8972379E-01 -0.9456734      0.5619106      0.1134538      -1.593225       1.474818    
 1894  0.4650690       2.418024      0.9053425      0.7237414     -0.4185992      0.7625085      0.1671136     -0.9437959E-01  -1.696905      -1.665673       1.385665      0.2076841    
 1895  -1.614770      -4.503895      0.6150791     -0.5361465      0.4047390E-01 -0.2538326     -0.6554496E-01 -0.1377328     -0.1019591      -1.584290     -0.4147987     -0.3662766    
 1896  -1.019112      0.3312200       1.706157       1.064563      0.1240978     -0.3497863      0.4739495     -0.1622720     -0.2389932E-01  -1.279377     -0.7047017       1.113260    
 1897  -1.407570      0.7387328      0.7348511       1.600055      0.2910526E-01 -0.8113410     -0.2811505      0.4929920      0.2816151      -1.151998     -0.4023899      0.3397858    
 1898  0.7711841      0.7711979     -0.5437715       1.072290     -0.4145557     -0.5646710     -0.5647686      0.2717021     -0.3059557     -0.4281620      0.4101949      0.3290179    
 1899  -1.119308      -1.622280      -1.657707     -0.4997326E-01 -0.6049421      0.4202453      0.5120988     -0.8498399      0.5331286      -1.025461      0.3431435     -0.6060610    
 1900   1.342423      -2.631537      -1.709628      0.3883637      0.2910263     -0.2476678     -0.2233463      0.6898592E-01  0.7699507     -0.2019086       1.284466      0.8777596    
 1901 -0.1272661      -2.743623     -0.6217110      0.6487641     -0.7790756      0.5288889      0.2026610      0.2238249      0.4963006       1.084640      -1.517046      0.1138518    
 1902 -0.3678914      -2.417332      0.5481477     -0.8980646      0.3397034      -1.377136     -0.7434260     -0.4906439     -0.8556584      0.2276617      0.7826017E-01  0.2871854    
 1903  0.6015807E-01   1.292119       2.615296     -0.8171753E-01  0.4489477      -1.248477     -0.1070170      0.4052044     -0.1088447     -0.2890955      0.4296095      0.5027909    
 1904   1.468720      0.6221633      0.1485607       1.888156      0.1548019     -0.2560742     -0.4475985     -0.5116202      0.4048300      0.1858135E-01 -0.2648440     -0.6287982    
 1905  0.3302452       1.110458       1.173669     -0.7620803      0.4863763     -0.4196799      0.8929408E-01  0.5429458E-01  0.3872965      -1.142191      0.5051875     -0.3503840    
 1906   1.358195       1.405805     -0.4327662       1.134937      -1.080227     -0.5948946      0.8099277     -0.6076939      0.2525929      0.7010657      0.2397788E-01  0.9447700    
 1907  0.4482153       1.246002       2.128962      0.7531240      -1.082709      0.3302162     -0.7552752     -0.8525245E-01 -0.8798853E-01  0.1132135      0.8762327      0.3690484    
 1908  0.6126620       1.670328       1.629378     -0.6138867      0.4085568      0.3678851     -0.1830755     -0.1639128      0.9018843E-01 -0.6813162      0.6924930E-02   1.025112    
 1909  0.9517227     -0.4201177      -1.416522      0.2076132E-01 -0.9020502     -0.3219654      0.8619275      0.5980727     -0.7483361       1.190441      -1.150964      -1.479852    
 1910   1.610869       2.709087      0.9092249     -0.4228996       1.005735      0.1400700     -0.2209847     -0.3807198     -0.5730014     -0.5985332      -1.088677     -0.2405799    
 1911  0.4459738      0.4412643     -0.2035554E-02 -0.4144933       1.179069     -0.4699385E-01 -0.5299419     -0.2572646      0.2313693E-01 -0.4625491      0.2786939      0.6655968    
 1912  -1.041369      -2.135355       1.286195      0.4571762      0.2013576      0.2029792E-01 -0.2091355     -0.3598636      -1.005414      0.6828114      0.5547056       1.332669    
 1913  0.3286044     -0.1303347       2.054465       1.272964      0.6034264      0.6533843     -0.3522455      0.2997633     -0.4592741     -0.8454025       2.181756      0.2078042    
 1914 -0.4599217       1.327066       1.186198      0.6807486       1.177988      0.8666282     -0.6898776E-01  0.1452847      0.6624985E-01 -0.2653971      0.1152082      0.8599858    
 1915  0.6361201      0.7562663      -2.328342       1.467833      -1.024544     -0.8837165      0.1878496     -0.7330301     -0.7808012      0.6297304      -1.671285      -1.601065    
 1916   1.605785       1.648792      -2.037879      0.6774259      0.2324516E-02 -0.5629101      0.6251334E-01 -0.4116231     -0.3280132       1.225628     -0.2481934E-01  -1.941046    
 1917  -1.786662      -1.082587     -0.2109957      -1.143413     -0.9744256      0.4319743     -0.3960792      0.1218266      0.8168668       1.204532       1.190754     -0.9494054    
 1918  -3.286774       2.104422      0.4810962     -0.1229493      0.1398703      0.4907396     -0.7924635      0.3259434      0.3548315       1.216622      0.3668418      0.8555819    
 1919  0.2014661      -2.171863      0.7378266E-01  0.6916367     -0.1277350       1.208171     -0.1307154      0.2449214      0.3903790      -1.466080     -0.9306357       1.935652    
 1920   1.832760      0.8611068       2.410098     -0.8660800      0.9834787     -0.6096437E-01  0.9587221     -0.4062992      0.5161957     -0.1950230       1.069942      -1.180262    
 1921   1.281296      0.3254284E-03   2.276236     -0.3026470       1.303444     -0.3208842     -0.2494062      0.2997633     -0.2686161E-01 -0.6263542     -0.3932627       1.672530    
 1922  0.4179126       2.071037      0.2956732      0.6043140E-01  0.6794849       1.083435      0.6139771      0.4955939      0.5701968      -1.873232     -0.2973091      0.6487431    
 1923   1.213043      0.7583086     -0.1608771      0.3673874     -0.2893395      0.2772554      0.8335060      0.2098544      0.7755148      0.9236770      0.2041561      0.7963361    
 1924  0.3663934     -0.8289519      -2.624850     -0.9627544      0.5208280E-01  0.1076049      0.5916002      0.6853797      0.6097878      0.5112798      0.4149182       2.016475    
 1925  0.8213028       1.712761     -0.9763040       1.068246      0.8025797      0.3183671      0.6926375      0.2913570     -0.3871076E-01 -0.7319154     -0.9681844      -2.632658    
 1926  0.3663934      0.2909493      0.9547976E-01  0.4618203     -0.4992608     -0.5594673      0.1623903      0.2536881     -0.3732475      -1.422126       1.454117     -0.7177871    
 1927   1.601862      0.4724154E-01   1.330389      0.4845576     -0.9808308     -0.1168660E-01 -0.1122208      0.6390226E-01  0.9515198E-01  -1.584050      0.2546352      -2.216498    
 1928   2.495469       1.299564     -0.7443253      0.3898053      -1.293231     -0.9296715      0.2792000     -0.4527347     -0.4205240       1.105256       1.068861      0.3678471    
 1929  -3.420197     -0.3402560      -1.295789      -1.526428      0.9882019     -0.1685269     -0.1013327      0.9848869E-01  0.5105114       1.023873       1.312208       1.855831    
 1930   1.332496     -0.5082656     -0.8030906     -0.1138222      0.9886824      0.9583392     -0.1179051      0.6698468E-01  -1.066541      0.4674460      0.5934556       1.401602    
 1931 -0.9412126E-01   1.504841      -2.765117      0.4935646     -0.1874613     -0.5947744      0.6812688     -0.6807901     -0.7107874     -0.5244760       1.514804      0.6289339E-02
 1932  0.8183405      -3.336679      -1.039312      0.5386788     -0.6023402     -0.4609117      0.5936014      0.4053246      0.1628041       1.029197      0.2962273      0.1308257    
 1933   1.128499      -1.961502      0.5398614     -0.8491471      0.7802263E-01  0.7822835      0.6021279      0.5341036     -0.2431879      -1.029985      0.1078421     -0.4614303    
 1934   1.336979      0.1592871       1.551198      -1.023761       1.062139     -0.7175087      0.1735187      0.8342942      0.9251501      0.5252503     -0.4103157     -0.5664700    
 1935 -0.3136502       1.789540      0.6041280E-01 -0.8785298     -0.8157043      0.3742902       1.104794      0.6296969      0.3056738       1.919722       1.107611     -0.9624149    
 1936  -2.356699      -2.210733     -0.7670625     -0.5372276      0.2646060      0.1025213      0.3424484      0.5625253     -0.8965299       1.140323       1.085673      0.8591449    
 1937  0.5631850     -0.1268408E-01  -1.469483      0.5058943      0.6683565     -0.2789316      0.5766993E-01  0.2918375      0.6129903     -0.3326889      -1.929883     -0.7206292    
 1938   1.783602      -1.041595       1.552279      -1.245532      0.4772491      0.5406180      0.6900355      0.3373120      0.5389330       2.005748       1.455558      0.4654825    
 1939  -1.715687       1.795945      0.3518366     -0.2534894      0.8999191E-01 -0.9318917E-01 -0.1041749      0.3353108      -1.541706     -0.4620686      0.9605775      -1.140231    
 1940  -2.062914      -1.784245      -1.167250     -0.2186627     -0.8982589E-01  0.5929782      0.1521820      0.1891184      0.5760324E-01 -0.9598691E-01  0.9343975     -0.1340987    
 1941  -2.516182     -0.7636614     -0.6527755     -0.8670411      0.6297093E-01  0.3546977E-01  0.4860388      0.1187442     -0.5258450     -0.6897635     -0.1026388      0.4206877    
 1942   1.122774      -2.454321      -1.589094     -0.2795493      0.2805046E-02 -0.6765172      0.4213490      0.5333829      0.8197089      0.6100756      -1.090558      0.2940710    
 1943 -0.4389454       2.079643      0.2306639       1.541410      0.2037193      0.3560359      0.1472184     -0.3717127       1.052608      0.4242130      0.7635456      0.5020702    
 1944  0.7567331     -0.4742798      -1.619678     -0.2967224      0.1860657     -0.1455493     -0.8537107      0.4985561      0.3579139      0.9711527      0.3192049      0.8087860    
 1945  -1.875651       2.008709      0.3639260      -1.346449     -0.1075996      0.2368646     -0.7740713E-02  0.3375523      0.2010736      -1.009489      -1.818517      -1.232382    
 1946   1.159402     -0.2778486      0.3719501E-01   1.356708      -1.007371       1.074308      0.6610132      0.6674859      0.6298030      -1.505149     -0.4633966       1.109577    
 1947 -0.5072713E-01  -3.496242      -2.068542       1.771827     -0.2337505E-01  0.5940835E-01  0.2325242     -0.1931754      0.8599797     -0.1405414     -0.9244708      -1.336062    
 1948  0.7226272     -0.6761141       1.164181      0.9013177     -0.1347408     -0.7771428E-04 -0.7739411E-01 -0.4153889E-01  0.1744130      0.8842062     -0.8877221     -0.1731680    
 1949  0.6536536       1.370299     -0.2582723       1.284693      0.1274205     -0.4784452     -0.2764273     -0.2597463     -0.3569153      0.1783839       1.069341      0.3776950    
 1950  0.1560362E-01   1.247084     -0.1580349      0.8963541     -0.8701859      0.7113738E-01  0.1595481      0.5664486       1.307083      0.7678769     -0.2552364     -0.6016981    
 1951  0.8960398       1.094606      -1.512115     -0.7349393     -0.8179458     -0.9271898     -0.5677821E-01  0.8049116      0.2567565      0.7591102      0.5928511E-01   1.645189    
 1952   1.594976      -1.219532      -1.717993       1.156274     -0.7532560      0.6769457E-01  0.1962559     -0.1757620     -0.7459745     -0.4290594E-01  -1.210691     -0.4555057    
 1953  -1.125473      0.2738554      0.2321846      -1.254298     -0.5111099      0.4960635      0.6312703      0.6767331      0.5569470      0.8501003       1.260329      0.4716473    
 1954  0.1738445       1.187718      0.4930655      0.3551779     -0.5900106      0.5135970       1.013684      0.1014510       1.078428      0.6517879       1.277862       1.036961    
 1955  -1.600999      -1.928437      -2.043564      0.3684686      0.9259382E-01 -0.2439351E-02  0.2960128      0.2801085       1.414886     -0.6423669      -1.798982     -0.3315700    
 1956 -0.6390597      -2.107094      0.3001972     -0.7294952       1.939973      0.3963067     -0.1477683     -0.2930524     -0.2517144      0.3240958      0.8558571       1.133396    
 1957   1.299310     -0.7636614      -1.279656      0.4253118      0.1736159      -1.000646     -0.4107705      0.2822298     -0.6812847       1.279670      -1.146001      0.7881700    
 1958 -0.5009133      -2.070826      -1.908740      0.7233810     -0.1035971     -0.5864882     -0.4688150      0.6970669E-01 -0.4291706      0.8434549      0.9489686     -0.4893714    
 1959  -2.480995      0.9806386      0.9522586      0.5283913     -0.2196861      0.5344532      0.5381587     -0.1463800E-01 -0.1519576      0.7361326      0.7857233       1.405164    
 1960  -1.695311      -2.887053     -0.6683869      0.6861926      0.2910526E-01  0.2100838      0.6488038      -1.028257      0.4922571      -1.482773      0.4274881       1.474097    
 1961  0.7467650      0.6435000     -0.4370689E-01 -0.5588837     -0.5249603       1.270379      0.7103982E-01  0.3766627      0.8847593       1.010023     -0.2057183      -2.896141    
 1962   1.716550      0.4854175      -3.103018      0.1225194     -0.1032367     -0.5431900E-01 -0.7112013      0.3524839     -0.2219714     -0.5499537E-01 -0.3296540     -0.8570939    
 1963  -4.325293      -1.068136      0.5666422     -0.4482388       2.103579     -0.6208344     -0.5467546      0.9824842E-01  0.7378460       1.037524     -0.6023430      -1.683289    
 1964  -1.420460      -1.542460      -1.224814      0.6385557      0.6627923     -0.1595199      0.4514524     -0.9141694     -0.2691278      0.5453857      0.2314173      0.6289339E-02
 1965 -0.1658960      -3.529187     -0.8677804       1.522795     -0.2401820      0.3949061     -0.2970432      0.2013279      0.3438544E-01 -0.3288857      -1.092360      0.6396160    
 1966  -2.773579      -2.099007      0.2498383     -0.5851839      0.9684269      0.3773726      0.1730382     -0.7914350     -0.4236064      -1.668995      0.3529504       1.237876    
 1967  -1.328550       1.057658       1.726893      0.1663531     -0.6484711E-01  0.7213969     -0.9862090E-02 -0.3537405E-01  0.4647486E-01   1.194125      0.4877742     -0.6336827    
 1968  0.3785619      -1.589616       1.204212     -0.9479429     -0.2818942      0.2754944      -1.079404     -0.3334432     -0.2691278      -1.362160     -0.9551340     -0.8462057    
 1969  -2.490922      -2.870480      -2.007175      0.8456348     -0.4560277      0.7718208E-01  0.4339190     -0.1898527      0.6556227      0.3778976     -0.3142419      0.8717940    
 1970  -2.153262      0.9149877      -1.016815      0.4753104      0.8523380      0.1987152      0.3397162E-01 -0.1197187      0.2535539     -0.2424196      0.1525167      -1.051163    
 1971 -0.8129529      0.7388529      0.1879905     -0.9504247      0.9717496     -0.5258418     -0.5153707      0.6357416     -0.6334075     -0.1131600      0.6293225      0.4734083    
 1972  0.3364100      0.4412643      0.6566713      0.7117721       1.172063       1.223583     -0.1906409     -0.2968973E-01  -1.205848     -0.7582157      0.8352412       1.230671    
 1973  0.3185161       1.945299      0.4170070      -1.751040     -0.3242864      0.7653506      0.1440159      0.2856727     -0.1145290     -0.6192693     -0.6535428      0.7830436E-01
 1974   1.882198      0.9575409      0.7830667E-01 -0.2864350     -0.3782610E-01 -0.2436243      0.3894846      0.1162624      0.5597892     -0.1794115      0.5468998       1.267379    
 1975   1.250032     -0.7224296     -0.3015053      0.1567454     -0.4451396     -0.2243299     -0.1496494     -0.1404548      0.8077397     -0.3704779      0.7360851     -0.4960167    
 1976  0.5598212      0.7921742       1.465213      0.1424145       1.152889      0.3193281     -0.8035920     -0.9829819      -1.760634      0.8968962      0.7507764      -1.674883    
 1977  -1.351768     -0.9186205     -0.4026627      0.4140633     -0.1796556     -0.4578293      0.1262422     -0.7696626E-01 -0.2630830      0.5905409     -0.3077167     -0.8996062    
 1978   1.277252      -2.618246       2.162148     -0.9868131      0.5629153      0.4466656     -0.5998355     -0.6773473      0.1950289     -0.1774895       1.556956      -1.889047    
 1979  -2.144777      -1.049040      0.8629094     -0.6339020      0.8666924E-01  0.1584444      0.1822854      0.7539102E-01  0.2449073      0.2080068      0.8538559      0.9004968    
 1980  -1.389436      0.2919894     -0.1350574     -0.3668564     -0.8060967      0.5338525     -0.4279436     -0.6304312      0.6677121     -0.6012552      -1.642262       1.099970    
 1981  0.7711431      0.8759182      -1.084066     -0.6052401     -0.1152588E-01 -0.6208344      0.4154244      0.9304465E-01 -0.6713235E-01  0.1361911     -0.4803294      -1.032549    
 1982  -1.141005       1.286314       1.674653     -0.4281034      0.3815358      -1.044240     -0.2261884      0.7230486      0.2514325      0.6017894       1.355561       1.727972    
 1983   2.107491      -1.244071       1.312495     -0.6477524     -0.1930255      0.2108046     -0.1091384      0.3813860     -0.6978571       1.068188      -2.154255      0.1908714    
 1984   2.718760       1.205371      -1.474807     -0.6954685      0.5915772      0.1224164     -0.4653722      0.1189845      0.1482329      0.7036675      0.2121229       1.004977    
 1985  -2.297014      -1.472566      0.3544385      0.1791917E-01 -0.3884957     -0.6672700      0.1095496      0.3266642     -0.6336478     -0.1777297      -1.466928     -0.7644629    
 1986   1.944925      -2.426260       2.702363     -0.2627493E-01  0.9224718      0.2337821      0.1561053      -1.150391      -1.232148       1.889058       2.012106       1.279468    
 1987  -2.897034     -0.7317970     -0.2016283      0.1618701     -0.7738719     -0.3826118     -0.4538167E-02  -1.027777     -0.3999125E-01  0.4147255      0.4719568E-01  -1.494904    
 1988  0.8403569      0.1422341      0.5412620      -1.251817     -0.1952670      0.9363440E-01  0.2673509      0.4150524      0.2299757     -0.8111765      -1.308526      0.3247341    
 1989   1.955614       2.600804       2.125080      0.3383652      0.8242649E-01 -0.3928992     -0.1796327      0.6953478     -0.6356943E-01  0.4938664     -0.8599011      -2.203207    
 1990   2.438025       2.512817       1.514250       1.517591     -0.8295547      0.3563963     -0.9982216E-02  0.2247860     -0.2191292      0.2575248     -0.6649114      0.7393728    
 1991  0.5463313      0.2916291     -0.2541087      0.4873998      0.3656431     -0.3031104     -0.3659758      0.4413526     -0.1551602     -0.1843751      0.9908012     -0.4026639E-01
 1992 -0.8605899       1.766563       1.344479      0.8347467      0.7329933E-01 -0.6973111E-01 -0.9862090E-02  0.6657249     -0.1343040     -0.6314788       1.327861      0.8413711    
 1993   1.734925      0.1475580      0.6368963      0.6713812      -1.479334     -0.9875336E-01 -0.9540811E-01 -0.8229017E-01 -0.4009893      -1.760706       1.522129       1.893820    
 1994   1.601141     -0.4865685       3.072808      0.4873998     -0.2220478      0.7484179      0.2677113     -0.3535786     -0.5092033E-01 -0.6181880      0.1334625       1.078434    
 1995   1.138546       1.839539       1.146407     -0.9521065     -0.3388576     -0.7292379     -0.3393151     -0.2861667      0.1734519     -0.1356570      -1.823882      -2.488388    
 1996  -1.510008      0.6848109      -2.072226     -0.5971532     -0.7648648      0.2572402      0.3194708      0.1339161     -0.1901070      0.8734382      0.6498182      -2.348360    
 1997  -2.001186       2.986540      0.7352115     -0.9654764     -0.7826385      -1.064375      0.2899680      0.1810724     -0.2600006      -1.327213      0.5752412E-01 -0.3277668    
 1998 -0.5922637      0.3954294      0.2350268      0.3465313     -0.1349810     -0.3533492      0.8312924E-01  0.4087674     -0.7655092      0.5425435      0.5644333       1.058058    
 1999   1.001361       1.823045      0.7932494E-02  0.2266804E-02  0.1057644      0.4441839     -0.4532827     -0.8378707      0.4445411      0.1985193      0.4907365       1.156493    
 2000  0.6011708E-01   2.501287      0.1593287      -1.318988      0.5311711     -0.1632029     -0.8127190      0.7218847E-01  0.1253755       1.739784     -0.1629286E-01  -1.428213    
 2001 -0.1340316     -0.5843241      -1.323850      0.7201784     -0.4491421     -0.6442925      0.5362646E-01  0.1550125      -1.012979      0.4970689      0.8374828      -2.660520    
 2002  0.3628304       1.319579      0.4985095       1.036742      0.7028229      0.6805255      0.4390026      -999.9000      -999.9000      -1.059247      0.7632262      -1.586014    