1880	0
1880.083333	0
1880.166667	0
1880.25	0
1880.333333	0
1880.416667	0
1880.5	0
1880.583333	0
1880.666667	0
1880.75	0
1880.833333	0
1880.916667	0
1881	0
1881.083333	0
1881.166667	0
1881.25	0
1881.333333	0
1881.416667	0
1881.5	0
1881.583333	0
1881.666667	0
1881.75	0
1881.833333	0
1881.916667	0
1882	0
1882.083333	0
1882.166667	0
1882.25	0
1882.333333	-1.482515162
1882.416667	-2.199065007
1882.5	-2.67060366
1882.583333	-2.331031292
1882.666667	-0.455411251
1882.75	1.195738359
1882.833333	2.396580719
1882.916667	0.594810567
1883	-2.969526435
1883.083333	-7.097714189
1883.166667	-10.67396459
1883.25	-12.33894783
1883.333333	-13.58020447
1883.416667	-13.52647982
1883.5	-12.77103452
1883.583333	-11.04759611
1883.666667	-9.790906767
1883.75	-8.590291059
1883.833333	-8.791716509
1883.916667	-8.490106038
1884	-8.726733033
1884.083333	-7.81180088
1884.166667	-7.285574262
1884.25	-6.544151715
1884.333333	-6.712652995
1884.416667	-6.8838539
1884.5	-7.33885895
1884.583333	-7.490023526
1884.666667	-7.536059904
1884.75	-5.329552179
1884.833333	-6.516190653
1884.916667	-7.502288403
1885	-13.48783884
1885.083333	-15.08511853
1885.166667	-14.67244021
1885.25	-8.809721748
1885.333333	-2.445741509
1885.416667	-2.585632656
1885.5	-4.130846552
1885.583333	-9.286935024
1885.666667	-8.281603741
1885.75	-9.158497077
1885.833333	-7.856796309
1885.916667	-8.954728658
1886	-8.282680597
1886.083333	-6.512217189
1886.166667	-2.659188263
1886.25	0.57993932
1886.333333	3.39497752
1886.416667	5.382299806
1886.5	7.26058926
1886.583333	8.175596535
1886.666667	7.347715193
1886.75	4.628656929
1886.833333	0.248334562
1886.916667	-3.05275692
1887	-3.173729244
1887.083333	0.201857012
1887.166667	5.237149552
1887.25	7.336660252
1887.333333	5.539232655
1887.416667	2.239079407
1887.5	0.477644009
1887.583333	1.732561262
1887.666667	3.127370373
1887.75	2.918231354
1887.833333	-0.285238815
1887.916667	-4.892813032
1888	-9.457204245
1888.083333	-12.10615098
1888.166667	-13.76205794
1888.25	-14.17591197
1888.333333	-14.04144662
1888.416667	-13.52430203
1888.5	-12.41638522
1888.583333	-11.14064157
1888.666667	-8.707527403
1888.75	-4.430840629
1888.833333	-1.183649266
1888.916667	0.476040041
1889	-1.634673039
1889.083333	-4.702460494
1889.166667	-7.721413665
1889.25	-9.089697381
1889.333333	-6.98722187
1889.416667	-3.089958142
1889.5	1.321749603
1889.583333	4.060384611
1889.666667	3.789568577
1889.75	1.4857459
1889.833333	0.111000619
1889.916667	0.544333047
1890	3.823184478
1890.083333	6.24034676
1890.166667	8.067210515
1890.25	7.794925662
1890.333333	7.222236015
1890.416667	6.9617504
1890.5	7.575700988
1890.583333	8.420783996
1890.666667	8.745728794
1890.75	5.558709163
1890.833333	0.616278397
1890.916667	-7.967850394
1891	-9.068126369
1891.083333	-19.50080391
1891.166667	-19.1930026
1891.25	-27.32436829
1891.333333	-22.03388788
1891.416667	-22.92877636
1891.5	-19.35122469
1891.583333	-19.9449608
1891.666667	-16.32442689
1891.75	-14.593059
1891.833333	-8.906891894
1891.916667	-9.721950783
1892	-10.00580023
1892.083333	-12.05798956
1892.166667	-11.30885148
1892.25	-8.098193274
1892.333333	-4.31558217
1892.416667	-0.576689229
1892.5	2.228849016
1892.583333	4.595577481
1892.666667	6.425153529
1892.75	7.807707672
1892.833333	8.836446797
1892.916667	7.972034844
1893	4.200950983
1893.083333	-0.922209036
1893.166667	-6.864799388
1893.25	-10.00552695
1893.333333	-11.96107691
1893.416667	-11.46257151
1893.5	-10.70579931
1893.583333	-9.879942809
1893.666667	-9.06372895
1893.75	-9.820387278
1893.833333	-10.66408019
1893.916667	-12.485264
1894	-13.34331863
1894.083333	-13.96689879
1894.166667	-13.98662799
1894.25	-13.45615463
1894.333333	-13.34552165
1894.416667	-13.1553711
1894.5	-13.51921163
1894.583333	-14.03049781
1894.666667	-14.61018572
1894.75	-14.79314847
1894.833333	-13.31263875
1894.916667	-10.06381546
1895	-10.43889749
1895.083333	-10.96410095
1895.166667	-17.02743819
1895.25	-18.87100848
1895.333333	-18.49787147
1895.416667	-13.47477753
1895.5	-8.783333046
1895.583333	-7.884787742
1895.666667	-9.392280357
1895.75	-11.9837448
1895.833333	-13.84189755
1895.916667	-14.00222201
1896	-13.84198637
1896.083333	-13.8050781
1896.166667	-14.1204081
1896.25	-13.87277702
1896.333333	-14.1012729
1896.416667	-14.06795325
1896.5	-14.36279083
1896.583333	-14.60763578
1896.666667	-14.56054961
1896.75	-11.87495158
1896.833333	-8.088200561
1896.916667	-3.391065551
1897	-0.123027425
1897.083333	1.041893318
1897.166667	1.676087342
1897.25	1.434810768
1897.333333	1.929085249
1897.416667	0.627581343
1897.5	-2.494282662
1897.583333	-6.848876698
1897.666667	-10.68655464
1897.75	-12.2213619
1897.833333	-10.06530237
1897.916667	-5.458625426
1898	0.235529405
1898.083333	4.17889754
1898.166667	6.196398109
1898.25	5.941595474
1898.333333	5.088248968
1898.416667	4.466452816
1898.5	4.744967024
1898.583333	5.729410464
1898.666667	7.110059182
1898.75	8.410010923
1898.833333	8.957046092
1898.916667	7.430300207
1899	3.349162288
1899.083333	-1.821442345
1899.166667	-6.898472325
1899.25	-9.678001847
1899.333333	-10.8856527
1899.416667	-10.38949159
1899.5	-9.714848058
1899.583333	-9.257037378
1899.666667	-8.990198051
1899.75	-9.614777619
1899.833333	-10.68080477
1899.916667	-12.33608732
1900	-13.59211581
1900.083333	-14.31698693
1900.166667	-14.35204509
1900.25	-13.99462268
1900.333333	-13.69505585
1900.416667	-13.56187105
1900.5	-13.56889644
1900.583333	-13.51176751
1900.666667	-12.76879883
1900.75	-12.14121401
1900.833333	-10.61814053
1900.916667	-7.143814953
1901	-2.998192665
1901.083333	0.49653718
1901.166667	2.080522089
1901.25	6.677939842
1901.333333	6.317056884
1901.416667	13.08726426
1901.5	6.758081224
1901.583333	10.32625295
1901.666667	2.796243617
1901.75	6.619770997
1901.833333	5.447637361
1901.916667	7.09563595
1902	4.482290165
1902.083333	0.924863711
1902.166667	-3.973938621
1902.25	-6.878769206
1902.333333	-9.024948094
1902.416667	-9.276685778
1902.5	-8.453831425
1902.583333	-7.662553375
1902.666667	-7.056837455
1902.75	-4.40021648
1902.833333	-2.046025123
1902.916667	-0.442765671
1903	-1.335289055
1903.083333	-4.115201585
1903.166667	-6.193621645
1903.25	-8.346446147
1903.333333	-7.181250713
1903.416667	-4.142443038
1903.5	0.126448495
1903.583333	3.822644706
1903.666667	5.065088999
1903.75	4.333478348
1903.833333	3.744221768
1903.916667	4.248802567
1904	6.575800159
1904.083333	8.095725197
1904.166667	8.822998846
1904.25	7.935465782
1904.333333	6.54939428
1904.416667	5.367450965
1904.5	4.507502876
1904.583333	4.453913135
1904.666667	5.184764328
1904.75	6.568905839
1904.833333	5.076912549
1904.916667	2.064685259
1905	-4.304887255
1905.083333	-9.776055971
1905.166667	-15.3855062
1905.25	-11.23724716
1905.333333	-12.42775655
1905.416667	-8.151050322
1905.5	-12.51505641
1905.583333	-10.92538004
1905.666667	-9.901380352
1905.75	-8.913366732
1905.833333	-6.130185357
1905.916667	-6.37961486
1906	-3.30902114
1906.083333	0.802224338
1906.166667	5.487803818
1906.25	8.592403622
1906.333333	9.935671642
1906.416667	9.803405375
1906.5	9.240525221
1906.583333	7.29808527
1906.666667	3.477073283
1906.75	0.002726296
1906.833333	-0.340586404
1906.916667	3.712603182
1907	9.394576403
1907.083333	13.18852638
1907.166667	14.42731845
1907.25	14.74493694
1907.333333	14.00589223
1907.416667	11.03278087
1907.5	6.876033148
1907.583333	3.405800031
1907.666667	2.534045759
1907.75	2.211213539
1907.833333	0.318192712
1907.916667	-3.810498099
1908	-9.293118937
1908.083333	-13.03814964
1908.166667	-14.74776426
1908.25	-15.09366015
1908.333333	-14.98877129
1908.416667	-14.49624326
1908.5	-13.07469931
1908.583333	-10.64996818
1908.666667	-6.692153642
1908.75	-5.671460602
1908.833333	-2.761524213
1908.916667	-3.323470235
1909	-3.093689086
1909.083333	-5.442098698
1909.166667	-8.365654478
1909.25	-9.852396506
1909.333333	-11.1628294
1909.416667	-9.849241789
1909.5	-8.213034757
1909.583333	-7.156376928
1909.666667	-6.577185515
1909.75	-5.251391978
1909.833333	-6.239489431
1909.916667	-6.74909118
1910	-9.334478189
1910.083333	-10.95381775
1910.166667	-12.46646955
1910.25	-13.85821817
1910.333333	-14.06345208
1910.416667	-14.88864244
1910.5	-15.00878718
1910.583333	-14.73741839
1910.666667	-13.7801288
1910.75	-11.63848187
1910.833333	-7.635929283
1910.916667	-6.992484269
1911	-7.393389197
1911.083333	-11.68697445
1911.166667	-14.57128111
1911.25	-17.94208432
1911.333333	-17.56687782
1911.416667	-13.93297356
1911.5	-9.832001591
1911.583333	-7.115958775
1911.666667	-7.902188794
1911.75	-10.19430293
1911.833333	-13.20574612
1911.916667	-14.5337781
1912	-14.68115153
1912.083333	-14.54059765
1912.166667	-14.5050386
1912.25	-14.17807729
1912.333333	-13.69220376
1912.416667	-13.04571807
1912.5	-12.22028086
1912.583333	-11.27106698
1912.666667	-9.844002123
1912.75	-7.64616936
1912.833333	-6.148483144
1912.916667	-3.790090693
1913	-2.325055646
1913.083333	3.484984646
1913.166667	6.856579158
1913.25	10.11962988
1913.333333	12.88809985
1913.416667	11.43293232
1913.5	12.16436409
1913.583333	6.351859045
1913.666667	6.70262888
1913.75	3.839573096
1913.833333	6.040126852
1913.916667	6.792447552
1914	7.581209247
1914.083333	5.532147974
1914.166667	2.445257646
1914.25	-0.76362833
1914.333333	-3.188918901
1914.416667	-3.977184914
1914.5	-2.605643929
1914.583333	-0.719781411
1914.666667	1.536041969
1914.75	3.695467338
1914.833333	2.594420982
1914.916667	2.421381429
1915	-0.3774367
1915.083333	0.973083545
1915.166667	0.606801357
1915.25	0.839368172
1915.333333	-1.054718666
1915.416667	-1.795204345
1915.5	-0.597540145
1915.583333	2.438529856
1915.666667	4.378435307
1915.75	3.612836894
1915.833333	2.660989352
1915.916667	1.669823683
1916	4.176189037
1916.083333	6.065050295
1916.166667	8.001206258
1916.25	7.791937759
1916.333333	6.902236528
1916.416667	6.11753541
1916.5	5.983097804
1916.583333	6.547511251
1916.666667	7.565327538
1916.75	8.243101325
1916.833333	5.831205568
1916.916667	-0.255503836
1917	-6.032924585
1917.083333	-13.50402987
1917.166667	-15.19580054
1917.25	-15.26232338
1917.333333	-11.72583491
1917.416667	-10.71029187
1917.5	-7.991960559
1917.583333	-8.154701243
1917.666667	-6.469080953
1917.75	-7.523243818
1917.833333	-8.112125111
1917.916667	-9.273120761
1918	-10.42957033
1918.083333	-10.3080991
1918.166667	-10.1997659
1918.25	-12.24006121
1918.333333	-12.60196119
1918.416667	-14.14189394
1918.5	-14.21853982
1918.583333	-14.02927148
1918.666667	-13.98098426
1918.75	-12.73644022
1918.833333	-10.9464825
1918.916667	-10.58919902
1919	-7.407976033
1919.083333	-15.86867153
1919.166667	-14.47519441
1919.25	-29.81113575
1919.333333	-21.77831791
1919.416667	-23.17680667
1919.5	-11.86642111
1919.583333	-8.980626815
1919.666667	-7.463083705
1919.75	-5.097375057
1919.833333	-7.069245499
1919.916667	-3.740810904
1920	-2.222699029
1920.083333	2.330413119
1920.166667	4.841915935
1920.25	8.024507524
1920.333333	8.315198247
1920.416667	6.919650161
1920.5	4.55895547
1920.583333	0.930426051
1920.666667	-2.766961742
1920.75	-2.750241648
1920.833333	-3.489950875
1920.916667	-0.5342986
1921	1.128248322
1921.083333	0.985746045
1921.166667	1.502329216
1921.25	4.407268999
1921.333333	6.350444053
1921.416667	11.0951703
1921.5	10.33632509
1921.583333	9.52322624
1921.666667	7.91285912
1921.75	3.549764295
1921.833333	4.876656174
1921.916667	-0.56217561
1922	-3.498711173
1922.083333	-8.110676704
1922.166667	-11.9032885
1922.25	-13.77755902
1922.333333	-14.53263896
1922.416667	-14.61737996
1922.5	-14.02569432
1922.583333	-12.44832607
1922.666667	-9.838437234
1922.75	-6.859485367
1922.833333	-4.265866019
1922.916667	-2.680605228
1923	-1.713137405
1923.083333	-1.037247477
1923.166667	-0.445585049
1923.25	-0.565277434
1923.333333	-2.36167085
1923.416667	-5.606278931
1923.5	-9.333430219
1923.583333	-11.89807198
1923.666667	-12.62646857
1923.75	-12.54034788
1923.833333	-12.23890024
1923.916667	-11.85567446
1924	-11.39981793
1924.083333	-11.11456737
1924.166667	-11.4544524
1924.25	-12.54106264
1924.333333	-13.56044305
1924.416667	-14.43788947
1924.5	-14.21859112
1924.583333	-13.41417502
1924.666667	-11.67368234
1924.75	-10.5566105
1924.833333	-8.779741869
1924.916667	-8.132042224
1925	-5.180165608
1925.083333	-2.866991177
1925.166667	0.750682882
1925.25	1.87552223
1925.333333	1.475814195
1925.416667	-1.749778942
1925.5	-5.863466372
1925.583333	-9.866627364
1925.666667	-12.40753748
1925.75	-13.3891463
1925.833333	-13.43582797
1925.916667	-13.25694355
1926	-13.42512455
1926.083333	-13.24796308
1926.166667	-12.81461169
1926.25	-11.79010901
1926.333333	-10.15752686
1926.416667	-8.016101913
1926.5	-4.76511729
1926.583333	-1.597258158
1926.666667	1.459651281
1926.75	4.244713784
1926.833333	3.248850231
1926.916667	4.075345027
1927	3.908350067
1927.083333	8.634941833
1927.166667	12.51353248
1927.25	14.55406294
1927.333333	11.2862958
1927.416667	6.394679049
1927.5	2.547270778
1927.583333	2.924045439
1927.666667	3.718177441
1927.75	4.3272402
1927.833333	4.779956258
1927.916667	4.834024011
1928	6.796816842
1928.083333	8.143421325
1928.166667	8.982261145
1928.25	8.283104861
1928.333333	7.164260401
1928.416667	6.423129271
1928.5	6.267439894
1928.583333	6.716303039
1928.666667	7.6043582
1928.75	7.128352374
1928.833333	4.39236776
1928.916667	-1.148655651
1929	-4.831742503
1929.083333	-6.521695629
1929.166667	-4.14782168
1929.25	-4.055268234
1929.333333	-6.303620118
1929.416667	-8.544821663
1929.5	-9.591367877
1929.583333	-7.89284953
1929.666667	-7.740662803
1929.75	-6.912263284
1929.833333	-8.84970043
1929.916667	-9.618884793
1930	-10.83028664
1930.083333	-11.19027522
1930.166667	-12.07257766
1930.25	-13.60385589
1930.333333	-13.65604859
1930.416667	-14.34333695
1930.5	-14.16847728
1930.583333	-14.01070259
1930.666667	-14.09933607
1930.75	-13.74250368
1930.833333	-12.90841572
1930.916667	-11.5980621
1931	-12.77429062
1931.083333	-13.86232378
1931.166667	-17.9313171
1931.25	-15.53730362
1931.333333	-17.5385706
1931.416667	-9.380310378
1931.5	-13.02248576
1931.583333	-4.666640922
1931.666667	-10.23107185
1931.75	-5.662095428
1931.833333	-9.494820998
1931.916667	-5.941448606
1932	-2.980559913
1932.083333	1.306265207
1932.166667	5.159258319
1932.25	6.753229316
1932.333333	7.213333794
1932.416667	7.310130898
1932.5	7.418167231
1932.583333	7.822619658
1932.666667	7.968880931
1932.75	8.541583735
1932.833333	5.476359387
1932.916667	7.0309378
1933	3.921511628
1933.083333	10.27859123
1933.166667	10.08795549
1933.25	12.61231903
1933.333333	11.05159338
1933.416667	9.109760606
1933.5	6.466720167
1933.583333	5.125054711
1933.666667	3.320539885
1933.75	5.003766588
1933.833333	1.84889995
1933.916667	-0.387233786
1934	-5.828600353
1934.083333	-10.50986411
1934.166667	-13.57160142
1934.25	-14.68244485
1934.333333	-14.98503516
1934.416667	-14.88503744
1934.5	-14.42093219
1934.583333	-13.22625402
1934.666667	-10.95376893
1934.75	-8.553245401
1934.833333	-6.933434655
1934.916667	-7.343493985
1935	-9.024056436
1935.083333	-11.27624899
1935.166667	-12.89591772
1935.25	-13.8450527
1935.333333	-14.25425283
1935.416667	-14.23647812
1935.5	-13.62277193
1935.583333	-12.40299623
1935.666667	-10.73835111
1935.75	-8.074905905
1935.833333	-4.944434837
1935.916667	-1.049703047
1936	1.285593416
1936.083333	2.410945552
1936.166667	1.223181428
1936.25	-0.452678551
1936.333333	-2.648737253
1936.416667	-4.399398053
1936.5	-6.273938863
1936.583333	-7.583832118
1936.666667	-8.953222674
1936.75	-8.997991166
1936.833333	-9.931456999
1936.916667	-11.06122628
1937	-10.10254114
1937.083333	-14.77053402
1937.166667	-14.54675107
1937.25	-15.64123872
1937.333333	-7.204386485
1937.416667	0.38599333
1937.5	6.385477869
1937.583333	3.99453126
1937.666667	1.814474786
1937.75	-5.777467054
1937.833333	-2.240263278
1937.916667	-6.71207138
1938	-5.758157174
1938.083333	-8.139641851
1938.166667	-7.553755797
1938.25	-4.193773335
1938.333333	-4.017152862
1938.416667	-3.367800684
1938.5	-5.863854124
1938.583333	-6.687960138
1938.666667	-5.113455238
1938.75	-3.961771329
1938.833333	-5.733418423
1938.916667	-8.708554753
1939	-11.0638794
1939.083333	-8.944422911
1939.166667	-5.565687112
1939.25	-3.709893076
1939.333333	-6.249142243
1939.416667	-8.694503202
1939.5	-9.537733632
1939.583333	-7.848895378
1939.666667	-7.628886605
1939.75	-8.714827364
1939.833333	-11.20107223
1939.916667	-12.66658754
1940	-11.76547208
1940.083333	-10.74347386
1940.166667	-10.39223721
1940.25	-12.0411578
1940.333333	-13.07909248
1940.416667	-14.46540768
1940.5	-14.51368981
1940.583333	-14.30613272
1940.666667	-14.06170836
1940.75	-13.93091036
1940.833333	-13.20179491
1940.916667	-11.86175536
1941	-9.304542627
1941.083333	-6.774539747
1941.166667	-4.343642185
1941.25	-3.131949096
1941.333333	-2.830942991
1941.416667	-3.473247017
1941.5	-4.667844408
1941.583333	-5.783998023
1941.666667	-6.85045066
1941.75	-5.670343319
1941.833333	-3.014914764
1941.916667	1.636352348
1942	5.364075476
1942.083333	7.645940415
1942.166667	7.722880759
1942.25	6.453204994
1942.333333	5.592781179
1942.416667	5.518171187
1942.5	6.664252807
1942.583333	7.937956294
1942.666667	8.925718637
1942.75	6.616157417
1942.833333	4.74670939
1942.916667	1.993798422
1943	5.695747051
1943.083333	3.420044902
1943.166667	7.150556719
1943.25	-0.068859465
1943.333333	3.792413918
1943.416667	-0.052901096
1943.5	5.563030604
1943.583333	0.583092802
1943.666667	1.555195322
1943.75	-6.389274083
1943.833333	-6.075835024
1943.916667	-11.38109019
1944	-7.979161906
1944.083333	-9.796165275
1944.166667	-8.590121825
1944.25	-10.93311289
1944.333333	-11.86964885
1944.416667	-13.39493542
1944.5	-13.52718964
1944.583333	-13.53553581
1944.666667	-13.76500803
1944.75	-11.68880774
1944.833333	-8.86713399
1944.916667	-4.290264242
1945	-3.518130571
1945.083333	-3.509840897
1945.166667	-6.94536065
1945.25	-9.206977055
1945.333333	-11.83393503
1945.416667	-12.48601801
1945.5	-12.19139653
1945.583333	-10.93350502
1945.666667	-9.145098554
1945.75	-8.063363193
1945.833333	-7.769073369
1945.916667	-8.629347561
1946	-9.817342541
1946.083333	-10.71474732
1946.166667	-11.27972083
1946.25	-11.2624911
1946.333333	-11.2274543
1946.416667	-11.25472229
1946.5	-11.65205021
1946.583333	-12.2045523
1946.666667	-12.89218007
1946.75	-12.97320272
1946.833333	-12.5979618
1946.916667	-11.22518729
1947	-10.51448485
1947.083333	-9.683211697
1947.166667	-9.967395157
1947.25	-9.819725146
1947.333333	-9.562678498
1947.416667	-8.596555134
1947.5	-7.259413179
1947.583333	-6.365558023
1947.666667	-5.769365395
1947.75	-4.962553167
1947.833333	-3.95259523
1947.916667	-2.112764476
1948	-1.571313311
1948.083333	-1.408734254
1948.166667	-2.962290327
1948.25	-4.23888124
1948.333333	-5.874595717
1948.416667	-7.041593538
1948.5	-8.478725832
1948.583333	-9.590683285
1948.666667	-10.8697457
1948.75	-11.83934326
1948.833333	-13.73050726
1948.916667	-14.16567769
1949	-11.22586162
1949.083333	-9.007677932
1949.166667	-3.126136178
1949.25	-2.229771261
1949.333333	-2.437195034
1949.416667	-4.716266932
1949.5	-9.425290153
1949.583333	-6.458954558
1949.666667	-9.271360543
1949.75	-6.217745631
1949.833333	-9.473711171
1949.916667	-9.764355268
1950	-11.59902369
1950.083333	-12.21818047
1950.166667	-12.6645217
1950.25	-13.4352418
1950.333333	-13.30713266
1950.416667	-12.42333414
1950.5	-10.27326739
1950.583333	-8.249986936
1950.666667	-6.817661801
1950.75	-7.695657296
1950.833333	-9.377908808
1950.916667	-11.82234555
1951	-13.19329516
1951.083333	-13.7175774
1951.166667	-13.75378048
1951.25	-13.58971867
1951.333333	-13.98769322
1951.416667	-14.34744479
1951.5	-14.61445916
1951.583333	-14.46387242
1951.666667	-13.78455119
1951.75	-12.10775766
1951.833333	-11.89244196
1951.916667	-11.42294238
1952	-12.17063334
1952.083333	-12.57674674
1952.166667	-13.03591056
1952.25	-13.94602573
1952.333333	-14.11580323
1952.416667	-14.77584402
1952.5	-14.70170014
1952.583333	-14.59135842
1952.666667	-14.51254598
1952.75	-12.56365137
1952.833333	-8.18538782
1952.916667	-3.029446523
1953	1.713833383
1953.083333	3.053969975
1953.166667	3.448243723
1953.25	2.670994195
1953.333333	3.796901538
1953.416667	5.605359427
1953.5	6.831794992
1953.583333	6.224495811
1953.666667	3.697815692
1953.75	0.230035584
1953.833333	-2.948338479
1953.916667	-5.072129284
1954	-6.059702467
1954.083333	-6.450537069
1954.166667	-6.512291384
1954.25	-6.690914998
1954.333333	-6.272491665
1954.416667	-5.279678017
1954.5	-2.862823035
1954.583333	-0.249715651
1954.666667	2.412463381
1954.75	4.656590585
1954.833333	5.37625072
1954.916667	3.437998171
1955	2.946161539
1955.083333	1.984910744
1955.166667	4.694310102
1955.25	3.667963651
1955.333333	2.496344081
1955.416667	0.407782172
1955.5	0.194708109
1955.583333	2.559580535
1955.666667	4.054084977
1955.75	5.369650426
1955.833333	2.915403427
1955.916667	0.24889198
1956	-5.095862877
1956.083333	-8.657645281
1956.166667	-12.53839033
1956.25	-13.92447269
1956.333333	-14.46248246
1956.416667	-14.34957177
1956.5	-14.43813803
1956.583333	-14.4396475
1956.666667	-13.47882738
1956.75	-13.15813801
1956.833333	-10.89469681
1956.916667	-5.720621061
1957	-6.586199853
1957.083333	-8.99666966
1957.166667	-22.89640468
1957.25	-22.56922355
1957.333333	-24.54359923
1957.416667	-15.50781455
1957.5	-14.78520362
1957.583333	-15.27775165
1957.666667	-14.74521556
1957.75	-14.36125454
1957.833333	-7.089239402
1957.916667	-5.301985184
1958	-2.652223333
1958.083333	-5.613522748
1958.166667	-7.762118609
1958.25	-10.53465306
1958.333333	-11.14461868
1958.416667	-10.67970859
1958.5	-8.968375073
1958.583333	-7.17353095
1958.666667	-5.74492335
1958.75	-4.981858658
1958.833333	-2.992916369
1958.916667	-0.561261704
1959	2.493185624
1959.083333	4.327367412
1959.166667	4.793327547
1959.25	5.141400127
1959.333333	5.506252959
1959.416667	6.947710809
1959.5	8.016290637
1959.583333	7.66400288
1959.666667	5.675397358
1959.75	2.257691137
1959.833333	-2.420621871
1959.916667	-4.553926614
1960	-5.273823877
1960.083333	-3.439369751
1960.166667	-3.07011934
1960.25	-4.012916136
1960.333333	-5.629306246
1960.416667	-6.750263947
1960.5	-5.043520253
1960.583333	-2.235776048
1960.666667	-1.581854644
1960.75	-3.153002443
1960.833333	-4.954428766
1960.916667	-10.3806134
1961	-9.752687652
1961.083333	-10.99706988
1961.166667	-5.781943061
1961.25	-8.344684139
1961.333333	-5.282428824
1961.416667	-11.86071045
1961.5	-6.894365595
1961.583333	-11.17544547
1961.666667	-5.3671878
1961.75	-9.418814236
1961.833333	-8.901409538
1961.916667	-8.337070151
1962	-5.449392204
1962.083333	-2.125856405
1962.166667	-1.38560777
1962.25	-3.606526908
1962.333333	-7.003787691
1962.416667	-9.750561799
1962.5	-10.7207506
1962.583333	-9.66716061
1962.666667	-6.73376284
1962.75	-3.452707724
1962.833333	-1.912473227
1962.916667	-1.98992335
1963	-6.535184942
1963.083333	-9.102528603
1963.166667	-10.55360504
1963.25	-11.7328334
1963.333333	-5.742737414
1963.416667	-4.243384549
1963.5	0.82130413
1963.583333	-1.282653999
1963.666667	-2.986404039
1963.75	-3.202800732
1963.833333	-6.294383044
1963.916667	-6.476184015
1964	-8.958705014
1964.083333	-8.967727382
1964.166667	-7.075657263
1964.25	-2.718694834
1964.333333	2.178296701
1964.416667	5.827134323
1964.5	7.572442727
1964.583333	6.648392351
1964.666667	3.021962862
1964.75	2.180506961
1964.833333	2.407313143
1964.916667	4.120400389
1965	6.962491175
1965.083333	9.410830439
1965.166667	13.81997907
1965.25	12.35820987
1965.333333	13.81167922
1965.416667	9.463704957
1965.5	7.15709231
1965.583333	4.430083612
1965.666667	3.783616373
1965.75	4.402033589
1965.833333	1.726585826
1965.916667	-0.20912626
1966	-4.601658108
1966.083333	-8.08652087
1966.166667	-10.3465504
1966.25	-11.43902537
1966.333333	-11.92568205
1966.416667	-11.98734902
1966.5	-11.55980175
1966.583333	-11.34624152
1966.666667	-11.47400303
1966.75	-11.17580193
1966.833333	-9.231605441
1966.916667	-4.578596179
1967	0.77742885
1967.083333	5.884997313
1967.166667	8.619192206
1967.25	9.879977981
1967.333333	9.29939533
1967.416667	7.634237376
1967.5	4.553993663
1967.583333	1.104753991
1967.666667	-2.178230033
1967.75	-3.077241499
1967.833333	-5.830054868
1967.916667	-6.598016383
1968	-8.21177681
1968.083333	-8.311319577
1968.166667	-8.445153219
1968.25	-10.14037422
1968.333333	-11.10040541
1968.416667	-13.08509795
1968.5	-12.92784004
1968.583333	-10.77003676
1968.666667	-6.86718418
1968.75	-2.608736338
1968.833333	-3.127867691
1968.916667	-5.420954779
1969	-10.08587608
1969.083333	-14.43748561
1969.166667	-12.74321737
1969.25	-18.29080188
1969.333333	-9.333082311
1969.416667	-11.67440314
1969.5	-4.543775404
1969.583333	-7.73400195
1969.666667	-7.207629935
1969.75	-6.934709155
1969.833333	-6.045359385
1969.916667	-4.394002087
1970	-4.632516121
1970.083333	-7.693656032
1970.166667	-10.00665305
1970.25	-10.72046674
1970.333333	-9.31266004
1970.416667	-6.704627023
1970.5	-3.758327466
1970.583333	-1.019694822
1970.666667	1.384163254
1970.75	3.518442717
1970.833333	5.924253007
1970.916667	6.641303541
1971	5.025689984
1971.083333	1.293834572
1971.166667	-3.426043694
1971.25	-5.73263338
1971.333333	-5.580036251
1971.416667	-1.818587806
1971.5	2.547551902
1971.583333	5.490893335
1971.666667	5.808461376
1971.75	2.341272844
1971.833333	-2.000635364
1971.916667	-7.209100574
1972	-8.756473244
1972.083333	-9.818805211
1972.166667	-8.39111315
1972.25	-8.090913763
1972.333333	-7.88787528
1972.416667	-8.77411301
1972.5	-10.17494748
1972.583333	-11.67376531
1972.666667	-12.97377269
1972.75	-11.62690429
1972.833333	-8.552596344
1972.916667	-6.256090958
1973	-6.803955426
1973.083333	-11.09081623
1973.166667	-15.51442179
1973.25	-17.83351168
1973.333333	-14.44176929
1973.416667	-10.17419463
1973.5	-6.837845396
1973.583333	-7.839314227
1973.666667	-9.813007027
1973.75	-11.91716249
1973.833333	-10.63709466
1973.916667	-6.926470466
1974	-1.138951916
1974.083333	2.825823757
1974.166667	5.700237101
1974.25	5.729059368
1974.333333	4.848501958
1974.416667	3.659173589
1974.5	3.090628971
1974.583333	3.420403005
1974.666667	4.525981954
1974.75	5.041288237
1974.833333	3.607804658
1974.916667	-0.718873145
1975	-5.752598975
1975.083333	-10.26980225
1975.166667	-12.39111282
1975.25	-13.35933155
1975.333333	-13.51962227
1975.416667	-13.98564317
1975.5	-14.25231776
1975.583333	-13.98106237
1975.666667	-13.18304237
1975.75	-11.24672845
1975.833333	-9.264330763
1975.916667	-6.663279616
1976	-5.84444855
1976.083333	-5.18548963
1976.166667	-6.092745158
1976.25	-6.428972876
1976.333333	-6.842368467
1976.416667	-6.563192257
1976.5	-5.976988931
1976.583333	-5.162557288
1976.666667	-4.175670593
1976.75	-3.897460423
1976.833333	-4.119699628
1976.916667	-5.748783841
1977	-6.735875012
1977.083333	-6.746430273
1977.166667	-5.785948907
1977.25	-6.663352352
1977.333333	-9.324198144
1977.416667	-9.938432183
1977.5	-9.627671174
1977.583333	-7.344365929
1977.666667	-7.801618795
1977.75	-9.215544107
1977.833333	-10.49193474
1977.916667	-9.376515804
1978	-4.203674193
1978.083333	0.641808627
1978.166667	4.59837522
1978.25	5.721855321
1978.333333	6.334614786
1978.416667	6.586066841
1978.5	7.591544115
1978.583333	8.178878957
1978.666667	7.662425144
1978.75	4.737008993
1978.833333	2.902559454
1978.916667	3.37484998
1979	3.090463582
1979.083333	4.374952207
1979.166667	0.598265115
1979.25	1.28944439
1979.333333	2.294685777
1979.416667	2.744023982
1979.5	5.842238349
1979.583333	3.330653513
1979.666667	5.4657161
1979.75	4.62090591
1979.833333	5.876500655
1979.916667	4.727424808
1980	1.987823947
1980.083333	0.372158961
1980.166667	1.074179506
1980.25	3.843042155
1980.333333	6.61343445
1980.416667	8.689223562
1980.5	8.014084577
1980.583333	5.652108789
1980.666667	1.601993591
1980.75	-1.085419333
1980.833333	-3.410749543
1980.916667	-6.522535386
1981	-7.411694087
1981.083333	-4.870247393
1981.166667	1.328696084
1981.25	2.755010282
1981.333333	0.833641712
1981.416667	-5.958055088
1981.5	-8.108428903
1981.583333	-11.03165162
1981.666667	-5.671828285
1981.75	-7.218824636
1981.833333	-2.833704502
1981.916667	-4.224446488
1982	0.273182432
1982.083333	0.373643253
1982.166667	-0.160191611
1982.25	-3.303046054
1982.333333	-7.98827148
1982.416667	-11.2738324
1982.5	-13.44745206
1982.583333	-13.83153669
1982.666667	-13.14891497
1982.75	-11.11765688
1982.833333	-11.61487739
1982.916667	-7.655248701
1983	-9.368792739
1983.083333	-3.054845685
1983.166667	-4.560365777
1983.25	-4.198494106
1983.333333	-5.522006385
1983.416667	-11.53814607
1983.5	-7.738873543
1983.583333	-11.08412901
1983.666667	-6.376178985
1983.75	-9.153058227
1983.833333	-7.690783876
1983.916667	-5.184610253
1984	-0.937915619
1984.083333	4.143142746
1984.166667	7.231925916
1984.25	9.264512274
1984.333333	9.337449466
1984.416667	9.763878741
1984.5	9.171308147
1984.583333	7.656533662
1984.666667	5.314303922
1984.75	1.407982647
1984.833333	0.671026565
1984.916667	-0.533193581
1985	-1.044907636
1985.083333	-4.130169287
1985.166667	-8.627681122
1985.25	-11.83750954
1985.333333	-14.55679025
1985.416667	-13.69439361
1985.5	-11.81037374
1985.583333	-9.792176655
1985.666667	-7.921179705
1985.75	-7.202622984
1985.833333	-6.073010352
1985.916667	-4.967088399
1986	-2.764539961
1986.083333	-1.482564023
1986.166667	-0.906920119
1986.25	-1.915939895
1986.333333	-3.319455474
1986.416667	-4.826970699
1986.5	-5.945104911
1986.583333	-6.512649793
1986.666667	-6.49035203
1986.75	-7.454336993
1986.833333	-7.219745154
1986.916667	-8.794793791
1987	-6.408785205
1987.083333	-8.958325061
1987.166667	-7.022224231
1987.25	-6.955068415
1987.333333	-8.441293226
1987.416667	-5.434043939
1987.5	-11.83431146
1987.583333	-4.960432201
1987.666667	-10.67543328
1987.75	-5.406724979
1987.833333	-8.982966524
1987.916667	-7.228349007
1988	-7.626528704
1988.083333	-5.952508797
1988.166667	-4.629467384
1988.25	-2.991296259
1988.333333	-1.763977348
1988.416667	0.338524045
1988.5	2.871195445
1988.583333	5.371876549
1988.666667	7.510389784
1988.75	8.88303504
1988.833333	9.451159079
1988.916667	9.681792294
1989	9.405907191
1989.083333	9.031431783
1989.166667	8.429987668
1989.25	8.237397749
1989.333333	8.410917702
1989.416667	8.518518061
1989.5	7.648880167
1989.583333	5.34791831
1989.666667	1.967327251
1989.75	-1.983493221
1989.833333	-5.991350726
1989.916667	-9.503659702
1990	-12.28652282
1990.083333	-13.86647705
1990.166667	-14.56904496
1990.25	-14.53489395
1990.333333	-14.28506424
1990.416667	-13.99769236
1990.5	-13.5309105
1990.583333	-13.31822849
1990.666667	-13.34254981
1990.75	-13.80332942
1990.833333	-11.33170156
1990.916667	-8.507137866
1991	-4.14071319
1991.083333	-1.74083284
1991.166667	-0.695017666
1991.25	-1.582591132
1991.333333	-3.410129057
1991.416667	-2.47977604
1991.5	-0.51331645
1991.583333	2.554142451
1991.666667	3.2764724
1991.75	4.875757361
1991.833333	4.756338255
1991.916667	6.6867148
1992	7.509807625
1992.083333	8.205180226
1992.166667	7.361799933
1992.25	5.619641382
1992.333333	4.974004707
1992.416667	4.886748098
1992.5	6.246264878
1992.583333	7.668473164
1992.666667	7.762575127
1992.75	5.62737918
1992.833333	2.356744417
1992.916667	0.267753235
1993	0.656548162
1993.083333	2.718346331
1993.166667	5.434308376
1993.25	7.332341095
1993.333333	8.449716475
1993.416667	8.226980516
1993.5	6.804307009
1993.583333	4.179428825
1993.666667	0.868293909
1993.75	-3.348732885
1993.833333	-4.277927668
1993.916667	-3.782566372
1994	0.422919521
1994.083333	4.141382105
1994.166667	7.302236523
1994.25	8.953699785
1994.333333	8.843704827
1994.416667	9.07320277
1994.5	9.173109268
1994.583333	9.328720934
1994.666667	8.954565953
1994.75	5.891444198
1994.833333	3.303368773
1994.916667	0.459020233
1995	0.750922261
1995.083333	1.54825142
1995.166667	3.092769721
1995.25	2.849567406
1995.333333	-1.952266718
1995.416667	-5.597828158
1995.5	-8.214762123
1995.583333	-7.81649227
1995.666667	-7.629052554
1995.75	-6.143741052
1995.833333	-3.601829619
1995.916667	0.537275825
1996	4.014149245
1996.083333	6.821966955
1996.166667	6.549178728
1996.25	5.704536512
1996.333333	5.272478577
1996.416667	5.770198014
1996.5	6.753361008
1996.583333	7.821783239
1996.666667	8.765906775
1996.75	8.482747108
1996.833333	7.508559649
1996.916667	3.983495237
1997	-2.155221257
1997.083333	-7.05086664
1997.166667	-13.05304482
1997.25	-15.55585067
1997.333333	-14.23575322
1997.416667	-15.93613593
1997.5	-8.354726205
1997.583333	-11.13002939
1997.666667	-5.26254829
1997.75	-10.07163612
1997.833333	-9.695464582
1997.916667	-10.63735006
1998	-8.328526674
1998.083333	-5.010917217
1998.166667	-1.707301209
1998.25	-0.345433645
1998.333333	0.182950132
1998.416667	-0.215041568
1998.5	-0.999623562
1998.583333	-1.190051544
1998.666667	-0.583559712
1998.75	0.644472907
1998.833333	2.996368102
1998.916667	7.145824941
1999	13.69031429
1999.083333	16.67126165
1999.166667	20.33143036
1999.25	19.36700687
1999.333333	20.02902481
1999.416667	15.09212242
1999.5	14.68509639
1999.583333	7.046238179
1999.666667	8.146186643
1999.75	2.991834486
1999.833333	8.152092203
1999.916667	7.107753589
2000	9.730514522
2000.083333	8.784494632
2000.166667	6.616172936
2000.25	3.006924665
2000.333333	-0.835757604
2000.416667	-4.486621006
2000.5	-7.150603483
2000.583333	-8.786203555
2000.666667	-9.528886265
2000.75	-9.569868652
2000.833333	-9.996386025
2000.916667	-10.80462666
2001	-12.06650998
2001.083333	-12.98064609
2001.166667	-13.37791069
2001.25	-13.61107644
2001.333333	-13.77026825
2001.416667	-14.16746563
2001.5	-14.29179805
2001.583333	-13.8562408
2001.666667	-12.88446046
2001.75	-12.12466418
2001.833333	-10.95383164
2001.916667	-10.07820575
2002	-7.767966945
2002.083333	-6.161433946
2002.166667	-4.184300502
2002.25	-3.913370819
2002.333333	-3.976297758
2002.416667	-4.679358198
2002.5	-5.040998307
2002.583333	-5.150578935
2002.666667	-5.400492878
2002.75	-6.576523089
2002.833333	-4.07501362
2002.916667	-4.535551466
2003	0.645412873
2003.083333	-0.938604532
2003.166667	2.376838103
2003.25	2.620347681
2003.333333	6.380604977
2003.416667	5.912935613
2003.5	6.552915689
2003.583333	3.995686182
2003.666667	5.002041373
2003.75	5.058396039
2003.833333	7.052289079
2003.916667	8.801041588
2004	8.485318057
2004.083333	8.23622898
2004.166667	6.503654062
2004.25	4.152081414
2004.333333	2.746051216
2004.416667	2.351902533
2004.5	3.845646751
2004.583333	5.836079801
2004.666667	7.310670055
2004.75	6.633440202
2004.833333	4.720468619
2004.916667	3.043045019
2005	2.988021898
2005.083333	4.190851871
2005.166667	5.9630643
2005.25	7.4653325
2005.333333	8.392947828
2005.416667	8.304301203
2005.5	7.065066039
2005.583333	4.605779693
2005.666667	1.388806886
2005.75	0.511538352
2005.833333	0.291606417
2005.916667	0.445122876
2006	-0.820687001
2006.083333	-1.376228446
2006.166667	-0.247116164
2006.25	2.728093535
2006.333333	6.108097531
2006.416667	8.649293429
2006.5	9.048744246
2006.583333	7.78570877
2006.666667	4.836368499
2006.75	0.674697259
2006.833333	-3.286419749
2006.916667	-4.962171949
2007	-7.017809108
2007.083333	-2.570343237
2007.166667	-1.823363304
2007.25	-0.738932644
2007.333333	-1.697373098
2007.416667	-4.975312943
2007.5	-6.498355132
2007.583333	-7.9106716
2007.666667	-8.119173504
2007.75	-5.169996639
2007.833333	-4.395898609
2007.916667	0.622128473
2008	4.161341061
2008.083333	6.290977599
2008.166667	8.242990419
2008.25	8.42368773
2008.333333	8.643689168
2008.416667	9.112458404
2008.5	9.336227674
2008.583333	8.697954495
2008.666667	6.547083375
2008.75	3.358095026
2008.833333	1.414729762
2008.916667	-2.533169682
2009	-6.150264104
2009.083333	-8.925153234
2009.166667	-11.9890966
2009.25	-7.715079903
2009.333333	-11.56835329
2009.416667	-9.543919124
2009.5	-15.182725
2009.583333	-13.59804533
2009.666667	-11.37938708
2009.75	-9.477714337
2009.833333	-4.506617114
2009.916667	-3.293866955
2010	-0.352062946
2010.083333	1.10175697
2010.166667	2.099697038
2010.25	3.890505167
2010.333333	3.880433692
2010.416667	4.775460651
2010.5	3.974283235
2010.583333	1.116980312
2010.666667	-1.155408533
2010.75	0.609290041
2010.833333	2.431742815
2010.916667	5.806424791
2011	7.822372038
2011.083333	12.09179622
2011.166667	17.16233014
2011.25	17.515772
2011.333333	17.11266313
2011.416667	13.31894971
2011.5	7.434491447
2011.583333	6.331431323
2011.666667	2.933401176
2011.75	5.945907734
2011.833333	2.972742387
2011.916667	1.633763821
2012	-3.753042461
2012.083333	-8.685860624
2012.166667	-12.72212283
2012.25	-14.3130271
2012.333333	-14.99291703
2012.416667	-14.8803718
2012.5	-14.39230603
2012.583333	-13.20359407
2012.666667	-10.76122534
2012.75	-8.245500403
2012.833333	-4.281225806
2012.916667	-1.764835628
2013	-1.759528875
2013.083333	-4.657105822
2013.166667	-9.526159402
2013.25	-11.160817
2013.333333	-9.816730154
2013.416667	-6.650188067
2013.5	-5.031846706
2013.583333	-7.000270596
2013.666667	-9.767929378
2013.75	-12.08432965
2013.833333	-12.04594059
2013.916667	-10.47549757
2014	-7.822900368
2014.083333	-6.0222653
2014.166667	-4.304047427
2014.25	-3.87729213
2014.333333	-4.029992917
2014.416667	-4.85745445
2014.5	-6.116692458
2014.583333	-7.173955291
2014.666667	-8.147557431
2014.75	-8.359098663
2014.833333	-6.847797167
2014.916667	-6.021787336
2015	-10.69967882
2015.083333	-9.793368078
2015.166667	-14.62988007
2015.25	-6.24833477
2015.333333	-2.553177858
2015.416667	4.32140688
2015.5	2.472186652
2015.583333	-3.558161291
2015.666667	-7.170999868
2015.75	-8.208876812
2015.833333	-8.564886429
2015.916667	-6.924038633
2016	-6.975739554
2016.083333	-4.47479776
2016.166667	-0.768250923
2016.25	3.725958094
2016.333333	7.180365315
2016.416667	7.603244033
2016.5	5.266953343
2016.583333	1.290945631
2016.666667	0.866568497
2016.75	1.195899288
2016.833333	5.736114029
2016.916667	8.313168923
2017	12.61911012
2017.083333	15.3662704
2017.166667	17.88186137
2017.25	18.22210283
2017.333333	13.55679797
2017.416667	7.749296817
2017.5	3.147017342
2017.583333	2.529342892
2017.666667	3.114891824
2017.75	5.537742287
2017.833333	4.055628961
2017.916667	2.281221494
2018	-2.913404098
2018.083333	-3.393982118
2018.166667	-3.05871899
2018.25	1.148062681
2018.333333	4.986213744
2018.416667	7.705578622
2018.5	7.816048555
2018.583333	5.725764113
2018.666667	1.848135991
2018.75	-2.267757734
2018.833333	-4.71340964
2018.916667	-3.241454989
2019	-3.448546753
2019.083333	-2.467541105
2019.166667	-6.632549001
2019.25	-8.341093443
2019.333333	-11.58826818
2019.416667	-11.72376876
2019.5	-11.51772257
2019.583333	-11.0294494
2019.666667	-10.48326936
2019.75	-8.313701129
2019.833333	-8.3583822
2019.916667	-7.842892326
2020	-9.92375902
2020.083333	-11.25328085
2020.166667	-12.78158883
2020.25	-14.07675406
2020.333333	-14.17363634
2020.416667	-14.74705066
2020.5	-14.75200833
2020.583333	-14.75177141
2020.666667	-14.54513401
2020.75	-13.97296529
2020.833333	-14.58711585
2020.916667	-15.13101647
2021	-17.73365968
2021.083333	-17.55289361
2021.166667	-17.97689798
2021.25	-17.23946155
2021.333333	-11.35275656
2021.416667	-7.621860969
2021.5	-4.073336081
2021.583333	-7.383680731
2021.666667	-8.317284829
2021.75	-11.16225204
2021.833333	-9.827645586
2021.916667	-9.339730729
2022	-4.8006247
2022.083333	-2.167186002
2022.166667	2.666627396
2022.25	6.392299561
2022.333333	6.784079848
2022.416667	4.530234232
2022.5	0.036472369
2022.583333	-2.339738595
2022.666667	-0.193207275
2022.75	2.926995577
2022.833333	7.311291004
2022.916667	11.8031128
2023	11.11617984
