1880.000000000	0.37
1880.083400000	0.32
1880.166600000	0.44
1880.250000000	0.68
1880.333400000	0.72
1880.416600000	0.44
1880.500000000	0.15
1880.583400000	0.15
1880.666600000	0.37
1880.750000000	0.56
1880.833400000	0.67
1880.916600000	0.81
1881.000000000	0.88
1881.083400000	0.75
1881.166600000	0.47
1881.250000000	0.27
1881.333400000	0.13
1881.416600000	-0.10
1881.500000000	-0.40
1881.583400000	-0.57
1881.666600000	-0.59
1881.750000000	-0.65
1881.833400000	-0.78
1881.916600000	-0.78
1882.000000000	-0.54
1882.083400000	-0.22
1882.166600000	-0.04
1882.250000000	-0.02
1882.333400000	-0.07
1882.416600000	-0.16
1882.500000000	-0.32
1882.583400000	-0.49
1882.666600000	-0.65
1882.750000000	-0.78
1882.833400000	-0.73
1882.916600000	-0.37
1883.000000000	0.07
1883.083400000	0.15
1883.166600000	-0.20
1883.250000000	-0.52
1883.333400000	-0.51
1883.416600000	-0.41
1883.500000000	-0.58
1883.583400000	-0.93
1883.666600000	-1.10
1883.750000000	-1.04
1883.833400000	-1.01
1883.916600000	-1.08
1884.000000000	-1.03
1884.083400000	-0.85
1884.166600000	-0.76
1884.250000000	-0.84
1884.333400000	-0.92
1884.416600000	-0.94
1884.500000000	-1.02
1884.583400000	-1.16
1884.666600000	-1.16
1884.750000000	-0.97
1884.833400000	-0.86
1884.916600000	-0.93
1885.000000000	-0.94
1885.083400000	-0.69
1885.166600000	-0.34
1885.250000000	-0.11
1885.333400000	0.06
1885.416600000	0.26
1885.500000000	0.33
1885.583400000	0.13
1885.666600000	-0.08
1885.750000000	0.01
1885.833400000	0.21
1885.916600000	0.09
1886.000000000	-0.29
1886.083400000	-0.46
1886.166600000	-0.22
1886.250000000	0.10
1886.333400000	0.24
1886.416600000	0.31
1886.500000000	0.43
1886.583400000	0.50
1886.666600000	0.45
1886.750000000	0.50
1886.833400000	0.80
1886.916600000	1.12
1887.000000000	1.20
1887.083400000	1.07
1887.166600000	0.94
1887.250000000	0.88
1887.333400000	0.84
1887.416600000	0.83
1887.500000000	0.89
1887.583400000	0.97
1887.666600000	1.05
1887.750000000	1.22
1887.833400000	1.46
1887.916600000	1.53
1888.000000000	1.28
1888.083400000	0.91
1888.166600000	0.70
1888.250000000	0.62
1888.333400000	0.51
1888.416600000	0.37
1888.500000000	0.32
1888.583400000	0.38
1888.666600000	0.50
1888.750000000	0.70
1888.833400000	0.97
1888.916600000	1.09
1889.000000000	0.91
1889.083400000	0.56
1889.166600000	0.34
1889.250000000	0.27
1889.333400000	0.14
1889.416600000	-0.17
1889.500000000	-0.51
1889.583400000	-0.76
1889.666600000	-0.91
1889.750000000	-0.97
1889.833400000	-0.98
1889.916600000	-0.99
1890.000000000	-1.01
1890.083400000	-0.86
1890.166600000	-0.45
1890.250000000	0.00
1890.333400000	0.19
1890.416600000	0.13
1890.500000000	0.07
1890.583400000	0.03
1890.666600000	-0.13
1890.750000000	-0.38
1890.833400000	-0.44
1890.916600000	-0.21
1891.000000000	0.08
1891.083400000	0.24
1891.166600000	0.32
1891.250000000	0.42
1891.333400000	0.44
1891.416600000	0.29
1891.500000000	0.04
1891.583400000	-0.18
1891.666600000	-0.41
1891.750000000	-0.65
1891.833400000	-0.84
1891.916600000	-0.95
1892.000000000	-1.02
1892.083400000	-1.07
1892.166600000	-1.00
1892.250000000	-0.83
1892.333400000	-0.71
1892.416600000	-0.75
1892.500000000	-0.85
1892.583400000	-0.89
1892.666600000	-0.84
1892.750000000	-0.73
1892.833400000	-0.57
1892.916600000	-0.46
1893.000000000	-0.54
1893.083400000	-0.73
1893.166600000	-0.85
1893.250000000	-0.81
1893.333400000	-0.73
1893.416600000	-0.72
1893.500000000	-0.78
1893.583400000	-0.92
1893.666600000	-1.13
1893.750000000	-1.29
1893.833400000	-1.22
1893.916600000	-1.00
1894.000000000	-0.89
1894.083400000	-0.92
1894.166600000	-0.87
1894.250000000	-0.62
1894.333400000	-0.34
1894.416600000	-0.23
1894.500000000	-0.23
1894.583400000	-0.21
1894.666600000	-0.12
1894.750000000	0.03
1894.833400000	0.22
1894.916600000	0.34
1895.000000000	0.25
1895.083400000	0.03
1895.166600000	-0.08
1895.250000000	-0.03
1895.333400000	0.01
1895.416600000	-0.06
1895.500000000	-0.07
1895.583400000	0.04
1895.666600000	0.14
1895.750000000	0.19
1895.833400000	0.33
1895.916600000	0.51
1896.000000000	0.47
1896.083400000	0.18
1896.166600000	-0.01
1896.250000000	0.16
1896.333400000	0.49
1896.416600000	0.65
1896.500000000	0.63
1896.583400000	0.66
1896.666600000	0.77
1896.750000000	0.90
1896.833400000	1.04
1896.916600000	1.20
1897.000000000	1.20
1897.083400000	0.93
1897.166600000	0.57
1897.250000000	0.34
1897.333400000	0.31
1897.416600000	0.35
1897.500000000	0.39
1897.583400000	0.38
1897.666600000	0.27
1897.750000000	0.11
1897.833400000	0.02
1897.916600000	0.03
1898.000000000	-0.03
1898.083400000	-0.14
1898.166600000	-0.15
1898.250000000	-0.10
1898.333400000	-0.27
1898.416600000	-0.69
1898.500000000	-0.95
1898.583400000	-0.87
1898.666600000	-0.80
1898.750000000	-1.04
1898.833400000	-1.29
1898.916600000	-1.13
1899.000000000	-0.68
1899.083400000	-0.35
1899.166600000	-0.09
1899.250000000	0.30
1899.333400000	0.61
1899.416600000	0.43
1899.500000000	-0.06
1899.583400000	-0.27
1899.666600000	-0.04
1899.750000000	0.18
1899.833400000	0.18
1899.916600000	0.20
1900.000000000	0.41
1900.083400000	0.54
1900.166600000	0.47
1900.250000000	0.44
1900.333400000	0.58
1900.416600000	0.65
1900.500000000	0.50
1900.583400000	0.34
1900.666600000	0.40
1900.750000000	0.53
1900.833400000	0.57
1900.916600000	0.69
1901.000000000	0.97
1901.083400000	1.16
1901.166600000	0.98
1901.250000000	0.65
1901.333400000	0.52
1901.416600000	0.62
1901.500000000	0.67
1901.583400000	0.56
1901.666600000	0.46
1901.750000000	0.51
1901.833400000	0.69
1901.916600000	0.90
1902.000000000	1.01
1902.083400000	0.89
1902.166600000	0.57
1902.250000000	0.34
1902.333400000	0.41
1902.416600000	0.63
1902.500000000	0.70
1902.583400000	0.65
1902.666600000	0.67
1902.750000000	0.79
1902.833400000	0.81
1902.916600000	0.63
1903.000000000	0.43
1903.083400000	0.35
1903.166600000	0.36
1903.250000000	0.36
1903.333400000	0.33
1903.416600000	0.23
1903.500000000	0.06
1903.583400000	-0.09
1903.666600000	-0.10
1903.750000000	0.01
1903.833400000	0.08
1903.916600000	0.01
1904.000000000	-0.08
1904.083400000	-0.05
1904.166600000	0.11
1904.250000000	0.36
1904.333400000	0.62
1904.416600000	0.81
1904.500000000	0.87
1904.583400000	0.84
1904.666600000	0.86
1904.750000000	1.03
1904.833400000	1.27
1904.916600000	1.41
1905.000000000	1.38
1905.083400000	1.25
1905.166600000	1.10
1905.250000000	0.98
1905.333400000	0.87
1905.416600000	0.78
1905.500000000	0.71
1905.583400000	0.68
1905.666600000	0.68
1905.750000000	0.68
1905.833400000	0.70
1905.916600000	0.74
1906.000000000	0.79
1906.083400000	0.79
1906.166600000	0.70
1906.250000000	0.53
1906.333400000	0.35
1906.416600000	0.24
1906.500000000	0.23
1906.583400000	0.29
1906.666600000	0.40
1906.750000000	0.47
1906.833400000	0.46
1906.916600000	0.38
1907.000000000	0.32
1907.083400000	0.29
1907.166600000	0.27
1907.250000000	0.23
1907.333400000	0.15
1907.416600000	0.05
1907.500000000	-0.03
1907.583400000	-0.07
1907.666600000	-0.06
1907.750000000	0.01
1907.833400000	0.14
1907.916600000	0.36
1908.000000000	0.60
1908.083400000	0.73
1908.166600000	0.68
1908.250000000	0.55
1908.333400000	0.44
1908.416600000	0.32
1908.500000000	0.08
1908.583400000	-0.27
1908.666600000	-0.57
1908.750000000	-0.80
1908.833400000	-1.01
1908.916600000	-1.18
1909.000000000	-1.14
1909.083400000	-0.85
1909.166600000	-0.54
1909.250000000	-0.44
1909.333400000	-0.50
1909.416600000	-0.54
1909.500000000	-0.57
1909.583400000	-0.75
1909.666600000	-1.05
1909.750000000	-1.25
1909.833400000	-1.26
1909.916600000	-1.22
1910.000000000	-1.23
1910.083400000	-1.20
1910.166600000	-1.03
1910.250000000	-0.75
1910.333400000	-0.49
1910.416600000	-0.30
1910.500000000	-0.22
1910.583400000	-0.24
1910.666600000	-0.24
1910.750000000	-0.13
1910.833400000	0.05
1910.916600000	0.10
1911.000000000	-0.03
1911.083400000	-0.17
1911.166600000	-0.14
1911.250000000	0.04
1911.333400000	0.25
1911.416600000	0.41
1911.500000000	0.51
1911.583400000	0.53
1911.666600000	0.54
1911.750000000	0.68
1911.833400000	0.94
1911.916600000	1.14
1912.000000000	1.12
1912.083400000	0.93
1912.166600000	0.70
1912.250000000	0.47
1912.333400000	0.30
1912.416600000	0.27
1912.500000000	0.34
1912.583400000	0.26
1912.666600000	-0.06
1912.750000000	-0.39
1912.833400000	-0.50
1912.916600000	-0.41
1913.000000000	-0.30
1913.083400000	-0.16
1913.166600000	0.11
1913.250000000	0.39
1913.333400000	0.53
1913.416600000	0.54
1913.500000000	0.57
1913.583400000	0.65
1913.666600000	0.75
1913.750000000	0.90
1913.833400000	1.14
1913.916600000	1.26
1914.000000000	1.13
1914.083400000	0.93
1914.166600000	0.96
1914.250000000	1.15
1914.333400000	1.20
1914.416600000	1.06
1914.500000000	0.95
1914.583400000	0.96
1914.666600000	0.94
1914.750000000	0.86
1914.833400000	0.90
1914.916600000	1.01
1915.000000000	0.95
1915.083400000	0.64
1915.166600000	0.39
1915.250000000	0.39
1915.333400000	0.45
1915.416600000	0.33
1915.500000000	0.11
1915.583400000	-0.04
1915.666600000	-0.10
1915.750000000	-0.11
1915.833400000	0.01
1915.916600000	0.27
1916.000000000	0.46
1916.083400000	0.40
1916.166600000	0.14
1916.250000000	-0.10
1916.333400000	-0.24
1916.416600000	-0.30
1916.500000000	-0.33
1916.583400000	-0.41
1916.666600000	-0.62
1916.750000000	-0.90
1916.833400000	-1.08
1916.916600000	-1.10
1917.000000000	-1.01
1917.083400000	-0.84
1917.166600000	-0.51
1917.250000000	-0.18
1917.333400000	-0.14
1917.416600000	-0.46
1917.500000000	-0.82
1917.583400000	-0.97
1917.666600000	-1.03
1917.750000000	-1.20
1917.833400000	-1.31
1917.916600000	-1.12
1918.000000000	-0.74
1918.083400000	-0.45
1918.166600000	-0.24
1918.250000000	0.11
1918.333400000	0.54
1918.416600000	0.67
1918.500000000	0.42
1918.583400000	0.16
1918.666600000	0.25
1918.750000000	0.60
1918.833400000	0.83
1918.916600000	0.84
1919.000000000	0.73
1919.083400000	0.62
1919.166600000	0.52
1919.250000000	0.44
1919.333400000	0.46
1919.416600000	0.56
1919.500000000	0.63
1919.583400000	0.64
1919.666600000	0.72
1919.750000000	0.95
1919.833400000	1.23
1919.916600000	1.35
1920.000000000	1.25
1920.083400000	1.05
1920.166600000	0.84
1920.250000000	0.62
1920.333400000	0.39
1920.416600000	0.24
1920.500000000	0.19
1920.583400000	0.08
1920.666600000	-0.14
1920.750000000	-0.29
1920.833400000	-0.26
1920.916600000	-0.25
1921.000000000	-0.52
1921.083400000	-0.94
1921.166600000	-1.10
1921.250000000	-0.90
1921.333400000	-0.64
1921.416600000	-0.59
1921.500000000	-0.64
1921.583400000	-0.60
1921.666600000	-0.46
1921.750000000	-0.28
1921.833400000	-0.03
1921.916600000	0.22
1922.000000000	0.30
1922.083400000	0.16
1922.166600000	0.04
1922.250000000	0.10
1922.333400000	0.15
1922.416600000	0.02
1922.500000000	-0.21
1922.583400000	-0.27
1922.666600000	-0.16
1922.750000000	-0.01
1922.833400000	0.13
1922.916600000	0.26
1923.000000000	0.31
1923.083400000	0.23
1923.166600000	0.16
1923.250000000	0.24
1923.333400000	0.35
1923.416600000	0.26
1923.500000000	0.02
1923.583400000	-0.10
1923.666600000	-0.01
1923.750000000	0.17
1923.833400000	0.31
1923.916600000	0.39
1924.000000000	0.39
1924.083400000	0.28
1924.166600000	0.11
1924.250000000	-0.01
1924.333400000	-0.10
1924.416600000	-0.28
1924.500000000	-0.51
1924.583400000	-0.66
1924.666600000	-0.69
1924.750000000	-0.74
1924.833400000	-0.87
1924.916600000	-0.97
1925.000000000	-0.87
1925.083400000	-0.58
1925.166600000	-0.22
1925.250000000	0.09
1925.333400000	0.27
1925.416600000	0.37
1925.500000000	0.48
1925.583400000	0.62
1925.666600000	0.77
1925.750000000	0.85
1925.833400000	0.93
1925.916600000	1.06
1926.000000000	1.20
1926.083400000	1.21
1926.166600000	1.06
1926.250000000	0.87
1926.333400000	0.72
1926.416600000	0.60
1926.500000000	0.46
1926.583400000	0.30
1926.666600000	0.14
1926.750000000	0.03
1926.833400000	-0.01
1926.916600000	0.01
1927.000000000	-0.01
1927.083400000	-0.10
1927.166600000	-0.24
1927.250000000	-0.31
1927.333400000	-0.29
1927.416600000	-0.29
1927.500000000	-0.39
1927.583400000	-0.50
1927.666600000	-0.48
1927.750000000	-0.35
1927.833400000	-0.25
1927.916600000	-0.33
1928.000000000	-0.47
1928.083400000	-0.47
1928.166600000	-0.26
1928.250000000	0.01
1928.333400000	0.18
1928.416600000	0.29
1928.500000000	0.39
1928.583400000	0.42
1928.666600000	0.36
1928.750000000	0.35
1928.833400000	0.51
1928.916600000	0.65
1929.000000000	0.51
1929.083400000	0.23
1929.166600000	0.19
1929.250000000	0.53
1929.333400000	0.91
1929.416600000	1.02
1929.500000000	0.98
1929.583400000	1.03
1929.666600000	1.13
1929.750000000	1.20
1929.833400000	1.31
1929.916600000	1.54
1930.000000000	1.69
1930.083400000	1.53
1930.166600000	1.16
1930.250000000	0.90
1930.333400000	0.84
1930.416600000	0.83
1930.500000000	0.75
1930.583400000	0.67
1930.666600000	0.64
1930.750000000	0.59
1930.833400000	0.50
1930.916600000	0.48
1931.000000000	0.58
1931.083400000	0.65
1931.166600000	0.56
1931.250000000	0.38
1931.333400000	0.25
1931.416600000	0.27
1931.500000000	0.34
1931.583400000	0.33
1931.666600000	0.14
1931.750000000	-0.17
1931.833400000	-0.41
1931.916600000	-0.44
1932.000000000	-0.30
1932.083400000	-0.14
1932.166600000	-0.03
1932.250000000	0.01
1932.333400000	0.00
1932.416600000	-0.11
1932.500000000	-0.27
1932.583400000	-0.40
1932.666600000	-0.44
1932.750000000	-0.44
1932.833400000	-0.42
1932.916600000	-0.45
1933.000000000	-0.55
1933.083400000	-0.65
1933.166600000	-0.63
1933.250000000	-0.52
1933.333400000	-0.49
1933.416600000	-0.57
1933.500000000	-0.61
1933.583400000	-0.50
1933.666600000	-0.41
1933.750000000	-0.45
1933.833400000	-0.46
1933.916600000	-0.24
1934.000000000	0.09
1934.083400000	0.23
1934.166600000	0.13
1934.250000000	0.02
1934.333400000	0.02
1934.416600000	-0.05
1934.500000000	-0.25
1934.583400000	-0.46
1934.666600000	-0.53
1934.750000000	-0.53
1934.833400000	-0.53
1934.916600000	-0.48
1935.000000000	-0.34
1935.083400000	-0.26
1935.166600000	-0.31
1935.250000000	-0.38
1935.333400000	-0.28
1935.416600000	-0.08
1935.500000000	0.03
1935.583400000	-0.04
1935.666600000	-0.18
1935.750000000	-0.28
1935.833400000	-0.31
1935.916600000	-0.27
1936.000000000	-0.18
1936.083400000	-0.11
1936.166600000	-0.10
1936.250000000	-0.12
1936.333400000	-0.13
1936.416600000	-0.21
1936.500000000	-0.40
1936.583400000	-0.61
1936.666600000	-0.75
1936.750000000	-0.79
1936.833400000	-0.76
1936.916600000	-0.65
1937.000000000	-0.48
1937.083400000	-0.33
1937.166600000	-0.26
1937.250000000	-0.17
1937.333400000	0.04
1937.416600000	0.24
1937.500000000	0.26
1937.583400000	0.18
1937.666600000	0.23
1937.750000000	0.47
1937.833400000	0.61
1937.916600000	0.45
1938.000000000	0.17
1938.083400000	-0.02
1938.166600000	-0.10
1938.250000000	-0.27
1938.333400000	-0.54
1938.416600000	-0.75
1938.500000000	-0.86
1938.583400000	-0.93
1938.666600000	-0.96
1938.750000000	-0.87
1938.833400000	-0.71
1938.916600000	-0.63
1939.000000000	-0.62
1939.083400000	-0.51
1939.166600000	-0.22
1939.250000000	0.10
1939.333400000	0.28
1939.416600000	0.40
1939.500000000	0.54
1939.583400000	0.65
1939.666600000	0.63
1939.750000000	0.64
1939.833400000	0.88
1939.916600000	1.28
1940.000000000	1.53
1940.083400000	1.46
1940.166600000	1.28
1940.250000000	1.26
1940.333400000	1.36
1940.416600000	1.39
1940.500000000	1.27
1940.583400000	1.14
1940.666600000	1.14
1940.750000000	1.27
1940.833400000	1.47
1940.916600000	1.66
1941.000000000	1.73
1941.083400000	1.63
1941.166600000	1.39
1941.250000000	1.11
1941.333400000	0.84
1941.416600000	0.56
1941.500000000	0.30
1941.583400000	0.14
1941.666600000	0.12
1941.750000000	0.17
1941.833400000	0.18
1941.916600000	0.11
1942.000000000	0.04
1942.083400000	0.01
1942.166600000	0.03
1942.250000000	0.09
1942.333400000	0.12
1942.416600000	-0.02
1942.500000000	-0.35
1942.583400000	-0.69
1942.666600000	-0.78
1942.750000000	-0.62
1942.833400000	-0.47
1942.916600000	-0.50
1943.000000000	-0.55
1943.083400000	-0.42
1943.166600000	-0.13
1943.250000000	0.10
1943.333400000	0.22
1943.416600000	0.32
1943.500000000	0.34
1943.583400000	0.19
1943.666600000	-0.07
1943.750000000	-0.29
1943.833400000	-0.41
1943.916600000	-0.52
1944.000000000	-0.56
1944.083400000	-0.41
1944.166600000	-0.16
1944.250000000	-0.05
1944.333400000	-0.13
1944.416600000	-0.19
1944.500000000	-0.15
1944.583400000	-0.16
1944.666600000	-0.25
1944.750000000	-0.23
1944.833400000	-0.06
1944.916600000	0.00
1945.000000000	-0.22
1945.083400000	-0.51
1945.166600000	-0.59
1945.250000000	-0.54
1945.333400000	-0.57
1945.416600000	-0.62
1945.500000000	-0.57
1945.583400000	-0.48
1945.666600000	-0.48
1945.750000000	-0.45
1945.833400000	-0.27
1945.916600000	-0.17
1946.000000000	-0.43
1946.083400000	-0.87
1946.166600000	-1.04
1946.250000000	-0.89
1946.333400000	-0.77
1946.416600000	-0.91
1946.500000000	-1.16
1946.583400000	-1.31
1946.666600000	-1.28
1946.750000000	-1.06
1946.833400000	-0.77
1946.916600000	-0.65
1947.000000000	-0.80
1947.083400000	-0.96
1947.166600000	-0.80
1947.250000000	-0.43
1947.333400000	-0.23
1947.416600000	-0.22
1947.500000000	-0.15
1947.583400000	-0.04
1947.666600000	-0.11
1947.750000000	-0.29
1947.833400000	-0.16
1947.916600000	0.28
1948.000000000	0.54
1948.083400000	0.37
1948.166600000	0.20
1948.250000000	0.38
1948.333400000	0.62
1948.416600000	0.50
1948.500000000	0.15
1948.583400000	-0.01
1948.666600000	0.05
1948.750000000	0.09
1948.833400000	0.11
1948.916600000	0.25
1949.000000000	0.45
1949.083400000	0.46
1949.166600000	0.28
1949.250000000	0.15
1949.333400000	0.19
1949.416600000	0.23
1949.500000000	0.17
1949.583400000	0.08
1949.666600000	-0.01
1949.750000000	-0.14
1949.833400000	-0.32
1949.916600000	-0.49
1950.000000000	-0.62
1950.083400000	-0.74
1950.166600000	-0.89
1950.250000000	-1.02
1950.333400000	-1.10
1950.416600000	-1.13
1950.500000000	-1.13
1950.583400000	-1.19
1950.666600000	-1.33
1950.750000000	-1.46
1950.833400000	-1.44
1950.916600000	-1.26
1951.000000000	-1.04
1951.083400000	-0.81
1951.166600000	-0.51
1951.250000000	-0.18
1951.333400000	0.04
1951.416600000	0.12
1951.500000000	0.23
1951.583400000	0.40
1951.666600000	0.52
1951.750000000	0.53
1951.833400000	0.57
1951.916600000	0.65
1952.000000000	0.65
1952.083400000	0.56
1952.166600000	0.62
1952.250000000	0.85
1952.333400000	0.93
1952.416600000	0.69
1952.500000000	0.42
1952.583400000	0.40
1952.666600000	0.53
1952.750000000	0.53
1952.833400000	0.48
1952.916600000	0.55
1953.000000000	0.66
1953.083400000	0.65
1953.166600000	0.61
1953.250000000	0.76
1953.333400000	0.99
1953.416600000	1.04
1953.500000000	0.89
1953.583400000	0.80
1953.666600000	0.87
1953.750000000	0.99
1953.833400000	1.13
1953.916600000	1.27
1954.000000000	1.21
1954.083400000	0.79
1954.166600000	0.22
1954.250000000	-0.06
1954.333400000	0.02
1954.416600000	0.16
1954.500000000	0.12
1954.583400000	0.01
1954.666600000	-0.03
1954.750000000	0.02
1954.833400000	0.13
1954.916600000	0.27
1955.000000000	0.35
1955.083400000	0.23
1955.166600000	-0.05
1955.250000000	-0.33
1955.333400000	-0.53
1955.416600000	-0.69
1955.500000000	-0.83
1955.583400000	-0.90
1955.666600000	-1.00
1955.750000000	-1.23
1955.833400000	-1.45
1955.916600000	-1.44
1956.000000000	-1.23
1956.083400000	-1.04
1956.166600000	-0.92
1956.250000000	-0.72
1956.333400000	-0.45
1956.416600000	-0.36
1956.500000000	-0.49
1956.583400000	-0.53
1956.666600000	-0.29
1956.750000000	0.03
1956.833400000	0.17
1956.916600000	0.18
1957.000000000	0.28
1957.083400000	0.52
1957.166600000	0.78
1957.250000000	0.99
1957.333400000	1.08
1957.416600000	1.06
1957.500000000	0.97
1957.583400000	0.94
1957.666600000	1.00
1957.750000000	1.03
1957.833400000	1.04
1957.916600000	1.16
1958.000000000	1.37
1958.083400000	1.45
1958.166600000	1.31
1958.250000000	1.14
1958.333400000	1.10
1958.416600000	1.08
1958.500000000	0.93
1958.583400000	0.72
1958.666600000	0.61
1958.750000000	0.60
1958.833400000	0.66
1958.916600000	0.80
1959.000000000	0.97
1959.083400000	0.94
1959.166600000	0.60
1959.250000000	0.20
1959.333400000	0.04
1959.416600000	0.09
1959.500000000	0.15
1959.583400000	0.15
1959.666600000	0.23
1959.750000000	0.39
1959.833400000	0.47
1959.916600000	0.45
1960.000000000	0.40
1960.083400000	0.35
1960.166600000	0.24
1960.250000000	0.08
1960.333400000	-0.04
1960.416600000	-0.17
1960.500000000	-0.36
1960.583400000	-0.49
1960.666600000	-0.42
1960.750000000	-0.25
1960.833400000	-0.19
1960.916600000	-0.28
1961.000000000	-0.31
1961.083400000	-0.18
1961.166600000	-0.04
1961.250000000	0.05
1961.333400000	0.15
1961.416600000	0.22
1961.500000000	0.11
1961.583400000	-0.19
1961.666600000	-0.42
1961.750000000	-0.42
1961.833400000	-0.39
1961.916600000	-0.48
1962.000000000	-0.59
1962.083400000	-0.56
1962.166600000	-0.49
1962.250000000	-0.54
1962.333400000	-0.57
1962.416600000	-0.46
1962.500000000	-0.32
1962.583400000	-0.38
1962.666600000	-0.55
1962.750000000	-0.62
1962.833400000	-0.59
1962.916600000	-0.63
1963.000000000	-0.67
1963.083400000	-0.46
1963.166600000	-0.05
1963.250000000	0.20
1963.333400000	0.21
1963.416600000	0.23
1963.500000000	0.45
1963.583400000	0.67
1963.666600000	0.76
1963.750000000	0.86
1963.833400000	1.07
1963.916600000	1.15
1964.000000000	0.90
1964.083400000	0.54
1964.166600000	0.44
1964.250000000	0.59
1964.333400000	0.68
1964.416600000	0.60
1964.500000000	0.50
1964.583400000	0.49
1964.666600000	0.49
1964.750000000	0.51
1964.833400000	0.68
1964.916600000	0.97
1965.000000000	1.17
1965.083400000	1.16
1965.166600000	1.06
1965.250000000	1.04
1965.333400000	1.06
1965.416600000	0.99
1965.500000000	0.79
1965.583400000	0.59
1965.666600000	0.49
1965.750000000	0.50
1965.833400000	0.58
1965.916600000	0.69
1966.000000000	0.81
1966.083400000	0.92
1966.166600000	0.97
1966.250000000	0.91
1966.333400000	0.75
1966.416600000	0.61
1966.500000000	0.52
1966.583400000	0.36
1966.666600000	0.03
1966.750000000	-0.32
1966.833400000	-0.43
1966.916600000	-0.28
1967.000000000	-0.11
1967.083400000	-0.09
1967.166600000	-0.11
1967.250000000	-0.02
1967.333400000	0.12
1967.416600000	0.10
1967.500000000	-0.15
1967.583400000	-0.41
1967.666600000	-0.46
1967.750000000	-0.34
1967.833400000	-0.26
1967.916600000	-0.31
1968.000000000	-0.41
1968.083400000	-0.43
1968.166600000	-0.40
1968.250000000	-0.34
1968.333400000	-0.16
1968.416600000	0.18
1968.500000000	0.50
1968.583400000	0.61
1968.666600000	0.58
1968.750000000	0.64
1968.833400000	0.81
1968.916600000	0.88
1969.000000000	0.82
1969.083400000	0.80
1969.166600000	0.86
1969.250000000	0.84
1969.333400000	0.68
1969.416600000	0.61
1969.500000000	0.69
1969.583400000	0.66
1969.666600000	0.35
1969.750000000	0.00
1969.833400000	-0.12
1969.916600000	-0.12
1970.000000000	-0.20
1970.083400000	-0.25
1970.166600000	-0.05
1970.250000000	0.23
1970.333400000	0.26
1970.416600000	0.05
1970.500000000	-0.12
1970.583400000	-0.17
1970.666600000	-0.27
1970.750000000	-0.42
1970.833400000	-0.47
1970.916600000	-0.48
1971.000000000	-0.64
1971.083400000	-0.82
1971.166600000	-0.69
1971.250000000	-0.28
1971.333400000	-0.07
1971.416600000	-0.27
1971.500000000	-0.54
1971.583400000	-0.54
1971.666600000	-0.36
1971.750000000	-0.17
1971.833400000	0.06
1971.916600000	0.30
1972.000000000	0.35
1972.083400000	0.15
1972.166600000	0.01
1972.250000000	0.14
1972.333400000	0.36
1972.416600000	0.39
1972.500000000	0.28
1972.583400000	0.24
1972.666600000	0.31
1972.750000000	0.47
1972.833400000	0.79
1972.916600000	1.19
1973.000000000	1.30
1973.083400000	0.89
1973.166600000	0.26
1973.250000000	-0.14
1973.333400000	-0.23
1973.416600000	-0.30
1973.500000000	-0.47
1973.583400000	-0.65
1973.666600000	-0.75
1973.750000000	-0.82
1973.833400000	-0.83
1973.916600000	-0.74
1974.000000000	-0.59
1974.083400000	-0.47
1974.166600000	-0.39
1974.250000000	-0.33
1974.333400000	-0.37
1974.416600000	-0.52
1974.500000000	-0.66
1974.583400000	-0.73
1974.666600000	-0.88
1974.750000000	-1.17
1974.833400000	-1.38
1974.916600000	-1.24
1975.000000000	-0.89
1975.083400000	-0.59
1975.166600000	-0.35
1975.250000000	0.04
1975.333400000	0.45
1975.416600000	0.54
1975.500000000	0.26
1975.583400000	0.01
1975.666600000	0.10
1975.750000000	0.39
1975.833400000	0.56
1975.916600000	0.52
1976.000000000	0.40
1976.083400000	0.30
1976.166600000	0.25
1976.250000000	0.21
1976.333400000	0.15
1976.416600000	0.04
1976.500000000	-0.10
1976.583400000	-0.16
1976.666600000	-0.12
1976.750000000	-0.02
1976.833400000	0.10
1976.916600000	0.24
1977.000000000	0.35
1977.083400000	0.32
1977.166600000	0.19
1977.250000000	0.10
1977.333400000	0.11
1977.416600000	0.13
1977.500000000	0.07
1977.583400000	0.00
1977.666600000	0.08
1977.750000000	0.30
1977.833400000	0.47
1977.916600000	0.42
1978.000000000	0.22
1978.083400000	0.03
1978.166600000	-0.02
1978.250000000	-0.01
1978.333400000	0.00
1978.416600000	0.02
1978.500000000	0.13
1978.583400000	0.26
1978.666600000	0.34
1978.750000000	0.38
1978.833400000	0.48
1978.916600000	0.59
1979.000000000	0.51
1979.083400000	0.22
1979.166600000	-0.02
1979.250000000	-0.07
1979.333400000	-0.06
1979.416600000	-0.23
1979.500000000	-0.52
1979.583400000	-0.64
1979.666600000	-0.51
1979.750000000	-0.26
1979.833400000	-0.10
1979.916600000	-0.03
1980.000000000	-0.01
1980.083400000	-0.01
1980.166600000	0.02
1980.250000000	0.11
1980.333400000	0.23
1980.416600000	0.32
1980.500000000	0.34
1980.583400000	0.32
1980.666600000	0.31
1980.750000000	0.37
1980.833400000	0.49
1980.916600000	0.58
1981.000000000	0.56
1981.083400000	0.46
1981.166600000	0.40
1981.250000000	0.43
1981.333400000	0.46
1981.416600000	0.37
1981.500000000	0.19
1981.583400000	0.04
1981.666600000	-0.03
1981.750000000	-0.06
1981.833400000	-0.14
1981.916600000	-0.30
1982.000000000	-0.44
1982.083400000	-0.38
1982.166600000	-0.04
1982.250000000	0.35
1982.333400000	0.48
1982.416600000	0.39
1982.500000000	0.35
1982.583400000	0.46
1982.666600000	0.51
1982.750000000	0.41
1982.833400000	0.44
1982.916600000	0.75
1983.000000000	1.00
1983.083400000	0.85
1983.166600000	0.48
1983.250000000	0.34
1983.333400000	0.43
1983.416600000	0.38
1983.500000000	0.09
1983.583400000	-0.16
1983.666600000	-0.21
1983.750000000	-0.25
1983.833400000	-0.33
1983.916600000	-0.25
1984.000000000	0.08
1984.083400000	0.32
1984.166600000	0.19
1984.250000000	-0.15
1984.333400000	-0.32
1984.416600000	-0.30
1984.500000000	-0.32
1984.583400000	-0.43
1984.666600000	-0.51
1984.750000000	-0.50
1984.833400000	-0.52
1984.916600000	-0.58
1985.000000000	-0.59
1985.083400000	-0.53
1985.166600000	-0.52
1985.250000000	-0.59
1985.333400000	-0.59
1985.416600000	-0.48
1985.500000000	-0.38
1985.583400000	-0.41
1985.666600000	-0.48
1985.750000000	-0.45
1985.833400000	-0.34
1985.916600000	-0.30
1986.000000000	-0.33
1986.083400000	-0.30
1986.166600000	-0.10
1986.250000000	0.24
1986.333400000	0.57
1986.416600000	0.79
1986.500000000	0.92
1986.583400000	0.98
1986.666600000	1.04
1986.750000000	1.13
1986.833400000	1.22
1986.916600000	1.24
1987.000000000	1.11
1987.083400000	0.87
1987.166600000	0.59
1987.250000000	0.37
1987.333400000	0.28
1987.416600000	0.33
1987.500000000	0.40
1987.583400000	0.37
1987.666600000	0.22
1987.750000000	0.06
1987.833400000	-0.08
1987.916600000	-0.25
1988.000000000	-0.45
1988.083400000	-0.55
1988.166600000	-0.51
1988.250000000	-0.52
1988.333400000	-0.71
1988.416600000	-0.91
1988.500000000	-0.91
1988.583400000	-0.85
1988.666600000	-1.01
1988.750000000	-1.34
1988.833400000	-1.45
1988.916600000	-1.24
1989.000000000	-0.99
1989.083400000	-0.92
1989.166600000	-0.82
1989.250000000	-0.52
1989.333400000	-0.21
1989.416600000	-0.18
1989.500000000	-0.35
1989.583400000	-0.45
1989.666600000	-0.37
1989.750000000	-0.26
1989.833400000	-0.19
1989.916600000	-0.13
1990.000000000	-0.05
1990.083400000	0.04
1990.166600000	0.17
1990.250000000	0.32
1990.333400000	0.34
1990.416600000	0.21
1990.500000000	0.07
1990.583400000	0.10
1990.666600000	0.20
1990.750000000	0.22
1990.833400000	0.30
1990.916600000	0.61
1991.000000000	0.99
1991.083400000	1.07
1991.166600000	0.85
1991.250000000	0.65
1991.333400000	0.64
1991.416600000	0.60
1991.500000000	0.39
1991.583400000	0.17
1991.666600000	0.13
1991.750000000	0.23
1991.833400000	0.34
1991.916600000	0.49
1992.000000000	0.71
1992.083400000	0.83
1992.166600000	0.73
1992.250000000	0.57
1992.333400000	0.58
1992.416600000	0.71
1992.500000000	0.73
1992.583400000	0.57
1992.666600000	0.36
1992.750000000	0.22
1992.833400000	0.16
1992.916600000	0.22
1993.000000000	0.40
1993.083400000	0.58
1993.166600000	0.60
1993.250000000	0.51
1993.333400000	0.48
1993.416600000	0.53
1993.500000000	0.49
1993.583400000	0.26
1993.666600000	-0.03
1993.750000000	-0.19
1993.833400000	-0.21
1993.916600000	-0.17
1994.000000000	-0.10
1994.083400000	0.01
1994.166600000	0.14
1994.250000000	0.29
1994.333400000	0.47
1994.416600000	0.60
1994.500000000	0.60
1994.583400000	0.54
1994.666600000	0.66
1994.750000000	1.01
1994.833400000	1.32
1994.916600000	1.29
1995.000000000	0.97
1995.083400000	0.65
1995.166600000	0.48
1995.250000000	0.34
1995.333400000	0.13
1995.416600000	-0.12
1995.500000000	-0.35
1995.583400000	-0.52
1995.666600000	-0.58
1995.750000000	-0.52
1995.833400000	-0.51
1995.916600000	-0.69
1996.000000000	-0.92
1996.083400000	-0.90
1996.166600000	-0.63
1996.250000000	-0.38
1996.333400000	-0.31
1996.416600000	-0.34
1996.500000000	-0.33
1996.583400000	-0.32
1996.666600000	-0.34
1996.750000000	-0.24
1996.833400000	0.00
1996.916600000	0.17
1997.000000000	0.10
1997.083400000	-0.05
1997.166600000	-0.07
1997.250000000	0.02
1997.333400000	0.07
1997.416600000	0.11
1997.500000000	0.22
1997.583400000	0.34
1997.666600000	0.36
1997.750000000	0.41
1997.833400000	0.64
1997.916600000	0.95
1998.000000000	1.03
1998.083400000	0.87
1998.166600000	0.70
1998.250000000	0.61
1998.333400000	0.45
1998.416600000	0.11
1998.500000000	-0.23
1998.583400000	-0.39
1998.666600000	-0.38
1998.750000000	-0.33
1998.833400000	-0.29
1998.916600000	-0.31
1999.000000000	-0.46
1999.083400000	-0.67
1999.166600000	-0.82
1999.250000000	-0.86
1999.333400000	-0.91
1999.416600000	-1.11
1999.500000000	-1.43
1999.583400000	-1.75
1999.666600000	-1.98
1999.750000000	-2.06
1999.833400000	-2.01
1999.916600000	-1.97
2000.000000000	-2.01
2000.083400000	-2.03
2000.166600000	-1.83
2000.250000000	-1.46
2000.333400000	-1.20
2000.416600000	-1.23
2000.500000000	-1.42
2000.583400000	-1.57
2000.666600000	-1.64
2000.750000000	-1.62
2000.833400000	-1.49
2000.916600000	-1.27
2001.000000000	-1.02
2001.083400000	-0.78
2001.166600000	-0.48
2001.250000000	-0.15
2001.333400000	0.09
2001.416600000	0.18
2001.500000000	0.18
2001.583400000	0.16
2001.666600000	0.11
2001.750000000	0.06
2001.833400000	0.14
2001.916600000	0.39
2002.000000000	0.60
2002.083400000	0.54
2002.166600000	0.30
2002.250000000	0.16
2002.333400000	0.23
2002.416600000	0.33
2002.500000000	0.29
2002.583400000	0.21
2002.666600000	0.24
2002.750000000	0.40
2002.833400000	0.51
2002.916600000	0.44
2003.000000000	0.31
2003.083400000	0.25
2003.166600000	0.22
2003.250000000	0.16
2003.333400000	0.15
2003.416600000	0.29
2003.500000000	0.50
2003.583400000	0.60
2003.666600000	0.64
2003.750000000	0.80
2003.833400000	1.04
2003.916600000	0.98
2004.000000000	0.57
2004.083400000	0.20
2004.166600000	0.22
2004.250000000	0.41
2004.333400000	0.42
2004.416600000	0.30
2004.500000000	0.31
2004.583400000	0.36
2004.666600000	0.23
2004.750000000	0.04
2004.833400000	0.05
2004.916600000	0.15
2005.000000000	0.01
2005.083400000	-0.28
2005.166600000	-0.29
2005.250000000	0.01
2005.333400000	0.17
2005.416600000	0.01
2005.500000000	-0.17
2005.583400000	-0.12
2005.666600000	-0.06
2005.750000000	-0.12
2005.833400000	-0.12
2005.916600000	0.02
2006.000000000	0.04
2006.083400000	-0.18
2006.166600000	-0.35
2006.250000000	-0.24
2006.333400000	-0.10
2006.416600000	-0.18
2006.500000000	-0.31
2006.583400000	-0.25
2006.666600000	-0.12
2006.750000000	-0.10
2006.833400000	-0.13
2006.916600000	-0.06
2007.000000000	-0.03
2007.083400000	-0.19
2007.166600000	-0.33
2007.250000000	-0.29
2007.333400000	-0.25
2007.416600000	-0.44
2007.500000000	-0.70
2007.583400000	-0.83
2007.666600000	-0.98
2007.750000000	-1.27
2007.833400000	-1.40
2007.916600000	-1.08
2008.000000000	-0.61
2008.083400000	-0.55
2008.166600000	-0.80
2008.250000000	-0.87
2008.333400000	-0.65
2008.416600000	-0.59
2008.500000000	-0.84
2008.583400000	-1.06
2008.666600000	-1.02
2008.750000000	-0.95
2008.833400000	-1.02
2008.916600000	-1.02
2009.000000000	-0.74
2009.083400000	-0.36
2009.166600000	-0.13
2009.250000000	-0.07
2009.333400000	-0.10
2009.416600000	-0.16
2009.500000000	-0.19
2009.583400000	-0.10
2009.666600000	-0.01
2009.750000000	-0.05
2009.833400000	-0.12
2009.916600000	0.05
2010.000000000	0.44
2010.083400000	0.69
2010.166600000	0.69
2010.250000000	0.73
2010.333400000	0.94
2010.416600000	1.04
2010.500000000	0.83
2010.583400000	0.56
2010.666600000	0.55
2010.750000000	0.74
2010.833400000	0.81
2010.916600000	0.74
2011.000000000	0.64
2011.083400000	0.50
2011.166600000	0.25
2011.250000000	0.04
2011.333400000	0.10
2011.416600000	0.40
2011.500000000	0.61
2011.583400000	0.61
2011.666600000	0.53
2011.750000000	0.58
2011.833400000	0.73
2011.916600000	0.88
2012.000000000	0.91
2012.083400000	0.73
2012.166600000	0.38
2012.250000000	0.02
2012.333400000	-0.16
2012.416600000	-0.13
2012.500000000	-0.06
2012.583400000	-0.06
2012.666600000	-0.08
2012.750000000	-0.07
2012.833400000	-0.06
2012.916600000	-0.12
2013.000000000	-0.25
2013.083400000	-0.34
2013.166600000	-0.29
2013.250000000	-0.14
2013.333400000	-0.05
2013.416600000	-0.11
2013.500000000	-0.19
2013.583400000	-0.12
2013.666600000	0.14
2013.750000000	0.41
2013.833400000	0.57
2013.916600000	0.59
2014.000000000	0.50
2014.083400000	0.37
2014.166600000	0.29
2014.250000000	0.34
2014.333400000	0.38
2014.416600000	0.23
2014.500000000	-0.08
2014.583400000	-0.25
2014.666600000	-0.17
2014.750000000	-0.04
2014.833400000	-0.08
2014.916600000	-0.14
2015.000000000	0.07
2015.083400000	0.54
2015.166600000	0.98
2015.250000000	1.20
2015.333400000	1.29
2015.416600000	1.39
2015.500000000	1.50
2015.583400000	1.53
2015.666600000	1.47
2015.750000000	1.44
2015.833400000	1.54
2015.916600000	1.77
2016.000000000	1.95
2016.083400000	1.87
2016.166600000	1.52
2016.250000000	1.09
2016.333400000	0.78
2016.416600000	0.60
2016.500000000	0.43
2016.583400000	0.22
2016.666600000	0.04
2016.750000000	-0.10
2016.833400000	-0.21
2016.916600000	-0.29
2017.000000000	-0.31
2017.083400000	-0.26
2017.166600000	-0.22
2017.250000000	-0.23
2017.333400000	-0.32
2017.416600000	-0.50
2017.500000000	-0.68
2017.583400000	-0.76
2017.666600000	-0.68
2017.750000000	-0.51
2017.833400000	-0.35
2017.916600000	-0.18
2018.000000000	0.01
2018.083400000	0.16
2018.166600000	0.19
2018.250000000	0.25
2018.333400000	0.45
2018.416600000	0.63
2018.500000000	0.55
2018.583400000	0.24
2018.666600000	0.01
2018.750000000	0.05
2018.833400000	0.20
2018.916600000	0.28
2019.000000000	0.36
2019.083400000	0.55
2019.166600000	0.76
2019.250000000	0.88
2019.333400000	0.97
2019.416600000	1.06
2019.500000000	1.06
2019.583400000	0.88
2019.666600000	0.68
2019.750000000	0.64
2019.833400000	0.73
2019.916600000	0.80
2020.000000000	0.83
2020.083400000	0.84
2020.166600000	0.82
2020.250000000	0.72
2020.333400000	0.69
2020.416600000	0.80
2020.500000000	0.88
2020.583400000	0.80
2020.666600000	0.67
2020.750000000	0.70
2020.833400000	0.76
2020.916600000	0.57
2021.000000000	0.20
2021.083400000	-0.01
2021.166600000	0.06
2021.250000000	0.18
2021.333400000	0.25
2021.416600000	0.39
2021.500000000	0.64
2021.583400000	0.79
2021.666600000	0.82
2021.750000000	0.92
2021.833400000	1.11
2021.916600000	1.12
2022.000000000	0.82
2022.083400000	0.48
2022.166600000	0.30
2022.250000000	0.16
2022.333400000	-0.07
2022.416600000	-0.22
2022.500000000	-0.21
2022.583400000	-0.25
2022.666600000	-0.45
2022.750000000	-0.59
2022.833400000	-0.54
2022.916600000	-0.58
2023.000000000	-0.86
2023.083400000	-1.02
2023.166600000	-0.75
2023.250000000	-0.41
2023.333400000	-0.48
2023.416600000	-0.80
2023.500000000	-0.87
2023.583400000	-0.74
2023.666600000	-0.84
2023.750000000	-1.16
2023.833400000	-1.18
2023.916600000	-0.81
2024.000000000	-0.51
2024.083400000	-0.49
2024.166600000	-0.40
2024.250000000	-0.04
2024.333400000	0.20
2024.416600000	-0.02
2024.500000000	-0.43
2024.583400000	-0.63
2024.666600000	-0.63
2024.750000000	-0.62
2024.833400000	-0.60
2024.916600000	-0.51
