1889   680.000   610.000   420.000   380.000   340.000   400.000   450.000   800.000   600.000   420.000   740.000   900.000
1890   800.000   560.000   530.000   360.000   260.000   610.000   820.000   670.000   650.000   690.000   530.000   540.000
1891   560.000   740.000   600.000   270.000   430.000   430.000   520.000   520.000   660.000   590.000   510.000   700.000
1892   500.000   540.000   240.000   420.000   590.000   560.000   660.000   660.000   790.000   500.000   590.000   520.000
1893   600.000   720.000   780.000   720.000   580.000   570.000   530.000   610.000   840.000   820.000   900.000   890.000
1894   670.000   960.000   710.000   300.000   370.000   350.000   590.000   730.000   490.000   370.000   700.000   790.000
1895   440.000   180.000   410.000   550.000   380.000   480.000   660.000   600.000   790.000   680.000   800.000   640.000
1896   740.000   860.000   630.000   640.000   600.000   580.000   760.000   650.000   610.000   780.000   640.000   440.000
1897   420.000   570.000   470.000   530.000   550.000   590.000   740.000   630.000   880.000   760.000   640.000   760.000
1898   970.000   910.000   600.000   460.000   510.000   590.000   830.000   850.000   690.000   540.000   750.000  1060.000
1899  1070.000   950.000   810.000   830.000   620.000   530.000   650.000   680.000   680.000   950.000  1030.000   740.000
1900   500.000   410.000   490.000   440.000   620.000   500.000   690.000   710.000   690.000   890.000   700.000   680.000
1901   630.000   640.000   490.000   540.000   320.000   580.000   520.000   570.000   450.000   630.000   550.000   570.000
1902   860.000   650.000   420.000   320.000   400.000   440.000   680.000   760.000   690.000   550.000   650.000   620.000
1903   740.000  1080.000   990.000   830.000   570.000   540.000   660.000   900.000   870.000   560.000   780.000   690.000
1904   720.000   350.000   330.000   470.000   570.000   560.000   710.000   690.000   520.000   670.000   720.000   810.000
1905   820.000   910.000   410.000   440.000   550.000   430.000   610.000   650.000   700.000   560.000   520.000   860.000
1906   790.000   790.000   710.000   570.000   350.000   530.000   650.000   630.000   560.000   580.000   400.000   800.000
1907   660.000   640.000   730.000   420.000   480.000   510.000   570.000   840.000   920.000   520.000   490.000   360.000
1908   550.000   760.000   340.000   250.000   460.000   480.000   430.000   550.000   660.000   540.000   420.000   630.000
1909   810.000   510.000   270.000   250.000   430.000   520.000   650.000   790.000   640.000   750.000   580.000   680.000
1910   870.000   820.000   530.000   490.000   460.000   450.000   530.000   430.000   480.000   600.000   480.000   410.000
1911   700.000   630.000   640.000   440.000   420.000   430.000   660.000   480.000   700.000   540.000   810.000   520.000
1912   590.000   490.000   500.000   590.000   440.000   590.000   460.000   510.000   590.000   480.000   720.000   880.000
1913   644.000   603.000   851.000   489.000   391.000   577.000   539.000   606.000   373.000   393.000   801.000  1002.000
1914   733.000   833.000   494.000   486.000   623.000   522.000   481.000   450.000   524.000   555.000   472.000   801.000
1915   360.000   357.000   363.000   542.000   478.000   531.000   568.000   554.000   417.000   201.000   263.000   350.000
1916   658.000   604.000   140.000   333.000   273.000   370.000   465.000   449.000   527.000   580.000   567.000   432.000
1917   386.000   327.000   192.000   396.000   404.000   405.000   357.000   360.000   638.000   871.000   705.000   866.000
1918   658.000   529.000   329.000   182.000   126.000   533.000   511.000   455.000   779.000   745.000   638.000   466.000
1919   398.000   276.000   279.000   430.000   228.000   472.000   522.000   725.000   806.000   575.000   295.000   497.000
1920   721.000   683.000   752.000   417.000   576.000   424.000   605.000   598.000   516.000   211.000   594.000   333.000
1921   640.000   534.000   656.000   507.000   427.000   524.000   593.000   700.000   654.000   620.000   567.000   708.000
1922 -9999.000 -9999.000 -9999.000 -9999.000 -9999.000   549.000   526.000   575.000   490.000   290.000   603.000   709.000
1923   772.000   509.000    61.000    25.000   451.000   659.000   609.000   649.000   703.000   760.000   754.000   637.000
1924 -9999.000 -9999.000 -9999.000 -9999.000   379.000   369.000   596.000   487.000   618.000   502.000   567.000   717.000
1925   989.000   850.000   265.000   332.000   239.000   433.000   389.000   429.000   636.000   605.000   459.000   499.000
1926   418.000   231.000   528.000   322.000   217.000   326.000   391.000   511.000   672.000   455.000   527.000   520.000
1927   643.000   435.000   292.000   461.000   466.000   589.000   373.000   416.000   513.000   608.000   554.000   175.000
1928   449.000   556.000   104.000   159.000   129.000   448.000   773.000   559.000   536.000   490.000   490.000   613.000
1929   252.000    29.000   249.000   232.000   303.000   447.000   523.000   594.000   569.000   725.000   707.000   703.000
1930   819.000   318.000   344.000   106.000   147.000   289.000   319.000   401.000   204.000   439.000   820.000   568.000
1931   393.000   275.000   201.000   177.000   214.000   420.000   570.000   480.000   346.000   690.000   549.000 -9999.000
1932 -9999.000 -9999.000 -9999.000 -9999.000   165.000   314.000   407.000   484.000   715.000   584.000   533.000   667.000
1933   530.000   453.000   221.000   413.000   162.000   124.000   477.000   566.000   215.000   356.000   298.000   196.000
1934   667.000   631.000   396.000    46.000   342.000   402.000   274.000   466.000   383.000   664.000   594.000   564.000
1935 -9999.000 -9999.000 -9999.000 -9999.000   177.000   360.000   457.000   390.000   362.000   687.000   599.000   495.000
1936 -9999.000 -9999.000 -9999.000 -9999.000    56.000   263.000   404.000   487.000   280.000   352.000   657.000   893.000
1937   598.000    51.000    68.000    59.000   169.000   410.000   317.000   258.000   485.000   405.000   364.000   122.000
1938   423.000   609.000   596.000   588.000   321.000   450.000   495.000   382.000 -9999.000 -9999.000 -9999.000 -9999.000
1939 -9999.000 -9999.000 -9999.000   325.000    77.000   343.000   380.000   324.000   115.000    33.000   353.000   392.000
1940   258.000     5.000   182.000   204.000    46.000   210.000   352.000   593.000   665.000   397.000   356.000   496.000
1941   105.000     9.000   109.000    48.000    56.000   182.000   301.000   352.000   429.000   247.000   238.000   362.000
1942   200.000     2.000    26.000   105.000   117.000   285.000   380.000   387.000   511.000   567.000   484.000   655.000
1943   285.000   691.000   592.000   588.000   406.000   293.000   349.000   484.000   444.000   572.000   399.000   477.000
1944   689.000   594.000   335.000   189.000   262.000   248.000   221.000   287.000   435.000   412.000   320.000   514.000
1945   347.000   293.000   347.000 -9999.000   246.000   412.000   287.000   253.000   155.000   357.000   290.000   391.000
1946   386.000   326.000 -9999.000   475.000 -9999.000   363.000   390.000 -9999.000   456.000   262.000   294.000 -9999.000
1947   -13.000  -188.000 -9999.000 -9999.000 -9999.000 -9999.000 -9999.000 -9999.000   419.000   506.000   229.000   262.000
1948   319.000   238.000   284.000   267.000   155.000   229.000   312.000   279.000   506.000   687.000   578.000   642.000
1949   666.000   612.000   349.000   323.000   316.000   229.000   250.000   520.000   309.000   423.000   323.000   607.000
1950   320.000   258.000   394.000   365.000   161.000   314.000   256.000   203.000   377.000   647.000   255.000   418.000
1951   202.000    84.000   137.000   337.000 -9999.000   169.000   390.000   342.000   341.000   343.000 -9999.000 -9999.000
1952 -9999.000 -9999.000 -9999.000 -9999.000 -9999.000 -9999.000   445.000   297.000   455.000   194.000   258.000   299.000
1953   250.000   255.000   288.000   360.000   116.000    93.000   243.000   406.000   435.000   392.000   491.000   553.000
1954   257.000   -69.000   -64.000    71.000   -67.000   166.000   335.000   346.000   514.000   558.000   535.000   556.000
1955   422.000   215.000    86.000   129.000   339.000   255.000   198.000   167.000   253.000   438.000   298.000   537.000
1956   500.000   -12.000    45.000    -8.000   264.000   267.000   150.000   291.000   278.000   419.000   111.000   457.000
1957   337.000   342.000    82.000     8.000    87.000   209.000   198.000   283.000   343.000   586.000   492.000   403.000
1958   369.000   242.000    82.000   -60.000   261.000   144.000   258.000   322.000   120.000   266.000   340.000   176.000
1959   304.000   287.000   236.000    88.000     2.000   223.000   213.000    81.000   209.000   135.000   167.000   -13.000
1960     7.000    38.000  -190.000   -71.000    88.000   228.000   197.000   230.000   184.000   -95.000   -13.000   294.000
1961    87.000   308.000   442.000   314.000   108.000   300.000   443.000   396.000   402.000   285.000   396.000   355.000
1962   504.000   480.000 -9999.000 -9999.000 -9999.000   329.000   242.000   291.000   426.000   382.000   246.000   316.000
1963   -12.000    13.000 -9999.000  -125.000    47.000 -9999.000   237.000   139.000   262.000   484.000   325.000   348.000
1964   363.000   279.000 -9999.000   -20.000   184.000   244.000   365.000   235.000   349.000   290.000   323.000   595.000
1965   310.000    37.000    90.000 -9999.000 -9999.000   251.000   350.000   254.000   267.000   233.000   272.000   172.000
1966    11.000  -122.000 -9999.000    39.000    79.000   157.000   295.000   356.000   391.000   273.000   284.000   363.000
1967   256.000 -9999.000   583.000 -9999.000   160.000   208.000   347.000   215.000   221.000   582.000   502.000   384.000
1968   270.000   299.000   306.000   251.000    25.000    62.000   105.000    20.000  -139.000   164.000    70.000   146.000
1969    15.000   -29.000  -219.000   -21.000   -84.000    -6.000   257.000     4.000   162.000   404.000   645.000   201.000
1970  -135.000   -38.000   -59.000    78.000    53.000    78.000   313.000   123.000   217.000   297.000   338.000 -9999.000
1971 -9999.000 -9999.000   -17.000  -113.000   -74.000   -26.000   198.000   177.000   206.000 -9999.000   475.000   458.000
1972    43.000  -219.000  -230.000     6.000  -180.000    91.000    69.000    52.000    56.000 -9999.000 -9999.000   718.000
1973   247.000   405.000   237.000   220.000    55.000   137.000    80.000   250.000    92.000    58.000   317.000   510.000
1974   325.000   200.000  -256.000  -215.000  -306.000    76.000   357.000   266.000   323.000    -1.000   108.000   584.000
1975   757.000   201.000   -12.000   -58.000   -24.000    76.000    83.000    71.000   364.000   192.000   167.000   459.000
1976   591.000   130.000  -141.000    35.000   -87.000    -8.000    -8.000    41.000    16.000  -232.000   -37.000   102.000
1977    53.000  -166.000    26.000    41.000   -59.000    -6.000    82.000  -100.000   141.000   153.000   425.000   184.000
1978   323.000  -229.000   -71.000  -198.000  -367.000  -123.000    59.000   -61.000   285.000   325.000   594.000   -74.000
1979  -207.000   -56.000    -5.000  -237.000    94.000    11.000   202.000   153.000   355.000    32.000   129.000   356.000
1980   -91.000  -155.000  -345.000  -156.000  -178.000   -21.000   -72.000  -110.000   172.000   190.000   132.000   417.000
1981   464.000   285.000  -101.000  -135.000  -129.000    75.000   166.000    63.000    22.000   210.000   373.000   101.000
1982   -20.000    72.000    44.000   100.000   131.000  -106.000    40.000   110.000   379.000   -65.000   334.000   458.000
1983   678.000   312.000    55.000   -62.000  -158.000     2.000    94.000   128.000   204.000   537.000   388.000   271.000
1984   498.000    46.000  -314.000  -175.000  -182.000   -73.000   110.000   -13.000   -41.000   203.000    64.000   141.000
1985  -251.000  -188.000  -247.000  -130.000  -213.000   -90.000     4.000   193.000   296.000   273.000   211.000   130.000
1986    47.000  -285.000  -109.000  -269.000   -71.000   -57.000    63.000  -111.000   199.000   386.000   488.000   255.000
1987  -156.000    55.000  -312.000  -204.000  -109.000   -39.000    32.000    77.000   147.000   285.000   -13.000    77.000
1988   402.000    14.000   -52.000  -113.000  -209.000  -156.000   -40.000   113.000   219.000   227.000   161.000   271.000
1989   603.000   648.000   333.000  -102.000   123.000    -7.000    47.000   158.000   141.000   163.000   111.000   186.000
1990   297.000   556.000   666.000   129.000   -75.000  -135.000    28.000    60.000   -46.000   189.000   -42.000   209.000
1991   233.000  -266.000  -266.000 -9999.000 -9999.000    60.000    63.000    44.000    88.000   115.000   261.000   195.000
1992   432.000   210.000   188.000  -203.000   132.000  -115.000   -43.000   166.000    27.000  -302.000    90.000   451.000
1993   512.000   335.000    21.000  -208.000  -291.000   -53.000    98.000    45.000  -175.000  -204.000  -157.000    48.000
1994    62.000  -121.000   -10.000   -63.000  -262.000   157.000   -85.000  -164.000   -77.000   143.000    68.000   428.000
1995   390.000   451.000   246.000   144.000  -143.000   -95.000    18.000   -97.000  -238.000   189.000    39.000  -177.000
1996  -270.000  -451.000  -446.000  -328.000  -285.000   -30.000    80.000  -135.000  -375.000    31.000   200.000   -95.000
1997   -70.000   152.000   159.000    64.000  -117.000  -205.000  -274.000  -204.000   173.000   102.000   -82.000  -169.000
1998   -27.000   206.000   191.000  -372.000  -194.000  -135.000   112.000   117.000   -14.000   -36.000   203.000   111.000
1999   117.000   104.000   -77.000   -80.000  -228.000  -116.000     7.000  -123.000  -130.000    12.000   157.000   285.000
2000   278.000   435.000   207.000  -185.000  -205.000    71.000    -1.000    48.000   -79.000  -169.000   -77.000    32.000
2001   -57.000  -283.000  -256.000  -258.000  -209.000    -3.000   -35.000    76.000     5.000    -7.000   289.000   -38.000
2002   136.000   491.000   305.000  -214.000  -236.000  -136.000   113.000  -180.000  -188.000  -304.000  -326.000  -485.000
2003   -34.000   -75.000  -247.000  -308.000  -123.000   -79.000   -70.000  -137.000    57.000     2.000   -65.000   139.000
2004    40.000    50.000  -219.000  -259.000  -232.000    -5.000    90.000  -159.000   130.000    81.000   161.000   403.000
2005   516.000    66.000  -340.000  -307.000  -160.000   -71.000   -62.000   106.000   184.000    47.000   181.000   -97.000
2006   -98.000  -216.000  -448.000  -144.000  -257.000   -32.000  -118.000  -233.000   -26.000  -111.000   271.000   503.000
2007   514.000    46.000   -27.000   -68.000   -41.000  -200.000    -9.000    62.000   225.000    47.000    98.000   232.000
2008   147.000   222.000   172.000  -287.000  -334.000  -198.000   -64.000  -109.000  -205.000   239.000   175.000   117.000
2009   -44.000  -253.000  -211.000  -303.000  -208.000  -190.000  -101.000   -25.000   195.000    -7.000  -161.000  -170.000
2010  -432.000  -424.000  -197.000  -210.000  -202.000  -124.000  -100.000  -156.000  -143.000   -70.000  -127.000  -281.000
2011  -102.000  -129.000  -201.000   -69.000  -220.000   -82.000  -180.000  -125.000    71.000   247.000     8.000   523.000
2012   211.000  -158.000   -45.000  -130.000  -185.000  -133.000   -52.000  -125.000   187.000    77.000   139.000  -262.000
2013  -182.000  -263.000  -571.000  -308.000  -307.000  -272.000  -170.000  -103.000  -224.000  -156.000   227.000   374.000
2014   -98.000  -223.000   -80.000  -178.000  -353.000  -339.000  -270.000  -126.000  -186.000  -137.000  -195.000    77.000
2015   294.000   123.000   -70.000   -82.000   -28.000    77.000   -27.000  -150.000  -201.000  -189.000   141.000   493.000
2016  -233.000   164.000  -207.000  -230.000  -273.000  -356.000   -49.000    45.000   -85.000  -430.000  -282.000   120.000
2017   277.000  -300.000   -79.000  -110.000  -316.000   -77.000   -75.000   -22.000  -169.000  -115.000   239.000   279.000
2018    28.000  -285.000  -537.000  -409.000  -339.000  -271.000  -290.000   -33.000    55.000   192.000  -100.000  -149.000
2019  -114.000  -145.000    10.000  -415.000  -231.000  -162.000  -203.000  -170.000    -2.000  -112.000  -357.000    74.000
2020   407.000   479.000   167.000  -124.000   -89.000  -263.000    13.000   -82.000   -27.000  -263.000   232.000   -65.000
2021  -337.000  -425.000  -144.000  -115.000  -276.000  -225.000  -228.000  -168.000  -280.000    28.000    92.000  -198.000
2022   -10.000   317.000  -153.000  -279.000  -202.000   -75.000   -14.000  -107.000  -427.000    40.000  -130.000  -270.000
