offs    0.00000000000
bg      0.00014145083
impA    0.00000000000
impB    0.00000000000
impC    0.00000000000
delA    4.52205692561
delB    0.79873573316
asym    0.01577742003
ann1   -0.37596753741
ann2   -0.36968699780
sem1   -0.10541473410
sem2   14.29768090236
year   -0.00002792676
IR     -0.00000000000
ma     -0.00000000000
mp      0.00007480295
shfT   -0.00000000000
init   -0.00148559803
   27.32166155400   0.00704502408  -1.29398466988
   27.21222081500   0.03130283234  -0.72113674912
 1095.17502233364   0.00015730518  -1.32413555310
    9.08286783775   0.00507273690   1.48013274175
    6.81670784238   0.00125549310  -0.02192471596
   13.63341568476   0.00472037732   9.92971675133
   13.66083077700  -0.00307116627  20.70446352491
   13.60611040750  -0.00211234007  21.26885971548
   27.55454988600  -0.00512114501   3.14156554298
   13.77727494300  -0.00320615892  23.07570331778
 6793.47648813065   0.00071406688  -0.12835272264
 1616.30271425126  -0.00089583571  -1.08783237846
   27.09267692660  -0.00270885973   2.06986299765
    9.09502787633   0.00234230929   0.84944467159
   13.69115772864   0.00095044497   3.88667251327
 1305.66025845931  -0.00040826774  -0.69107043492
   27.44323926226  -0.00130935853   1.45385093813
   27.66676714572  -0.00117869070   2.75356251106
 2190.35004466729   0.00172010452   2.25510696395
   26.98505934729   0.00189882418   5.55560349998
 6167.20701373239  -0.00030977929 -11.74875666421
 -3232.60542850251   0.00053362380   0.52244355839
 -2120.90900683440  -0.00218036946  -0.17008422300
   27.33282433123  -0.00056348276  54.90537759577
   13.71880577217   0.00353652385   1.78496793048
    9.13295078376   0.00007101802   0.83884886526
    9.12068919638   0.00074522396   0.57688911629
    9.10846048884   0.00183434960   0.77391154227
 3396.73824406533   0.00105378390 -33.74128775892
 1656.31999626209   0.00022925766   5.40076190076
   27.10365333842  -0.00032309641   3.20277739957
ltep   -7.16982353147
ltep   -7.22179501163
ltep   23.69096749231
ltep  100.00000000000
ltep   10.00000000000
ltep  200.00000000000
ltep  600.00000000000
ltep   70.00000000000
ltep  150.00000000000
ltep  400.00000000000
ltep    0.50000000000
harm  3
harm  6
harm  0
