offs    0.00000000000
bg      0.00014145452
impA    0.00000000000
impB    0.00000000000
impC    0.00000000000
delA    4.56409347417
delB    0.72718786582
asym   -0.00014830282
ann1    0.21604428082
ann2   -1.58404691373
sem1   -0.03880163063
sem2    0.34534622630
year   -0.00002792655
IR     -0.00000000000
ma     -0.00000000000
mp      0.00011776104
shfT   -0.00000000000
init   -0.00671538086
   27.32166155400   0.00627370124  -1.34009694327
   27.21222081500   0.03086387939  -0.74588747643
 1095.17502233364   0.00032346201  -0.09807057042
    9.08286783775   0.00413812940   1.44799988038
    6.81670784238   0.00102860348   0.40097264852
   13.63341568476   0.00513721815   9.82232253175
   13.66083077700  -0.00267618729  14.71237780474
   13.60611040750  -0.00178203856  20.83570215720
   27.55454988600  -0.00441088622   3.03345705707
   13.77727494300  -0.00221689051  78.44210530118
 6793.47648813065   0.00072551410 -24.08967142807
 1616.30271425126  -0.00049556360   0.38153070638
   27.09267692660  -0.00205341946   1.68488750479
    9.09502787633   0.00256708847   0.61039248121
   13.69115772864   0.00008717731  -1.73629322169
 1305.66025845931   0.00032905861   1.50019829502
   27.44323926226  -0.00008390076   0.37708704110
   27.66676714572  -0.00099991441   2.75120527444
 2190.35004466729   0.00134358623   2.08850284480
   26.98505934729   0.00124695468   6.40090713933
 6167.20701373239  -0.00010592804  -4.00042926428
 -3232.60542850251   0.00090108793   0.28710053868
 -2120.90900683440  -0.00213439141  -0.30307439382
   27.33282433123  -0.00034487220   9.33853093040
   13.71880577217   0.00298379090 -16.78947772382
    9.13295078376   0.00007666204   8.01570303718
    9.12068919638   0.00074952636   0.78802436518
    9.10846048884   0.00134869630   1.02096756548
 3396.73824406533   0.00123234769 -39.22540624064
ltep   24.25432389756
ltep    2.58095268462
ltep    3.91413290270
ltep   12.28983519434
ltep   11.21165301861
ltep   -2.09107104701
ltep    3.18081070896
ltep    3.58245503554
ltep  -61.72163523927
ltep  -17.10853873324
ltep    9.89513841622
harm  45
harm  50
harm  48
harm  18
harm  42
harm  57
harm  2217
harm  8734
harm  8775
harm  9280
harm  50
harm  80
harm  219
harm  186
harm  261
harm  133
harm  55
harm  683
harm  490
harm  1196
harm  119
harm  173
harm  284
harm  23
harm  74
harm  58
harm  139
harm  0
