1864.0000333    -87.8243
1864.0833333    -71.4139
1864.1666333    -62.0273
1864.2500333    -57.5576
1864.3333333    -54.8452
1864.4166333    -68.4511
1864.5000333    -63.0711
1864.5833333    -37.8833
1864.6666333    -36.5416
1864.7500333    -42.8924
1864.8333333    -38.4738
1864.9166333    -43.286
1865.0000333    -48.8676
1865.0833333    -49.8336
1865.1666333    -60.0304
1865.2500333    -61.7659
1865.3333333    -65.0396
1865.4166333    -72.1595
1865.5000333    -58.5104
1865.5833333    -54.0918
1865.6666333    -68.9041
1865.7500333    -71.4088
1865.8333333    -66.9903
1865.9166333    -64.1102
1866.0000333    -53.538
1866.0833333    -49.8887
1866.1666333    -47.7779
1866.2500333    -47.2058
1866.3333333    -28.9411
1866.4166333    -18.3688
1866.5000333    -13.1813
1866.5833333    -5.6858
1866.6666333    -21.2674
1866.7500333    -12.2337
1866.8333333    -13.1999
1866.9166333    -10.3198
1867.0000333    -1.2862
1867.0833333    -8.4062
1867.1666333    -7.0647
1867.2500333    -4.1849
1867.3333333    2.5412
1867.4166333    -12.2711
1867.5000333    -26.3145
1867.5833333    -14.973
1867.6666333    -18.2468
1867.7500333    -9.9825
1867.8333333    -19.4103
1867.9166333    -16.5303
1868.0000333    -16.7275
1868.0833333    -18.463
1868.1666333    -16.3523
1868.2500333    -10.3957
1868.3333333    -16.7465
1868.4166333    -10.0205
1868.5000333    -24.8331
1868.5833333    -5.7994
1868.6666333    -14.4579
1868.7500333    -23.1167
1868.8333333    -23.3138
1868.9166333    -14.2801
1869.0000333    -13.7081
1869.0833333    -3.9052
1869.1666333    2.0516
1869.2500333    17.2389
1869.3333333    24.7342
1869.4166333    27.614
1869.5000333    15.109
1869.5833333    11.835
1869.6666333    0.0994
1869.7500333    -2.4056
1869.8333333    2.7819
1869.9166333    2.5848
1870.0000333    -1.4587
1870.0833333    6.8057
1870.1666333    -0.3145
1870.2500333    -0.5119
1870.3333333    -9.9398
1870.4166333    -31.6754
1870.5000333    -44.1805
1870.5833333    -42.8392
1870.6666333    -31.4979
1870.7500333    -25.5415
1870.8333333    -18.8156
1870.9166333    -12.8589
1871.0000333    -9.9794
1871.0833333    -5.5612
1871.1666333    -2.6815
1871.2500333    0.198
1871.3333333    -13.8454
1871.4166333    -14.0426
1871.5000333    -11.9323
1871.5833333    -12.1296
1871.6666333    -7.7114
1871.7500333    -0.9858
1871.8333333    -5.7984
1871.9166333    -5.9957
1872.0000333    -8.5009
1872.0833333    -0.2366
1872.1666333    24.1815
1872.2500333    25.5225
1872.3333333    31.479
1872.4166333    42.051
1872.5000333    44.9304
1872.5833333    36.2716
1872.6666333    41.4589
1872.7500333    36.6459
1872.8333333    37.2179
1872.9166333    41.6359
1873.0000333    45.2845
1873.0833333    51.241
1873.1666333    52.5822
1873.2500333    33.9231
1873.3333333    30.6488
1873.4166333    22.7591
1873.5000333    20.2538
1873.5833333    3.9026
1873.6666333    16.013
1873.7500333    19.6615
1873.8333333    17.9257
1873.9166333    11.5744
1874.0000333    5.223
1874.0833333    5.0256
1874.1666333    3.2897
1874.2500333    -1.5233
1874.3333333    -5.5669
1874.4166333    -11.9182
1874.5000333    -13.6543
1874.5833333    -31.544
1874.6666333    -30.9722
1874.7500333    -40.4007
1874.8333333    -40.5981
1874.9166333    -34.6417
1875.0000333    -31.7625
1875.0833333    -28.883
1875.1666333    -33.6959
1875.2500333    -46.9705
1875.3333333    -44.0911
1875.4166333    -44.2886
1875.5000333    -59.1017
1875.5833333    -57.7607
1875.6666333    -31.0351
1875.7500333    -25.079
1875.8333333    -26.815
1875.9166333    -23.9356
1876.0000333    -21.0565
1876.0833333    -16.6386
1876.1666333    -11.4515
1876.2500333    -10.1108
1876.3333333    -3.3853
1876.4166333    -14.3521
1876.5000333    -6.8576
1876.5833333    26.0218
1876.6666333    25.8242
1876.7500333    6.3956
1876.8333333    10.8134
1876.9166333    26.0004
1877.0000333    35.0334
1877.0833333    39.4512
1877.1666333    37.7151
1877.2500333    37.5173
1877.3333333    38.8581
1877.4166333    41.7374
1877.5000333    43.078
1877.5833333    27.4957
1877.6666333    19.6058
1877.7500333    14.7925
1877.8333333    26.9026
1877.9166333    32.0895
1878.0000333    34.9686
1878.0833333    34.7709
1878.1666333    36.1117
1878.2500333    34.3753
1878.3333333    32.6392
1878.4166333    28.5953
1878.5000333    13.782
1878.5833333    14.3535
1878.6666333    14.9251
1878.7500333    7.0348
1878.8333333    6.8371
1878.9166333    8.1778
1879.0000333    13.3645
1879.0833333    16.2437
1879.1666333    14.5075
1879.2500333    8.9249
1879.3333333    11.804
1879.4166333    0.0678
1879.5000333    -5.5148
1879.5833333    8.1336
1879.6666333    1.782
1879.7500333    8.507
1879.8333333    3.6939
1879.9166333    12.7268
1880.0000333    11.7596
1880.0833333    4.6387
1880.1666333    0.5947
1880.2500333    6.5505
1880.3333333    17.8912
1880.4166333    36.1549
1880.5000333    36.726
1880.5833333    34.2205
1880.6666333    30.5611
1880.7500333    32.2861
1880.8333333    26.319
1880.9166333    33.8135
1881.0000333    34
1881.0833333    43.4175
1881.1666333    44.7581
1881.2500333    39.56
1881.3333333    29.7467
1881.4166333    14.1642
1881.5000333    -14.4955
1881.5833333    -12.3857
1881.6666333    -2.9682
1881.7500333    -5.4741
1881.8333333    -3.7489
1881.9166333    10.6686
1882.0000333    13.5473
1882.0833333    24.1186
1882.1666333    13.536
1882.2500333    10.2609
1882.3333333    23.9091
1882.4166333    19.865
1882.5000333    18.513
1882.5833333    14.8535
1882.6666333    11.9632
1882.7500333    2.5342
1882.8333333    7.7208
1882.9166333    10.5997
1883.0000333    10.7861
1883.0833333    10.5881
1883.1666333    0.3901
1883.2500333    2.4995
1883.3333333    11.5323
1883.4166333    11.3343
1883.5000333    23.8283
1883.5833333    18.2456
1883.6666333    20.7399
1883.7500333    22.8493
1883.8333333    29.5743
1883.9166333    30.9147
1884.0000333    34.9472
1884.0833333    29.3645
1884.1666333    28.7818
1884.2500333    34.3527
1884.3333333    28.3854
1884.4166333    27.4181
1884.5000333    8.3736
1884.5833333    -0.2861
1884.6666333    4.9004
1884.7500333    9.3175
1884.8333333    22.1963
1884.9166333    26.6135
1885.0000333    25.2613
1885.0833333    28.5247
1885.1666333    35.6343
1885.2500333    48.8974
1885.3333333    34.4685
1885.4166333    42.7318
1885.5000333    38.3027
1885.5833333    30.4122
1885.6666333    19.4448
1885.7500333    15.4002
1885.8333333    13.6635
1885.9166333    12.6961
1886.0000333    16.7284
1886.0833333    23.8379
1886.1666333    22.8705
1886.2500333    15.3643
1886.3333333    5.5507
1886.4166333    26.1217
1886.5000333    9.7694
1886.5833333    -8.5058
1886.6666333    -3.3194
1886.7500333    2.2513
1886.8333333    9.3608
1886.9166333    13.0087
1887.0000333    7.4255
1887.0833333    4.6119
1887.1666333    2.1059
1887.2500333    10.9843
1887.3333333    8.0168
1887.4166333    8.3569
1887.5000333    -14.0724
1887.5833333    -16.963
1887.6666333    -8.469
1887.7500333    -7.4368
1887.8333333    -11.712
1887.9166333    -16.3719
1888.0000333    -8.8012
1888.0833333    -8.4611
1888.1666333    -18.4287
1888.2500333    -19.6273
1888.3333333    -34.5949
1888.4166333    -34.4856
1888.5000333    -51.2996
1888.5833333    -38.5749
1888.6666333    -31.2348
1888.7500333    -33.7411
1888.8333333    -32.2472
1888.9166333    -28.8302
1889.0000333    -22.7212
1889.0833333    -21.6119
1889.1666333    -14.8103
1889.2500333    -9.6243
1889.3333333    -8.592
1889.4166333    -11.8674
1889.5000333    -6.6814
1889.5833333    -16.3414
1889.6666333    -24.3091
1889.7500333    -22.0462
1889.8333333    -16.7832
1889.9166333    -12.0586
1890.0000333    -3.0265
1890.0833333    -1.225
1890.1666333    -12.9619
1890.2500333    -5.0837
1890.3333333    -2.8976
1890.4166333    -22.7115
1890.5000333    -25.9102
1890.5833333    -45.8011
1890.6666333    -21.3842
1890.7500333    -29.2753
1890.8333333    -28.3969
1890.9166333    -27.98
1891.0000333    -21.8711
1891.0833333    -20.2235
1891.1666333    -21.5759
1891.2500333    -19.1593
1891.3333333    -38.5887
1891.4166333    -31.018
1891.5000333    -9.2168
1891.5833333    2.5846
1891.6666333    6.386
1891.7500333    -2.8897
1891.8333333    2.8347
1891.9166333    4.4054
1892.0000333    5.8219
1892.0833333    3.3156
1892.1666333    1.5785
1892.2500333    9.4566
1892.3333333    12.3349
1892.4166333    21.7516
1892.5000333    8.9374
1892.5833333    10.1233
1892.6666333    6.0016
1892.7500333    4.6488
1892.8333333    3.2963
1892.9166333    3.1746
1893.0000333    1.5141
1893.0833333    2.1616
1893.1666333    8.5014
1893.2500333    16.4563
1893.3333333    11.6422
1893.4166333    9.2897
1893.5000333    -3.9862
1893.5833333    -1.3388
1893.6666333    -16.3067
1893.7500333    -25.3519
1893.8333333    -21.3198
1893.9166333    -22.8262
1894.0000333    -20.5637
1894.0833333    -16.5317
1894.1666333    -14.2689
1894.2500333    -18.1602
1894.3333333    -24.0513
1894.4166333    -11.7885
1894.5000333    -14.0644
1894.5833333    -17.5709
1894.6666333    -18.0005
1894.7500333    -14.1995
1894.8333333    -11.3214
1894.9166333    -8.2125
1895.0000333    1.4346
1895.0833333    3.005
1895.1666333    -3.2707
1895.2500333    6.2225
1895.3333333    -2.284
1895.4166333    4.671
1895.5000333    -15.9896
1895.5833333    -28.5731
1895.6666333    -18.3104
1895.7500333    -23.8172
1895.8333333    -30.7084
1895.9166333    -27.0611
1896.0000333    -22.7218
1896.0833333    -26.3053
1896.1666333    -17.8119
1896.2500333    -13.0879
1896.3333333    -29.2868
1896.4166333    -31.9473
1896.5000333    -52.8387
1896.5833333    -54.8069
1896.6666333    -39.9289
1896.7500333    -49.2819
1896.8333333    -43.1731
1896.9166333    -35.2952
1897.0000333    -34.1867
1897.0833333    -32.3856
1897.1666333    -27.2769
1897.2500333    -40.4761
1897.3333333    -44.2904
1897.4166333    -46.1048
1897.5000333    -40.4579
1897.5833333    -19.8107
1897.6666333    -21.4712
1897.7500333    -29.6705
1897.8333333    -19.7156
1897.9166333    -22.9916
1898.0000333    -19.2677
1898.0833333    -16.8514
1898.1666333    -19.6658
1898.2500333    -25.5574
1898.3333333    -22.9872
1898.4166333    -8.9554
1898.5000333    4.6145
1898.5833333    2.5693
1898.6666333    -14.0913
1898.7500333    -3.6752
1898.8333333    2.9719
1898.9166333    -1.0734
1899.0000333    4.5735
1899.0833333    3.2974
1899.1666333    20.0984
1899.2500333    26.0529
1899.3333333    36.1614
1899.4166333    32.0393
1899.5000333    22.9937
1899.5833333    13.0254
1899.6666333    8.8263
1899.7500333    3.0884
1899.8333333    -7.3415
1899.9166333    -6.5406
1900.0000333    -3.2785
1900.0833333    -4.8622
1900.1666333    -5.0614
1900.2500333    -11.3377
1900.3333333    -17.9984
1900.4166333    -19.5822
1900.5000333    -14.8586
1900.5833333    -24.1347
1900.6666333    -30.6416
1900.7500333    -25.9949
1900.8333333    -27.5018
1900.9166333    -23.8548
1901.0000333    -27.4389
1901.0833333    -27.0227
1901.1666333    -26.8374
1901.2500333    -20.7291
1901.3333333    -21.2361
1901.4166333    -11.9738
1901.5000333    -7.0964
1901.5833333    -20.5264
1901.6666333    -14.8026
1901.7500333    -15.8482
1901.8333333    -12.6629
1901.9166333    -4.6314
1902.0000333    -1.6771
1902.0833333    5.5082
1902.1666333    2.9243
1902.2500333    4.8017
1902.3333333    -10.3207
1902.4166333    -18.4431
1902.5000333    -23.0272
1902.5833333    -26.6881
1902.6666333    -9.6567
1902.7500333    4.7591
1902.8333333    12.9444
1902.9166333    7.822
1903.0000333    17.1609
1903.0833333    26.9615
1903.1666333    28.6083
1903.2500333    45.1779
1903.3333333    57.4401
1903.4166333    61.4715
1903.5000333    56.9641
1903.5833333    61.534
1903.6666333    44.1038
1903.7500333    44.1349
1903.8333333    27.8586
1903.9166333    28.0438
1904.0000333    29.998
1904.0833333    26.1832
1904.1666333    10.5222
1904.2500333    13.3994
1904.3333333    15.9692
1904.4166333    11.0005
1904.5000333    15.9547
1904.5833333    18.1399
1904.6666333    5.4019
1904.7500333    12.1253
1904.8333333    1.6181
1904.9166333    2.8033
1905.0000333    4.9112
1905.0833333    11.6348
1905.1666333    12.5891
1905.2500333    35.4663
1905.3333333    27.113
1905.4166333    8.0673
1905.5000333    6.3291
1905.5833333    6.7449
1905.6666333    11.5454
1905.7500333    5.4995
1905.8333333    3.9922
1905.9166333    11.1773
1906.0000333    11.7467
1906.0833333    13.0856
1906.1666333    5.5014
1906.2500333    5.5324
1906.3333333    -4.0518
1906.4166333    11.9794
1906.5000333    14.3949
1906.5833333    8.3492
1906.6666333    5.9188
1906.7500333    -4.1272
1906.8333333    4.4424
1906.9166333    9.3966
1907.0000333    9.3506
1907.0833333    15.6125
1907.1666333    8.8744
1907.2500333    12.1361
1907.3333333    8.398
1907.4166333    2.6599
1907.5000333    -10.4631
1907.5833333    -1.8935
1907.6666333    -12.9394
1907.7500333    -17.1393
1907.8333333    -15.1851
1907.9166333    -14.0771
1908.0000333    -17.6617
1908.0833333    -11.6306
1908.1666333    -16.4457
1908.2500333    -20.5687
1908.3333333    -11.8453
1908.4166333    -13.8143
1908.5000333    -10.4758
1908.5833333    -13.9063
1908.6666333    -24.183
1908.7500333    -18.1522
1908.8333333    -19.4288
1908.9166333    -18.6286
1909.0000333    -6.0594
1909.0833333    0.9716
1909.1666333    -2.4589
1909.2500333    9.0334
1909.3333333    29.1413
1909.4166333    30.4031
1909.5000333    46.7415
1909.5833333    44.6186
1909.6666333    35.265
1909.7500333    33.8341
1909.8333333    34.6343
1909.9166333    45.0499
1910.0000333    54.0806
1910.0833333    43.0346
1910.1666333    37.9117
1910.2500333    33.0962
1910.3333333    39.3579
1910.4166333    37.235
1910.5000333    21.9579
1910.5833333    15.2196
1910.6666333    8.4044
1910.7500333    18.9735
1910.8333333    17.8505
1910.9166333    18.7275
1911.0000333    13.0659
1911.0833333    7.1737
1911.1666333    13.5891
1911.2500333    19.389
1911.3333333    30.0352
1911.4166333    14.2968
1911.5000333    3.4043
1911.5833333    18.1275
1911.6666333    20.0045
1911.7500333    21.1889
1911.8333333    21.3736
1911.9166333    27.2505
1912.0000333    27.7426
1912.0833333    39.0811
1912.1666333    39.8042
1912.2500333    40.2194
1912.3333333    52.7117
1912.4166333    60.6656
1912.5000333    50.0807
1912.5833333    46.9576
1912.6666333    40.1422
1912.7500333    26.4035
1912.8333333    24.1266
1912.9166333    26.7727
1913.0000333    28.1878
1913.0833333    31.1416
1913.1666333    23.1724
1913.2500333    30.1259
1913.3333333    49.3874
1913.4166333    50.9566
1913.5000333    35.1409
1913.5833333    46.0947
1913.6666333    59.1254
1913.7500333    53.3866
1913.8333333    56.3403
1913.9166333    62.8325
1914.0000333    70.0937
1914.0833333    66.4321
1914.1666333    76.3089
1914.2500333    78.1086
1914.3333333    80.8315
1914.4166333    71.2468
1914.5000333    67.7387
1914.5833333    64.3847
1914.6666333    60.8769
1914.7500333    47.5996
1914.8333333    44.861
1914.9166333    42.8916
1915.0000333    46.6912
1915.0833333    43.0295
1915.1666333    43.5985
1915.2500333    24.0904
1915.3333333    34.5056
1915.4166333    37.3054
1915.5000333    46.3357
1915.5833333    40.1355
1915.6666333    49.7045
1915.7500333    50.6579
1915.8333333    52.9192
1915.9166333    64.3344
1916.0000333    65.8262
1916.0833333    64.8568
1916.1666333    63.4257
1916.2500333    70.3791
1916.3333333    77.3327
1916.4166333    73.594
1916.5000333    52.0858
1916.5833333    15.2701
1916.6666333    -3.3148
1916.7500333    -12.2076
1916.8333333    -21.9464
1916.9166333    -25.1467
1917.0000333    -33.7318
1917.0833333    -30.4706
1917.1666333    -32.5171
1917.2500333    -20.0253
1917.3333333    -18.3026
1917.4166333    -18.1183
1917.5000333    -21.7804
1917.5833333    -20.5192
1917.6666333    -25.1811
1917.7500333    -23.3048
1917.8333333    -29.8128
1917.9166333    -21.9362
1918.0000333    -14.2907
1918.0833333    -10.7219
1918.1666333    1.3855
1918.2500333    0.1079
1918.3333333    -21.2463
1918.4166333    -18.3698
1918.5000333    -24.1858
1918.5833333    -37.1555
1918.6666333    -34.7405
1918.7500333    -21.095
1918.8333333    -27.5262
1918.9166333    -15.8036
1919.0000333    -15.4658
1919.0833333    -14.8201
1919.1666333    -12.3282
1919.2500333    -24.8366
1919.3333333    -26.7294
1919.4166333    -11.2375
1919.5000333    -10.2075
1919.5833333    -1.5618
1919.6666333    3.7762
1919.7500333    8.8062
1919.8333333    5.6057
1919.9166333    17.7129
1920.0000333    22.9737
1920.0833333    29.0809
1920.1666333    27.3419
1920.2500333    15.8335
1920.3333333    10.2483
1920.4166333    10.7401
1920.5000333    16.3855
1920.5833333    -5.6612
1920.6666333    -11.4771
1920.7500333    -18.601
1920.8333333    -29.417
1920.9166333    -24.7714
1921.0000333    -26.2799
1921.0833333    -31.4035
1921.1666333    -38.4503
1921.2500333    -31.3434
1921.3333333    -22.4671
1921.4166333    -6.9754
1921.5000333    -9.0993
1921.5833333    -29.5307
1921.6666333    -21.2698
1921.7500333    -17.6245
1921.8333333    -8.8251
1921.9166333    2.7435
1922.0000333    9.9272
1922.0833333    16.9573
1922.1666333    21.7567
1922.2500333    19.325
1922.3333333    25.2013
1922.4166333    37.0006
1922.5000333    33.1074
1922.5833333    29.6759
1922.6666333    26.706
1922.7500333    22.5051
1922.8333333    22.1506
1922.9166333    25.2575
1923.0000333    23.9797
1923.0833333    24.5482
1923.1666333    23.1167
1923.2500333    33.608
1923.3333333    45.6381
1923.4166333    34.5143
1923.5000333    15.621
1923.5833333    5.1125
1923.6666333    5.9887
1923.7500333    8.8646
1923.8333333    13.1254
1923.9166333    10.3092
1924.0000333    10.4159
1924.0833333    14.0613
1924.1666333    16.0144
1924.2500333    15.8902
1924.3333333    -2.2336
1924.4166333    -10.2806
1924.5000333    -8.4816
1924.5833333    1.7022
1924.6666333    1.3475
1924.7500333    2.1464
1924.8333333    4.4071
1924.9166333    3.9755
1925.0000333    6.8514
1925.0833333    8.189
1925.1666333    17.142
1925.2500333    17.4793
1925.3333333    23.4323
1925.4166333    44.3084
1925.5000333    47.7226
1925.5833333    47.8294
1925.6666333    49.7055
1925.7500333    54.8889
1925.8333333    55.2265
1925.9166333    57.2564
1926.0000333    60.2091
1926.0833333    61.3928
1926.1666333    60.4226
1926.2500333    52.3753
1926.3333333    45.482
1926.4166333    37.7426
1926.5000333    20.8491
1926.5833333    14.4174
1926.6666333    13.2165
1926.7500333    18.6307
1926.8333333    13.8143
1926.9166333    21.6133
1927.0000333    24.6429
1927.0833333    30.5957
1927.1666333    38.8563
1927.2500333    40.8089
1927.3333333    35.0694
1927.4166333    18.0992
1927.5000333    18.5902
1927.5833333    18.3123
1927.6666333    9.6497
1927.7500333    6.91
1927.8333333    -3.7526
1927.9166333    1.9695
1928.0000333    -1.7703
1928.0833333    -2.4329
1928.1666333    -11.0955
1928.2500333    -13.7583
1928.3333333    4.9637
1928.4166333    7.2242
1928.5000333    13.0228
1928.5833333    -13.0244
1928.6666333    -26.9947
1928.7500333    -18.8884
1928.8333333    -28.7818
1928.9166333    -27.5983
1929.0000333    -29.0304
1929.0833333    -27.4623
1929.1666333    -28.5096
1929.2500333    -16.0956
1929.3333333    -17.2198
1929.4166333    -30.1132
1929.5000333    -28.6992
1929.5833333    -36.285
1929.6666333    -18.1785
1929.7500333    -11.4568
1929.8333333    -8.581
1929.9166333    -1.0899
1930.0000333    9.3241
1930.0833333    17.3536
1930.1666333    21.0755
1930.2500333    37.1048
1930.3333333    48.519
1930.4166333    43.164
1930.5000333    47.8087
1930.5833333    40.069
1930.6666333    48.7139
1930.7500333    52.3586
1930.8333333    54.1574
1930.9166333    54.11
1931.0000333    65.6008
1931.0833333    60.7072
1931.1666333    58.2752
1931.2500333    61.1506
1931.3333333    42.1032
1931.4166333    25.3634
1931.5000333    29.3157
1931.5833333    0.4991
1931.6666333    -3.7791
1931.7500333    8.5578
1931.8333333    10.7411
1931.9166333    9.3859
1932.0000333    16.0305
1932.0833333    5.5215
1932.1666333    6.8586
1932.2500333    19.4263
1932.3333333    17.0711
1932.4166333    13.5621
1932.5000333    -3.1011
1932.5833333    -8.6101
1932.6666333    -0.0422
1932.7500333    -0.2439
1932.8333333    -7.7529
1932.9166333    -6.1851
1933.0000333    -2.7713
1933.0833333    -7.0496
1933.1666333    -8.7895
1933.2500333    -8.145
1933.3333333    -27.0387
1933.4166333    -50.7786
1933.5000333    -47.9802
1933.5833333    -44.1817
1933.6666333    -50.5369
1933.7500333    -54.7386
1933.8333333    -54.3247
1933.9166333    -55.603
1934.0000333    -60.497
1934.0833333    -59.6216
1934.1666333    -61.823
1934.2500333    -47.7171
1934.3333333    -59.3031
1934.4166333    -59.12
1934.5000333    -42.091
1934.5833333    -29.4463
1934.6666333    -35.8017
1934.7500333    -27.8496
1934.8333333    -30.5895
1934.9166333    -25.4064
1935.0000333    -17.9928
1935.0833333    -14.5789
1935.1666333    -2.6266
1935.2500333    11.9408
1935.3333333    4.97
1935.4166333    14.307
1935.5000333    28.259
1935.5833333    29.4421
1935.6666333    11.0866
1935.7500333    25.6541
1935.8333333    18.1448
1935.9166333    28.2509
1936.0000333    36.7414
1936.0833333    34.8475
1936.1666333    37.0305
1936.2500333    43.2133
1936.3333333    36.1655
1936.4166333    42.9639
1936.5000333    30.5313
1936.5833333    35.4065
1936.6666333    36.2049
1936.7500333    47.5415
1936.8333333    42.7245
1936.9166333    50.369
1937.0000333    56.7055
1937.0833333    53.2731
1937.1666333    63.456
1937.2500333    60.7926
1937.3333333    49.8217
1937.4166333    42.1585
1937.5000333    44.2642
1937.5833333    46.7548
1937.6666333    26.9377
1937.7500333    21.505
1937.8333333    11.4572
1937.9166333    13.7939
1938.0000333    11.5919
1938.0833333    9.2364
1938.1666333    7.2654
1938.2500333    5.9865
1938.3333333    15.9386
1938.4166333    1.4291
1938.5000333    6.9964
1938.5833333    -7.9746
1938.6666333    -6.1764
1938.7500333    -3.763
1938.8333333    -8.1186
1938.9166333    -2.3204
1939.0000333    0.0929
1939.0833333    1.8911
1939.1666333    2.3816
1939.2500333    2.2565
1939.3333333    8.747
1939.4166333    1.8529
1939.5000333    -4.3492
1939.5833333    -15.4741
1939.6666333    -7.9067
1939.7500333    -8.1857
1939.8333333    -14.3106
1939.9166333    -9.1279
1940.0000333    -7.0992
1940.0833333    -1.0703
1940.1666333    6.9586
1940.2500333    2.6026
1940.3333333    25.0161
1940.4166333    11.8912
1940.5000333    -2.7725
1940.5833333    9.9487
1940.6666333    8.0545
1940.7500333    -10.7631
1940.8333333    -15.965
1940.9166333    -14.9362
1941.0000333    -9.0614
1941.0833333    1.1982
1941.1666333    -10.0807
1941.2500333    -7.0521
1941.3333333    -11.0233
1941.4166333    -23.6867
1941.5000333    -47.1966
1941.5833333    -50.7832
1941.6666333    -63.7544
1941.7500333    -67.9566
1941.8333333    -58.5432
1941.9166333    -53.8222
1942.0000333    -45.2552
1942.0833333    -48.3802
1942.1666333    -52.3515
1942.2500333    -33.6307
1942.3333333    -36.3711
1942.4166333    -18.9578
1942.5000333    -29.6985
1942.5833333    -1.8236
1942.6666333    6.4359
1942.7500333    26.0028
1942.8333333    32.1085
1942.9166333    33.1372
1943.0000333    37.3195
1943.0833333    40.3482
1943.1666333    42.9923
1943.2500333    38.0976
1943.3333333    35.9725
1943.4166333    24.9242
1943.5000333    24.4142
1943.5833333    24.4429
1943.6666333    18.7023
1943.7500333    20.6538
1943.8333333    9.7594
1943.9166333    18.2495
1944.0000333    22.201
1944.0833333    18.4604
1944.1666333    13.8737
1944.2500333    10.979
1944.3333333    28.4691
1944.4166333    21.19
1944.5000333    24.2953
1944.5833333    13.3239
1944.6666333    8.9679
1944.7500333    7.227
1944.8333333    11.7941
1944.9166333    13.3611
1945.0000333    11.851
1945.0833333    16.3411
1945.1666333    21.1389
1945.2500333    22.6287
1945.3333333    27.1188
1945.4166333    14.7627
1945.5000333    9.1756
1945.5833333    27.9734
1945.6666333    22.8481
1945.7500333    24.5687
1945.8333333    21.1356
1945.9166333    26.318
1946.0000333    30.577
1946.0833333    33.6825
1946.1666333    35.634
1946.2500333    31.893
1946.3333333    31.3061
1946.4166333    20.95
1946.5000333    -6.2525
1946.5833333    -24.2241
1946.6666333    -38.5802
1946.7500333    -35.1674
1946.8333333    -44.062
1946.9166333    -41.649
1947.0000333    -46.6977
1947.0833333    -55.5154
1947.1666333    -56.0255
1947.2500333    -69.7665
1947.3333333    -47.2766
1947.4166333    -42.6328
1947.5000333    -21.22
1947.5833333    -7.3455
1947.6666333    2.9137
1947.7500333    -4.0582
1947.8333333    -9.8759
1947.9166333    5.0755
1948.0000333    11.7959
1948.0833333    20.2089
1948.1666333    36.3142
1948.2500333    39.3423
1948.3333333    45.9091
1948.4166333    25.8605
1948.5000333    23.8117
1948.5833333    11.1477
1948.6666333    8.6376
1948.7500333    17.4349
1948.8333333    11.2324
1948.9166333    13.6454
1949.0000333    7.9811
1949.0833333    3.7017
1949.1666333    -2.6546
1949.2500333    -5.6266
1949.3333333    -6.4444
1949.4166333    5.3531
1949.5000333    -4.3112
1949.5833333    -3.0522
1949.6666333    -13.2547
1949.7500333    1.4656
1949.8333333    -7.5831
1949.9166333    -1.401
1950.0000333    1.5501
1950.0833333    3.8091
1950.1666333    16.4527
1950.2500333    17.4806
1950.3333333    21.9704
1950.4166333    23.6909
1950.5000333    17.4112
1950.5833333    22.6701
1950.6666333    15.1599
1950.7500333    22.3416
1950.8333333    8.9083
1950.9166333    13.6288
1951.0000333    11.7336
1951.0833333    14.0695
1951.1666333    16.7899
1951.2500333    -4.7976
1951.3333333    3.6152
1951.4166333    4.1049
1951.5000333    8.9789
1951.5833333    5.3917
1951.6666333    -0.9648
1951.7500333    -10.3985
1951.8333333    -16.6012
1951.9166333    -10.7269
1952.0000333    -10.5452
1952.0833333    -9.8248
1952.1666333    -6.3352
1952.2500333    -1.8458
1952.3333333    18.1053
1952.4166333    15.6719
1952.5000333    5.3151
1952.5833333    -0.1184
1952.6666333    -14.5519
1952.7500333    -13.5241
1952.8333333    -12.6499
1952.9166333    -6.3911
1953.0000333    -2.1325
1953.0833333    3.9724
1953.1666333    9.2312
1953.2500333    4.9513
1953.3333333    -2.1746
1953.4166333    -15.6081
1953.5000333    -33.965
1953.5833333    -48.5524
1953.6666333    -57.1398
1953.7500333    -54.4966
1953.8333333    -52.084
1953.9166333    -43.5945
1954.0000333    -32.413
1954.0833333    -25.9235
1954.1666333    -15.1263
1954.2500333    -5.0217
1954.3333333    -1.0707
1954.4166333    15.6496
1954.5000333    19.5234
1954.5833333    32.859
1954.6666333    38.0408
1954.7500333    31.0685
1954.8333333    40.9425
1954.9166333    45.7397
1955.0000333    44.3827
1955.0833333    35.8721
1955.1666333    35.4385
1955.2500333    34.543
1955.3333333    25.7247
1955.4166333    36.4449
1955.5000333    23.8571
1955.5833333    2.0389
1955.6666333    -9.7025
1955.7500333    -10.2134
1955.8333333    -11.1086
1955.9166333    -16.85
1956.0000333    -14.0532
1956.0833333    -8.0254
1956.1666333    -10.6899
1956.2500333    -11.6623
1956.3333333    -20.7114
1956.4166333    -25.6067
1956.5000333    -39.9638
1956.5833333    -37.1668
1956.6666333    -18.8313
1956.7500333    -21.0345
1956.8333333    -19.4683
1956.9166333    -14.9021
1957.0000333    -8.413
1957.0833333    -4.8468
1957.1666333    0.1809
1957.2500333    6.9777
1957.3333333    0.0054
1957.4166333    -1.4284
1957.5000333    8.0606
1957.5833333    23.0883
1957.6666333    11.0391
1957.7500333    4.8358
1957.8333333    10.9404
1957.9166333    16.2758
1958.0000333    22.611
1958.0833333    21.331
1958.1666333    15.1279
1958.2500333    8.8476
1958.3333333    -4.817
1958.4166333    1.2876
1958.5000333    13.4688
1958.5833333    -12.5804
1958.6666333    -39.4759
1958.7500333    -39.6792
1958.8333333    -47.1901
1958.9166333    -49.9317
1959.0000333    -52.5197
1959.0833333    -60.8767
1959.1666333    -70.5414
1959.2500333    -68.4371
1959.3333333    -84.7941
1959.4166333    -84.8434
1959.5000333    -95.7392
1959.5833333    -119.942
1959.6666333    -120.53
1959.7500333    -119.734
1959.8333333    -125.937
1959.9166333    -117.294
1960.0000333    -111.113
1960.0833333    -103.547
1960.1666333    -97.4422
1960.2500333    -80.6457
1960.3333333    -69.4643
1960.4166333    -53.7445
1960.5000333    -51.4864
1960.5833333    -42.9974
1960.6666333    -30.0468
1960.7500333    -15.1734
1960.8333333    -2.6074
1960.9166333    12.7278
1961.0000333    25.1396
1961.0833333    33.0902
1961.1666333    33.7331
1961.2500333    42.5295
1961.3333333    38.0185
1961.4166333    33.1229
1961.5000333    36.3809
1961.5833333    41.716
1961.6666333    31.1281
1961.7500333    22.6937
1961.8333333    23.9519
1961.9166333    15.7486
1962.0000333    10.2373
1962.0833333    6.1878
1962.1666333    -0.4771
1962.2500333    -3.7576
1962.3333333    -15.7302
1962.4166333    -19.4721
1962.5000333    -51.5988
1962.5833333    -75.2637
1962.6666333    -86.6209
1962.7500333    -92.2861
1962.8333333    -98.7203
1962.9166333    -101.001
1963.0000333    -102.743
1963.0833333    -100.869
1963.1666333    -104.765
1963.2500333    -105.199
1963.3333333    -89.4029
1963.4166333    -89.914
1963.5000333    -99.9639
1963.5833333    -82.475
1963.6666333    -89.8323
1963.7500333    -90.5745
1963.8333333    -86.8549
1963.9166333    -80.2891
1964.0000333    -82.6467
1964.0833333    -79.4656
1964.1666333    -80.4383
1964.2500333    -77.8728
1964.3333333    -71.384
1964.4166333    -84.3568
1964.5000333    -74.9452
1964.5833333    -66.7641
1964.6666333    -69.583
1964.7500333    -49.556
1964.8333333    -40.6057
1964.9166333    -34.1169
1965.0000333    -23.1669
1965.0833333    -17.1397
1965.1666333    -7.574
1965.2500333    -7.7778
1965.3333333    1.4802
1965.4166333    16.5074
1965.5000333    7.6112
1965.5833333    10.7153
1965.6666333    21.1271
1965.7500333    26.154
1965.8333333    25.4889
1965.9166333    30.7468
1966.0000333    38.2352
1966.0833333    36.9547
1966.1666333    44.1357
1966.2500333    43.5472
1966.3333333    52.7282
1966.4166333    61.1399
1966.5000333    43.0898
1966.5833333    54.1939
1966.6666333    59.221
1966.7500333    48.9401
1966.8333333    51.7365
1966.9166333    51.9174
1967.0000333    46.6365
1967.0833333    42.4328
1967.1666333    40.7676
1967.2500333    50.9483
1967.3333333    50.5907
1967.4166333    59.0793
1967.5000333    48.4138
1967.5833333    37.0562
1967.6666333    35.314
1967.7500333    16.5716
1967.8333333    13.4448
1967.9166333    11.7795
1968.0000333    11.1909
1968.0833333    16.2948
1968.1666333    20.7064
1968.2500333    25.0409
1968.3333333    8.6832
1968.4166333    6.7872
1968.5000333    -10.8784
1968.5833333    -18.1591
1968.6666333    -27.1322
1968.7500333    -32.4901
1968.8333333    -30.7708
1968.9166333    -28.3592
1969.0000333    -28.0248
1969.0833333    -19.1517
1969.1666333    -20.8171
1969.2500333    -23.0212
1969.3333333    -8.6097
1969.4166333    -23.5058
1969.5000333    -35.2484
1969.5833333    -28.683
1969.6666333    -29.733
1969.7500333    -10.091
1969.8333333    -14.0641
1969.9166333    -16.4218
1970.0000333    -10.3952
1970.0833333    -11.2914
1970.1666333    -15.1107
1970.2500333    -6.4687
1970.3333333    -0.4418
1970.4166333    -25.2611
1970.5000333    -7.5422
1970.5833333    -0.5154
1970.6666333    -14.5655
1970.7500333    -24.0004
1970.8333333    -34.589
1970.9166333    -29.3314
1971.0000333    -27.2279
1971.0833333    -29.8165
1971.1666333    -31.4051
1971.2500333    -35.6093
1971.3333333    -33.8133
1971.4166333    -48.0173
1971.5000333    -64.0677
1971.5833333    -81.1178
1971.6666333    -91.6295
1971.7500333    -86.9876
1971.8333333    -80.4993
1971.9166333    -74.9341
1972.0000333    -77.9076
1972.0833333    -75.9578
1972.1666333    -79.7003
1972.2500333    -77.9815
1972.3333333    -61.6471
1972.4166333    -76.1588
1972.5000333    -80.9785
1972.5833333    -56.4903
1972.6666333    -51.5405
1972.7500333    -37.9756
1972.8333333    -40.1028
1972.9166333    -43.7684
1973.0000333    -38.3574
1973.0833333    -38.4845
1973.1666333    -32.2271
1973.2500333    -26.5853
1973.3333333    -0.8663
1973.4166333    -0.3782
1973.5000333    3.4175
1973.5833333    9.7518
1973.6666333    -9.3754
1973.7500333    -13.7336
1973.8333333    -21.784
1973.9166333    -18.065
1974.0000333    -7.5771
1974.0833333    -12.089
1974.1666333    -0.0624
1974.2500333    8.964
1974.3333333    15.9905
1974.4166333    16.171
1974.5000333    14.8896
1974.5833333    1.7623
1974.6666333    3.0197
1974.7500333    10.1998
1974.8333333    15.9956
1974.9166333    20.0991
1975.0000333    21.51
1975.0833333    16.7673
1975.1666333    24.1784
1975.2500333    14.7432
1975.3333333    5.8466
1975.4166333    -1.1269
1975.5000333    -11.0237
1975.5833333    -32.9972
1975.6666333    -35.7399
1975.7500333    -47.5598
1975.8333333    -49.3026
1975.9166333    -48.1992
1976.0000333    -48.2499
1976.0833333    -52.3773
1976.1666333    -51.4277
1976.2500333    -54.0169
1976.3333333    -46.6828
1976.4166333    -46.5794
1976.5000333    -50.0147
1976.5833333    -61.6037
1976.6666333    -56.808
1976.7500333    -40.0896
1976.8333333    -38.6016
1976.9166333    -34.0367
1977.0000333    -28.7798
1977.0833333    -27.5226
1977.1666333    -23.4193
1977.2500333    -21.2393
1977.3333333    -1.2899
1977.4166333    -8.4173
1977.5000333    -12.0835
1977.5833333    -25.6725
1977.6666333    -23.6462
1977.7500333    -30.6201
1977.8333333    -38.4399
1977.9166333    -26.7212
1978.0000333    -22.9259
1978.0833333    -20.3611
1978.1666333    -5.104
1978.2500333    -1.8472
1978.3333333    0.7176
1978.4166333    -26.4099
1978.5000333    -27.1531
1978.5833333    -30.8191
1978.6666333    -14.0236
1978.7500333    -19.7668
1978.8333333    -13.5867
1978.9166333    -9.7142
1979.0000333    -10.1497
1979.0833333    -7.3542
1979.1666333    -6.0972
1979.2500333    -23.4558
1979.3333333    -16.045
1979.4166333    -5.4803
1979.5000333    -7.6081
1979.5833333    -12.7357
1979.6666333    -16.7864
1979.7500333    -18.2989
1979.8333333    -23.8881
1979.9166333    -14.708
1980.0000333    -5.2975
1980.0833333    1.3441
1980.1666333    2.9857
1980.2500333    12.627
1980.3333333    20.1147
1980.4166333    19.7563
1980.5000333    11.9361
1980.5833333    12.5007
1980.6666333    22.2191
1980.7500333    19.4758
1980.8333333    18.425
1980.9166333    28.0666
1981.0000333    26.1694
1981.0833333    22.1955
1981.1666333    16.1447
1981.2500333    31.6321
1981.3333333    40.6582
1981.4166333    55.2228
1981.5000333    52.1717
1981.5833333    37.6593
1981.6666333    42.6085
1981.7500333    40.1728
1981.8333333    45.8912
1981.9166333    46.8403
1982.0000333    43.7123
1982.0833333    50.5076
1982.1666333    51.5337
1982.2500333    59.0979
1982.3333333    50.8932
1982.4166333    43.6116
1982.5000333    46.945
1982.5833333    33.5864
1982.6666333    43.4586
1982.7500333    47.5613
1982.8333333    51.0489
1982.9166333    51.5364
1983.0000333    47.5622
1983.0833333    48.4343
1983.1666333    52.1526
1983.2500333    61.486
1983.3333333    60.9735
1983.4166333    55.6149
1983.5000333    58.4098
1983.5833333    29.4358
1983.6666333    26.6925
1983.7500333    15.0259
1983.8333333    9.898
1983.9166333    6.3855
1984.0000333    8.3342
1984.0833333    8.8986
1984.1666333    19.7707
1984.2500333    18.7195
1984.3333333    10.8223
1984.4166333    2.7713
1984.5000333    -4.0492
1984.5833333    -34.0233
1984.6666333    -30.7667
1984.7500333    -17.2026
1984.8333333    -11.4075
1984.9166333    -7.9201
1985.0000333    -7.5868
1985.0833333    -1.7917
1985.1666333    3.2342
1985.2500333    -10.7402
1985.3333333    -13.8682
1985.4166333    -11.1501
1985.5000333    0.4909
1985.5833333    -24.1756
1985.6666333    -16.996
1985.7500333    -18.355
1985.8333333    -27.0984
1985.9166333    -26.2265
1986.0000333    -26.3548
1986.0833333    -24.6367
1986.1666333    -27.2263
1986.2500333    -18.4315
1986.3333333    -6.175
1986.4166333    0.4662
1986.5000333    -15.8929
1986.5833333    -31.4056
1986.6666333    -12.6876
1986.7500333    -12.9698
1986.8333333    -9.1748
1986.9166333    -4.6875
1987.0000333    -0.739
1987.0833333    3.4406
1987.1666333    9.3125
1987.2500333    12.1841
1987.3333333    11.4406
1987.4166333    6.4663
1987.5000333    3.3379
1987.5833333    25.9789
1987.6666333    39.2354
1987.7500333    35.4916
1987.8333333    37.4403
1987.9166333    39.2352
1988.0000333    43.7991
1988.0833333    45.2863
1988.1666333    47.4658
1988.2500333    41.8758
1988.3333333    43.8245
1988.4166333    48.3886
1988.5000333    46.4909
1988.5833333    42.9781
1988.6666333    35.0037
1988.7500333    18.106
1988.8333333    22.2854
1988.9166333    22.6187
1989.0000333    20.4133
1989.0833333    22.0543
1989.1666333    20.0029
1989.2500333    19.6436
1989.3333333    20.9769
1989.4166333    26.0794
1989.5000333    19.1047
1989.5833333    39.5149
1989.6666333    37.925
1989.7500333    27.3349
1989.8333333    24.5143
1989.9166333    28.2322
1990.0000333    30.1036
1990.0833333    33.4368
1990.1666333    35.3085
1990.2500333    39.103
1990.3333333    39.8977
1990.4166333    40.077
1990.5000333    27.8715
1990.5833333    3.8201
1990.6666333    -28.9237
1990.7500333    -42.36
1990.8333333    -48.1807
1990.9166333    -37.386
1991.0000333    -40.2838
1991.0833333    -42.3353
1991.1666333    -41.233
1991.2500333    -46.5154
1991.3333333    -45.4131
1991.4166333    -51.8492
1991.5000333    -63.4394
1991.5833333    -63.7217
1991.6666333    -48.1578
1991.7500333    -38.9019
1991.8333333    -39.6457
1991.9166333    -32.8511
1992.0000333    -32.5183
1992.0833333    -24.0313
1992.1666333    -20.3136
1992.2500333    -19.9808
1992.3333333    -8.1093
1992.4166333    -18.6993
1992.5000333    -8.8281
1992.5833333    -3.8027
1992.6666333    -16.4697
1992.7500333    -24.3677
1992.8333333    -29.3423
1992.9166333    -24.7016
1993.0000333    -19.4458
1993.0833333    -19.4974
1993.1666333    -19.6259
1993.2500333    -18.6009
1993.3333333    -26.2679
1993.4166333    -23.2426
1993.5000333    -6.5252
1993.5833333    -34.8846
1993.6666333    -28.167
1993.7500333    -17.7573
1993.8333333    -11.5013
1993.9166333    -4.8607
1994.0000333    -6.7587
1994.0833333    -5.5796
1994.1666333    3.5225
1994.2500333    2.4706
1994.3333333    8.342
1994.4166333    26.0595
1994.5000333    19.9306
1994.5833333    22.7251
1994.6666333    47.6734
1994.7500333    39.6983
1994.8333333    39.1081
1994.9166333    40.6718
1995.0000333    39.6198
1995.0833333    45.1065
1995.1666333    50.3625
1995.2500333    43.0797
1995.3333333    45.5664
1995.4166333    30.5146
1995.5000333    2.1549
1995.5833333    -19.8969
1995.6666333    -53.0256
1995.7500333    -74.0007
1995.8333333    -75.514
1995.9166333    -75.5658
1996.0000333    -77.0794
1996.0833333    -76.5927
1996.1666333    -79.8753
1996.2500333    -85.6197
1996.3333333    -72.6715
1996.4166333    -82.4926
1996.5000333    -84.1601
1996.5833333    -63.3658
1996.6666333    -55.6484
1996.7500333    -44.7005
1996.8333333    -38.137
1996.9166333    -32.4196
1997.0000333    -32.2409
1997.0833333    -31.6774
1997.1666333    -29.8062
1997.2500333    -18.5507
1997.3333333    -24.6026
1997.4166333    -37.8083
1997.5000333    -25.7836
1997.5833333    -13.0662
1997.6666333    -21.6566
1997.7500333    -15.8626
1997.8333333    -15.1453
1997.9166333    -11.8127
1998.0000333    -7.7879
1998.0833333    -3.1476
1998.1666333    5.5697
1998.2500333    22.4406
1998.3333333    18.9271
1998.4166333    26.952
1998.5000333    30.5921
1998.5833333    38.0017
1998.6666333    35.1035
1998.7500333    34.359
1998.8333333    26.307
1998.9166333    29.6396
1999.0000333    29.7412
1999.0833333    28.3815
1999.1666333    33.0987
1999.2500333    28.3541
1999.3333333    15.3021
1999.4166333    28.8654
1999.5000333    27.7362
1999.5833333    30.4534
1999.6666333    15.2475
1999.7500333    12.8875
1999.8333333    15.9124
1999.9166333    16.3988
2000.0000333    22.0388
2000.0833333    21.2944
2000.1666333    19.7807
2000.2500333    20.2669
2000.3333333    25.5225
2000.4166333    32.1627
2000.5000333    16.4949
2000.5833333    9.9813
2000.6666333    2.7753
2000.7500333    4.7229
2000.8333333    1.6708
2000.9166333    1.7725
2001.0000333    6.9509
2001.0833333    5.668
2001.1666333    24.6927
2001.2500333    34.3326
2001.3333333    39.5882
2001.4166333    39.6129
2001.5000333    34.5605
2001.5833333    51.1237
2001.6666333    52.61
2001.7500333    46.7883
2001.8333333    42.2745
2001.9166333    47.1454
2002.0000333    49.093
2002.0833333    50.5792
2002.1666333    49.9885
2002.2500333    43.4745
2002.3333333    38.9607
2002.4166333    20.9085
2002.5000333    25.3175
2002.5833333    11.2653
2002.6666333    -14.9408
2002.7500333    -18.301
2002.8333333    -16.1225
2002.9166333    -13.2517
2003.0000333    -11.9196
2003.0833333    -11.4334
2003.1666333    -12.1011
2003.2500333    -8.5383
2003.3333333    -18.5906
2003.4166333    -18.7967
2003.5000333    -2.8493
2003.5833333    -7.2093
2003.6666333    -6.5693
2003.7500333    -6.7757
2003.8333333    -6.6742
2003.9166333    -3.265
2004.0000333    -3.2407
2004.0833333    2.1685
2004.1666333    8.5777
2004.2500333    8.602
2004.3333333    10.7804
2004.4166333    15.5742
2004.5000333    20.2908
2004.5833333    7.3922
2004.6666333    -4.5063
2004.7500333    -1.0205
2004.8333333    2.6194
2004.9166333    2.8747
2005.0000333    4.4374
2005.0833333    7.8465
2005.1666333    4.871
2005.2500333    -2.5663
2005.3333333    5.0736
2005.4166333    -0.9019
2005.5000333    -20.0316
2005.5833333    -35.6225
2005.6666333    -38.6749
2005.7500333    -35.9584
2005.8333333    -33.857
2005.9166333    -37.0634
2006.0000333    -38.6545
2006.0833333    -33.5532
2006.1666333    -31.6057
2006.2500333    -22.9661
2006.3333333    -4.8648
2006.4166333    -9.6096
2006.5000333    7.4146
2006.5833333    25.439
2006.6666333    32.4634
2006.7500333    27.4106
2006.8333333    28.5119
2006.9166333    32.767
2007.0000333    46.0219
2007.0833333    53.5848
2007.1666333    54.4553
2007.2500333    48.0178
2007.3333333    48.273
2007.4166333    37.1435
2007.5000333    37.0137
2007.5833333    18.9611
2007.6666333    28.7547
2007.7500333    21.7018
2007.8333333    25.3415
2007.9166333    25.0582
2008.0000333    24.1591
2008.0833333    21.1834
2008.1666333    17.2846
2008.2500333    19.3856
2008.3333333    28.333
2008.4166333    10.2803
2008.5000333    -2.311
2008.5833333    -9.9791
2008.6666333    -11.1087
2008.7500333    -33.5462
2008.8333333    -36.0604
2008.9166333    -30.5746
2009.0000333    -25.0891
2009.0833333    -27.1418
2009.1666333    -30.8099
2009.2500333    -26.5551
2009.3333333    -23.9924
2009.4166333    -24.6605
2009.5000333    -24.4058
2009.5833333    -17.3047
2009.6666333    -15.8959
2009.7500333    -23.0258
2009.8333333    -19.9247
2009.9166333    -15.7467
2010.0000333    -15.7997
2010.0833333    -12.5447
2010.1666333    -8.059
2010.2500333    0.5033
2010.3333333    5.2198
2010.4166333    -4.9099
2010.5000333    -9.5783
2010.5833333    -7.7081
2010.6666333    -22.1455
2010.7500333    -27.737
2010.8333333    -25.4052
2010.9166333    -21.0734
2011.0000333    -16.1264
2011.0833333    -8.6408
2011.1666333    -11.386
2011.2500333    -12.9006
2011.3333333    -21.5688
2011.4166333    -5.9293
2011.5000333    1.9406
2011.5833333    -14.4199
2011.6666333    -22.0882
2011.7500333    -13.2182
2011.8333333    -9.6557
2011.9166333    -5.6317
2012.0000333    -3.0694
2012.0833333    -4.8915
2012.1666333    -3.8675
2012.2500333    -2.613
2012.3333333    3.2572
2012.4166333    10.1273
2012.5000333    -13.8489
2012.5833333    -32.1326
2012.6666333    -32.8009
2012.7500333    -28.0849
2012.8333333    -25.5224
2012.9166333    -26.0369
2013.0000333    -28.4747
2013.0833333    -29.9892
2013.1666333    -27.273
2013.2500333    -26.0954
2013.3333333    -21.533
2013.4166333    -21.8937
2013.5000333    -29.87
2013.5833333    -27.8461
2013.6666333    -27.5145
2013.7500333    -16.7985
2013.8333333    -14.0054
2013.9166333    -16.2891
2014.0000333    -9.8809
2014.0833333    0.6815
2014.1666333    4.3207
2014.2500333    10.1905
2014.3333333    4.3683
2014.4166333    6.0844
2014.5000333    11.4927
2014.5833333    7.9011
2014.6666333    3.4635
2014.7500333    3.8717
2014.8333333    5.6647
2014.9166333    3.3809
2015.0000333    9.6352
2015.0833333    7.2745
2015.1666333    4.606
2015.2500333    1.3218
2015.3333333    11.1149
2015.4166333    16.0618
2015.5000333    8.0084
2015.5833333    3.4937
2015.6666333    1.4406
2015.7500333    7.3872
2015.8333333    12.9494
2015.9166333    16.9732
2016.0000333    24.689
2016.0833333    24.4051
2016.1666333    29.1981
2016.2500333    22.0677
2016.3333333    26.3992
2016.4166333    9.4998
2016.5000333    3.9848
2016.5833333    -6.7607
2016.6666333    -18.5831
2016.7500333    -15.9443
2016.8333333    -21.5359
2016.9166333    -19.0507
2017.0000333    -19.8734
2017.0833333    -18.9266
2017.1666333    -14.5183
2017.2500333    -5.9564
2017.3333333    13.3749
2017.4166333    22.9371
2017.5000333    30.8066
2017.5833333    19.6764
2017.6666333    16.2385
2017.7500333    15.1081
2017.8333333    14.9779
2017.9166333    15.3092
2018.0000333    8.948
2018.0833333    8.4331
2018.1666333    9.6106
2018.2500333    8.8647
2018.3333333    -12.3424
2018.4166333    -22.4727
2018.5000333    -26.9109
2018.5833333    -39.7334
2018.6666333    -19.556
2018.7500333    -19.5327
2018.8333333    -18.7399
2018.9166333    -18.6394
2019.0000333    -13.7699
2019.0833333    -7.6694
2019.1666333    -3.0305
2019.2500333    3.6082
2019.3333333    5.0933
2019.4166333    25.4245
2019.5000333    27.0631
2019.5833333    37.2405
2019.6666333    36.264
2019.7500333    18.9796
2019.8333333    21.3877
2019.9166333    24.7189
2020.0000333    30.9729
2020.0833333    33.9964
2020.1666333    37.5583
2020.2500333    38.12
2020.3333333    32.7589
2020.4166333    29.6285
2020.5000333    23.1902
2020.5833333    7.9059
2020.6666333    -14.3783
2020.7500333    -13.6628
2020.8333333    -5.024
2020.9166333    -0.7698
2021.0000333    1.3303
2021.0833333    3.1999
2021.1666333    0.2233
2021.2500333    4.9388
2021.3333333    10.2699
2021.4166333    9.9856
2021.5000333    18.0087
2021.5833333    28.8013
2021.6666333    22.8247
2021.7500333    21.694
2021.8333333    20.7943
2021.9166333    18.9715
2022.0000333    18.0715
2022.0833333    12.0949
2022.1666333    15.8105
2022.2500333    21.8336
2022.3333333    22.0108
2022.4166333    16.8803
2022.5000333    25.3649
2022.5833333    13.0036
2022.6666333    2.2577
2022.7500333    12.7423
2022.8333333    7.8425
2022.9166333    9.4043
2023.0000333    16.9658
2023.0833333    27.8352
2023.1666333    37.32
2023.2500333    42.8815
2023.3333333    60.9048
2023.4166333    69.3127
2023.5000333    69.778
2023.5833333    62.275
2023.6666333    70.6129
2023.7500333    72.5163
2023.8333333    89.4476
2023.9166333    120.99
