offs    0.00000000000
bg      0.00014145030
impA    0.00000000000
impB    0.00000000000
impC    0.00000000000
delA    4.56728950735
delB    0.79873573316
asym   -0.01059407176
ann1    3.37909154015
ann2   -1.57996611479
sem1    0.99587238733
sem2    1.15085732115
year   -0.00002792676
IR     -0.00000000000
ma     -0.00000000000
mp     -0.00007778103
shfT   -0.00000000000
init   -0.00012998719
   27.32166155400   0.00612972089  -1.60040261140
   27.21222081500   0.02975377748  -0.80790498912
 1095.17502233364   0.00097463187  -0.37478379930
    9.08286783775   0.00594428466   1.52205626991
    6.81670784238  -0.00085023076   0.40775413600
   13.63341568476   0.00470202333  16.35034308882
   13.66083077700  -0.00244834933  26.52405200322
   13.60611040750  -0.00264405604  20.36199928883
   27.55454988600  -0.00450422514   2.86941507640
   13.77727494300  -0.00259003538   5.01109037002
 6793.47648813065   0.00075556364   0.19828400385
 1616.30271425126  -0.00131591704  -1.32448816428
   27.09267692660  -0.00179958071   1.98439974691
    9.09502787633   0.00285800542   0.57392204050
   13.69115772864   0.00145871417  17.19979522723
 1305.66025845931  -0.00062914407   0.33193551805
   27.44323926226  -0.00122218797   0.97906003922
   27.66676714572  -0.00117766886   3.26563372957
 2190.35004466729   0.00185452678   1.68415868484
   26.98505934729   0.00231772718   5.90709824550
 6167.20701373239  -0.00020523484 -12.53622666082
 -3232.60542850251   0.00036671559   1.42442386666
 -2120.90900683440  -0.00124997264  -0.05923350381
   27.33282433123  -0.00046634211  15.64549083326
   13.71880577217   0.00432589099   1.62799143630
    9.13295078376   0.00005260208  -0.45862193993
    9.12068919638   0.00081277770   0.70357084895
    9.10846048884   0.00192318247   0.90712029776
 3396.73824406533   0.00165205163 -26.13217398617
 1656.31999626209   0.00067913279   8.28128875383
   27.10365333842  -0.00157728474   0.55631792509
ltep  -22.36914282768
ltep    9.49209426315
ltep   18.68216048000
ltep  100.00000000000
ltep   10.00000000000
ltep  200.00000000000
ltep  600.00000000000
ltep   70.00000000000
ltep  150.00000000000
ltep  400.00000000000
ltep    0.50000000000
harm  22
harm  11
harm  0
