offs    0.00000000000
bg      0.00014145030
impA    0.00000000000
impB    0.00000000000
impC    0.00000000000
delA    4.59735123351
delB    0.79873573316
asym   -0.01294118609
ann1    2.83759975612
ann2   -0.96926810708
sem1    1.30889070061
sem2   -0.73481077186
year   -0.00002792676
IR     -0.00000000000
ma     -0.00000000000
mp     -0.00007815022
shfT   -0.00000000000
init   -0.00014100390
   27.32166155400   0.00607401206  -1.56418105461
   27.21222081500   0.02992871559  -0.80373571130
 1095.17502233364   0.00102280782  -0.40332161337
    9.08286783775   0.00582294869   1.50134724156
    6.81670784238  -0.00084157960   0.41160876851
   13.63341568476   0.00470557770  16.34231789064
   13.66083077700  -0.00248553444  26.82066085176
   13.60611040750  -0.00258969993  20.48668225579
   27.55454988600  -0.00437758915   2.81987678908
   13.77727494300  -0.00251160871   4.96277039303
 6793.47648813065   0.00073766587   0.18303722516
 1616.30271425126  -0.00128059541  -1.39722191480
   27.09267692660  -0.00169061941   2.09327910098
    9.09502787633   0.00289233265   0.56020294186
   13.69115772864   0.00140905827  17.19094816155
 1305.66025845931  -0.00067575887   0.34893460740
   27.44323926226  -0.00125775108   0.89674864064
   27.66676714572  -0.00120701463   3.22773301708
 2190.35004466729   0.00195971324   1.66722669866
   26.98505934729   0.00222684657   5.81114907060
 6167.20701373239  -0.00021545078 -12.38174300913
 -3232.60542850251   0.00040003872   1.46796978632
 -2120.90900683440  -0.00122542085  -0.05811833391
   27.33282433123  -0.00046670329 -15.57241984560
   13.71880577217   0.00437615955   1.59743168183
    9.13295078376   0.00005211428  -0.44049691882
    9.12068919638   0.00081433520   0.68647191126
    9.10846048884   0.00183370133   0.92878482777
 3396.73824406533   0.00162776268 -26.15329263867
 1656.31999626209   0.00066808590   8.17588583476
   27.10365333842  -0.00172431013   0.49035607977
ltep   23.03914486836
ltep    9.40921391478
ltep   18.68216048000
ltep  100.00000000000
ltep   10.00000000000
ltep  200.00000000000
ltep  600.00000000000
ltep   70.00000000000
ltep  150.00000000000
ltep  400.00000000000
ltep    0.50000000000
harm  19
harm  13
harm  0
