offs    0.00000000000
bg      0.00014145452
impA    0.00000000000
impB    0.00000000000
impC    0.00000000000
delA    4.54820549815
delB    0.72718786582
asym    0.00000606320
ann1    4.99195054641
ann2   -2.04215324616
sem1   -0.00000754901
sem2   -1.22158244677
year   -0.00002792655
IR     -0.00000000000
ma     -0.00000000000
mp      0.00011795265
shfT   -0.00000000000
init   -0.00546560369
   27.32166155400   0.00632878584  -1.35234398421
   27.21222081500   0.03062857188  -0.74319765981
 1095.17502233364   0.00037371580  -0.56671260244
    9.08286783775   0.00420508722   1.44181937560
    6.81670784238   0.00084882134   0.45099285566
   13.63341568476   0.00515975247   9.80101579706
   13.66083077700  -0.00274020678  14.71028804246
   13.60611040750  -0.00177096007  20.83305343337
   27.55454988600  -0.00432183622   3.03266340504
   13.77727494300  -0.00224573865  78.52607912472
 6793.47648813065   0.00073534573 -24.00992883624
 1616.30271425126  -0.00051417132   0.57455167035
   27.09267692660  -0.00179165179   1.65209981505
    9.09502787633   0.00243039428   0.59107942214
   13.69115772864   0.00009898705  -0.37131864926
 1305.66025845931   0.00014026531   1.86716162735
   27.44323926226  -0.00013480635   0.05224447797
   27.66676714572  -0.00105743679   2.72209717799
 2190.35004466729   0.00142622596   2.02239468378
   26.98505934729   0.00102365025   6.33205790252
 6167.20701373239  -0.00013810962  -3.84703253362
 -3232.60542850251   0.00100214114   0.16283379945
 -2120.90900683440  -0.00201758699  -0.35891753920
   27.33282433123  -0.00035028068   9.20308529088
   13.71880577217   0.00302679863 -16.84443092742
    9.13295078376   0.00007287508   8.00165871377
    9.12068919638   0.00072551309   0.76882076277
    9.10846048884   0.00140630217   0.97951741921
 3396.73824406533   0.00124831869 -39.27011999051
ltep   23.85953051819
ltep    2.60164274822
ltep    3.91413290270
ltep   12.28983519434
ltep   11.21165301861
ltep   -2.09107104701
ltep    3.18081070896
ltep    3.58245503554
ltep  -61.72163523927
ltep  -17.10853873324
ltep    9.89513841622
harm  45
harm  50
harm  48
harm  18
harm  42
harm  53
harm  2217
harm  8734
harm  8775
harm  9280
harm  50
harm  80
harm  219
harm  186
harm  261
harm  133
harm  55
harm  683
harm  490
harm  1196
harm  119
harm  173
harm  284
harm  23
harm  74
harm  58
harm  139
harm  0
