offs    0.17362384768
bg      0.00014145452
impA   23.70679416454
impB   -0.00000000003
impC   -1.90989704896
delA    4.56328429457
delB    0.72718786582
asym    0.00118459321
ann1    6.07212262973
ann2   -3.31266736781
sem1   -2.07905926434
sem2    2.24841910547
year   -0.00003490286
IR     -0.00018534103
ma     -0.00285959467
mp      0.00011694275
shfT   -0.38901386183
init    0.14110557399
   27.32166155400   0.00590626651  -1.31907497036
   27.21222081500   0.03084392736  -0.74178130111
 1095.17502233364   0.00036373516  -0.31300165109
    9.08286783775   0.00425564805   1.60792922918
    6.81670784238   0.00112726950   0.39919092271
   13.63341568476   0.00515454655   9.78264873965
   13.66083077700  -0.00282610733  14.74512603199
   13.60611040750  -0.00188882082  20.83241204148
   27.55454988600  -0.00443527602   3.01763216160
   13.77727494300  -0.00262303726   9.39659446348
 6793.47648813065   0.00075489421 -23.95487830099
 1616.30271425126  -0.00062599448   0.27676033007
   27.09267692660  -0.00205507299   1.60106203466
    9.09502787633   0.00235036261   0.58631430218
   13.69115772864   0.00016550039   0.24658777454
 1305.66025845931   0.00047240895   0.82248095241
   27.44323926226  -0.00014192660   2.85965999633
   27.66676714572  -0.00114998814   2.79066382488
 2190.35004466729   0.00132280796   2.01918185832
   26.98505934729   0.00120110336  12.87597014048
 6167.20701373239  -0.00008204003  -3.86998574423
 -3232.60542850251   0.00088776201   0.19633817980
 -2120.90900683440  -0.00207130445  -0.41003518639
   27.33282433123  -0.00036849583   9.30286287706
   13.71880577217   0.00265212797 -16.88612931235
    9.13295078376   0.00007482220   8.09401210019
    9.12068919638   0.00071440391   0.79918357896
    9.10846048884   0.00127038707   0.98490414085
 3396.73824406533   0.00121834699 -39.67712089596
ltep   22.80104086379
ltep    2.60033781354
ltep    3.91413290270
ltep   12.28983519434
ltep   11.21165301861
ltep   -2.09107104701
ltep    3.18081070896
ltep    3.58245503554
ltep  -61.72163523927
ltep  -17.10853873324
ltep    9.89513841622
harm  26
harm  50
harm  48
harm  35
harm  42
harm  29
harm  2217
harm  8734
harm  8775
harm  9280
harm  50
harm  80
harm  219
harm  186
harm  261
harm  133
harm  55
harm  683
harm  490
harm  1196
harm  119
harm  173
harm  284
harm  23
harm  74
harm  58
harm  139
harm  0
