offs    0.00000000000
bg      0.00014145030
impA    0.00000000000
impB    0.00000000000
impC    0.00000000000
delA    4.53469039601
delB    0.79873573316
asym    0.07249602946
ann1   -0.00577105264
ann2   -5.85581373402
sem1   -0.01065558670
sem2    0.52872846957
year   -0.00002792676
IR     -0.00000000000
ma     -0.00000000000
mp     -0.00011237768
shfT   -0.00000000000
init   -0.00291493234
   27.32166155400   0.00674291632  -1.40482531362
   27.21222081500   0.03102845279  -0.72694528776
 1095.17502233364   0.00017811790  -0.46138916134
    9.08286783775   0.00508849426   1.39688013451
    6.81670784238   0.00145552304  -0.05136951607
   13.63341568476   0.00461096598   9.92987584879
   13.66083077700  -0.00332814791  20.77640414300
   13.60611040750  -0.00214533537  20.94322240765
   27.55454988600  -0.00508576032   3.18344534532
   13.77727494300  -0.00323003387  23.26546359334
 6793.47648813065   0.00068924444  -0.08355647591
 1616.30271425126  -0.00099680448  -1.13603046368
   27.09267692660  -0.00243214842   2.10632457553
    9.09502787633   0.00235692161   0.85396961589
   13.69115772864   0.00097489356   4.13535265374
 1305.66025845931  -0.00036490374  -0.43432255542
   27.44323926226  -0.00164315801   1.29969196513
   27.66676714572  -0.00099977018   2.79531182686
 2190.35004466729   0.00166777963   2.13350180129
   26.98505934729   0.00211758297   5.53594215963
 6167.20701373239  -0.00023398852 -11.68808710973
 -3232.60542850251   0.00047453554   0.46134813922
 -2120.90900683440  -0.00203936184  -0.18360403187
   27.33282433123  -0.00056177348  54.77371456761
   13.71880577217   0.00342820790   1.81771485554
    9.13295078376   0.00006270293   0.95072369155
    9.12068919638   0.00077101674   0.54398958202
    9.10846048884   0.00181334804   0.79079976723
 3396.73824406533   0.00105187896 -32.49710106280
 1656.31999626209   0.00018324418   5.44534418878
   27.10365333842  -0.00030349212   2.89244108397
ltep   63.28728473769
ltep   23.65960017116
ltep   18.68216048000
ltep  100.00000000000
ltep   10.00000000000
ltep  200.00000000000
ltep  600.00000000000
ltep   70.00000000000
ltep  150.00000000000
ltep  400.00000000000
ltep    0.50000000000
harm  3
harm  19
harm  0
