1919.0000333    52.2535
1919.0833333    33.1949
1919.1666333    25.4736
1919.2500333    10.0885
1919.3333333    12.7663
1919.4166333    15.7411
1919.5000333    15.4828
1919.5833333    -18.5573
1919.6666333    -30.3666
1919.7500333    -40.2527
1919.8333333    -48.5233
1919.9166333    -52.1014
1920.0000333    -52.8333
1920.0833333    -53.5651
1920.1666333    -42.3737
1920.2500333    -32.1053
1920.3333333    -15.4521
1920.4166333    -0.4911
1920.5000333    3.9314
1920.5833333    10.6619
1920.6666333    16.9309
1920.7500333    11.5076
1920.8333333    10.3153
1920.9166333    17.5847
1921.0000333    11.7002
1921.0833333    10.0467
1921.1666333    17.3164
1921.2500333    28.5092
1921.3333333    28.0098
1921.4166333    27.0491
1921.5000333    8.473
1921.5833333    -2.3337
1921.6666333    -9.6018
1921.7500333    -19.9468
1921.8333333    -19.2916
1921.9166333    -17.944
1922.0000333    -34.4425
1922.0833333    -37.0947
1922.1666333    -31.2852
1922.2500333    -28.7834
1922.3333333    -30.4353
1922.4166333    -33.3178
1922.5000333    -31.5079
1922.5833333    -39.2363
1922.6666333    -47.9647
1922.7500333    -50.3852
1922.8333333    -38.8826
1922.9166333    -40.3029
1923.0000333    -41.2616
1923.0833333    -32.8355
1923.1666333    -23.4863
1923.2500333    -16.2139
1923.3333333    -4.4798
1923.4166333    2.0237
1923.5000333    4.8349
1923.5833333    11.3385
1923.6666333    9.8423
1923.7500333    11.9615
1923.8333333    4.6963
1923.9166333    -1.9534
1924.0000333    -4.8339
1924.0833333    -3.6372
1924.1666333    1.4826
1924.2500333    12.5256
1924.3333333    18.1071
1924.4166333    4.6888
1924.5000333    -10.8063
1924.5833333    -9.9167
1924.6666333    -26.3347
1924.7500333    -20.4449
1924.8333333    -13.7088
1924.9166333    -6.0495
1925.0000333    2.3791
1925.0833333    5.1924
1925.1666333    5.852
1925.2500333    2.0502
1925.3333333    -0.1361
1925.4166333    4.5238
1925.5000333    19.9531
1925.5833333    37.3056
1925.6666333    29.812
1925.7500333    31.3954
1925.8333333    40.979
1925.9166333    39.1012
1926.0000333    37.4542
1926.0833333    34.8073
1926.1666333    30.3144
1926.2500333    44.5908
1926.3333333    58.1751
1926.4166333    56.9902
1926.5000333    48.4977
1926.5833333    43.3131
1926.6666333    23.8209
1926.7500333    17.6364
1926.8333333    11.7598
1926.9166333    1.114
1927.0000333    -2.4547
1927.0833333    -8.5618
1927.1666333    -4.361
1927.2500333    15.5321
1927.3333333    16.1946
1927.4166333    3.7803
1927.5000333    3.0584
1927.5833333    -6.3557
1927.6666333    -11.5389
1927.7500333    -11.5682
1927.8333333    -8.905
1927.9166333    -8.7033
1928.0000333    -10.5784
1928.0833333    -11.5302
1928.1666333    -12.5589
1928.2500333    -12.3568
1928.3333333    -10.6929
1928.4166333    -6.4905
1928.5000333    -7.288
1928.5833333    -28.7008
1928.6666333    -30.3442
1928.7500333    -45.1414
1928.8333333    -60.8615
1928.9166333    -60.5046
1929.0000333    -55.3783
1929.0833333    -47.6366
1929.1666333    -50.9716
1929.2500333    -34.7681
1929.3333333    -36.6414
1929.4166333    -44.2069
1929.5000333    -65.3877
1929.5833333    -50.6453
1929.6666333    -45.2104
1929.7500333    -45.4678
1929.8333333    -47.1097
1929.9166333    -37.0591
1930.0000333    -42.2392
1930.0833333    -46.2654
1930.1666333    -51.2145
1930.2500333    -34.0866
1930.3333333    -30.6508
1930.4166333    -7.215
1930.5000333    12.9133
1930.5833333    37.9647
1930.6666333    30.9394
1930.7500333    43.2987
1930.8333333    43.7351
1930.9166333    52.0947
1931.0000333    50.1467
1931.0833333    50.5834
1931.1666333    57.4049
1931.2500333    70.0726
1931.3333333    66.0481
1931.4166333    72.1776
1931.5000333    56.6918
1931.5833333    36.283
1931.6666333    22.4898
1931.7500333    24.5427
1931.8333333    20.7497
1931.9166333    18.1106
1932.0000333    18.3178
1932.0833333    22.0635
1932.1666333    28.5786
1932.2500333    30.1708
1932.3333333    36.4553
1932.4166333    42.5092
1932.5000333    37.1017
1932.5833333    28.6173
1932.6666333    30.6715
1932.7500333    21.9566
1932.8333333    16.3188
1932.9166333    16.0656
1933.0000333    19.8126
1933.0833333    15.0982
1933.1666333    19.7684
1933.2500333    20.4388
1933.3333333    22.3401
1933.4166333    19.4722
1933.5000333    26.4506
1933.5833333    25.6599
1933.6666333    29.4078
1933.7500333    20.0019
1933.8333333    31.6731
1933.9166333    27.9597
1934.0000333    26.0926
1934.0833333    20.4565
1934.1666333    19.0512
1934.2500333    21.8767
1934.3333333    41.087
1934.4166333    43.3743
1934.5000333    39.1233
1934.5833333    33.7185
1934.6666333    29.0062
1934.7500333    19.6016
1934.8333333    12.8126
1934.9166333    8.1006
1935.0000333    5.6964
1935.0833333    3.5231
1935.1666333    4.6576
1935.2500333    10.2537
1935.3333333    3.1576
1935.4166333    4.8309
1935.5000333    6.8889
1935.5833333    -5.053
1935.6666333    -21.6871
1935.7500333    -35.9365
1935.8333333    -32.4934
1935.9166333    -18.2041
1936.0000333    -15.1454
1936.0833333    -12.7789
1936.1666333    -13.2585
1936.2500333    -8.3533
1936.3333333    -0.3712
1936.4166333    15.5342
1936.5000333    -18.2526
1936.5833333    -23.8855
1936.6666333    -16.2105
1936.7500333    -6.1509
1936.8333333    -0.5526
1936.9166333    2.2765
1937.0000333    -4.125
1937.0833333    -8.1418
1937.1666333    -12.1585
1937.2500333    -2.329
1937.3333333    13.1161
1937.4166333    16.4074
1937.5000333    12.6988
1937.5833333    35.1442
1937.6666333    36.359
1937.7500333    30.4969
1937.8333333    17.558
1937.9166333    10.9269
1938.0000333    2.9113
1938.0833333    -7.5657
1938.1666333    -12.2734
1938.2500333    1.3268
1938.3333333    -3.6114
1938.4166333    -13.0111
1938.5000333    -13.4876
1938.5833333    -29.5024
1938.6666333    -46.3632
1938.7500333    -60.224
1938.8333333    -62.0846
1938.9166333    -57.6374
1939.0000333    -52.0363
1939.0833333    -48.7428
1939.1666333    -39.4491
1939.2500333    -29.3861
1939.3333333    -18.3999
1939.4166333    9.0479
1939.5000333    16.8036
1939.5833333    19.5593
1939.6666333    32.469
1939.7500333    37.6096
1939.8333333    42.058
1939.9166333    39.8912
1940.0000333    40.8013
1940.0833333    46.4808
1940.1666333    54.9296
1940.2500333    71.1478
1940.3333333    75.3661
1940.4166333    80.7384
1940.5000333    71.3415
1940.5833333    68.7909
1940.6666333    62.9327
1940.7500333    54.4592
1940.8333333    56.7551
1940.9166333    58.5896
1941.0000333    62.578
1941.0833333    65.6434
1941.1666333    67.0167
1941.2500333    71.0054
1941.3333333    75.9174
1941.4166333    85.2909
1941.5000333    79.4339
1941.5833333    66.8077
1941.6666333    57.6431
1941.7500333    55.7864
1941.8333333    54.3913
1941.9166333    47.8425
1942.0000333    43.8322
1942.0833333    33.0528
1942.1666333    24.1197
1942.2500333    28.8021
1942.3333333    33.9461
1942.4166333    27.6288
1942.5000333    10.0038
1942.5833333    -3.1595
1942.6666333    -14.9381
1942.7500333    -15.4089
1942.8333333    -29.7258
1942.9166333    -34.8886
1943.0000333    -33.2822
1943.0833333    -31.5987
1943.1666333    -22.4535
1943.2500333    -4.3852
1943.3333333    0.2986
1943.4166333    -1.1713
1943.5000333    3.7435
1943.5833333    -0.4954
1943.6666333    -7.5034
1943.7500333    -1.8959
1943.8333333    -11.2884
1943.9166333    -11.0653
1944.0000333    -12.2267
1944.0833333    -15.2342
1944.1666333    -16.7031
1944.2500333    -9.0181
1944.3333333    -2.9483
1944.4166333    -11.1861
1944.5000333    -11.8853
1944.5833333    -28.1229
1944.6666333    -20.5911
1944.7500333    -28.8285
1944.8333333    -38.4503
1944.9166333    -39.2259
1945.0000333    -35.5399
1945.0833333    -41.1614
1945.1666333    -42.0905
1945.2500333    -36.2503
1945.3333333    -29.1792
1945.4166333    -29.6464
1945.5000333    -26.8058
1945.5833333    -27.2729
1945.6666333    -20.6628
1945.7500333    -24.4373
1945.8333333    -20.2117
1945.9166333    -12.6783
1946.0000333    -2.837
1946.0833333    -6.0726
1946.1666333    9.1535
1946.2500333    19.2258
1946.3333333    17.3752
1946.4166333    10.2939
1946.5000333    -2.8642
1946.5833333    -12.253
1946.6666333    -26.1032
1946.7500333    -39.2609
1946.8333333    -47.4186
1946.9166333    -42.0377
1947.0000333    -40.4259
1947.0833333    -47.6601
1947.1666333    -43.6635
1947.2500333    -24.2052
1947.3333333    -23.0545
1947.4166333    -8.9806
1947.5000333    -4.522
1947.5833333    -7.0633
1947.6666333    -6.3737
1947.7500333    -3.5301
1947.8333333    1.6213
1947.9166333    4.6189
1948.0000333    1.5397
1948.0833333    -1.4624
1948.1666333    9.3048
1948.2500333    20.0721
1948.3333333    11.378
1948.4166333    16.5301
1948.5000333    -2.7022
1948.5833333    -7.6268
1948.6666333    -5.0897
1948.7500333    -2.2448
1948.8333333    -3.8613
1948.9166333    -4.3239
1949.0000333    -3.8632
1949.0833333    2.7513
1949.1666333    5.7506
1949.2500333    3.9039
1949.3333333    13.288
1949.4166333    2.7492
1949.5000333    -19.2511
1949.5833333    -7.3281
1949.6666333    -12.482
1949.7500333    -17.405
1949.8333333    -28.9433
1949.9166333    -31.5583
1950.0000333    -32.9425
1950.0833333    -30.3266
1950.1666333    -32.4798
1950.2500333    -18.1714
1950.3333333    -15.1706
1950.4166333    -19.1696
1950.5000333    -16.3993
1950.5833333    -2.3981
1950.6666333    -14.0891
1950.7500333    -26.4723
1950.8333333    -30.1631
1950.9166333    -30.8537
1951.0000333    -33.9289
1951.0833333    -41.2348
1951.1666333    -45.9251
1951.2500333    -43.3076
1951.3333333    -45.1516
1951.4166333    -48.3801
1951.5000333    -48.3776
1951.5833333    -48.8367
1951.6666333    -51.834
1951.7500333    -49.2159
1951.8333333    -45.29
1951.9166333    -41.8254
1952.0000333    -39.9762
1952.0833333    -39.2038
1952.1666333    -28.662
1952.2500333    -22.1201
1952.3333333    -16.2705
1952.4166333    -2.7284
1952.5000333    8.9677
1952.5833333    -4.1823
1952.6666333    -4.8706
1952.7500333    -6.3281
1952.8333333    -3.0931
1952.9166333    0.6804
1953.0000333    -0.6998
1953.0833333    3.997
1953.1666333    12.8478
1953.2500333    26.6987
1953.3333333    51.0882
1953.4166333    57.4009
1953.5000333    41.2521
1953.5833333    39.6419
1953.6666333    35.6472
1953.7500333    24.4218
1953.8333333    17.6581
1953.9166333    18.1253
1954.0000333    21.4388
1954.0833333    19.3677
1954.1666333    20.3737
1954.2500333    27.6874
1954.3333333    33.5398
1954.4166333    31.0076
1954.5000333    25.8602
1954.5833333    16.4821
1954.6666333    -6.0497
1954.7500333    -2.2737
1954.8333333    -6.4977
1954.9166333    -5.1061
1955.0000333    -13.9451
1955.0833333    -17.938
1955.1666333    -17.0076
1955.2500333    -4.6155
1955.3333333    -9.7619
1955.4166333    -24.985
1955.5000333    -37.208
1955.5833333    -51.7386
1955.6666333    -54.7307
1955.7500333    -55.8764
1955.8333333    -65.0221
1955.9166333    -54.2445
1956.0000333    -54.0053
1956.0833333    -52.3814
1956.1666333    -52.6036
1956.2500333    -38.2871
1956.3333333    -46.7398
1956.4166333    -42.0385
1956.5000333    -56.3371
1956.5833333    -71.7895
1956.6666333    -66.8571
1956.7500333    -72.54
1956.8333333    -66.2228
1956.9166333    -57.9824
1957.0000333    -57.7419
1957.0833333    -51.1166
1957.1666333    -48.1066
1957.2500333    -42.4812
1957.3333333    -42.2402
1957.4166333    -22.7684
1957.5000333    -6.8349
1957.5833333    23.4064
1957.6666333    28.8017
1957.7500333    29.5047
1957.8333333    30.9771
1957.9166333    26.7573
1958.0000333    15.0761
1958.0833333    12.3181
1958.1666333    15.3294
1958.2500333    31.11
1958.3333333    44.5061
1958.4166333    49.6716
1958.5000333    40.2988
1958.5833333    21.5414
1958.6666333    6.5534
1958.7500333    0.7193
1958.8333333    -8.6531
1958.9166333    -2.3331
1959.0000333    -0.9361
1959.0833333    6.0764
1959.1666333    11.9352
1959.2500333    13.1787
1959.3333333    3.5762
1959.4166333    8.2815
1959.5000333    3.6023
1959.5833333    -3.1538
1959.6666333    -4.9866
1959.7500333    -5.204
1959.8333333    2.5019
1959.9166333    5.5924
1960.0000333    -0.9323
1960.0833333    -0.1492
1960.1666333    4.7878
1960.2500333    9.0327
1960.3333333    18.4315
1960.4166333    21.6766
1960.5000333    19.3064
1960.5833333    25.8594
1960.6666333    33.1817
1960.7500333    25.1964
1960.8333333    12.8267
1960.9166333    11.457
1961.0000333    9.626
1961.0833333    10.3335
1961.1666333    9.6565
1961.2500333    15.7488
1961.3333333    14.3028
1961.4166333    9.8569
1961.5000333    3.3342
1961.5833333    -15.1115
1961.6666333    -39.7109
1961.7500333    -56.3871
1961.8333333    -60.8325
1961.9166333    -63.2008
1962.0000333    -74.8767
1962.0833333    -71.1678
1962.1666333    -67.8435
1962.2500333    -50.5191
1962.3333333    -38.2714
1962.4166333    -30.716
1962.5000333    -47.622
1962.5833333    -37.0663
1962.6666333    -38.7414
1962.7500333    -28.8778
1962.8333333    -27.2449
1962.9166333    -22.0734
1963.0000333    -17.3633
1963.0833333    -14.807
1963.1666333    0.9802
1963.2500333    25.8444
1963.3333333    33.4011
1963.4166333    26.1117
1963.5000333    31.7455
1963.5833333    38.6102
1963.6666333    24.3211
1963.7500333    16.186
1963.8333333    3.3587
1963.9166333    1.07
1964.0000333    2.7814
1964.0833333    7.0314
1964.1666333    9.4353
1964.2500333    4.7624
1964.3333333    -9.7565
1964.4166333    -18.8907
1964.5000333    -23.5633
1964.5833333    -42.7742
1964.6666333    -53.1389
1964.7500333    -54.9649
1964.8333333    -56.4063
1964.9166333    -55.4629
1965.0000333    -58.5194
1965.0833333    -63.8835
1965.1666333    -80.0167
1965.2500333    -63.8421
1965.3333333    -60.1289
1965.4166333    -54.2618
1965.5000333    -55.6253
1965.5833333    -58.8349
1965.6666333    -49.6598
1965.7500333    -46.7922
1965.8333333    -47.2322
1965.9166333    -29.3644
1966.0000333    -19.958
1966.0833333    -11.2439
1966.1666333    4.7012
1966.2500333    32.1079
1966.3333333    32.8224
1966.4166333    43.9216
1966.5000333    45.5594
1966.5833333    48.1204
1966.6666333    49.2969
1966.7500333    37.8581
1966.8333333    46.3425
1966.9166333    51.7501
1967.0000333    51.3117
1967.0833333    53.6425
1967.1666333    65.4351
1967.2500333    77.8431
1967.3333333    72.482
1967.4166333    71.8133
1967.5000333    56.0679
1967.5833333    60.3225
1967.6666333    62.2695
1967.7500333    66.0629
1967.8333333    72.164
1967.9166333    79.8806
1968.0000333    88.1358
1968.0833333    94.2372
1968.1666333    106.262
1968.2500333    112.825
1968.3333333    115.004
1968.4166333    119.721
1968.5000333    113.669
1968.5833333    116.771
1968.6666333    88.1813
1968.7500333    79.0528
1968.8333333    63.7707
1968.9166333    55.3348
1969.0000333    45.7452
1969.0833333    41.5402
1969.1666333    37.3354
1969.2500333    32.4385
1969.3333333    34.5416
1969.4166333    36.1832
1969.5000333    39.7481
1969.5833333    42.8516
1969.6666333    34.8782
1969.7500333    39.5973
1969.8333333    31.3934
1969.9166333    34.2665
1970.0000333    34.7551
1970.0833333    34.5516
1970.1666333    28.1942
1970.2500333    27.9909
1970.3333333    26.3261
1970.4166333    13.9691
1970.5000333    -15.3108
1970.5833333    -35.8983
1970.6666333    -40.8704
1970.7500333    -42.9192
1970.8333333    -49.6602
1970.9166333    -48.0165
1971.0000333    -52.6804
1971.0833333    -48.8827
1971.1666333    -43.2387
1971.2500333    -36.133
1971.3333333    -32.7964
1971.4166333    -36.7674
1971.5000333    -50.123
1971.5833333    -41.863
1971.6666333    -33.4491
1971.7500333    -35.7273
1971.8333333    -44.8517
1971.9166333    -37.5913
1972.0000333    -37.3307
1972.0833333    -28.8393
1972.1666333    -32.3478
1972.2500333    -36.2408
1972.3333333    -27.0568
1972.4166333    -26.3342
1972.5000333    -24.3807
1972.5833333    -32.5809
1972.6666333    -42.6272
1972.7500333    -48.6734
1972.8333333    -57.5656
1972.9166333    -44.8423
1972.9999663    0.0
1973.0833003    0.0
1973.1666333    -28.0564
1973.2500333    -24.025
1973.3333333    -19.3011
1973.4166333    -9.4234
1973.4999663    0.0
1973.5833333    -10.052
1973.6666663    0.0
1973.7500333    -26.6803
1973.8333663    0.0
1973.9166333    -39.5389
1974.0000333    -44.4295
1974.0833333    -42.2431
1974.1666333    -42.6721
1974.2500333    -35.3316
1974.3333333    -15.3757
1974.4166333    -2.2658
1974.5000333    -11.1557
1974.5833333    -6.661
1974.6666333    -14.397
1974.7500333    -31.4404
1974.8333333    -39.6377
1974.9166333    -45.681
1975.0000333    -50.1087
1975.0833333    -51.998
1975.1666333    -51.964
1975.2500333    -37.1607
1975.3333333    -24.2803
1975.4166333    -27.7076
1975.5000333    -43.1347
1975.5833333    -46.1771
1975.6666333    -51.0655
1975.7500333    -42.3384
1975.8333333    -24.4574
1975.9166333    -12.7302
1975.9999663    0.0
1976.0833003    0.0
1976.1666333    11.0677
1976.2500333    21.7186
1976.3333333    18.0618
1976.4166663    0.0
1976.5000003    0.0
1976.5833333    0.0
1976.6666663    0.0
1976.7500333    25.9334
1976.8333333    15.3542
1976.9166663    0.0
1977.0000333    -3.3423
1977.0833333    -12.6904
1977.1666333    -13.5768
1977.2500333    -3.0016
1977.3333333    8.4968
1977.4166333    12.5338
1977.5000333    11.1093
1977.5833333    20.3004
1977.6666333    7.8761
1977.7500333    1.2982
1977.8333333    0.5665
1977.9166333    -7.319
1978.0000333    -18.512
1978.0833333    -16.3203
1978.1666333    -8.8208
1978.2500333    -6.7057
1978.3333333    -7.1291
1978.4166333    -16.3985
1978.5000333    -24.36
1978.5833333    -26.1677
1978.6666333    -39.7444
1978.7500333    -49.321
1978.8333333    -52.2822
1978.9166333    -53.6278
1979.0000333    -46.358
1979.0833333    -39.7034
1979.1666333    -37.1256
1979.2500333    -33.5477
1979.3333333    -27.3544
1979.4166333    -23.084
1979.5000333    -16.9673
1979.5833333    -6.8505
1979.6666333    -8.1951
1979.7500333    0.5373
1979.8333333    3.4236
1979.9166333    1.0793
1980.0000333    3.5044
1980.0833333    0.5449
1980.1666333    4.2778
1980.2500333    10.4724
1980.3333333    20.1287
1980.4166333    23.1696
1980.5000333    26.7492
1980.5833333    25.8673
1980.6666333    22.4471
1980.7500333    23.4116
1980.8333333    17.3762
1980.9166333    24.9563
1981.0000333    25.4596
1981.0833333    22.8861
1981.1666333    34.6203
1981.2500333    42.4317
1981.3333333    54.8585
1981.4166333    51.5931
1981.5000333    44.8663
1981.5833333    26.8319
1981.6666333    21.1822
1981.7500333    14.1481
1981.8333333    3.6525
1981.9166333    -3.6123
1982.0000333    -11.7999
1982.0833333    -9.1414
1982.1666333    -1.7904
1982.2500333    3.1762
1982.3333333    12.6043
1982.4166333    7.4941
1982.5000333    16.9225
1982.5833333    37.5817
1982.6666333    48.6257
1982.7500333    46.8236
1982.8333333    45.4832
1982.9166333    55.6044
1983.0000333    69.9566
1983.0833333    81.2318
1983.1666333    91.1226
1983.2500333    102.629
1983.3333333    114.597
1983.4166333    100.334
1983.5000333    88.4562
1983.5833333    78.1937
1983.6666333    62.3159
1983.7500333    56.2844
1983.8333333    56.3299
1983.9166333    56.3756
1984.0000333    49.5752
1984.0833333    46.1595
1984.1666333    45.5132
1984.2500333    52.3285
1984.3333333    59.3747
1984.4166333    42.1133
1984.5000333    46.3905
1984.5833333    42.6678
1984.6666333    24.176
1984.7500333    14.1458
1984.8333333    1.0388
1984.9166333    -4.2988
1985.0000333    -10.3286
1985.0833333    -16.8199
1985.1666333    -28.0803
1985.2500333    -27.5713
1985.3333333    -45.8315
1985.4166333    -65.7069
1985.5000333    -52.9668
1985.5833333    -52.919
1985.6666333    -43.948
1985.7500333    -42.2075
1985.8333333    -41.6978
1985.9166333    -38.5726
1986.0000333    -38.0626
1986.0833333    -39.9372
1986.1666333    -35.8885
1986.2500333    -23.3782
1986.3333333    -19.3294
1986.4166333    0.1811
1986.5000333    17.8456
1986.5833333    15.2794
1986.6666333    17.4057
1986.7500333    12.0705
1986.8333333    17.2739
1986.9166333    17.5542
1987.0000333    19.7579
1987.0833333    15.3462
1987.1666333    23.3962
1987.2500333    32.3694
1987.3333333    45.2657
1987.4166333    54.7006
1987.5000333    54.2895
1987.5833333    38.8785
1987.6666333    26.6983
1987.7500333    21.1338
1987.8333333    18.8
1987.9166333    17.6202
1988.0000333    15.2867
1988.0833333    14.1071
1988.1666333    20.0045
1988.2500333    24.9791
1988.3333333    43.7229
1988.4166333    28.7745
1988.5000333    16.2879
1988.5833333    -11.7372
1988.6666333    -8.1468
1988.7500333    -17.2485
1988.8333333    -24.0425
1988.9166333    -33.2979
1989.0000333    -39.3993
1989.0833333    -45.116
1989.1666333    -50.6788
1989.2500333    -44.9337
1989.3333333    -40.8808
1989.4166333    -55.1355
1989.5000333    -46.0824
1989.5833333    -49.1062
1989.6666333    -32.1298
1989.7500333    -40.5379
1989.8333333    -43.5613
1989.9166333    -39.6615
1990.0000333    -38.8385
1990.0833333    -36.4769
1990.1666333    -32.5768
1990.2500333    -14.8304
1990.3333333    -7.8531
1990.4166333    -17.0296
1990.5000333    -28.4367
1990.5833333    -27.7668
1990.6666333    -31.3276
1990.7500333    -36.9651
1990.8333333    -37.8333
1990.9166333    -35.3937
1991.0000333    -37.7232
1991.0833333    -28.668
1991.1666333    -26.6127
1991.2500333    -20.865
1991.3333333    -12.1941
1991.4166333    -0.8308
1991.5000333    26.4558
1991.5833333    56.5117
1991.6666333    50.4907
1991.7500333    59.9314
1991.8333333    62.0645
1991.9166333    65.3516
1992.0000333    66.6388
1992.0833333    63.3877
1992.1666333    64.1366
1992.2500333    75.6549
1992.3333333    87.2502
1992.4166333    78.3841
1992.5000333    65.1335
1992.5833333    49.0369
1992.6666333    30.0942
1992.7500333    30.6132
1992.8333333    25.9784
1992.9166333    32.6514
1993.0000333    30.1707
1993.0833333    27.3824
1993.1666333    22.2865
1993.2500333    16.037
1993.3333333    3.9413
1993.4166333    3.7688
1993.5000333    2.5965
1993.5833333    0.732
1993.6666333    -8.1325
1993.7500333    -17.4583
1993.8333333    -25.5533
1993.9166333    -30.4174
1994.0000333    -40.666
1994.0833333    -40.3761
1994.1666333    -30.2398
1994.2500333    -10.4881
1994.3333333    5.033
1994.4166333    21.708
1994.5000333    23.3832
1994.5833333    16.2123
1994.6666333    13.503
1994.7500333    7.717
1994.8333333    -1.2998
1994.9166333    -6.1626
1995.0000333    -12.6406
1995.0833333    -10.2724
1995.1666333    -9.7502
1995.2500333    -3.6125
1995.3333333    -0.2439
1995.4166333    -0.183
1995.5000333    -12.3526
1995.5833333    -20.5222
1995.6666333    -25.1532
1995.7500333    -23.7071
1995.8333333    -25.3379
1995.9166333    -18.1225
1996.0000333    -20.8299
1996.0833333    -18.3834
1996.1666333    -14.7061
1996.2500333    -2.4901
1996.3333333    -9.1202
1996.4166333    -10.5195
1996.5000333    -16.7647
1996.5833333    -20.933
1996.6666333    -23.3319
1996.7500333    -22.6537
1996.8333333    -32.3601
1996.9166333    -19.9894
1997.0000333    -15.0032
1997.0833333    -6.5554
1997.1666333    4.0463
1997.2500333    18.6482
1997.3333333    31.8656
1997.4166333    56.3138
1997.5000333    73.6084
1997.5833333    97.2107
1997.6666333    98.1977
1997.7500333    88.8773
1997.8333333    84.9414
1997.9166333    80.5442
1998.0000333    66.2241
1998.0833333    58.4424
1998.1666333    54.507
1998.2500333    51.4949
1998.3333333    50.8675
1998.4166333    36.9324
1998.5000333    15.9206
1998.5833333    9.6012
1998.6666333    -10.0258
1998.7500333    -18.6527
1998.8333333    -17.8949
1998.9166333    -12.1369
1999.0000333    -10.148
1999.0833333    -6.0053
1999.1666333    -5.9393
1999.2500333    -0.9501
1999.3333333    12.8084
1999.4166333    4.7208
1999.5000333    1.4027
1999.5833333    1.5461
1999.6666333    -14.2334
1999.7500333    -27.0897
1999.8333333    -22.0228
1999.9166333    -24.3405
2000.0000333    -26.8887
2000.0833333    -24.0523
2000.1666333    -22.1389
2000.2500333    -10.533
2000.3333333    -8.2347
2000.4166333    -23.4748
2000.5000333    -19.0223
2000.5833333    -27.2622
2000.6666333    -34.6558
2000.7500333    -47.0492
2000.8333333    -48.7502
2000.9166333    -51.2973
2001.0000333    -51.6904
2001.0833333    -47.3142
2001.1666333    -38.1686
2001.2500333    -28.4844
2001.3333333    -17.1079
2001.4166333    -7.962
2001.5000333    -2.816
2001.5833333    -11.1314
2001.6666333    -15.2929
2001.7500333    -27.8388
2001.8333333    -32.7693
2001.9166333    -34.315
2002.0000333    -34.5529
2002.0833333    -34.0985
2002.1666333    -34.4901
2002.2500333    -44.1891
2002.3333333    -38.8882
2002.4166333    -29.2794
2002.5000333    -21.3628
2002.5833333    -31.3692
2002.6666333    -28.3755
2002.7500333    -16.6124
2002.8333333    -6.6185
2002.9166333    0.3755
2003.0000333    0.8313
2003.0833333    2.1332
2003.1666333    11.4353
2003.2500333    22.0452
2003.3333333    33.3475
2003.4166333    42.8807
2003.5000333    30.2602
2003.5833333    19.1012
2003.6666333    23.2501
2003.7500333    13.63
2003.8333333    4.3175
2003.9166333    4.3898
2004.0000333    6.4623
2004.0833333    7.304
2004.1666333    13.7613
2004.2500333    17.2187
2004.3333333    11.9838
2004.4166333    12.826
2004.5000333    -4.1777
2004.5833333    -15.4123
2004.6666333    -18.1851
2004.7500333    -15.4193
2004.8333333    -7.1151
2004.9166333    -3.503
2005.0000333    2.4939
2005.0833333    3.7216
2005.1666333    5.7955
2005.2500333    18.1005
2005.3333333    27.9439
2005.4166333    39.2489
2005.5000333    54.5542
2005.5833333    47.3979
2005.6666333    48.9341
2005.7500333    47.7781
2005.8333333    39.0068
2005.9166333    32.4664
2006.0000333    31.3107
2006.0833333    24.7705
2006.1666333    24.1535
2006.2500333    22.6905
2006.3333333    18.9199
2006.4166333    19.2263
2006.5000333    6.7636
2006.5833333    -8.0067
2006.6666333    -1.0846
2006.7500333    -2.7007
2006.8333333    -12.163
2006.9166333    -6.3175
2007.0000333    5.2205
2007.0833333    9.6047
2007.1666333    13.3736
2007.2500333    33.2197
2007.3333333    46.4504
2007.4166333    45.835
2007.5000333    41.6045
2007.5833333    42.2201
2007.6666333    35.9128
2007.7500333    22.3749
2007.8333333    12.2216
2007.9166333    12.3762
2008.0000333    12.3771
2008.0833333    11.0703
2008.1666333    7.4559
2008.2500333    14.2264
2008.3333333    11.6123
2008.4166333    4.1521
2008.5000333    -7.0771
2008.5833333    -20.7679
2008.6666333    -26.9969
2008.7500333    -41.3027
2008.8333333    -41.3008
2008.9166333    -34.9911
2009.0000333    -37.9119
2009.0833333    -41.4481
2009.1666333    -41.2919
2009.2500333    -31.9817
2009.3333333    -16.2868
2009.4166333    -26.8226
2009.5000333    -3.2043
2009.5833333    11.5679
2009.6666333    26.3401
2009.7500333    33.2664
2009.8333333    40.0389
2009.9166333    43.7346
2010.0000333    31.6612
2010.0833333    27.0494
2010.1666333    27.3608
2010.2500333    30.4416
2010.3333333    34.1379
2010.4166333    30.6803
2010.5000333    29.9923
2010.5833333    1.9196
2010.6666333    -4.2299
2010.7500333    -21.7638
2010.8333333    -32.5284
2010.9166333    -33.4468
2011.0000333    -28.5188
2011.0833333    -17.0524
2011.1666333    4.1065
2011.2500333    17.5733
2011.3333333    22.3477
2011.4166333    14.1223
2011.5000333    12.3587
2011.5833333    13.8258
2011.6666333    27.6007
2011.7500333    25.1451
2011.8333333    26.151
2011.9166333    33.3878
2012.0000333    36.0863
2012.0833333    31.4003
2012.1666333    28.5605
2012.2500333    18.7978
2012.3333333    19.4967
2012.4166333    19.1957
2012.5000333    17.4334
2012.5833333    0.9018
2012.6666333    -11.3988
2012.7500333    -32.1608
2012.8333333    -48.1536
2012.9166333    -51.1462
2013.0000333    -62.4463
2013.0833333    -60.208
2013.1666333    -50.0465
2013.2500333    -46.1924
2013.3333333    -45.2614
2013.4166333    -59.7149
2013.5000333    -72.0144
2013.5833333    -70.16
2013.6666333    -68.3824
2013.7500333    -61.143
2013.8333333    -57.0575
2013.9166333    -56.5873
2014.0000333    -55.6553
2014.0833333    -55.6464
2014.1666333    -57.7912
2014.2500333    -48.7051
2014.3333333    -43.465
2014.4166333    -28.9942
2014.5000333    -21.4461
2014.5833333    -23.5135
2014.6666333    -27.1961
2014.7500333    -28.1092
2014.8333333    -37.6378
2014.9166333    -39.7816
2015.0000333    -34.6175
2015.0833333    -32.6073
2015.1666333    -19.1354
2015.2500333    -4.6633
2015.3333333    -13.8065
2015.4166333    1.358
2015.5000333    4.8304
2015.5833333    11.226
2015.6666333    24.6985
2015.7500333    24.0944
2015.8333333    13.7979
2015.9166333    18.8093
2016.0000333    20.2055
2016.0833333    11.9094
2016.1666333    9.7672
2016.2500333    12.7791
2016.3333333    26.1757
2016.4166333    21.5723
2016.5000333    8.2769
2016.5833333    -4.8647
2016.6666333    -12.0062
2016.7500333    -23.1475
2016.8333333    -26.4426
2016.9166333    -16.4299
2017.0000333    -15.1093
2017.0833333    -9.9426
2017.1666333    2.532
2017.2500333    6.3145
2017.3333333    10.8662
2017.4166333    -15.1974
2017.5000333    -4.8761
2017.5833333    -19.401
2017.6666333    -28.4642
2017.7500333    -37.9888
2017.8333333    -48.8979
2017.9166333    -46.1147
2018.0000333    -56.2543
2018.0833333    -60.5477
2018.1666333    -65.918
2018.2500333    -65.8265
2018.3333333    -56.8119
2018.4166333    -54.3357
2018.5000333    -40.6285
2018.5833333    -58.3828
2018.6666333    -56.0601
2018.7500333    -52.2756
2018.8333333    -56.9527
2018.9166333    -57.9373
2019.0000333    -57.3063
2019.0833333    -48.9061
2019.1666333    -37.8135
2019.2500333    -29.6438
2019.3333333    -24.1663
2019.4166333    -14.9195
2019.5000333    -15.3648
2019.5833333    -26.2717
2019.6666333    -23.7938
2019.7500333    -26.7003
2019.8333333    -26.0683
2019.9166333    -16.0516
2020.0000333    -7.0347
2020.0833333    1.0591
2020.1666333    6.6916
2020.2500333    4.6319
2020.3333333    15.2645
2020.4166333    27.7434
2020.5000333    32.2225
2020.5833333    20.6247
2020.6666333    21.3347
2020.7500333    16.8911
2020.8333333    21.2936
2020.9166333    23.3116
2021.0000333    19.0991
2021.0833333    17.8097
2021.1666333    22.2896
2021.2500333    37.3081
2021.3333333    57.096
2021.4166333    55.2685
2021.5000333    48.9797
2021.5833333    25.4602
2021.6666333    26.2484
2021.7500333    25.3446
2021.8333333    34.0561
2021.9166333    42.7678
2022.0000333    42.4797
2022.0833333    43.4993
2022.1666333    46.9805
2022.2500333    40.5389
2022.3333333    24.9434
2022.4166333    10.1173
2022.5000333    14.9837
2022.5833333    9.8501
2022.6666333    11.4858
2022.7500333    14.1218
2022.8333333    10.4501
2022.9166333    5.163
2023.0000333    -2.893
2023.0833333    -7.0259
2023.1666333    -1.0049
2023.2500333    4.7856
2023.3333333    13.653
2023.4166333    34.2898
2023.5000333    43.619
2023.5833333    36.1791
2023.6666333    35.3546
2023.7500333    30.1458
2023.8333333    17.2446
2023.9166333    18.5743
2024.0000333    16.4427
2024.0833333    15.5419
2024.1666333    15.0258
2024.2500333    23.1253
2024.3333333    29.6094
2024.4166333    38.6321
2024.5000333    18.9242
2024.5833333    6.2513
2024.6666333    0.024
2024.7500333    -4.0536
2024.8333333    8.8243
2024.9166333    27.9246
