1887.0000333    -94.6877
1887.0833333    -70.0766
1887.1666333    -54.2355
1887.2500333    -39.5331
1887.3333333    -34.7502
1887.4166333    -15.7401
1887.5000333    -20.4012
1887.5833333    -10.2549
1887.6666333    -33.9548
1887.7500333    -56.1162
1887.8333333    -55.9701
1887.9166333    -56.5933
1888.0000333    -55.678
1888.0833333    -57.0706
1888.1666333    -70.771
1888.2500333    -67.5483
1888.3333333    -76.6334
1888.4166333    -65.7187
1888.5000333    -84.8038
1888.5833333    -62.3508
1888.6666333    -67.5901
1888.7500333    -43.5986
1888.8333333    -41.1458
1888.9166333    -44.0777
1889.0000333    -33.1633
1889.0833333    -17.6338
1889.1666333    -14.4121
1889.2500333    -7.3441
1889.3333333    -21.0456
1889.4166333    -27.0549
1889.5000333    -35.3718
1889.5833333    -35.2274
1889.6666333    -61.2369
1889.7500333    -54.1694
1889.8333333    -57.8714
1889.9166333    -28.4965
1890.0000333    -9.8908
1890.0833333    -8.9777
1890.1666333    -24.2184
1890.2500333    -8.6899
1890.3333333    -1.6231
1890.4166333    -8.4026
1890.5000333    -12.105
1890.5833333    -21.9616
1890.6666333    -17.2028
1890.7500333    -27.0594
1890.8333333    -34.6085
1890.9166333    -32.1576
1891.0000333    -41.2452
1891.0833333    -41.8715
1891.1666333    -38.6516
1891.2500333    -36.9702
1891.3333333    -66.0582
1891.4166333    -70.531
1891.5000333    -54.2344
1891.5833333    -37.938
1891.6666333    -53.9495
1891.7500333    -63.0377
1891.8333333    -45.9724
1891.9166333    -33.5225
1892.0000333    -12.611
1892.0833333    -4.0075
1892.1666333    -6.9425
1892.2500333    -16.8004
1892.3333333    -31.274
1892.4166333    -15.7477
1892.5000333    -27.9136
1892.5833333    -43.9259
1892.6666333    -46.8614
1892.7500333    -27.4891
1892.8333333    -32.7324
1892.9166333    -33.3604
1893.0000333    -35.5268
1893.0833333    -40.7704
1893.1666333    -24.4755
1893.2500333    -11.2575
1893.3333333    11.9602
1893.4166333    34.4086
1893.5000333    26.0879
1893.5833333    62.3824
1893.6666333    74.8306
1893.7500333    43.4327
1893.8333333    21.2653
1893.9166333    28.3287
1894.0000333    31.5459
1894.0833333    40.1476
1894.1666333    46.4415
1894.2500333    24.2739
1894.3333333    10.5676
1894.4166333    -1.6003
1894.5000333    -10.6912
1894.5833333    -22.8593
1894.6666333    -59.6428
1894.7500333    -63.3493
1894.8333333    -50.133
1894.9166333    -36.9168
1895.0000333    -25.2389
1895.0833333    -22.7921
1895.1666333    -16.4992
1895.2500333    -17.1292
1895.3333333    -9.298
1895.4166333    -12.2361
1895.5000333    -25.1741
1895.5833333    -18.8816
1895.6666333    -5.6661
1895.7500333    -5.5274
1895.8333333    -6.1582
1895.9166333    7.0571
1896.0000333    26.4263
1896.0833333    24.2568
1896.1666333    15.9334
1896.2500333    -0.0823
1896.3333333    -12.252
1896.4166333    -30.5757
1896.5000333    -46.5916
1896.5833333    -50.3
1896.6666333    -62.4701
1896.7500333    -69.2554
1896.8333333    -66.8102
1896.9166333    -70.519
1897.0000333    -62.6892
1897.0833333    -71.7827
1897.1666333    -68.5687
1897.2500333    -59.2007
1897.3333333    -60.6021
1897.4166333    -53.5421
1897.5000333    -31.8667
1897.5833333    6.7316
1897.6666333    18.4068
1897.7500333    15.4666
1897.8333333    10.9878
1897.9166333    14.2011
1898.0000333    37.4146
1898.0833333    41.397
1898.1666333    53.0717
1898.2500333    40.1311
1898.3333333    34.1132
1898.4166333    63.48
1898.5000333    82.8468
1898.5833333    82.9826
1898.6666333    69.2722
1898.7500333    72.4849
1898.8333333    75.6974
1898.9166333    88.9098
1899.0000333    87.5069
1899.0833333    82.2576
1899.1666333    88.5467
1899.2500333    94.8359
1899.3333333    130.356
1899.4166333    149.721
1899.5000333    112.933
1899.5833333    77.6836
1899.6666333    56.2799
1899.7500333    33.3379
1899.8333333    25.7802
1899.9166333    25.1455
1900.0000333    26.0493
1900.0833333    33.1068
1900.1666333    26.318
1900.2500333    30.2985
1900.3333333    11.2019
1900.4166333    -9.4333
1900.5000333    -30.8376
1900.5833333    -15.3191
1900.6666333    -19.0315
1900.7500333    -18.1283
1900.8333333    -24.9178
1900.9166333    -28.6303
1901.0000333    -30.0351
1901.0833333    -36.8248
1901.1666333    -46.6915
1901.2500333    -56.558
1901.3333333    -66.4249
1901.4166333    -49.3687
1901.5000333    -36.9278
1901.5833333    -34.4872
1901.6666333    -45.8928
1901.7500333    -48.8368
1901.8333333    -47.9348
1901.9166333    -31.6484
1902.0000333    -16.1311
1902.0833333    5.5399
1902.1666333    17.9799
1902.2500333    23.497
1902.3333333    27.4754
1902.4166333    8.3768
1902.5000333    -1.491
1902.5833333    3.2564
1902.6666333    14.9267
1902.7500333    40.4433
1902.8333333    55.9597
1902.9166333    59.9375
1903.0000333    68.5308
1903.0833333    78.6623
1903.1666333    80.3322
1903.2500333    74.3098
1903.3333333    84.4411
1903.4166333    83.8031
1903.5000333    80.8574
1903.5833333    71.7577
1903.6666333    24.1963
1903.7500333    -1.8265
1903.8333333    -22.465
1903.9166333    -21.565
1904.0000333    -3.7419
1904.0833333    4.8502
1904.1666333    -18.8655
1904.2500333    -36.4273
1904.3333333    -28.6047
1904.4166333    -16.936
1904.5000333    -0.6518
1904.5833333    28.709
1904.6666333    16.5313
1904.7500333    28.1999
1904.8333333    35.2528
1904.9166333    26.921
1905.0000333    34.7431
1905.0833333    34.8727
1905.1666333    33.4638
1905.2500333    48.2087
1905.3333333    46.0304
1905.4166333    47.6981
1905.5000333    37.0583
1905.5833333    31.0335
1905.6666333    31.1626
1905.7500333    42.8302
1905.8333333    39.8821
1905.9166333    50.0109
1906.0000333    69.3706
1906.0833333    75.653
1906.1666333    68.8585
1906.2500333    50.5256
1906.3333333    32.9617
1906.4166333    56.167
1906.5000333    49.3723
1906.5833333    36.4235
1906.6666333    38.0901
1906.7500333    12.8336
1906.8333333    17.5769
1906.9166333    26.1663
1907.0000333    33.2173
1907.0833333    44.8834
1907.1666333    48.088
1907.2500333    38.9849
1907.3333333    30.6508
1907.4166333    29.2397
1907.5000333    7.8287
1907.5833333    23.3405
1907.6666333    12.6984
1907.7500333    -18.7129
1907.8333333    -20.1244
1907.9166333    -28.459
1908.0000333    -29.8705
1908.0833333    -32.8207
1908.1666333    -41.9249
1908.2500333    -64.1058
1908.3333333    -70.9024
1908.4166333    -49.2375
1908.5000333    -45.2649
1908.5833333    -42.0617
1908.6666333    -78.8586
1908.7500333    -78.7324
1908.8333333    -66.2987
1908.9166333    -56.942
1909.0000333    -39.8929
1909.0833333    -15.921
1909.1666333    -17.3337
1909.2500333    -29.5157
1909.3333333    -10.9286
1909.4166333    3.043
1909.5000333    16.2455
1909.5833333    25.6015
1909.6666333    20.3421
1909.7500333    28.929
1909.8333333    38.2848
1909.9166333    39.9482
1910.0000333    49.304
1910.0833333    45.5827
1910.1666333    26.4767
1910.2500333    24.2938
1910.3333333    29.0337
1910.4166333    9.9275
1910.5000333    17.7444
1910.5833333    7.8687
1910.6666333    4.916
1910.7500333    4.2711
1910.8333333    5.9337
1910.9166333    -0.0961
1911.0000333    12.3357
1911.0833333    3.2287
1911.1666333    13.3525
1911.2500333    19.6302
1911.3333333    30.5231
1911.4166333    20.6466
1911.5000333    16.1549
1911.5833333    -2.1833
1911.6666333    -19.7523
1911.7500333    -17.3212
1911.8333333    -14.1212
1911.9166333    -2.4596
1912.0000333    -0.0288
1912.0833333    0.8633
1912.1666333    16.3708
1912.2500333    0.3398
1912.3333333    1.2317
1912.4166333    10.5851
1912.5000333    26.8616
1912.5833333    36.2148
1912.6666333    60.1833
1912.7500333    70.3057
1912.8333333    51.9663
1912.9166333    56.7038
1913.0000333    60.6722
1913.0833333    80.0249
1913.1666333    68.6083
1913.2500333    42.5764
1913.3333333    58.0827
1913.4166333    95.8967
1913.5000333    96.0184
1913.5833333    103.832
1913.6666333    109.338
1913.7500333    87.1519
1913.8333333    90.3501
1913.9166333    99.702
1914.0000333    96.7463
1914.0833333    92.2519
1914.1666333    85.4498
1914.2500333    97.8784
1914.3333333    94.9223
1914.4166333    88.1199
1914.5000333    41.3175
1914.5833333    8.3611
1914.6666333    -16.1338
1914.7500333    -22.1672
1914.8333333    -22.0469
1914.9166333    -26.5421
1915.0000333    -17.191
1915.0833333    -6.3018
1915.1666333    2.2797
1915.2500333    -14.5233
1915.3333333    -28.2497
1915.4166333    -5.8222
1915.5000333    1.9898
1915.5833333    16.7248
1915.6666333    8.3827
1915.7500333    6.9638
1915.8333333    1.6985
1915.9166333    7.2024
1916.0000333    12.7063
1916.0833333    20.5177
1916.1666333    16.0213
1916.2500333    13.0635
1916.3333333    22.4131
1916.4166333    27.9165
1916.5000333    8.0353
1916.5833333    -24.923
1916.6666333    -54.8045
1916.7500333    -41.609
1916.8333333    -41.4906
1916.9166333    -43.68
1917.0000333    -48.177
1917.0833333    -60.3666
1917.1666333    -64.0947
1917.2500333    -56.2843
1917.3333333    -53.0895
1917.4166333    -20.664
1917.5000333    -8.2384
1917.5833333    2.6485
1917.6666333    4.3045
1917.7500333    2.8837
1917.8333333    -19.3066
1917.9166333    -6.1123
1918.0000333    12.4666
1918.0833333    24.1222
1918.1666333    45.0086
1918.2500333    45.895
1918.3333333    27.5504
1918.4166333    10.7441
1918.5000333    -26.8313
1918.5833333    -51.3299
1918.6666333    -70.4441
1918.7500333    -61.8659
1918.8333333    -59.4417
1918.9166333    -29.3254
1919.0000333    -26.9012
1919.0833333    -14.4773
1919.1666333    -12.8227
1919.2500333    -16.5527
1919.3333333    -45.6675
1919.4166333    -40.1669
1919.5000333    -31.5894
1919.5833333    -18.3968
1919.6666333    -0.5888
1919.7500333    11.0654
1919.8333333    20.4116
1919.9166333    38.2194
1920.0000333    39.8733
1920.0833333    46.9117
1920.1666333    28.5653
1920.2500333    1.7575
1920.3333333    -26.589
1920.4166333    -34.1664
1920.5000333    -27.8976
1920.5833333    -39.3212
1920.6666333    -53.8219
1920.7500333    -62.9379
1920.8333333    -62.8234
1920.9166333    -58.0935
1921.0000333    -41.0559
1921.0833333    -29.4031
1921.1666333    -27.7504
1921.2500333    -12.2515
1921.3333333    18.6318
1921.4166333    41.0534
1921.5000333    85.0136
1921.5833333    65.1275
1921.6666333    74.472
1921.7500333    71.5089
1921.8333333    73.1609
1921.9166333    87.8898
1922.0000333    89.5419
1922.0833333    81.9629
1922.1666333    70.5377
1922.2500333    52.1895
1922.3333333    39.2257
1922.4166333    40.8772
1922.5000333    43.298
1922.5833333    29.5647
1922.6666333    12.7544
1922.7500333    -18.6712
1922.8333333    -13.1739
1922.9166333    0.7848
1923.0000333    0.8974
1923.0833333    9.4713
1923.1666333    11.1221
1923.2500333    25.8498
1923.3333333    53.6543
1923.4166333    56.8433
1923.5000333    29.2631
1923.5833333    23.2212
1923.6666333    11.0254
1923.7500333    35.7526
1923.8333333    53.5566
1923.9166333    59.0529
1924.0000333    59.9337
1924.0833333    53.8913
1924.1666333    37.8488
1924.2500333    25.6526
1924.3333333    8.0715
1924.4166333    -21.8174
1924.5000333    -10.1678
1924.5833333    16.097
1924.6666333    7.7464
1924.7500333    6.3189
1924.8333333    -3.5704
1924.9166333    11.1556
1925.0000333    12.0356
1925.0833333    6.7614
1925.1666333    23.0257
1925.2500333    38.5208
1925.3333333    45.5541
1925.4166333    50.2796
1925.5000333    52.6975
1925.5833333    17.4229
1925.6666333    5.9944
1925.7500333    5.3352
1925.8333333    4.6757
1925.9166333    14.7854
1926.0000333    7.972
1926.0833333    18.8508
1926.1666333    27.4218
1926.2500333    19.0698
1926.3333333    3.7944
1926.4166333    2.3652
1926.5000333    3.2437
1926.5833333    2.5835
1926.6666333    8.0771
1926.7500333    5.8784
1926.8333333    21.3719
1926.9166333    43.0191
1927.0000333    51.5894
1927.0833333    58.621
1927.1666333    54.8834
1927.2500333    54.2227
1927.3333333    58.1772
1927.4166333    46.747
1927.5000333    34.5476
1927.5833333    26.9634
1927.6666333    -0.6209
1927.7500333    -11.2821
1927.8333333    -25.7896
1927.9166333    -28.7587
1928.0000333    -22.4971
1928.0833333    -11.6202
1928.1666333    -6.8973
1928.2500333    -4.482
1928.3333333    -8.99
1928.4166333    -11.9596
1928.5000333    -8.0061
1928.5833333    -29.4374
1928.6666333    -45.4842
1928.7500333    -20.7617
1928.8333333    -6.0394
1928.9166333    11.7597
1929.0000333    17.2512
1929.0833333    4.2809
1929.1666333    -1.7663
1929.2500333    2.1865
1929.3333333    -1.5533
1929.4166333    -7.6008
1929.5000333    -12.879
1929.5833333    -19.6959
1929.6666333    -4.2052
1929.7500333    -5.6375
1929.8333333    -16.3007
1929.9166333    -21.5795
1930.0000333    -19.1659
1930.0833333    -17.5217
1930.1666333    -27.4161
1930.2500333    -32.695
1930.3333333    -18.7434
1930.4166333    -24.0226
1930.5000333    -23.9172
1930.5833333    -45.3504
1930.6666333    -39.0914
1930.7500333    -38.217
1930.8333333    -31.9581
1930.9166333    -18.0071
1931.0000333    2.8671
1931.0833333    1.4334
1931.1666333    -2.3081
1931.2500333    14.7197
1931.3333333    11.7473
1931.4166333    -11.9944
1931.5000333    3.4947
1931.5833333    10.522
1931.6666333    17.5493
1931.7500333    17.6536
1931.8333333    20.0653
1931.9166333    28.6308
1932.0000333    33.3502
1932.0833333    31.1463
1932.1666333    37.4038
1932.2500333    42.8922
1932.3333333    29.1496
1932.4166333    29.2531
1932.5000333    15.5105
1932.5833333    0.2292
1932.6666333    -28.8983
1932.7500333    -14.1797
1932.8333333    -17.1535
1932.9166333    -20.1274
1933.0000333    -13.8705
1933.0833333    -1.46
1933.1666333    -8.2803
1933.2500333    -26.639
1933.3333333    -46.5364
1933.4166333    -58.7416
1933.5000333    -68.639
1933.5833333    -46.9982
1933.6666333    -48.4344
1933.7500333    -57.5628
1933.8333333    -69.7684
1933.9166333    -58.1279
1934.0000333    -42.6412
1934.0833333    -37.1547
1934.1666333    -53.9759
1934.2500333    -40.0279
1934.3333333    -20.6955
1934.4166333    -19.8247
1934.5000333    -18.1846
1934.5833333    1.1475
1934.6666333    -17.2127
1934.7500333    -17.1113
1934.8333333    -4.7024
1934.9166333    -3.0629
1935.0000333    7.0382
1935.0833333    15.6007
1935.1666333    13.3939
1935.2500333    34.264
1935.3333333    21.2878
1935.4166333    12.1576
1935.5000333    20.7198
1935.5833333    30.051
1935.6666333    -0.6178
1935.7500333    -0.5174
1935.8333333    -15.8018
1935.9166333    -9.5478
1936.0000333    -7.14
1936.0833333    -17.04
1936.1666333    -27.7093
1936.2500333    -27.6094
1936.3333333    -39.8173
1936.4166333    -33.5638
1936.5000333    -38.0795
1936.5833333    -63.3646
1936.6666333    -74.0344
1936.7500333    -73.1657
1936.8333333    -82.2972
1936.9166333    -74.5058
1937.0000333    -60.5604
1937.0833333    -55.0767
1937.1666333    -51.9009
1937.2500333    -57.9557
1937.3333333    -65.5493
1937.4166333    -76.989
1937.5000333    -86.8903
1937.5833333    -73.7148
1937.6666333    -39.001
1937.7500333    0.3283
1937.8333333    16.5804
1937.9166333    35.9094
1938.0000333    52.1616
1938.0833333    41.4904
1938.1666333    40.0499
1938.2500333    41.6864
1938.3333333    60.2458
1938.4166333    52.6512
1938.5000333    48.1336
1938.5833333    55.9235
1938.6666333    38.3287
1938.7500333    15.3493
1938.8333333    -23.7841
1938.9166333    -22.1484
1939.0000333    -22.8203
1939.0833333    -34.2616
1939.1666333    -40.3184
1939.2500333    -57.9137
1939.3333333    -83.9707
1939.4166333    -96.9508
1939.5000333    -87.6232
1939.5833333    -102.911
1939.6666333    -117.43
1939.7500333    -125.795
1939.8333333    -134.16
1939.9166333    -127.91
1940.0000333    -127.814
1940.0833333    -116.179
1940.1666333    -91.4675
1940.2500333    -79.8329
1940.3333333    -62.8139
1940.4166333    -32.7181
1940.5000333    -44.9299
1940.5833333    -67.1419
1940.6666333    -53.2002
1940.7500333    -63.1046
1940.8333333    -64.5476
1940.9166333    -56.7599
1941.0000333    -48.203
1941.0833333    -42.7232
1941.1666333    -43.3973
1941.2500333    -64.8406
1941.3333333    -77.0533
1941.4166333    -69.2661
1941.5000333    -84.5558
1941.5833333    -93.6919
1941.6666333    -95.9049
1941.7500333    -101.195
1941.8333333    -94.9465
1941.9166333    -77.9291
1942.0000333    -59.3731
1942.0833333    -59.2788
1942.1666333    -60.7231
1942.2500333    -59.0905
1942.3333333    -43.6118
1942.4166333    -11.9795
1942.5000333    -19.5778
1942.5833333    2.0544
1942.6666333    33.6866
1942.7500333    69.1649
1942.8333333    90.7969
1942.9166333    103.967
1943.0000333    113.291
1943.0833333    121.077
1943.1666333    126.555
1943.2500333    130.494
1943.3333333    112.895
1943.4166333    100.68
1943.5000333    106.158
1943.5833333    124.712
1943.6666333    113.267
1943.7500333    94.1286
1943.8333333    89.6058
1943.9166333    85.0829
1944.0000333    84.4062
1944.0833333    69.1139
1944.1666333    55.36
1944.2500333    49.2984
1944.3333333    42.4675
1944.4166333    44.0979
1944.5000333    45.7284
1944.5833333    16.5895
1944.6666333    8.2198
1944.7500333    12.1577
1944.8333333    22.2493
1944.9166333    23.1101
1945.0000333    33.2017
1945.0833333    42.5238
1945.1666333    50.3074
1945.2500333    58.0911
1945.3333333    59.7207
1945.4166333    70.581
1945.5000333    74.5182
1945.5833333    90.7629
1945.6666333    88.5461
1945.7500333    84.7908
1945.8333333    66.4199
1945.9166333    65.7412
1946.0000333    60.4472
1946.0833333    59.7684
1946.1666333    59.0895
1946.2500333    59.1799
1946.3333333    36.9624
1946.4166333    20.1294
1946.5000333    -12.0881
1946.5833333    -56.6136
1946.6666333    -103.447
1946.7500333    -99.5107
1946.8333333    -119.421
1946.9166333    -118.562
1947.0000333    -120.78
1947.0833333    -126.075
1947.1666333    -143.678
1947.2500333    -145.127
1947.3333333    -141.961
1947.4166333    -119.564
1947.5000333    -95.629
1947.5833333    -77.8477
1947.6666333    -43.1434
1947.7500333    -22.2852
1947.8333333    -29.8888
1947.9166333    -19.0309
1948.0000333    -6.6345
1948.0833333    1.1463
1948.1666333    16.6194
1948.2500333    46.7078
1948.3333333    52.95
1948.4166333    55.3458
1948.5000333    61.5879
1948.5833333    72.4452
1948.6666333    83.3024
1948.7500333    91.0826
1948.8333333    95.7858
1948.9166333    114.335
1949.0000333    121.346
1949.0833333    132.972
1949.1666333    120.752
1949.2500333    108.531
1949.3333333    90.1573
1949.4166333    95.6291
1949.5000333    95.7164
1949.5833333    75.0343
1949.6666333    59.7366
1949.7500333    55.2083
1949.8333333    44.5259
1949.9166333    48.4588
1950.0000333    47.7764
1950.0833333    42.4783
1950.1666333    37.1802
1950.2500333    66.4976
1950.3333333    71.9685
1950.4166333    77.4394
1950.5000333    56.7565
1950.5833333    26.8426
1950.6666333    15.3902
1950.7500333    8.5532
1950.8333333    -5.2071
1950.9166333    -7.4289
1951.0000333    -5.0354
1951.0833333    -15.719
1951.1666333    -15.6334
1951.2500333    -41.7017
1951.3333333    -76.2317
1951.4166333    -51.531
1951.5000333    -36.061
1951.5833333    -24.4374
1951.6666333    -10.5061
1951.7500333    -7.3441
1951.8333333    -13.413
1951.9166333    8.2103
1952.0000333    28.2952
1952.0833333    26.0722
1952.1666333    44.6183
1952.2500333    61.626
1952.3333333    83.2489
1952.4166333    97.9487
1952.5000333    61.8792
1952.5833333    46.5788
1952.6666333    33.5861
1952.7500333    40.5933
1952.8333333    43.7542
1952.9166333    45.3765
1953.0000333    34.6912
1953.0833333    38.6211
1953.1666333    51.0125
1953.2500333    41.0961
1953.3333333    21.1796
1953.4166333    18.9554
1953.5000333    27.5003
1953.5833333    7.5836
1953.6666333    -28.4871
1953.7500333    -38.4039
1953.8333333    -55.2439
1953.9166333    -61.3148
1954.0000333    -46.6165
1954.0833333    -39.6106
1954.1666333    -42.6049
1954.2500333    -40.9837
1954.3333333    -31.6704
1954.4166333    -20.0495
1954.5000333    -17.6593
1954.5833333    -25.2693
1954.6666333    -11.3409
1954.7500333    10.2798
1954.8333333    28.0542
1954.9166333    42.7515
1955.0000333    56.6797
1955.0833333    44.4538
1955.1666333    39.9202
1955.2500333    42.3096
1955.3333333    37.0066
1955.4166333    44.7804
1955.5000333    58.7081
1955.5833333    44.9433
1955.6666333    27.3322
1955.7500333    28.1828
1955.8333333    30.5716
1955.9166333    22.9603
1956.0000333    29.9644
1956.0833333    45.4299
1956.1666333    50.8953
1956.2500333    63.2838
1956.3333333    51.826
1956.4166333    54.2142
1956.5000333    31.9871
1956.5833333    19.7598
1956.6666333    15.9939
1956.7500333    16.8435
1956.8333333    19.2313
1956.9166333    17.0037
1957.0000333    21.6992
1957.0833333    24.856
1957.1666333    26.4743
1957.2500333    45.0157
1957.3333333    42.0185
1957.4166333    50.5596
1957.5000333    48.3315
1957.5833333    59.9494
1957.6666333    41.5672
1957.7500333    33.1851
1957.8333333    47.1104
1957.9166333    50.2664
1958.0000333    58.0379
1958.0833333    62.7322
1958.1666333    48.965
1958.2500333    37.5054
1958.3333333    16.8149
1958.4166333    9.2012
1958.5000333    16.9722
1958.5833333    2.4353
1958.6666333    -17.4863
1958.7500333    -15.1002
1958.8333333    -12.7143
1958.9166333    -14.9438
1959.0000333    -8.7118
1959.0833333    -13.2492
1959.1666333    -14.7097
1959.2500333    -10.7856
1959.3333333    -25.3233
1959.4166333    -49.0917
1959.5000333    -54.3986
1959.5833333    -88.1673
1959.6666333    -115.013
1959.7500333    -131.089
1959.8333333    -136.397
1959.9166333    -121.704
1960.0000333    -114.704
1960.0833333    -107.704
1960.1666333    -98.3959
1960.2500333    -115.242
1960.3333333    -122.088
1960.4166333    -102.781
1960.5000333    -88.0886
1960.5833333    -88.7813
1960.6666333    -56.3971
1960.7500333    -19.3975
1960.8333333    1.448
1960.9166333    18.4474
1961.0000333    39.2929
1961.0833333    51.6767
1961.1666333    53.2911
1961.2500333    35.6748
1961.3333333    49.5968
1961.4166333    66.5957
1961.5000333    73.5176
1961.5833333    102.747
1961.6666333    90.5919
1961.7500333    60.8982
1961.8333333    41.6659
1961.9166333    40.5873
1962.0000333    41.6626
1962.0833333    31.2762
1962.1666333    33.1974
1962.2500333    25.6571
1962.3333333    29.8089
1962.4166333    32.5761
1962.5000333    15.8047
1962.5833333    -16.4283
1962.6666333    -55.8153
1962.7500333    -66.5099
1962.8333333    -67.0509
1962.9166333    -67.7458
1963.0000333    -63.5176
1963.0833333    -69.9819
1963.1666333    -81.5231
1963.2500333    -84.6029
1963.3333333    -76.2212
1963.4166333    -67.8397
1963.5000333    -68.3043
1963.5833333    -47.3075
1963.6666333    -55.08
1963.7500333    -57.4679
1963.8333333    -36.0098
1963.9166333    -24.9365
1964.0000333    -5.4015
1964.0833333    0.2871
1964.1666333    10.8987
1964.2500333    17.5872
1964.3333333    7.1217
1964.4166333    10.4254
1964.5000333    11.806
1964.5833333    11.4942
1964.6666333    -10.0486
1964.7500333    4.5626
1964.8333333    13.8659
1964.9166333    8.6306
1965.0000333    24.2415
1965.0833333    23.1599
1965.1666333    20.9244
1965.2500333    8.6889
1965.3333333    13.5302
1965.4166333    11.9868
1965.5000333    -11.5567
1965.5833333    -32.331
1965.6666333    -31.567
1965.7500333    -28.803
1965.8333333    -30.193
1965.9166333    -21.583
1966.0000333    -7.2808
1966.0833333    -16.9787
1966.1666333    -11.6767
1966.2500333    -15.1439
1966.3333333    -25.2267
1966.4166333    -32.3865
1966.5000333    -31.5462
1966.5833333    -26.3216
1966.6666333    9.5184
1966.7500333    12.2815
1966.8333333    17.429
1966.9166333    26.038
1967.0000333    32.647
1967.0833333    32.7174
1967.1666333    31.1722
1967.2500333    32.8579
1967.3333333    43.3127
1967.4166333    75.6904
1967.5000333    83.8374
1967.5833333    86.6765
1967.6666333    97.6693
1967.7500333    79.9699
1967.8333333    65.578
1967.9166333    53.6476
1968.0000333    56.871
1968.0833333    47.7096
1968.1666333    28.3174
1968.2500333    26.5406
1968.3333333    6.9944
1968.4166333    -15.0135
1968.5000333    -56.2521
1968.5833333    -79.1831
1968.6666333    -118.96
1968.7500333    -136.276
1968.8333333    -149.285
1968.9166333    -152.293
1969.0000333    -134.301
1969.0833333    -144.694
1969.1666333    -106.933
1969.2500333    -57.8651
1969.3333333    1.9723
1969.4166333    33.8097
1969.5000333    23.1086
1969.5833333    26.5612
1969.6666333    24.706
1969.7500333    55.0046
1969.8333333    58.6108
1969.9166333    64.4477
1970.0000333    78.5923
1970.0833333    75.429
1970.1666333    90.3426
1970.2500333    64.1792
1970.3333333    47.708
1970.4166333    -3.1479
1970.5000333    -32.9269
1970.5833333    -7.3214
1970.6666333    3.8225
1970.7500333    5.351
1970.8333333    -8.9669
1970.9166333    -10.3617
1971.0000333    2.3973
1971.0833333    -4.9977
1971.1666333    -3.5467
1971.2500333    0.6737
1971.3333333    16.7399
1971.4166333    18.3446
1971.5000333    -5.2045
1971.5833333    -30.1385
1971.6666333    -63.4571
1971.7500333    -60.7757
1971.8333333    -63.0176
1971.9166333    -51.5673
1972.0000333    -45.4246
1972.0833333    -54.0513
1972.1666333    -52.5243
1972.2500333    -54.3819
1972.3333333    -42.1627
1972.4166333    -49.9436
1972.5000333    -79.3398
1972.5833333    -61.1978
1972.6666333    -30.8251
1972.7500333    5.4707
1972.8333333    1.6894
1972.9166333    12.6004
1973.0000333    16.4344
1973.0833333    20.1913
1973.1666333    26.0251
1973.2500333    24.705
1973.3333333    43.4617
1973.4166333    46.2952
1973.5000333    34.3595
1973.5833333    43.0391
1973.6666333    12.4108
1973.7500333    -12.9097
1973.8333333    -42.7689
1973.9166333    -35.782
1974.0000333    -13.4104
1974.0833333    -6.1929
1974.1666333    -11.0524
1974.2500333    -5.6042
1974.3333333    3.5361
1974.4166333    10.9072
1974.5000333    18.8936
1974.5833333    21.1107
1974.6666333    11.0968
1974.7500333    28.6215
1974.8333333    41.3768
1974.9166333    60.2089
1975.0000333    56.4256
1975.0833333    37.7191
1975.1666333    27.9355
1975.2500333    34.3059
1975.3333333    13.753
1975.4166333    17.3538
1975.5000333    24.4931
1975.5833333    -21.5985
1975.6666333    -41.0748
1975.7500333    -36.4742
1975.8333333    -38.1814
1975.9166333    -31.9656
1976.0000333    -32.8268
1976.0833333    -30.5343
1976.1666333    -36.2418
1976.2500333    -61.4109
1976.3333333    -79.2725
1976.4166333    -58.0572
1976.5000333    -78.1496
1976.5833333    -125.858
1976.6666333    -121.027
1976.7500333    -107.197
1976.8333333    -110.443
1976.9166333    -107.69
1977.0000333    -95.5522
1977.0833333    -98.3375
1977.1666333    -94.6614
1977.2500333    -87.6007
1977.3333333    -38.3863
1977.4166333    -24.9412
1977.5000333    -29.6499
1977.5833333    -39.7434
1977.6666333    -31.6063
1977.7500333    -38.4691
1977.8333333    -63.1013
1977.9166333    -64.2721
1978.0000333    -53.0582
1978.0833333    -59.9215
1978.1666333    -25.3232
1978.2500333    -16.5712
1978.3333333    5.7192
1978.4166333    -20.452
1978.5000333    -33.6233
1978.5833333    -50.3331
1978.6666333    -41.4277
1978.7500333    -55.9069
1978.8333333    -50.0016
1978.9166333    -34.481
1979.0000333    -10.7296
1979.0833333    -7.1323
1979.1666333    3.9265
1979.2500333    -24.4762
1979.3333333    -42.1098
1979.4166333    -54.4359
1979.5000333    -59.5312
1979.5833333    -65.9343
1979.6666333    -83.1836
1979.7500333    -85.2792
1979.8333333    -80.3748
1979.9166333    -78.3167
1980.0000333    -66.1817
1980.0833333    -79.5084
1980.1666333    -81.7582
1980.2500333    -80.3158
1980.3333333    -69.5658
1980.4166333    -40.3543
1980.5000333    -27.6813
1980.5833333    -0.1623
1980.6666333    8.8182
1980.7500333    21.7986
1980.8333333    21.0866
1980.9166333    36.3745
1981.0000333    48.124
1981.0833333    57.7194
1981.1666333    54.4686
1981.2500333    59.1409
1981.3333333    73.5053
1981.4166333    92.0235
1981.5000333    66.6956
1981.5833333    36.2136
1981.6666333    11.27
1981.7500333    25.0957
1981.8333333    39.9981
1981.9166333    44.9004
1982.0000333    40.572
1982.0833333    34.5511
1982.1666333    33.9917
1982.2500333    23.5861
1982.3333333    18.1803
1982.4166333    5.9283
1982.5000333    16.4456
1982.5833333    38.4242
1982.6666333    44.7874
1982.7500333    45.7659
1982.8333333    30.8981
1982.9166333    24.7995
1983.0000333    34.0855
1983.0833333    39.0636
1983.1666333    46.8109
1983.2500333    58.789
1983.3333333    100.075
1983.4166333    107.052
1983.5000333    118.799
1983.5833333    69.0079
1983.6666333    23.7547
1983.7500333    7.9631
1983.8333333    -1.4441
1983.9166333    6.1487
1984.0000333    21.2798
1984.0833333    18.1801
1984.1666333    24.6188
1984.2500333    31.5959
1984.3333333    3.342
1984.4166333    -29.4503
1984.5000333    -49.5504
1984.5833333    -83.8044
1984.6666333    -92.9816
1984.7500333    -76.7742
1984.8333333    -70.9516
1984.9166333    -59.5906
1985.0000333    -50.9219
1985.0833333    -56.4072
1985.1666333    -39.0464
1985.2500333    -37.8395
1985.3333333    -42.1712
1985.4166333    -29.503
1985.5000333    -13.604
1985.5833333    -24.0129
1985.6666333    -41.4218
1985.7500333    -36.5231
1985.8333333    -42.0091
1985.9166333    -39.1106
1986.0000333    -31.3659
1986.0833333    -34.7752
1986.1666333    -24.4923
1986.2500333    -29.5941
1986.3333333    -21.8498
1986.4166333    -7.4902
1986.5000333    -17.1307
1986.5833333    -29.8482
1986.6666333    -32.1811
1986.7500333    -25.7449
1986.8333333    -15.6934
1986.9166333    -6.4112
1987.0000333    3.4863
1987.0833333    9.153
1987.1666333    21.7426
1987.2500333    4.9476
1987.3333333    -5.4629
1987.4166333    -15.8735
1987.5000333    -26.5149
1987.5833333    -22.4641
1987.6666333    -20.9519
1987.7500333    -5.3628
1987.8333333    -3.6199
1987.9166333    -4.5695
1988.0000333    -6.519
1988.0833333    1.6851
1988.1666333    0.3507
1988.2500333    -6.753
1988.3333333    4.5279
1988.4166333    24.2702
1988.5000333    44.9355
1988.5833333    61.9853
1988.6666333    74.9581
1988.7500333    69.4694
1988.8333333    75.1344
1988.9166333    86.8762
1989.0000333    93.7718
1989.0833333    112.898
1989.1666333    103.793
1989.2500333    105.535
1989.3333333    108.046
1989.4166333    110.325
1989.5000333    105.913
1989.5833333    102.731
1989.6666333    110.703
1989.7500333    104.059
1989.8333333    101.262
1989.9166333    97.6949
1990.0000333    110.82
1990.0833333    115.33
1990.1666333    112.148
1990.2500333    120.888
1990.3333333    115.629
1990.4166333    105.138
1990.5000333    102.494
1990.5833333    74.2344
1990.6666333    29.0515
1990.7500333    -21.7468
1990.8333333    -38.6223
1990.9166333    -29.1131
1991.0000333    -21.604
1991.0833333    -25.5566
1991.1666333    -25.5862
1991.2500333    -29.8465
1991.3333333    -40.2609
1991.4166333    -38.2907
1991.5000333    -12.6282
1991.5833333    -10.7351
1991.6666333    7.4656
1991.7500333    23.8201
1991.8333333    31.3284
1991.9166333    24.5289
1992.0000333    17.3447
1992.0833333    21.7758
1992.1666333    23.2068
1992.2500333    10.7916
1992.3333333    12.9917
1992.4166333    19.4994
1992.5000333    24.084
1992.5833333    19.7454
1992.6666333    6.9452
1992.7500333    -12.7013
1992.8333333    -26.8094
1992.9166333    -20.6098
1993.0000333    8.8974
1993.0833333    23.7121
1993.1666333    14.7575
1993.2500333    -9.1201
1993.3333333    -24.2287
1993.4166333    -34.5681
1993.5000333    -34.5998
1993.5833333    -52.9394
1993.6666333    -75.2022
1993.7500333    -77.5418
1993.8333333    -79.3432
1993.9166333    -51.6062
1994.0000333    -57.0999
1994.0833333    -74.8246
1994.1666333    -84.4724
1994.2500333    -78.5049
1994.3333333    -59.7682
1994.4166333    -23.0317
1994.5000333    -5.5259
1994.5833333    9.9028
1994.6666333    28.2545
1994.7500333    47.1446
1994.8333333    48.1884
1994.9166333    60.9245
1995.0000333    51.6606
1995.0833333    52.0888
1995.1666333    48.8246
1995.2500333    53.2527
1995.3333333    61.5269
1995.4166333    45.1855
1995.5000333    6.998
1995.5833333    -1.9588
1995.6666333    -45.9158
1995.7500333    -77.8728
1995.8333333    -102.368
1995.9166333    -102.249
1996.0000333    -92.1289
1996.0833333    -102.394
1996.1666333    -114.89
1996.2500333    -115.847
1996.3333333    -107.266
1996.4166333    -121.147
1996.5000333    -115.49
1996.5833333    -85.0627
1996.6666333    -84.7129
1996.7500333    -52.1324
1996.8333333    -37.0135
1996.9166333    -36.5101
1997.0000333    -43.3913
1997.0833333    -61.965
1997.1666333    -41.0003
1997.2500333    -4.1895
1997.3333333    1.8519
1997.4166333    -23.4144
1997.5000333    -16.6038
1997.5833333    4.4374
1997.6666333    11.3247
1997.7500333    -11.1726
1997.8333333    -31.5163
1997.9166333    -28.6292
1998.0000333    -7.8191
1998.0833333    17.5293
1998.1666333    33.4161
1998.2500333    17.4568
1998.3333333    10.0357
1998.4166333    14.3069
1998.5000333    36.655
1998.5833333    45.3106
1998.6666333    31.0431
1998.7500333    14.6987
1998.8333333    20.0464
1998.9166333    22.1633
1999.0000333    19.1262
1999.0833333    3.7814
1999.1666333    -21.7943
1999.2500333    -21.0623
1999.3333333    -16.792
1999.4166333    -6.7525
1999.5000333    8.5946
1999.5833333    20.9416
1999.6666333    23.9809
1999.7500333    16.7124
1999.8333333    3.5207
1999.9166333    17.8673
2000.0000333    38.1371
2000.0833333    48.2528
2000.1666333    41.907
2000.2500333    37.8688
2000.3333333    27.3689
2000.4166333    33.6382
2000.5000333    6.7536
2000.5833333    -14.4389
2000.6666333    -47.4006
2000.7500333    -76.67
2000.8333333    -75.9396
2000.9166333    -55.517
2001.0000333    -62.0943
2001.0833333    -71.0565
2001.1666333    -64.4802
2001.2500333    -58.2117
2001.3333333    -17.6356
2001.4166333    -5.598
2001.5000333    2.7472
2001.5833333    37.5538
2001.6666333    67.9757
2001.7500333    68.013
2001.8333333    68.3579
2001.9166333    71.1642
2002.0000333    72.3551
2002.0833333    67.1612
2002.1666333    56.5058
2002.2500333    37.081
2002.3333333    35.0408
2002.4166333    -18.9995
2002.5000333    -26.5784
2002.5833333    -49.465
2002.6666333    -102.121
2002.7500333    -137.008
2002.8333333    -135.048
2002.9166333    -122.166
2003.0000333    -111.438
2003.0833333    -112.094
2003.1666333    -100.981
2003.2500333    -84.6377
2003.3333333    -82.5251
2003.4166333    -70.6433
2003.5000333    -41.5308
2003.5833333    -34.5722
2003.6666333    -30.7676
2003.7500333    -22.2706
2003.8333333    -21.1585
2003.9166333    -8.3541
2004.0000333    3.758
2004.0833333    -2.7455
2004.1666333    0.9048
2004.2500333    6.9397
2004.3333333    6.513
2004.4166333    27.6246
2004.5000333    53.5054
2004.5833333    58.6168
2004.6666333    38.0359
2004.7500333    24.6088
2004.8333333    27.0277
2004.9166333    37.0619
2005.0000333    36.7115
2005.0833333    36.207
2005.1666333    38.7795
2005.2500333    23.1211
2005.3333333    17.9242
2005.4166333    12.5733
2005.5000333    -20.393
2005.5833333    -64.6671
2005.6666333    -91.6337
2005.7500333    -82.2156
2005.8333333    -74.7207
2005.9166333    -65.6874
2006.0000333    -75.0388
2006.0833333    -80.0827
2006.1666333    -87.665
2006.2500333    -82.6321
2006.3333333    -51.6761
2006.4166333    -32.2587
2006.5000333    5.0048
2006.5833333    34.2682
2006.6666333    46.9161
2006.7500333    66.7947
2006.8333333    72.8271
2006.9166333    82.1671
2007.0000333    97.7378
2007.0833333    114.462
2007.1666333    135.11
2007.2500333    132.911
2007.3333333    142.02
2007.4166333    129.129
2007.5000333    112.699
2007.5833333    89.8074
2007.6666333    103.224
2007.7500333    95.4859
2007.8333333    82.3635
2007.9166333    71.1641
2008.0000333    77.1185
2008.0833333    68.765
2008.1666333    50.2577
2008.2500333    41.4426
2008.3333333    55.1658
2008.4166333    48.9659
2008.5000333    35.6121
2008.5833333    17.1813
2008.6666333    -8.0957
2008.7500333    -51.0652
2008.8333333    -56.727
2008.9166333    -41.7735
2009.0000333    -29.5893
2009.0833333    -32.713
2009.1666333    -35.0674
2009.2500333    -11.5758
2009.3333333    -35.1612
2009.4166333    -52.0543
2009.5000333    -83.4091
2009.5833333    -100.918
2009.6666333    -93.6573
2009.7500333    -94.3969
2009.8333333    -78.2905
2009.9166333    -66.338
2010.0000333    -69.5394
2010.0833333    -68.0485
2010.1666333    -64.6347
2010.2500333    -77.9133
2010.3333333    -75.4996
2010.4166333    -65.2399
2010.5000333    -67.8264
2010.5833333    -46.5668
2010.6666333    -43.0765
2010.7500333    -37.894
2010.8333333    -41.0962
2010.9166333    -37.1447
2011.0000333    -34.9624
2011.0833333    -31.011
2011.1666333    -26.1366
2011.2500333    -18.5699
2011.3333333    -16.388
2011.4166333    -6.7446
2011.5000333    26.6679
2011.5833333    18.7727
2011.6666333    21.0312
2011.7500333    38.9051
2011.8333333    30.2404
2011.9166333    42.3449
2012.0000333    41.7569
2012.0833333    40.5535
2012.1666333    52.7347
2012.2500333    58.685
2012.3333333    56.866
2012.4166333    60.0469
2012.5000333    29.4585
2012.5833333    -6.8993
2012.6666333    -23.2571
2012.7500333    -44.3841
2012.8333333    -55.5883
2012.9166333    -55.0232
2013.0000333    -55.6121
2013.0833333    -58.5088
2013.1666333    -58.6363
2013.2500333    -84.6869
2013.3333333    -84.1223
2013.4166333    -71.9424
2013.5000333    -64.6086
2013.5833333    -80.5058
2013.6666333    -78.7107
2013.7500333    -59.3003
2013.8333333    -48.5823
2013.9166333    -46.4797
2014.0000333    -44.3003
2014.0833333    -44.5826
2014.1666333    -50.0956
2014.2500333    -59.1472
2014.3333333    -56.7374
2014.4166333    -74.2507
2014.5000333    -70.7641
2014.5833333    -66.3545
2014.6666333    -51.1758
2014.7500333    -44.9202
2014.8333333    -33.6646
2014.9166333    -16.5631
2015.0000333    -0.7692
2015.0833333    -0.1293
2015.1666333    -3.9511
2015.2500333    -11.4652
2015.3333333    4.7129
2015.4166333    42.3525
2015.5000333    40.0689
2015.5833333    30.093
2015.6666333    13.4246
2015.7500333    13.0639
2015.8333333    3.9338
2015.9166333    -12.1963
2016.0000333    -15.6342
2016.0833333    -14.9184
2016.1666333    -10.4334
2016.2500333    -19.0253
2016.3333333    -8.2328
2016.4166333    -4.5173
2016.5000333    -17.1095
2016.5833333    -24.8556
2016.6666333    -40.1404
2016.7500333    -25.8867
2016.8333333    -30.2484
2016.9166333    -17.1488
2017.0000333    4.1047
2017.0833333    3.8196
2017.1666333    2.5344
2017.2500333    13.403
2017.3333333    48.5792
2017.4166333    78.063
2017.5000333    73.6237
2017.5833333    56.1843
2017.6666333    46.7448
2017.7500333    29.459
2017.8333333    12.0963
2017.9166333    11.6566
2018.0000333    3.986
2018.0833333    -3.2231
2018.1666333    -3.817
2018.2500333    6.8968
2018.3333333    -11.7741
2018.4166333    -40.8297
2018.5000333    -56.0392
2018.5833333    -65.4796
2018.6666333    -53.0739
2018.7500333    -42.2836
2018.8333333    -28.6473
2018.9166333    -20.6265
2019.0000333    -1.9134
2019.0833333    -3.9697
2019.1666333    4.1279
2019.2500333    11.2253
2019.3333333    -11.5235
2019.4166333    4.5738
2019.5000333    34.3633
2019.5833333    56.3066
2019.6666333    73.4806
2019.7500333    66.4237
2019.8333333    83.2129
2019.9166333    83.002
2020.0000333    97.0988
2020.0833333    90.2724
2020.1666333    99.9843
2020.2500333    87.6193
2020.3333333    88.3311
2020.4166333    91.5043
2020.5000333    82.2929
2020.5833333    46.8506
2020.6666333    12.2544
2020.7500333    4.0427
2020.8333333    -0.246
2020.9166333    -10.227
2021.0000333    -9.0543
2021.0833333    -9.2663
2021.1666333    -13.5553
2021.2500333    -15.4598
2021.3333333    6.0972
2021.4166333    0.0387
2021.5000333    17.4417
2021.5833333    50.8446
2021.6666333    59.4013
2021.7500333    56.3425
2021.8333333    44.4375
2021.9166333    51.917
2022.0000333    66.9349
2022.0833333    72.0297
2022.1666333    55.7397
2022.2500333    63.0651
2022.3333333    62.4673
2022.4166333    35.7155
2022.5000333    40.8868
2022.5833333    38.2887
2022.6666333    15.306
2022.7500333    6.7847
2022.8333333    -1.5828
2022.9166333    -4.7965
2023.0000333    -2.9334
2023.0833333    1.545
2023.1666333    2.1771
2023.2500333    27.5015
2023.3333333    31.672
2023.4166333    35.6116
2023.5000333    57.2435
2023.5833333    68.7214
2023.6666333    46.1223
2023.7500333    40.677
2023.8333333    37.2316
2023.9166333    48.863
2024.0000333    63.1867
2024.0833333    62.0488
2024.1666333    45.2185
2024.2500333    41.0035
2024.3333333    34.3268
2024.4166333    34.4193
2024.5000333    29.9733
2024.5833333    18.0796
2024.6666333    -6.3959
2024.7500333    7.4638
2024.8333333    5.1595
2024.9166333    37.7639
