1888.666633	-87.071287
1888.750033	41.928713
1888.833333	18.928713
1888.916633	19.928713
1889.000033	-73.071287
1889.083333	-1.071287
1889.166633	-98.071287
1889.250033	-144.071287
1889.333333	-158.071287
1889.416633	-63.071287
1889.500033	-7.071287
1889.583333	25.928713
1889.666633	13.928713
1889.750033	-34.071287
1889.833333	2.928713
1889.916633	-91.071287
1890.000033	64.928713
1890.083333	-185.071287
1890.166633	-47.071287
1890.250033	-90.071287
1890.333333	-96.071287
1890.416633	-52.071287
1890.500033	-19.071287
1890.583333	-7.071287
1890.666633	-40.071287
1890.750033	132.928713
1890.833333	37.928713
1890.916633	-92.071287
1891.000033	-38.071287
1891.083333	-200.071287
1891.166633	-27.071287
1891.250033	-166.071287
1891.333333	-124.071287
1891.416633	-100.071287
1891.500033	-24.071287
1891.583333	-18.071287
1891.666633	27.928713
1891.750033	22.928713
1891.833333	-52.071287
1891.916633	27.928713
1892.000033	-33.071287
1892.083333	-118.071287
1892.166633	-123.071287
1892.250033	-139.071287
1892.333333	-115.071287
1892.416633	-62.071287
1892.500033	-24.071287
1892.583333	6.928713
1892.666633	-1.071287
1892.750033	-35.071287
1892.833333	-110.071287
1892.916633	40.928713
1893.000033	-101.071287
1893.083333	-210.071287
1893.166633	-96.071287
1893.250033	-154.071287
1893.333333	-77.071287
1893.416633	-82.071287
1893.500033	-38.071287
1893.583333	12.928713
1893.666633	75.928713
1893.750033	124.928713
1893.833333	33.928713
1893.916633	-0.071287
1894.000033	-48.071287
1894.083333	37.928713
1894.166633	-110.071287
1894.250033	-150.071287
1894.333333	-163.071287
1894.416633	-62.071287
1894.500033	-44.071287
1894.583333	10.928713
1894.666633	-19.071287
1894.750033	-0.071287
1894.833333	10.928713
1894.916633	47.928713
1895.000033	-73.071287
1895.083333	-56.071287
1895.166633	-103.071287
1895.250033	-124.071287
1895.333333	-159.071287
1895.416633	-89.071287
1895.500033	11.928713
1895.583333	10.928713
1895.666633	35.928713
1895.750033	72.928713
1895.833333	-3.071287
1895.916633	0.928713
1896.000033	-35.071287
1896.083333	-86.071287
1896.166633	-48.071287
1896.250033	-102.071287
1896.333333	-100.071287
1896.416633	-24.071287
1896.500033	-4.071287
1896.583333	-11.071287
1896.666633	13.928713
1896.750033	-75.071287
1896.833333	-15.071287
1896.916633	-73.071287
1897.000033	-64.071287
1897.083333	-66.071287
1897.166633	-149.071287
1897.250033	-148.071287
1897.333333	-88.071287
1897.416633	-81.071287
1897.500033	6.928713
1897.583333	-1.071287
1897.666633	40.928713
1897.750033	-55.071287
1897.833333	-1.071287
1897.916633	-70.071287
1898.000033	38.928713
1898.083333	30.928713
1898.166633	-38.071287
1898.250033	-116.071287
1898.333333	-81.071287
1898.416633	-83.071287
1898.500033	12.928713
1898.583333	-37.071287
1898.666633	58.928713
1898.750033	24.928713
1898.833333	-11.071287
1898.916633	162.928713
1899.000033	41.928713
1899.083333	-28.071287
1899.166633	-41.071287
1899.250033	-55.071287
1899.333333	-90.071287
1899.416633	-51.071287
1899.500033	-8.071287
1899.583333	18.928713
1899.666633	128.928713
1899.750033	88.928713
1899.833333	192.928713
1899.916633	-6.071287
1900.000033	-42.071287
1900.083333	-133.071287
1900.166633	-140.071287
1900.250033	-140.071287
1900.333333	-99.071287
1900.416633	-76.071287
1900.500033	-32.071287
1900.583333	-21.071287
1900.666633	15.928713
1900.750033	68.928713
1900.833333	-60.071287
1900.916633	78.928713
1901.000033	-63.071287
1901.083333	-138.071287
1901.166633	-193.071287
1901.250033	-136.071287
1901.333333	-205.071287
1901.416633	-90.071287
1901.500033	-115.071287
1901.583333	-7.071287
1901.666633	-24.071287
1901.750033	16.928713
1901.833333	81.928713
1901.916633	8.928713
1902.000033	145.928713
1902.083333	-128.071287
1902.166633	-67.071287
1902.250033	-183.071287
1902.333333	-64.071287
1902.416633	-88.071287
1902.500033	24.928713
1902.583333	50.928713
1902.666633	13.928713
1902.750033	36.928713
1902.833333	-12.071287
1902.916633	34.928713
1903.000033	1.928713
1903.083333	121.928713
1903.166633	-25.071287
1903.250033	22.928713
1903.333333	-73.071287
1903.416633	-86.071287
1903.500033	48.928713
1903.583333	122.928713
1903.666633	21.928713
1903.750033	83.928713
1903.833333	123.928713
1903.916633	-67.071287
1904.000033	-78.071287
1904.083333	-43.071287
1904.166633	-173.071287
1904.250033	-135.071287
1904.333333	-147.071287
1904.416633	-25.071287
1904.500033	-0.071287
1904.583333	8.928713
1904.666633	-78.071287
1904.750033	40.928713
1904.833333	60.928713
1904.916633	70.928713
1905.000033	4.928713
1905.083333	-55.071287
1905.166633	-196.071287
1905.250033	-49.071287
1905.333333	-134.071287
1905.416633	-62.071287
1905.500033	53.928713
1905.583333	48.928713
1905.666633	69.928713
1905.750033	64.928713
1905.833333	-15.071287
1905.916633	44.928713
1906.000033	52.928713
1906.083333	-80.071287
1906.166633	47.928713
1906.250033	-110.071287
1906.333333	-119.071287
1906.416633	-31.071287
1906.500033	23.928713
1906.583333	48.928713
1906.666633	-9.071287
1906.750033	-32.071287
1906.833333	69.928713
1906.916633	24.928713
1907.000033	-55.071287
1907.083333	-65.071287
1907.166633	-102.071287
1907.250033	-83.071287
1907.333333	-79.071287
1907.416633	-66.071287
1907.500033	-22.071287
1907.583333	63.928713
1907.666633	-6.071287
1907.750033	33.928713
1907.833333	-47.071287
1907.916633	-38.071287
1908.000033	10.928713
1908.083333	8.928713
1908.166633	-181.071287
1908.250033	-137.071287
1908.333333	-116.071287
1908.416633	-89.071287
1908.500033	-69.071287
1908.583333	41.928713
1908.666633	-49.071287
1908.750033	-46.071287
1908.833333	30.928713
1908.916633	-18.071287
1909.000033	-40.071287
1909.083333	-76.071287
1909.166633	-125.071287
1909.250033	-120.071287
1909.333333	-170.071287
1909.416633	-83.071287
1909.500033	60.928713
1909.583333	40.928713
1909.666633	-33.071287
1909.750033	60.928713
1909.833333	75.928713
1909.916633	19.928713
1910.000033	139.928713
1910.083333	-4.071287
1910.166633	-124.071287
1910.250033	-87.071287
1910.333333	-83.071287
1910.416633	-42.071287
1910.500033	30.928713
1910.583333	-26.071287
1910.666633	5.928713
1910.750033	-27.071287
1910.833333	23.928713
1910.916633	8.928713
1911.000033	-47.071287
1911.083333	55.928713
1911.166633	-87.071287
1911.250033	13.928713
1911.333333	-66.071287
1911.416633	-76.071287
1911.500033	-25.071287
1911.583333	22.928713
1911.666633	97.928713
1911.750033	-27.071287
1911.833333	62.928713
1911.916633	3.928713
1912.000033	-73.071287
1912.083333	39.928713
1912.166633	-55.071287
1912.250033	-95.071287
1912.333333	-24.071287
1912.416633	-14.071287
1912.500033	-37.071287
1912.583333	51.928713
1912.666633	14.928713
1912.750033	21.928713
1912.833333	70.928713
1912.916633	145.928713
1913.000033	-59.071287
1913.083333	-82.071287
1913.166633	32.928713
1913.250033	-37.071287
1913.333333	-83.071287
1913.416633	-26.071287
1913.500033	15.928713
1913.583333	25.928713
1913.666633	-43.071287
1913.750033	52.928713
1913.833333	210.928713
1913.916633	169.928713
1914.000033	28.928713
1914.083333	48.928713
1914.166633	-15.071287
1914.250033	-61.071287
1914.333333	-54.071287
1914.416633	-29.071287
1914.500033	36.928713
1914.583333	15.928713
1914.666633	99.928713
1914.750033	3.928713
1914.833333	47.928713
1914.916633	107.928713
1915.000033	10.928713
1915.083333	-88.071287
1915.166633	-53.071287
1915.250033	-108.071287
1915.333333	-113.071287
1915.416633	-44.071287
1915.500033	2.928713
1915.583333	28.928713
1915.666633	-26.071287
1915.750033	-75.071287
1915.833333	29.928713
1915.916633	-7.071287
1916.000033	165.928713
1916.083333	-40.071287
1916.166633	-67.071287
1916.250033	-195.071287
1916.333333	-92.071287
1916.416633	-32.071287
1916.500033	-17.071287
1916.583333	53.928713
1916.666633	-2.071287
1916.750033	118.928713
1916.833333	60.928713
1916.916633	30.928713
1917.000033	-57.071287
1917.083333	-92.071287
1917.166633	-98.071287
1917.250033	-121.071287
1917.333333	-167.071287
1917.416633	-83.071287
1917.500033	-12.071287
1917.583333	-31.071287
1917.666633	62.928713
1917.750033	9.928713
1917.833333	95.928713
1917.916633	-1.071287
1918.000033	26.928713
1918.083333	-51.071287
1918.166633	-228.071287
1918.250033	-157.071287
1918.333333	-159.071287
1918.416633	-25.071287
1918.500033	-18.071287
1918.583333	37.928713
1918.666633	90.928713
1918.750033	13.928713
1918.833333	-1.071287
1918.916633	21.928713
1919.000033	-147.071287
1919.083333	-58.071287
1919.166633	-132.071287
1919.250033	-169.071287
1919.333333	-178.071287
1919.416633	-8.071287
1919.500033	-22.071287
1919.583333	61.928713
1919.666633	51.928713
1919.750033	5.928713
1919.833333	-2.071287
1919.916633	-5.071287
1920.000033	53.928713
1920.083333	-14.071287
1920.166633	-61.071287
1920.250033	-65.071287
1920.333333	-101.071287
1920.416633	-12.071287
1920.500033	29.928713
1920.583333	32.928713
1920.666633	-4.071287
1920.750033	-80.071287
1920.833333	-64.071287
1920.916633	-69.071287
1921.000033	131.928713
1921.083333	-118.071287
1921.166633	-25.071287
1921.250033	-120.071287
1921.333333	-115.071287
1921.416633	12.928713
1921.500033	-1.071287
1921.583333	-15.071287
1921.666633	32.928713
1921.750033	93.928713
1921.833333	-45.071287
1921.916633	109.928713
1922.000033	-42.071287
1922.083333	-35.071287
1922.166633	-47.071287
1922.250033	-121.071287
1922.333333	-77.071287
1922.416633	-9.071287
1922.500033	36.928713
1922.583333	23.928713
1922.666633	7.928713
1922.750033	4.928713
1922.833333	69.928713
1922.916633	41.928713
1923.000033	67.928713
1923.083333	-58.071287
1923.166633	-173.071287
1923.250033	-104.071287
1923.333333	-97.071287
1923.416633	-0.071287
1923.500033	10.928713
1923.583333	49.928713
1923.666633	47.928713
1923.750033	164.928713
1923.833333	86.928713
1923.916633	24.928713
1924.000033	-77.071287
1924.083333	-18.071287
1924.166633	-96.071287
1924.250033	-124.071287
1924.333333	-119.071287
1924.416633	-76.071287
1924.500033	26.928713
1924.583333	36.928713
1924.666633	95.928713
1924.750033	23.928713
1924.833333	-16.071287
1924.916633	3.928713
1925.000033	59.928713
1925.083333	12.928713
1925.166633	-98.071287
1925.250033	-80.071287
1925.333333	-109.071287
1925.416633	10.928713
1925.500033	-47.071287
1925.583333	54.928713
1925.666633	99.928713
1925.750033	81.928713
1925.833333	66.928713
1925.916633	113.928713
1926.000033	-35.071287
1926.083333	-23.071287
1926.166633	-40.071287
1926.250033	-75.071287
1926.333333	-81.071287
1926.416633	-12.071287
1926.500033	18.928713
1926.583333	54.928713
1926.666633	50.928713
1926.750033	78.928713
1926.833333	43.928713
1926.916633	38.928713
1927.000033	10.928713
1927.083333	-82.071287
1927.166633	-70.071287
1927.250033	27.928713
1927.333333	-76.071287
1927.416633	7.928713
1927.500033	25.928713
1927.583333	80.928713
1927.666633	51.928713
1927.750033	95.928713
1927.833333	65.928713
1927.916633	-43.071287
1928.000033	-37.071287
1928.083333	-54.071287
1928.166633	-182.071287
1928.250033	-63.071287
1928.333333	-100.071287
1928.416633	21.928713
1928.500033	48.928713
1928.583333	70.928713
1928.666633	35.928713
1928.750033	76.928713
1928.833333	129.928713
1928.916633	31.928713
1929.000033	-104.071287
1929.083333	-215.071287
1929.166633	-109.071287
1929.250033	-92.071287
1929.333333	-113.071287
1929.416633	-11.071287
1929.500033	16.928713
1929.583333	19.928713
1929.666633	69.928713
1929.750033	132.928713
1929.833333	45.928713
1929.916633	43.928713
1930.000033	45.928713
1930.083333	-127.071287
1930.166633	-100.071287
1930.250033	-135.071287
1930.333333	-105.071287
1930.416633	-100.071287
1930.500033	44.928713
1930.583333	30.928713
1930.666633	-18.071287
1930.750033	111.928713
1930.833333	156.928713
1930.916633	-42.071287
1931.000033	60.928713
1931.083333	-106.071287
1931.166633	-61.071287
1931.250033	-108.071287
1931.333333	-76.071287
1931.416633	-28.071287
1931.500033	68.928713
1931.583333	20.928713
1931.666633	30.928713
1931.750033	123.928713
1931.833333	-10.071287
1931.916633	163.928713
1932.000033	98.928713
1932.083333	-50.071287
1932.166633	-78.071287
1932.250033	-59.071287
1932.333333	-77.071287
1932.416633	-31.071287
1932.500033	52.928713
1932.583333	42.928713
1932.666633	113.928713
1932.750033	123.928713
1932.833333	12.928713
1932.916633	5.928713
1933.000033	-56.071287
1933.083333	-29.071287
1933.166633	-113.071287
1933.250033	-42.071287
1933.333333	-69.071287
1933.416633	-14.071287
1933.500033	-9.071287
1933.583333	79.928713
1933.666633	-2.071287
1933.750033	34.928713
1933.833333	28.928713
1933.916633	-22.071287
1934.000033	-42.071287
1934.083333	-32.071287
1934.166633	-107.071287
1934.250033	-155.071287
1934.333333	-88.071287
1934.416633	-77.071287
1934.500033	10.928713
1934.583333	44.928713
1934.666633	30.928713
1934.750033	82.928713
1934.833333	24.928713
1934.916633	-29.071287
1935.000033	-48.071287
1935.083333	95.928713
1935.166633	-126.071287
1935.250033	-88.071287
1935.333333	-157.071287
1935.416633	-55.071287
1935.500033	86.928713
1935.583333	-6.071287
1935.666633	125.928713
1935.750033	149.928713
1935.833333	45.928713
1935.916633	6.928713
1936.000033	14.928713
1936.083333	-19.071287
1936.166633	-122.071287
1936.250033	-49.071287
1936.333333	-131.071287
1936.416633	-55.071287
1936.500033	24.928713
1936.583333	18.928713
1936.666633	-14.071287
1936.750033	137.928713
1936.833333	7.928713
1936.916633	114.928713
1937.000033	-74.071287
1937.083333	44.928713
1937.166633	-104.071287
1937.250033	-97.071287
1937.333333	-126.071287
1937.416633	-46.071287
1937.500033	55.928713
1937.583333	2.928713
1937.666633	84.928713
1937.750033	-23.071287
1937.833333	79.928713
1937.916633	-42.071287
1938.000033	92.928713
1938.083333	-136.071287
1938.166633	62.928713
1938.250033	-10.071287
1938.333333	-41.071287
1938.416633	-0.071287
1938.500033	-2.071287
1938.583333	10.928713
1938.666633	-9.071287
1938.750033	108.928713
1938.833333	122.928713
1938.916633	-32.071287
1939.000033	-27.071287
1939.083333	-1.071287
1939.166633	-97.071287
1939.250033	-65.071287
1939.333333	-144.071287
1939.416633	-28.071287
1939.500033	6.928713
1939.583333	-29.071287
1939.666633	-9.071287
1939.750033	-37.071287
1939.833333	-36.071287
1939.916633	-116.071287
1940.000033	-81.071287
1940.083333	-111.071287
1940.166633	-87.071287
1940.250033	-170.071287
1940.333333	-93.071287
1940.416633	-80.071287
1940.500033	-2.071287
1940.583333	34.928713
1940.666633	81.928713
1940.750033	-28.071287
1940.833333	86.928713
1940.916633	-46.071287
1941.000033	-106.071287
1941.083333	-87.071287
1941.166633	-135.071287
1941.250033	-199.071287
1941.333333	-110.071287
1941.416633	-61.071287
1941.500033	-8.071287
1941.583333	33.928713
1941.666633	-58.071287
1941.750033	64.928713
1941.833333	-101.071287
1941.916633	147.928713
1942.000033	-252.071287
1942.083333	-157.071287
1942.166633	-209.071287
1942.250033	-192.071287
1942.333333	-97.071287
1942.416633	-67.071287
1942.500033	-6.071287
1942.583333	-41.071287
1942.666633	60.928713
1942.750033	162.928713
1942.833333	113.928713
1942.916633	92.928713
1943.000033	-13.071287
1943.083333	25.928713
1943.166633	-86.071287
1943.250033	67.928713
1943.333333	-73.071287
1943.416633	-5.071287
1943.500033	25.928713
1943.583333	67.928713
1943.666633	48.928713
1943.750033	30.928713
1943.833333	-3.071287
1943.916633	-33.071287
1944.000033	85.928713
1944.083333	-45.071287
1944.166633	-43.071287
1944.250033	-95.071287
1944.333333	-57.071287
1944.416633	-37.071287
1944.500033	-1.071287
1944.583333	4.928713
1944.666633	3.928713
1944.750033	-14.071287
1944.833333	89.928713
1944.916633	-45.071287
1945.000033	-89.071287
1945.083333	-26.071287
1945.166633	-47.071287
1945.250033	-12.071287
1945.333333	-37.071287
1945.416633	44.928713
1945.500033	68.928713
1945.583333	83.928713
1945.666633	-3.071287
1945.750033	67.928713
1945.833333	90.928713
1945.916633	99.928713
1946.000033	24.928713
1946.083333	118.928713
1946.166633	-51.071287
1946.250033	-24.071287
1946.333333	-57.071287
1946.416633	49.928713
1946.500033	28.928713
1946.583333	73.928713
1946.666633	118.928713
1946.750033	8.928713
1946.833333	-24.071287
1946.916633	-89.071287
1947.000033	-122.071287
1947.083333	-204.071287
1947.166633	-68.071287
1947.250033	-94.071287
1947.333333	-183.071287
1947.416633	-57.071287
1947.500033	-26.071287
1947.583333	-60.071287
1947.666633	74.928713
1947.750033	10.928713
1947.833333	149.928713
1947.916633	70.928713
1948.000033	29.928713
1948.083333	-76.071287
1948.166633	-49.071287
1948.250033	-83.071287
1948.333333	-81.071287
1948.416633	-3.071287
1948.500033	24.928713
1948.583333	68.928713
1948.666633	119.928713
1948.750033	113.928713
1948.833333	78.928713
1948.916633	43.928713
1949.000033	96.928713
1949.083333	75.928713
1949.166633	-143.071287
1949.250033	12.928713
1949.333333	-86.071287
1949.416633	1.928713
1949.500033	14.928713
1949.583333	61.928713
1949.666633	13.928713
1949.750033	77.928713
1949.833333	52.928713
1949.916633	179.928713
1950.000033	-19.071287
1950.083333	51.928713
1950.166633	-80.071287
1950.250033	-41.071287
1950.333333	-120.071287
1950.416633	5.928713
1950.500033	63.928713
1950.583333	13.928713
1950.666633	150.928713
1950.750033	97.928713
1950.833333	82.928713
1950.916633	-16.071287
1951.000033	-38.071287
1951.083333	-136.071287
1951.166633	-60.071287
1951.250033	-118.071287
1951.333333	-120.071287
1951.416633	-70.071287
1951.500033	3.928713
1951.583333	-3.071287
1951.666633	40.928713
1951.750033	-81.071287
1951.833333	55.928713
1951.916633	150.928713
1952.000033	71.928713
1952.083333	-1.071287
1952.166633	-112.071287
1952.250033	-102.071287
1952.333333	-53.071287
1952.416633	19.928713
1952.500033	-4.071287
1952.583333	63.928713
1952.666633	62.928713
1952.750033	100.928713
1952.833333	35.928713
1952.916633	-31.071287
1953.000033	-10.071287
1953.083333	-3.071287
1953.166633	-106.071287
1953.250033	-73.071287
1953.333333	-39.071287
1953.416633	-42.071287
1953.500033	59.928713
1953.583333	74.928713
1953.666633	84.928713
1953.750033	70.928713
1953.833333	56.928713
1953.916633	38.928713
1954.000033	22.928713
1954.083333	-195.071287
1954.166633	-143.071287
1954.250033	-164.071287
1954.333333	-146.071287
1954.416633	-49.071287
1954.500033	43.928713
1954.583333	48.928713
1954.666633	107.928713
1954.750033	91.928713
1954.833333	6.928713
1954.916633	126.928713
1955.000033	5.928713
1955.083333	-39.071287
1955.166633	-97.071287
1955.250033	-95.071287
1955.333333	-69.071287
1955.416633	-53.071287
1955.500033	13.928713
1955.583333	-13.071287
1955.666633	98.928713
1955.750033	102.928713
1955.833333	94.928713
1955.916633	182.928713
1956.000033	0.000000
1956.083333	0.000000
1956.166633	0.000000
1956.250033	0.000000
1956.333333	0.000000
1956.416633	0.000000
1956.500033	0.000000
1956.583333	0.000000
1956.666633	0.000000
1956.750033	0.000000
1956.833333	0.000000
1956.916633	0.000000
1957.000033	49.928713
1957.083333	25.928713
1957.166633	-93.071287
1957.250033	-145.071287
1957.333333	-114.071287
1957.416633	-50.071287
1957.500033	11.928713
1957.583333	34.928713
1957.666633	95.928713
1957.750033	130.928713
1957.833333	73.928713
1957.916633	118.928713
1958.000033	-20.071287
1958.083333	69.928713
1958.166633	-91.071287
1958.250033	-93.071287
1958.333333	-73.071287
1958.416633	-39.071287
1958.500033	36.928713
1958.583333	60.928713
1958.666633	21.928713
1958.750033	100.928713
1958.833333	-46.071287
1958.916633	111.928713
1959.000033	44.928713
1959.083333	-63.071287
1959.166633	-86.071287
1959.250033	-41.071287
1959.333333	-143.071287
1959.416633	-0.071287
1959.500033	27.928713
1959.583333	31.928713
1959.666633	40.928713
1959.750033	21.928713
1959.833333	-74.071287
1959.916633	-34.071287
1960.000033	-4.071287
1960.083333	-153.071287
1960.166633	-167.071287
1960.250033	-130.071287
1960.333333	-114.071287
1960.416633	-36.071287
1960.500033	5.928713
1960.583333	87.928713
1960.666633	38.928713
1960.750033	37.928713
1960.833333	56.928713
1960.916633	20.928713
1961.000033	-88.071287
1961.083333	-0.071287
1961.166633	77.928713
1961.250033	-47.071287
1961.333333	50.928713
1961.416633	81.928713
1961.500033	60.928713
1961.583333	110.928713
1961.666633	81.928713
1961.750033	62.928713
1961.833333	102.928713
1961.916633	65.928713
1962.000033	96.928713
1962.083333	17.928713
1962.166633	-95.071287
1962.250033	-121.071287
1962.333333	-89.071287
1962.416633	-29.071287
1962.500033	20.928713
1962.583333	93.928713
1962.666633	74.928713
1962.750033	63.928713
1962.833333	-8.071287
1962.916633	1.928713
1963.000033	-29.071287
1963.083333	0.000000
1963.166633	0.000000
1963.250033	-171.071287
1963.333333	-166.071287
1963.416633	-80.071287
1963.500033	-30.071287
1963.583333	-4.071287
1963.666633	20.928713
1963.750033	85.928713
1963.833333	129.928713
1963.916633	51.928713
1964.000033	-22.071287
1964.083333	9.928713
1964.166633	-123.071287
1964.250033	-114.071287
1964.333333	-73.071287
1964.416633	-13.071287
1964.500033	-0.071287
1964.583333	26.928713
1964.666633	62.928713
1964.750033	-25.071287
1964.833333	113.928713
1964.916633	8.928713
1965.000033	16.928713
1965.083333	-7.071287
1965.166633	-96.071287
1965.250033	-119.071287
1965.333333	-119.071287
1965.416633	-25.071287
1965.500033	32.928713
1965.583333	0.928713
1965.666633	51.928713
1965.750033	36.928713
1965.833333	93.928713
1965.916633	58.928713
1966.000033	-82.071287
1966.083333	37.928713
1966.166633	-26.071287
1966.250033	-94.071287
1966.333333	-95.071287
1966.416633	58.928713
1966.500033	95.928713
1966.583333	27.928713
1966.666633	139.928713
1966.750033	52.928713
1966.833333	-14.071287
1966.916633	59.928713
1967.000033	-54.071287
1967.083333	28.928713
1967.166633	165.928713
1967.250033	-35.071287
1967.333333	-25.071287
1967.416633	9.928713
1967.500033	42.928713
1967.583333	75.928713
1967.666633	87.928713
1967.750033	209.928713
1967.833333	59.928713
1967.916633	142.928713
1968.000033	72.928713
1968.083333	-53.071287
1968.166633	29.928713
1968.250033	-85.071287
1968.333333	-70.071287
1968.416633	-28.071287
1968.500033	-35.071287
1968.583333	-11.071287
1968.666633	8.928713
1968.750033	79.928713
1968.833333	63.928713
1968.916633	-24.071287
1969.000033	-97.071287
1969.083333	-56.071287
1969.166633	-116.071287
1969.250033	-102.071287
1969.333333	-101.071287
1969.416633	-33.071287
1969.500033	29.928713
1969.583333	32.928713
1969.666633	63.928713
1969.750033	120.928713
1969.833333	201.928713
1969.916633	0.000000
1970.000033	-63.071287
1970.083333	0.000000
1970.166633	-97.071287
1970.250033	-54.071287
1970.333333	-128.071287
1970.416633	-66.071287
1970.500033	79.928713
1970.583333	13.928713
1970.666633	65.928713
1970.750033	102.928713
1970.833333	76.928713
1970.916633	62.928713
1971.000033	10.928713
1971.083333	37.928713
1971.166633	-42.071287
1971.250033	-21.071287
1971.333333	-62.071287
1971.416633	6.928713
1971.500033	2.928713
1971.583333	26.928713
1971.666633	21.928713
1971.750033	111.928713
1971.833333	135.928713
1971.916633	128.928713
1972.000033	-143.071287
1972.083333	-139.071287
1972.166633	-114.071287
1972.250033	-44.071287
1972.333333	-74.071287
1972.416633	-20.071287
1972.500033	-30.071287
1972.583333	-6.071287
1972.666633	26.928713
1972.750033	54.928713
1972.833333	161.928713
1972.916633	4.928713
1973.000033	-60.071287
1973.083333	39.928713
1973.166633	-61.071287
1973.250033	-41.071287
1973.333333	-82.071287
1973.416633	-12.071287
1973.500033	73.928713
1973.583333	0.928713
1973.666633	47.928713
1973.750033	30.928713
1973.833333	187.928713
1973.916633	79.928713
1974.000033	6.928713
1974.083333	-30.071287
1974.166633	-187.071287
1974.250033	-144.071287
1974.333333	-100.071287
1974.416633	5.928713
1974.500033	92.928713
1974.583333	14.928713
1974.666633	49.928713
1974.750033	61.928713
1974.833333	21.928713
1974.916633	183.928713
1975.000033	126.928713
1975.083333	-60.071287
1975.166633	-31.071287
1975.250033	-147.071287
1975.333333	-125.071287
1975.416633	-48.071287
1975.500033	24.928713
1975.583333	-4.071287
1975.666633	49.928713
1975.750033	46.928713
1975.833333	-14.071287
1975.916633	127.928713
1976.000033	102.928713
1976.083333	-136.071287
1976.166633	-106.071287
1976.250033	-122.071287
1976.333333	-133.071287
1976.416633	-42.071287
1976.500033	-21.071287
1976.583333	-43.071287
1976.666633	-32.071287
1976.750033	-31.071287
1976.833333	19.928713
1976.916633	12.928713
1977.000033	-81.071287
1977.083333	-77.071287
1977.166633	-91.071287
1977.250033	-83.071287
1977.333333	-157.071287
1977.416633	-41.071287
1977.500033	24.928713
1977.583333	-38.071287
1977.666633	40.928713
1977.750033	53.928713
1977.833333	145.928713
1977.916633	-21.071287
1978.000033	-14.071287
1978.083333	-122.071287
1978.166633	-55.071287
1978.250033	-189.071287
1978.333333	-143.071287
1978.416633	-11.071287
1978.500033	-39.071287
1978.583333	15.928713
1978.666633	126.928713
1978.750033	46.928713
1978.833333	107.928713
1978.916633	25.928713
1979.000033	-67.071287
1979.083333	-81.071287
1979.166633	-134.071287
1979.250033	-168.071287
1979.333333	-126.071287
1979.416633	-81.071287
1979.500033	39.928713
1979.583333	58.928713
1979.666633	104.928713
1979.750033	-49.071287
1979.833333	46.928713
1979.916633	85.928713
1980.000033	-108.071287
1980.083333	-162.071287
1980.166633	-162.071287
1980.250033	-44.071287
1980.333333	-134.071287
1980.416633	-28.071287
1980.500033	-17.071287
1980.583333	13.928713
1980.666633	17.928713
1980.750033	91.928713
1980.833333	58.928713
1980.916633	93.928713
1981.000033	1.928713
1981.083333	-2.071287
1981.166633	-48.071287
1981.250033	-143.071287
1981.333333	-80.071287
1981.416633	-6.071287
1981.500033	8.928713
1981.583333	71.928713
1981.666633	45.928713
1981.750033	104.928713
1981.833333	201.928713
1981.916633	0.000000
1982.000033	43.928713
1982.083333	-70.071287
1982.166633	-53.071287
1982.250033	-3.071287
1982.333333	-53.071287
1982.416633	-25.071287
1982.500033	-17.071287
1982.583333	83.928713
1982.666633	0.000000
1982.750033	59.928713
1982.833333	133.928713
1982.916633	110.928713
1983.000033	261.928713
1983.083333	-93.071287
1983.166633	4.928713
1983.250033	-41.071287
1983.333333	-14.071287
1983.416633	-36.071287
1983.500033	11.928713
1983.583333	1.928713
1983.666633	111.928713
1983.750033	216.928713
1983.833333	176.928713
1983.916633	89.928713
1984.000033	92.928713
1984.083333	-115.071287
1984.166633	-155.071287
1984.250033	-111.071287
1984.333333	-57.071287
1984.416633	-6.071287
1984.500033	-20.071287
1984.583333	-6.071287
1984.666633	106.928713
1984.750033	0.000000
1984.833333	-114.071287
1984.916633	0.000000
1985.000033	0.000000
1985.083333	-120.071287
1985.166633	-82.071287
1985.250033	-81.071287
1985.333333	-137.071287
1985.416633	-66.071287
1985.500033	-39.071287
1985.583333	-26.071287
1985.666633	-27.071287
1985.750033	0.000000
1985.833333	-80.071287
1985.916633	111.928713
1986.000033	58.928713
1986.083333	0.000000
1986.166633	0.000000
1986.250033	-145.071287
1986.333333	-100.071287
1986.416633	-76.071287
1986.500033	58.928713
1986.583333	-1.071287
1986.666633	61.928713
1986.750033	105.928713
1986.833333	112.928713
1986.916633	137.928713
1987.000033	0.000000
1987.083333	-52.071287
1987.166633	-185.071287
1987.250033	-142.071287
1987.333333	-93.071287
1987.416633	-50.071287
1987.500033	0.000000
1987.583333	56.928713
1987.666633	144.928713
1987.750033	-8.071287
1987.833333	91.928713
1987.916633	101.928713
1988.000033	0.000000
1988.083333	0.000000
1988.166633	-43.071287
1988.250033	-89.071287
1988.333333	-92.071287
1988.416633	0.000000
1988.500033	24.928713
1988.583333	78.928713
1988.666633	137.928713
1988.750033	41.928713
1988.833333	164.928713
1988.916633	191.928713
1989.000033	144.928713
1989.083333	151.928713
1989.166633	64.928713
1989.250033	-52.071287
1989.333333	-13.071287
1989.416633	9.928713
1989.500033	25.928713
1989.583333	153.928713
1989.666633	99.928713
1989.750033	116.928713
1989.833333	123.928713
1989.916633	183.928713
1990.000033	124.928713
1990.083333	211.928713
1990.166633	255.928713
1990.250033	-26.071287
1990.333333	-82.071287
1990.416633	12.928713
1990.500033	34.928713
1990.583333	66.928713
1990.666633	109.928713
1990.750033	75.928713
1990.833333	118.928713
1990.916633	27.928713
1991.000033	-34.071287
1991.083333	-101.071287
1991.166633	-192.071287
1991.250033	-120.071287
1991.333333	-69.071287
1991.416633	5.928713
1991.500033	-21.071287
1991.583333	49.928713
1991.666633	80.928713
1991.750033	4.928713
1991.833333	35.928713
1991.916633	81.928713
1992.000033	21.928713
1992.083333	0.000000
1992.166633	-42.071287
1992.250033	-51.071287
1992.333333	-109.071287
1992.416633	-39.071287
1992.500033	35.928713
1992.583333	94.928713
1992.666633	31.928713
1992.750033	33.928713
1992.833333	120.928713
1992.916633	37.928713
1993.000033	188.928713
1993.083333	-15.071287
1993.166633	-40.071287
1993.250033	-97.071287
1993.333333	-95.071287
1993.416633	31.928713
1993.500033	48.928713
1993.583333	16.928713
1993.666633	3.928713
1993.750033	-75.071287
1993.833333	-85.071287
1993.916633	62.928713
1994.000033	15.928713
1994.083333	-201.071287
1994.166633	-25.071287
1994.250033	-142.071287
1994.333333	-102.071287
1994.416633	-13.071287
1994.500033	-69.071287
1994.583333	-28.071287
1994.666633	40.928713
1994.750033	36.928713
1994.833333	108.928713
1994.916633	148.928713
1995.000033	55.928713
1995.083333	173.928713
1995.166633	31.928713
1995.250033	0.928713
1995.333333	-33.071287
1995.416633	-9.071287
1995.500033	36.928713
1995.583333	26.928713
1995.666633	35.928713
1995.750033	106.928713
1995.833333	82.928713
1995.916633	-24.071287
1996.000033	-106.071287
1996.083333	0.000000
1996.166633	-208.071287
1996.250033	-120.071287
1996.333333	-77.071287
1996.416633	-47.071287
1996.500033	16.928713
1996.583333	-19.071287
1996.666633	-13.071287
1996.750033	19.928713
1996.833333	49.928713
1996.916633	-8.071287
1997.000033	-49.071287
1997.083333	71.928713
1997.166633	-5.071287
1997.250033	15.928713
1997.333333	-36.071287
1997.416633	-16.071287
1997.500033	-26.071287
1997.583333	5.928713
1997.666633	103.928713
1997.750033	128.928713
1997.833333	-11.071287
1997.916633	33.928713
1998.000033	60.928713
1998.083333	76.928713
1998.166633	-64.071287
1998.250033	-47.071287
1998.333333	-61.071287
1998.416633	8.928713
1998.500033	106.928713
1998.583333	117.928713
1998.666633	41.928713
1998.750033	148.928713
1998.833333	37.928713
1998.916633	93.928713
1999.000033	65.928713
1999.083333	102.928713
1999.166633	-55.071287
1999.250033	-55.071287
1999.333333	-66.071287
1999.416633	-35.071287
1999.500033	21.928713
1999.583333	39.928713
1999.666633	61.928713
1999.750033	83.928713
1999.833333	74.928713
1999.916633	134.928713
2000.000033	81.928713
2000.083333	116.928713
2000.166633	29.928713
2000.250033	-43.071287
2000.333333	-41.071287
2000.416633	24.928713
2000.500033	42.928713
2000.583333	23.928713
2000.666633	4.928713
2000.750033	57.928713
2000.833333	23.928713
2000.916633	112.928713
2001.000033	-14.071287
2001.083333	-24.071287
2001.166633	-33.071287
2001.250033	-48.071287
2001.333333	-57.071287
2001.416633	11.928713
2001.500033	37.928713
2001.583333	88.928713
2001.666633	136.928713
2001.750033	165.928713
2001.833333	189.928713
2001.916633	68.928713
2002.000033	164.928713
2002.083333	218.928713
2002.166633	63.928713
2002.250033	-3.071287
2002.333333	-6.071287
2002.416633	62.928713
2002.500033	55.928713
2002.583333	45.928713
2002.666633	83.928713
2002.750033	79.928713
2002.833333	37.928713
2002.916633	-48.071287
2003.000033	151.928713
2003.083333	-106.071287
2003.166633	-61.071287
2003.250033	-29.071287
2003.333333	-27.071287
2003.416633	70.928713
2003.500033	74.928713
2003.583333	121.928713
2003.666633	76.928713
2003.750033	115.928713
2003.833333	28.928713
2003.916633	118.928713
2004.000033	8.928713
2004.083333	58.928713
2004.166633	-43.071287
2004.250033	-73.071287
2004.333333	-1.071287
2004.416633	25.928713
2004.500033	29.928713
2004.583333	48.928713
2004.666633	165.928713
2004.750033	96.928713
2004.833333	156.928713
2004.916633	154.928713
2005.000033	180.928713
2005.083333	1.928713
2005.166633	-60.071287
2005.250033	0.000000
2005.333333	0.000000
2005.416633	0.000000
2005.500033	0.000000
2005.583333	0.000000
2005.666633	0.000000
2005.750033	46.928713
2005.833333	106.928713
2005.916633	103.928713
2006.000033	-113.071287
2006.083333	-42.071287
2006.166633	-88.071287
2006.250033	-31.071287
2006.333333	-28.071287
2006.416633	-13.071287
2006.500033	25.928713
2006.583333	104.928713
2006.666633	131.928713
2006.750033	170.928713
2006.833333	305.928713
2006.916633	180.928713
2007.000033	273.928713
2007.083333	57.928713
2007.166633	71.928713
2007.250033	-52.071287
2007.333333	77.928713
2007.416633	73.928713
2007.500033	169.928713
2007.583333	87.928713
2007.666633	192.928713
2007.750033	100.928713
2007.833333	184.928713
2007.916633	97.928713
2008.000033	117.928713
2008.083333	137.928713
2008.166633	188.928713
2008.250033	33.928713
2008.333333	-17.071287
2008.416633	63.928713
2008.500033	50.928713
2008.583333	90.928713
2008.666633	8.928713
2008.750033	203.928713
2008.833333	160.928713
2008.916633	43.928713
2009.000033	27.928713
2009.083333	-0.071287
2009.166633	-30.071287
2009.250033	-99.071287
2009.333333	-25.071287
2009.416633	20.928713
2009.500033	87.928713
2009.583333	65.928713
2009.666633	105.928713
2009.750033	92.928713
2009.833333	100.928713
2009.916633	72.928713
2010.000033	-55.071287
2010.083333	-58.071287
2010.166633	-12.071287
2010.250033	-74.071287
2010.333333	12.928713
2010.416633	35.928713
2010.500033	72.928713
2010.583333	121.928713
2010.666633	92.928713
2010.750033	93.928713
2010.833333	161.928713
2010.916633	85.928713
2011.000033	47.928713
2011.083333	-52.071287
2011.166633	-80.071287
2011.250033	-22.071287
2011.333333	-5.071287
2011.416633	62.928713
2011.500033	65.928713
2011.583333	81.928713
2011.666633	132.928713
2011.750033	119.928713
2011.833333	107.928713
2011.916633	244.928713
2012.000033	93.928713
2012.083333	-39.071287
2012.166633	-20.071287
2012.250033	10.928713
2012.333333	-24.071287
2012.416633	42.928713
2012.500033	73.928713
2012.583333	96.928713
2012.666633	200.928713
2012.750033	149.928713
2012.833333	161.928713
2012.916633	44.928713
2013.000033	52.928713
2013.083333	-17.071287
2013.166633	-87.071287
2013.250033	-53.071287
2013.333333	-39.071287
2013.416633	-28.071287
2013.500033	59.928713
2013.583333	83.928713
2013.666633	106.928713
2013.750033	55.928713
2013.833333	163.928713
2013.916633	212.928713
2014.000033	0.928713
2014.083333	44.928713
2014.166633	39.928713
2014.250033	1.928713
2014.333333	-29.071287
2014.416633	10.928713
2014.500033	45.928713
2014.583333	72.928713
2014.666633	76.928713
2014.750033	95.928713
2014.833333	35.928713
2014.916633	122.928713
2015.000033	135.928713
2015.083333	-53.071287
2015.166633	-34.071287
2015.250033	16.928713
2015.333333	39.928713
2015.416633	34.928713
2015.500033	100.928713
2015.583333	61.928713
2015.666633	71.928713
2015.750033	59.928713
2015.833333	226.928713
2015.916633	154.928713
2016.000033	20.928713
2016.083333	24.928713
2016.166633	-86.071287
2016.250033	-8.071287
2016.333333	11.928713
2016.416633	-7.071287
2016.500033	89.928713
2016.583333	112.928713
2016.666633	142.928713
2016.750033	60.928713
2016.833333	65.928713
2016.916633	154.928713
2017.000033	29.928713
2017.083333	-23.071287
2017.166633	-27.071287
2017.250033	22.928713
2017.333333	-1.071287
2017.416633	111.928713
2017.500033	95.928713
2017.583333	118.928713
2017.666633	85.928713
2017.750033	220.928713
2017.833333	171.928713
2017.916633	130.928713
