1888.666633	-100.078001
1888.750033	22.726561
1888.833333	-1.032370
1888.916633	12.282032
1889.000033	-47.711285
1889.083333	72.483240
1889.166633	18.515596
1889.250033	-12.032333
1889.333333	-45.772978
1889.416633	7.061696
1889.500033	20.581796
1889.583333	25.670522
1889.666633	0.272767
1889.750033	-53.922671
1889.833333	-17.681603
1889.916633	-99.367201
1890.000033	89.639482
1890.083333	-112.165992
1890.166633	68.866363
1890.250033	41.318435
1890.333333	15.577790
1890.416633	17.412463
1890.500033	7.932563
1890.583333	-7.978711
1890.666633	-54.376466
1890.750033	112.428096
1890.833333	16.669165
1890.916633	-101.016434
1891.000033	-14.009751
1891.083333	-127.815225
1891.166633	88.217131
1891.250033	-35.330798
1891.333333	-13.071443
1891.416633	-31.236769
1891.500033	2.283330
1891.583333	-19.627943
1891.666633	12.974302
1891.750033	1.778863
1891.833333	-73.980068
1891.916633	18.334334
1892.000033	-9.658983
1892.083333	-46.464457
1892.166633	-8.432102
1892.250033	-8.980030
1892.333333	-4.720675
1892.416633	6.113998
1892.500033	1.634098
1892.583333	4.722824
1892.666633	-16.674931
1892.750033	-56.870369
1892.833333	-132.629301
1892.916633	30.685101
1893.000033	-78.308216
1893.083333	-139.113690
1893.166633	17.918665
1893.250033	-24.629263
1893.333333	32.630092
1893.416633	-14.535235
1893.500033	-13.015135
1893.583333	10.073591
1893.666633	59.675836
1893.750033	102.480398
1893.833333	10.721467
1893.916633	-10.964131
1894.000033	-25.957449
1894.083333	108.237077
1894.166633	3.269433
1894.250033	-21.278496
1894.333333	-54.019141
1894.416633	4.815533
1894.500033	-19.664368
1894.583333	7.424359
1894.666633	-35.973396
1894.750033	-23.168835
1894.833333	-12.927766
1894.916633	36.386636
1895.000033	-51.606681
1895.083333	13.587845
1895.166633	9.620200
1895.250033	4.072272
1895.333333	-50.668373
1895.416633	-22.833700
1895.500033	35.686400
1895.583333	6.775126
1895.666633	18.377371
1895.750033	49.181933
1895.833333	-27.576999
1895.916633	-11.262597
1896.000033	-14.255914
1896.083333	-17.061388
1896.166633	63.970967
1896.250033	25.423039
1896.333333	7.682394
1896.416633	41.517068
1896.500033	19.037167
1896.583333	-15.874106
1896.666633	-4.271862
1896.750033	-99.467300
1896.833333	-40.226231
1896.916633	-85.911829
1897.000033	-43.905146
1897.083333	2.289379
1897.166633	-37.678265
1897.250033	-21.226194
1897.333333	19.033161
1897.416633	-16.132165
1897.500033	29.387935
1897.583333	-6.523339
1897.666633	22.078906
1897.750033	-80.116532
1897.833333	-26.875464
1897.916633	-83.561062
1898.000033	58.445621
1898.083333	98.640147
1898.166633	72.672502
1898.250033	10.124574
1898.333333	25.383929
1898.416633	-18.781398
1898.500033	34.738702
1898.583333	-43.172572
1898.666633	39.429673
1898.750033	-0.765765
1898.833333	-37.524696
1898.916633	148.789705
1899.000033	60.796388
1899.083333	38.990914
1899.166633	69.023269
1899.250033	70.475341
1899.333333	15.734696
1899.416633	12.569370
1899.500033	13.089469
1899.583333	12.178196
1899.666633	108.780441
1899.750033	62.585002
1899.833333	165.826071
1899.916633	-20.859527
1900.000033	-23.852844
1900.083333	-66.658318
1900.166633	-30.625963
1900.250033	-15.173891
1900.333333	6.085464
1900.416633	-13.079863
1900.500033	-11.559763
1900.583333	-28.471037
1900.666633	-4.868792
1900.750033	41.935770
1900.833333	-87.823162
1900.916633	63.491240
1901.000033	-45.502077
1901.083333	-72.307551
1901.166633	-84.275196
1901.250033	-11.823124
1901.333333	-100.563769
1901.416633	-27.729096
1901.500033	-95.208996
1901.583333	-15.120270
1901.666633	-45.518025
1901.750033	-10.713463
1901.833333	53.527606
1901.916633	-7.157992
1902.000033	162.848690
1902.083333	-62.956784
1902.166633	41.075572
1902.250033	-59.472357
1902.333333	39.786998
1902.416633	-26.378328
1902.500033	44.141771
1902.583333	42.230498
1902.666633	-8.167257
1902.750033	8.637304
1902.833333	-41.121627
1902.916633	18.192775
1903.000033	18.199458
1903.083333	186.393984
1903.166633	82.426339
1903.250033	145.878411
1903.333333	30.137766
1903.416633	-25.027561
1903.500033	67.492539
1903.583333	113.581265
1903.666633	-0.816490
1903.750033	54.988072
1903.833333	94.229140
1903.916633	-84.456458
1904.000033	-62.449775
1904.083333	20.744751
1904.166633	-66.222894
1904.250033	-12.770822
1904.333333	-44.511467
1904.416633	35.323207
1904.500033	17.843306
1904.583333	-1.067968
1904.666633	-101.465723
1904.750033	11.338839
1904.833333	30.579908
1904.916633	52.894310
1905.000033	19.900993
1905.083333	8.095518
1905.166633	-89.872126
1905.250033	72.579945
1905.333333	-32.160700
1905.416633	-2.326026
1905.500033	71.194074
1905.583333	38.282800
1905.666633	45.885045
1905.750033	34.689607
1905.833333	-46.069325
1905.916633	26.245077
1906.000033	67.251760
1906.083333	-17.553714
1906.166633	153.478641
1906.250033	10.930713
1906.333333	-17.809932
1906.416633	28.024741
1906.500033	40.544841
1906.583333	37.633567
1906.666633	-33.764188
1906.750033	-62.959626
1906.833333	38.281443
1906.916633	5.595844
1907.000033	-41.397473
1907.083333	-3.202947
1907.166633	2.829408
1907.250033	37.281480
1907.333333	21.540835
1907.416633	-7.624491
1907.500033	-6.104392
1907.583333	51.984335
1907.666633	-31.413420
1907.750033	2.391141
1907.833333	-79.367790
1907.916633	-58.053388
1908.000033	23.953295
1908.083333	70.147820
1908.166633	-76.819824
1908.250033	-17.367752
1908.333333	-16.108397
1908.416633	-31.273724
1908.500033	-53.753624
1908.583333	29.335102
1908.666633	-75.062653
1908.750033	-78.258091
1908.833333	-2.017023
1908.916633	-38.702621
1909.000033	-27.695938
1909.083333	-15.501412
1909.166633	-21.469057
1909.250033	-1.016985
1909.333333	-70.757630
1909.416633	-25.922957
1909.500033	75.597143
1909.583333	27.685869
1909.666633	-59.711886
1909.750033	28.092676
1909.833333	42.333745
1909.916633	-1.351853
1910.000033	151.654829
1910.083333	55.849355
1910.166633	-21.118289
1910.250033	31.333782
1910.333333	15.593137
1910.416633	14.427811
1910.500033	44.947910
1910.583333	-39.963363
1910.666633	-21.361118
1910.750033	-60.556557
1910.833333	-10.315488
1910.916633	-13.001086
1911.000033	-35.994403
1911.083333	115.200123
1911.166633	15.232478
1911.250033	131.684550
1911.333333	31.943905
1911.416633	-20.221422
1911.500033	-11.701322
1911.583333	8.387404
1911.666633	69.989649
1911.750033	-61.205789
1911.833333	28.035279
1911.916633	-18.650319
1912.000033	-62.643636
1912.083333	98.550890
1912.166633	46.583245
1912.250033	22.035317
1912.333333	73.294672
1912.416633	41.129345
1912.500033	-24.350555
1912.583333	36.738171
1912.666633	-13.659584
1912.750033	-12.855022
1912.833333	35.386047
1912.916633	122.700449
1913.000033	-49.292868
1913.083333	-24.098343
1913.166633	133.934013
1913.250033	79.386084
1913.333333	13.645439
1913.416633	28.480113
1913.500033	28.000213
1913.583333	10.088939
1913.666633	-72.308816
1913.750033	17.495746
1913.833333	174.736814
1913.916633	146.051216
1914.000033	38.057899
1914.083333	106.252425
1914.166633	85.284780
1914.250033	54.736852
1914.333333	41.996207
1914.416633	24.830880
1914.500033	48.350980
1914.583333	-0.560294
1914.666633	70.041951
1914.750033	-32.153487
1914.833333	11.087581
1914.916633	83.401983
1915.000033	19.408666
1915.083333	-31.396808
1915.166633	46.635547
1915.250033	7.087619
1915.333333	-17.653026
1915.416633	9.181648
1915.500033	13.701747
1915.583333	11.790474
1915.666633	-56.607281
1915.750033	-111.802720
1915.833333	-7.561651
1915.916633	-32.247249
1916.000033	173.759434
1916.083333	15.953959
1916.166633	31.986315
1916.250033	-80.561613
1916.333333	2.697741
1916.416633	20.532415
1916.500033	-6.947485
1916.583333	36.141241
1916.666633	-33.256514
1916.750033	81.548048
1916.833333	22.789116
1916.916633	5.103518
1917.000033	-49.889799
1917.083333	-36.695273
1917.166633	0.337082
1917.250033	-7.210846
1917.333333	-72.951491
1917.416633	-31.116818
1917.500033	-2.596718
1917.583333	-49.507992
1917.666633	31.094253
1917.750033	-28.101185
1917.833333	57.139884
1917.916633	-27.545714
1918.000033	33.460968
1918.083333	3.655494
1918.166633	-130.312150
1918.250033	-43.860079
1918.333333	-65.600724
1918.416633	26.233950
1918.500033	-9.245951
1918.583333	18.842776
1918.666633	58.445021
1918.750033	-24.750418
1918.833333	-40.509349
1918.916633	-5.194947
1919.000033	-141.188264
1919.083333	-3.993738
1919.166633	-34.961383
1919.250033	-56.509311
1919.333333	-85.249956
1919.416633	42.584717
1919.500033	-13.895183
1919.583333	42.193543
1919.666633	18.795788
1919.750033	-33.399650
1919.833333	-42.158582
1919.916633	-32.844180
1920.000033	59.162503
1920.083333	39.357029
1920.166633	35.389384
1920.250033	46.841456
1920.333333	-8.899189
1920.416633	37.935484
1920.500033	37.455584
1920.583333	12.544310
1920.666633	-37.853445
1920.750033	-120.048883
1920.833333	-104.807814
1920.916633	-97.493412
1921.000033	136.513270
1921.083333	-65.292204
1921.166633	70.740152
1921.250033	-8.807777
1921.333333	-23.548422
1921.416633	62.286252
1921.500033	5.806351
1921.583333	-36.104922
1921.666633	-1.502677
1921.750033	53.301885
1921.833333	-86.457047
1921.916633	80.857355
1922.000033	-38.135962
1922.083333	17.058564
1922.166633	48.090919
1922.250033	-10.457009
1922.333333	13.802346
1922.416633	39.637019
1922.500033	43.157119
1922.583333	2.245845
1922.666633	-27.151910
1922.750033	-36.347348
1922.833333	27.893720
1922.916633	12.208122
1923.000033	71.214805
1923.083333	-6.590669
1923.166633	-78.558314
1923.250033	5.893758
1923.333333	-6.846887
1923.416633	47.987787
1923.500033	16.507886
1923.583333	27.596613
1923.666633	12.198858
1923.750033	123.003419
1923.833333	44.244488
1923.916633	-5.441110
1924.000033	-74.434427
1924.083333	32.760098
1924.166633	-2.207546
1924.250033	-14.755474
1924.333333	-29.496120
1924.416633	-28.661446
1924.500033	31.858654
1924.583333	13.947380
1924.666633	59.549625
1924.750033	-18.645813
1924.833333	-59.404745
1924.916633	-27.090343
1925.000033	61.916340
1925.083333	63.110866
1925.166633	-4.856779
1925.250033	28.595293
1925.333333	-20.145352
1925.416633	57.689321
1925.500033	-42.790579
1925.583333	31.298147
1925.666633	62.900392
1925.750033	38.704954
1925.833333	22.946023
1925.916633	82.260424
1926.000033	-33.732893
1926.083333	26.461633
1926.166633	52.493989
1926.250033	32.946060
1926.333333	7.205415
1926.416633	34.040089
1926.500033	22.560188
1926.583333	30.648915
1926.666633	13.251160
1926.750033	35.055721
1926.833333	-0.703210
1926.916633	6.611192
1927.000033	11.617875
1927.083333	-33.187599
1927.166633	21.844756
1927.250033	135.296828
1927.333333	11.556183
1927.416633	53.390856
1927.500033	28.910956
1927.583333	55.999682
1927.666633	13.601927
1927.750033	51.406489
1927.833333	20.647557
1927.916633	-76.038041
1928.000033	-37.031358
1928.083333	-5.836832
1928.166633	-90.804477
1928.250033	43.647595
1928.333333	-13.093050
1928.416633	66.741623
1928.500033	51.261723
1928.583333	45.350449
1928.666633	-3.047306
1928.750033	31.757256
1928.833333	83.998325
1928.916633	-1.687273
1929.000033	-104.680591
1929.083333	-167.486065
1929.166633	-18.453709
1929.250033	13.998362
1929.333333	-26.742283
1929.416633	33.092391
1929.500033	18.612490
1929.583333	-6.298783
1929.666633	30.303462
1929.750033	87.108023
1929.833333	-0.650908
1929.916633	9.663494
1930.000033	44.670177
1930.083333	-80.135297
1930.166633	-10.102942
1930.250033	-29.650870
1930.333333	-19.391515
1930.416633	-56.556842
1930.500033	45.963258
1930.583333	4.051984
1930.666633	-58.345771
1930.750033	65.458791
1930.833333	109.699859
1930.916633	-76.985739
1931.000033	59.020944
1931.083333	-59.784530
1931.166633	28.247825
1931.250033	-3.300103
1931.333333	8.959252
1931.416633	14.793926
1931.500033	69.314025
1931.583333	-6.597248
1931.666633	-9.995004
1931.750033	76.809558
1931.833333	-57.949373
1931.916633	128.365029
1932.000033	96.371712
1932.083333	-4.433763
1932.166633	10.598593
1932.250033	45.050664
1932.333333	7.310019
1932.416633	11.144693
1932.500033	52.664793
1932.583333	14.753519
1932.666633	72.355764
1932.750033	76.160326
1932.833333	-35.598606
1932.916633	-30.284204
1933.000033	-59.277521
1933.083333	15.917005
1933.166633	-25.050640
1933.250033	61.401432
1933.333333	14.660787
1933.416633	27.495460
1933.500033	-9.984440
1933.583333	51.104286
1933.666633	-44.293469
1933.750033	-13.488907
1933.833333	-20.247838
1933.916633	-58.933437
1934.000033	-45.926754
1934.083333	12.267772
1934.166633	-19.699873
1934.250033	-52.247801
1934.333333	-4.988446
1934.416633	-36.153772
1934.500033	9.366327
1934.583333	15.455054
1934.666633	-11.942701
1934.750033	33.861860
1934.833333	-24.897071
1934.916633	-66.582669
1935.000033	-52.575986
1935.083333	139.618540
1935.166633	-39.349105
1935.250033	14.102967
1935.333333	-74.637678
1935.416633	-14.803005
1935.500033	84.717095
1935.583333	-36.194179
1935.666633	82.408066
1935.750033	100.212628
1935.833333	-4.546304
1935.916633	-31.231902
1936.000033	9.774781
1936.083333	23.969307
1936.166633	-35.998338
1936.250033	52.453734
1936.333333	-49.286911
1936.416633	-15.452238
1936.500033	22.067862
1936.583333	-11.843412
1936.666633	-58.241167
1936.750033	87.563395
1936.833333	-43.195536
1936.916633	76.118866
1937.000033	-79.874452
1937.083333	87.320074
1937.166633	-18.647570
1937.250033	3.804501
1937.333333	-44.936144
1937.416633	-7.101470
1937.500033	52.418629
1937.583333	-28.492644
1937.666633	40.109601
1937.750033	-74.085838
1937.833333	28.155231
1937.916633	-81.530367
1938.000033	86.476316
1938.083333	-94.329158
1938.166633	147.703197
1938.250033	90.155269
1938.333333	39.414624
1938.416633	38.249297
1938.500033	-6.230603
1938.583333	-21.141877
1938.666633	-54.539632
1938.750033	57.264930
1938.833333	70.505998
1938.916633	-72.179600
1939.000033	-34.172917
1939.083333	40.021609
1939.166633	-12.946036
1939.250033	34.506036
1939.333333	-64.234609
1939.416633	9.600065
1939.500033	2.120164
1939.583333	-61.791109
1939.666633	-55.188865
1939.750033	-89.384303
1939.833333	-89.143234
1939.916633	-156.828832
1940.000033	-88.822149
1940.083333	-70.627624
1940.166633	-3.595268
1940.250033	-71.143197
1940.333333	-13.883842
1940.416633	-43.049168
1940.500033	-7.529068
1940.583333	1.559658
1940.666633	35.161903
1940.750033	-81.033535
1940.833333	33.207533
1940.916633	-87.478065
1941.000033	-114.471382
1941.083333	-47.276856
1941.166633	-52.244501
1941.250033	-100.792429
1941.333333	-31.533074
1941.416633	-24.698401
1941.500033	-14.178301
1941.583333	-0.089575
1941.666633	-105.487330
1941.750033	11.317232
1941.833333	-155.441699
1941.916633	105.872702
1942.000033	-261.120615
1942.083333	-117.926089
1942.166633	-126.893734
1942.250033	-94.441662
1942.333333	-19.182307
1942.416633	-31.347633
1942.500033	-12.827534
1942.583333	-75.738807
1942.666633	12.863438
1942.750033	108.667999
1942.833333	58.909068
1942.916633	50.223470
1943.000033	-22.769847
1943.083333	64.424679
1943.166633	-4.542966
1943.250033	164.909106
1943.333333	4.168461
1943.416633	30.003134
1943.500033	18.523234
1943.583333	32.611960
1943.666633	0.214205
1943.750033	-23.981233
1943.833333	-58.740165
1943.916633	-76.425763
1944.000033	75.580920
1944.083333	-7.224554
1944.166633	37.807801
1944.250033	1.259873
1944.333333	19.519228
1944.416633	-2.646099
1944.500033	-9.125999
1944.583333	-31.037273
1944.666633	-45.435028
1944.750033	-69.630466
1944.833333	33.610603
1944.916633	-89.074995
1945.000033	-100.068313
1945.083333	11.126213
1945.166633	33.158569
1945.250033	83.610640
1945.333333	38.869995
1945.416633	78.704669
1945.500033	60.224768
1945.583333	47.313495
1945.666633	-53.084260
1945.750033	11.720301
1945.833333	33.961370
1945.916633	55.275772
1946.000033	13.282455
1946.083333	155.476981
1946.166633	28.509336
1946.250033	70.961408
1946.333333	18.220763
1946.416633	83.055436
1946.500033	19.575536
1946.583333	36.664262
1946.666633	68.266507
1946.750033	-47.928931
1946.833333	-81.687863
1946.916633	-134.373461
1947.000033	-134.366778
1947.083333	-168.172252
1947.166633	10.860103
1947.250033	0.312175
1947.333333	-108.428470
1947.416633	-24.593796
1947.500033	-36.073697
1947.583333	-97.984971
1947.666633	23.617274
1947.750033	-46.578164
1947.833333	91.662905
1947.916633	24.977307
1948.000033	16.983990
1948.083333	-40.821485
1948.166633	29.210871
1948.250033	10.662942
1948.333333	-7.077703
1948.416633	28.756971
1948.500033	14.277071
1948.583333	30.365797
1948.666633	67.968042
1948.750033	55.772604
1948.833333	20.013672
1948.916633	-2.671926
1949.000033	83.334757
1949.083333	110.529283
1949.166633	-65.438362
1949.250033	106.013710
1949.333333	-12.726935
1949.416633	33.107738
1949.500033	3.627838
1949.583333	22.716564
1949.666633	-38.681191
1949.750033	19.123371
1949.833333	-6.635561
1949.916633	132.678841
1950.000033	-33.314476
1950.083333	85.880050
1950.166633	-3.087595
1950.250033	51.364477
1950.333333	-47.376168
1950.416633	36.458506
1950.500033	51.978605
1950.583333	-25.932668
1950.666633	97.669577
1950.750033	38.474138
1950.833333	22.715207
1950.916633	-63.970391
1951.000033	-52.963708
1951.083333	-102.769183
1951.166633	16.263173
1951.250033	-26.284755
1951.333333	-48.025400
1951.416633	-40.190727
1951.500033	-8.670627
1951.583333	-43.581901
1951.666633	-12.979656
1951.750033	-141.175094
1951.833333	-4.934026
1951.916633	102.380376
1952.000033	56.387059
1952.083333	31.581585
1952.166633	-36.386060
1952.250033	-10.933988
1952.333333	18.325367
1952.416633	49.160040
1952.500033	-17.319860
1952.583333	22.768866
1952.666633	8.371111
1952.750033	40.175673
1952.833333	-25.583258
1952.916633	-80.268856
1953.000033	-26.262174
1953.083333	28.932352
1953.166633	-31.035292
1953.250033	17.416779
1953.333333	31.676134
1953.416633	-13.489192
1953.500033	46.030907
1953.583333	33.119634
1953.666633	29.721879
1953.750033	9.526440
1953.833333	-5.232491
1953.916633	-10.918089
1954.000033	6.088594
1954.083333	-163.716880
1954.166633	-68.684525
1954.250033	-74.232453
1954.333333	-75.973098
1954.416633	-21.138425
1954.500033	29.381675
1954.583333	6.470401
1954.666633	52.072646
1954.750033	29.877208
1954.833333	-55.881724
1954.916633	76.432678
1955.000033	-11.560639
1955.083333	-8.366113
1955.166633	-23.333758
1955.250033	-5.881686
1955.333333	0.377669
1955.416633	-25.787658
1955.500033	-1.267558
1955.583333	-56.178832
1955.666633	42.423413
1955.750033	40.227975
1955.833333	31.469044
1955.916633	131.783446
1956.000033	0.000000
1956.083333	0.000000
1956.166633	0.000000
1956.250033	0.000000
1956.333333	0.000000
1956.416633	0.000000
1956.500033	0.000000
1956.583333	0.000000
1956.666633	0.000000
1956.750033	0.000000
1956.833333	0.000000
1956.916633	0.000000
1957.000033	31.140896
1957.083333	55.335422
1957.166633	-20.632223
1957.250033	-57.180151
1957.333333	-45.920796
1957.416633	-24.086123
1957.500033	-4.566023
1957.583333	-9.477297
1957.666633	38.124948
1957.750033	66.929510
1957.833333	9.170578
1957.916633	66.484980
1958.000033	-39.508337
1958.083333	98.686189
1958.166633	-19.281456
1958.250033	-5.829384
1958.333333	-5.570029
1958.416633	-13.735355
1958.500033	19.784744
1958.583333	15.873471
1958.666633	-36.524284
1958.750033	36.280277
1958.833333	-111.478654
1958.916633	58.835748
1959.000033	24.842431
1959.083333	-34.963044
1959.166633	-14.930688
1959.250033	45.521384
1959.333333	-76.219262
1959.416633	24.615412
1959.500033	10.135512
1959.583333	-13.775762
1959.666633	-18.173517
1959.750033	-43.368955
1959.833333	-140.127887
1959.916633	-87.813485
1960.000033	-24.806802
1960.083333	-125.612276
1960.166633	-96.579921
1960.250033	-44.127849
1960.333333	-47.868494
1960.416633	-12.033821
1960.500033	-12.513721
1960.583333	41.575005
1960.666633	-20.822750
1960.750033	-28.018188
1960.833333	-9.777119
1960.916633	-33.462717
1961.000033	-109.456035
1961.083333	26.738491
1961.166633	147.770847
1961.250033	38.222918
1961.333333	116.482273
1961.416633	105.316947
1961.500033	41.837046
1961.583333	63.925773
1961.666633	21.528018
1961.750033	-3.667421
1961.833333	35.573648
1961.916633	10.888050
1962.000033	74.894733
1962.083333	44.089259
1962.166633	-25.878386
1962.250033	-36.426314
1962.333333	-24.166959
1962.416633	-6.332286
1962.500033	1.187814
1962.583333	46.276540
1962.666633	13.878785
1962.750033	-3.316653
1962.833333	-76.075585
1962.916633	-53.761183
1963.000033	-51.754500
1963.083333	0.000000
1963.166633	0.000000
1963.250033	-87.075547
1963.333333	-101.816192
1963.416633	-57.981519
1963.500033	-50.461419
1963.583333	-52.372693
1963.666633	-40.770448
1963.750033	18.034114
1963.833333	61.275183
1963.916633	-4.410415
1964.000033	-45.403733
1964.083333	34.790793
1964.166633	-55.176851
1964.250033	-30.724780
1964.333333	-9.465425
1964.416633	8.369249
1964.500033	-21.110652
1964.583333	-22.021925
1964.666633	0.580320
1964.750033	-93.615118
1964.833333	44.625950
1964.916633	-48.059648
1965.000033	-7.052965
1965.083333	17.141561
1965.166633	-28.826084
1965.250033	-36.374012
1965.333333	-56.114657
1965.416633	-4.279984
1965.500033	11.240116
1965.583333	-48.671158
1965.666633	-11.068913
1965.750033	-32.264351
1965.833333	23.976717
1965.916633	1.291119
1966.000033	-106.702198
1966.083333	61.492328
1966.166633	40.524683
1966.250033	-12.023245
1966.333333	-32.763890
1966.416633	79.070784
1966.500033	73.590883
1966.583333	-22.320390
1966.666633	76.281854
1966.750033	-16.913584
1966.833333	-84.672515
1966.916633	1.641887
1967.000033	-79.351430
1967.083333	51.843095
1967.166633	231.875451
1967.250033	46.327523
1967.333333	36.586877
1967.416633	29.421551
1967.500033	19.941651
1967.583333	25.030377
1967.666633	23.632622
1967.750033	139.437184
1967.833333	-11.321748
1967.916633	83.992654
1968.000033	46.999337
1968.083333	-30.806137
1968.166633	95.226218
1968.250033	-4.321710
1968.333333	-9.062355
1968.416633	-9.227682
1968.500033	-58.707582
1968.583333	-62.618856
1968.666633	-56.016611
1968.750033	8.787951
1968.833333	-7.970980
1968.916633	-83.656579
1969.000033	-123.649896
1969.083333	-34.455370
1969.166633	-51.423014
1969.250033	-21.970943
1969.333333	-40.711588
1969.416633	-14.876914
1969.500033	5.643185
1969.583333	-19.268088
1969.666633	-1.665843
1969.750033	49.138718
1969.833333	129.379787
1969.916633	0.000000
1970.000033	-90.299128
1970.083333	0.000000
1970.166633	-33.072247
1970.250033	25.379825
1970.333333	-68.360820
1970.416633	-48.526147
1970.500033	54.993953
1970.583333	-38.917321
1970.666633	-0.315076
1970.750033	30.489486
1970.833333	3.730554
1970.916633	2.044956
1971.000033	-16.948361
1971.083333	58.246165
1971.166633	21.278520
1971.250033	57.730592
1971.333333	-3.010053
1971.416633	23.824620
1971.500033	-22.655280
1971.583333	-26.566554
1971.666633	-44.964309
1971.750033	38.840253
1971.833333	62.081322
1971.916633	67.395724
1972.000033	-171.597594
1972.083333	-119.403068
1972.166633	-51.370712
1972.250033	34.081359
1972.333333	-15.659286
1972.416633	-3.824612
1972.500033	-56.304513
1972.583333	-60.215786
1972.666633	-40.613541
1972.750033	-18.808980
1972.833333	87.432089
1972.916633	-57.253509
1973.000033	-89.246826
1973.083333	58.947700
1973.166633	0.980055
1973.250033	36.432127
1973.333333	-24.308518
1973.416633	3.526155
1973.500033	47.046255
1973.583333	-53.865019
1973.666633	-20.262774
1973.750033	-43.458212
1973.833333	112.782856
1973.916633	17.097258
1974.000033	-22.896059
1974.083333	-11.701533
1974.166633	-125.669178
1974.250033	-67.217106
1974.333333	-42.957751
1974.416633	20.876923
1974.500033	65.397022
1974.583333	-40.514251
1974.666633	-18.912007
1974.750033	-13.107445
1974.833333	-53.866376
1974.916633	120.448026
1975.000033	96.454709
1975.083333	-42.350766
1975.166633	29.681590
1975.250033	-70.866339
1975.333333	-68.606984
1975.416633	-33.772310
1975.500033	-3.252210
1975.583333	-60.163484
1975.666633	-19.561239
1975.750033	-28.756677
1975.833333	-90.515609
1975.916633	63.798793
1976.000033	71.805476
1976.083333	-118.999998
1976.166633	-45.967643
1976.250033	-46.515571
1976.333333	-77.256216
1976.416633	-28.421543
1976.500033	-49.901443
1976.583333	-99.812717
1976.666633	-102.210472
1976.750033	-107.405910
1976.833333	-57.164841
1976.916633	-51.850440
1977.000033	-112.843757
1977.083333	-60.649231
1977.166633	-31.616876
1977.250033	-8.164804
1977.333333	-101.905449
1977.416633	-28.070775
1977.500033	-4.550676
1977.583333	-95.461949
1977.666633	-29.859704
1977.750033	-23.055143
1977.833333	68.185926
1977.916633	-86.499672
1978.000033	-46.492989
1978.083333	-106.298463
1978.166633	3.733892
1978.250033	-114.814036
1978.333333	-88.554681
1978.416633	1.279992
1978.500033	-69.199908
1978.583333	-42.111182
1978.666633	55.491063
1978.750033	-30.704375
1978.833333	29.536693
1978.916633	-40.148905
1979.000033	-100.142222
1979.083333	-65.947696
1979.166633	-75.915341
1979.250033	-94.463269
1979.333333	-72.203914
1979.416633	-69.369241
1979.500033	9.150859
1979.583333	0.239585
1979.666633	32.841830
1979.750033	-127.353608
1979.833333	-32.112539
1979.916633	19.201863
1980.000033	-141.791455
1980.083333	-147.596929
1980.166633	-104.564573
1980.250033	28.887498
1980.333333	-80.853147
1980.416633	-17.018473
1980.500033	-48.498374
1980.583333	-45.409647
1980.666633	-54.807402
1980.750033	12.997159
1980.833333	-20.761772
1980.916633	26.552630
1981.000033	-32.440687
1981.083333	11.753839
1981.166633	8.786194
1981.250033	-70.761734
1981.333333	-27.502379
1981.416633	4.332294
1981.500033	-23.147606
1981.583333	11.941120
1981.666633	-27.456635
1981.750033	25.347927
1981.833333	121.588995
1981.916633	0.000000
1982.000033	8.910080
1982.083333	-56.895394
1982.166633	3.136961
1982.250033	68.589033
1982.333333	-1.151612
1982.416633	-15.316938
1982.500033	-49.796839
1982.583333	23.291888
1982.666633	0.000000
1982.750033	-20.301306
1982.833333	52.939763
1982.916633	42.254165
1983.000033	226.260848
1983.083333	-80.544627
1983.166633	60.487729
1983.250033	29.939800
1983.333333	37.199155
1983.416633	-26.966171
1983.500033	-21.446071
1983.583333	-59.357345
1983.666633	37.244900
1983.750033	136.049462
1983.833333	95.290530
1983.916633	20.604932
1984.000033	56.611615
1984.083333	-103.193859
1984.166633	-100.161504
1984.250033	-40.709432
1984.333333	-6.450077
1984.416633	2.384596
1984.500033	-54.095304
1984.583333	-68.006578
1984.666633	31.595667
1984.750033	0.000000
1984.833333	-196.358702
1984.916633	0.000000
1985.000033	0.000000
1985.083333	-108.843092
1985.166633	-27.810737
1985.250033	-11.358665
1985.333333	-87.099310
1985.416633	-58.264636
1985.500033	-73.744537
1985.583333	-88.655810
1985.666633	-103.053565
1985.750033	0.000000
1985.833333	-163.007935
1985.916633	41.306467
1986.000033	21.313150
1986.083333	0.000000
1986.166633	0.000000
1986.250033	-76.007897
1986.333333	-50.748542
1986.416633	-68.913869
1986.500033	23.606231
1986.583333	-64.305043
1986.666633	-14.702798
1986.750033	23.101764
1986.833333	29.342832
1986.916633	66.657234
1987.000033	0.000000
1987.083333	-42.141557
1987.166633	-132.109202
1987.250033	-73.657130
1987.333333	-44.397775
1987.416633	-43.563102
1987.500033	0.000000
1987.583333	-6.954276
1987.666633	67.647969
1987.750033	-91.547469
1987.833333	7.693600
1987.916633	30.008002
1988.000033	0.000000
1988.083333	0.000000
1988.166633	9.241566
1988.250033	-21.306363
1988.333333	-44.047008
1988.416633	0.000000
1988.500033	-11.692235
1988.583333	14.396492
1988.666633	59.998737
1988.750033	-42.196702
1988.833333	80.044367
1988.916633	119.358769
1989.000033	105.365452
1989.083333	160.559978
1989.166633	116.592333
1989.250033	15.044405
1989.333333	34.303760
1989.416633	15.138433
1989.500033	-11.341467
1989.583333	88.747259
1989.666633	21.349504
1989.750033	32.154066
1989.833333	38.395134
1989.916633	110.709536
1990.000033	84.716219
1990.083333	219.910745
1990.166633	306.943100
1990.250033	40.395172
1990.333333	-35.345473
1990.416633	17.489200
1990.500033	-2.990700
1990.583333	1.098026
1990.666633	30.700271
1990.750033	-9.495167
1990.833333	32.745902
1990.916633	-45.939696
1991.000033	-74.933013
1991.083333	-93.738488
1991.166633	-141.706132
1991.250033	-54.254061
1991.333333	-22.994706
1991.416633	9.839968
1991.500033	-59.639932
1991.583333	-16.551206
1991.666633	1.051039
1991.750033	-81.144399
1991.833333	-50.903331
1991.916633	7.411071
1992.000033	-19.582246
1992.083333	0.000000
1992.166633	7.644635
1992.250033	14.096707
1992.333333	-63.643938
1992.416633	-35.809265
1992.500033	-3.289165
1992.583333	27.799561
1992.666633	-48.598194
1992.750033	-52.793632
1992.833333	33.447436
1992.916633	-37.238162
1993.000033	146.768521
1993.083333	-9.036953
1993.166633	8.995402
1993.250033	-32.552526
1993.333333	-50.293171
1993.416633	34.541503
1993.500033	9.061602
1993.583333	-50.849671
1993.666633	-77.247426
1993.750033	-162.442865
1993.833333	-173.201796
1993.916633	-12.887394
1994.000033	-26.880711
1994.083333	-195.686186
1994.166633	23.346170
1994.250033	-78.201758
1994.333333	-57.942403
1994.416633	-11.107730
1994.500033	-109.587630
1994.583333	-96.498904
1994.666633	-40.896659
1994.750033	-51.092097
1994.833333	20.148971
1994.916633	72.463373
1995.000033	12.470056
1995.083333	178.664582
1995.166633	79.696937
1995.250033	64.149009
1995.333333	10.408364
1995.416633	-7.756963
1995.500033	-4.236863
1995.583333	-42.148137
1995.666633	-46.545892
1995.750033	18.258670
1995.833333	-6.500261
1995.916633	-101.185859
1996.000033	-150.179177
1996.083333	0.000000
1996.166633	-160.952295
1996.250033	-57.500224
1996.333333	-34.240869
1996.416633	-46.406195
1996.500033	-24.886096
1996.583333	-88.797369
1996.666633	-96.195124
1996.750033	-69.390563
1996.833333	-40.149494
1996.916633	-85.835092
1997.000033	-93.828409
1997.083333	75.366117
1997.166633	41.398472
1997.250033	77.850544
1997.333333	6.109899
1997.416633	-16.055428
1997.500033	-68.535328
1997.583333	-64.446602
1997.666633	20.155643
1997.750033	38.960205
1997.833333	-101.798727
1997.916633	-44.484325
1998.000033	15.522358
1998.083333	79.716884
1998.166633	-18.250761
1998.250033	14.201311
1998.333333	-19.539334
1998.416633	8.295339
1998.500033	63.815439
1998.583333	46.904165
1998.666633	-42.493590
1998.750033	58.310972
1998.833333	-53.447959
1998.916633	14.866443
1999.000033	19.873126
1999.083333	105.067651
1999.166633	-9.899993
1999.250033	5.552078
1999.333333	-25.188567
1999.416633	-36.353893
1999.500033	-21.833794
1999.583333	-31.745067
1999.666633	-23.142822
1999.750033	-7.338260
1999.833333	-17.097192
1999.916633	55.217210
2000.000033	35.223893
2000.083333	118.418419
2000.166633	74.450774
2000.250033	16.902846
2000.333333	-0.837799
2000.416633	22.996874
2000.500033	-1.483026
2000.583333	-48.394300
2000.666633	-80.792055
2000.750033	-33.987493
2000.833333	-68.746425
2000.916633	32.567977
2001.000033	-61.425340
2001.083333	-23.230814
2001.166633	10.801541
2001.250033	11.253613
2001.333333	-17.487032
2001.416633	9.347642
2001.500033	-7.132259
2001.583333	15.956468
2001.666633	50.558713
2001.750033	73.363274
2001.833333	96.604343
2001.916633	-12.081255
2002.000033	116.925428
2002.083333	219.119953
2002.166633	107.152309
2002.250033	55.604381
2002.333333	32.863735
2002.416633	59.698409
2002.500033	10.218509
2002.583333	-27.692765
2002.666633	-3.090520
2002.750033	-13.285958
2002.833333	-56.044890
2002.916633	-129.730488
2003.000033	103.276195
2003.083333	-106.529279
2003.166633	-18.496924
2003.250033	28.955148
2003.333333	11.214503
2003.416633	67.049176
2003.500033	28.569276
2003.583333	47.658002
2003.666633	-10.739753
2003.750033	22.064809
2003.833333	-65.694122
2003.916633	36.620280
2004.000033	-40.373038
2004.083333	57.821488
2004.166633	-1.146156
2004.250033	-15.694085
2004.333333	36.565270
2004.416633	21.399944
2004.500033	-17.079957
2004.583333	-25.991230
2004.666633	77.611015
2004.750033	2.415576
2004.833333	61.656645
2004.916633	71.971047
2005.000033	130.977730
2005.083333	0.172256
2005.166633	-18.795389
2005.250033	0.000000
2005.333333	0.000000
2005.416633	0.000000
2005.500033	0.000000
2005.583333	0.000000
2005.666633	0.000000
2005.750033	-48.233656
2005.833333	11.007412
2005.916633	20.321814
2006.000033	-163.671503
2006.083333	-44.476977
2006.166633	-47.444622
2006.250033	25.007450
2006.333333	8.266805
2006.416633	-18.898522
2006.500033	-22.378422
2006.583333	28.710304
2006.666633	42.312549
2006.750033	75.117111
2006.833333	209.358180
2006.916633	96.672582
2007.000033	222.679264
2007.083333	54.873790
2007.166633	111.906146
2007.250033	3.358217
2007.333333	113.617572
2007.416633	67.452246
2007.500033	120.972345
2007.583333	11.061072
2007.666633	102.663317
2007.750033	4.467879
2007.833333	87.708947
2007.916633	13.023349
2008.000033	66.030032
2008.083333	134.224558
2008.166633	228.256913
2008.250033	88.708985
2008.333333	17.968340
2008.416633	56.803013
2008.500033	1.323113
2008.583333	13.411839
2008.666633	-81.985916
2008.750033	106.818646
2008.833333	63.059714
2008.916633	-41.625884
2009.000033	-24.619201
2009.083333	-4.424675
2009.166633	8.607680
2009.250033	-44.940248
2009.333333	9.319107
2009.416633	13.153781
2009.500033	37.673880
2009.583333	-12.237393
2009.666633	14.364851
2009.750033	-4.830587
2009.833333	2.410482
2009.916633	-13.275116
2010.000033	-108.268433
2010.083333	-63.073908
2010.166633	25.958448
2010.250033	-20.589480
2010.333333	46.669874
2010.416633	27.504548
2010.500033	22.024648
2010.583333	43.113374
2010.666633	0.715619
2010.750033	-4.479819
2010.833333	62.761249
2010.916633	-0.924349
2011.000033	-5.917666
2011.083333	-57.723140
2011.166633	-42.690785
2011.250033	30.761287
2011.333333	28.020642
2011.416633	53.855315
2011.500033	14.375415
2011.583333	2.464141
2011.666633	40.066386
2011.750033	20.870948
2011.833333	8.112017
2011.916633	157.426418
2012.000033	39.433101
2012.083333	-45.372373
2012.166633	16.659983
2012.250033	63.112054
2012.333333	8.371409
2012.416633	33.206083
2012.500033	21.726182
2012.583333	16.814909
2012.666633	107.417154
2012.750033	50.221715
2012.833333	61.462784
2012.916633	-43.222814
2013.000033	-2.216131
2013.083333	-24.021605
2013.166633	-50.989250
2013.250033	-1.537178
2013.333333	-7.277823
2013.416633	-38.443150
2013.500033	7.076950
2013.583333	3.165676
2013.666633	12.767921
2013.750033	-44.427517
2013.833333	62.813551
2013.916633	124.127953
2014.000033	-54.865364
2014.083333	37.329162
2014.166633	75.361517
2014.250033	52.813589
2014.333333	2.072944
2014.416633	-0.092383
2014.500033	-7.572283
2014.583333	-8.483557
2014.666633	-17.881312
2014.750033	-5.076750
2014.833333	-65.835681
2014.916633	33.478721
2015.000033	79.485403
2015.083333	-61.320071
2015.166633	0.712285
2015.250033	67.164356
2015.333333	70.423711
2015.416633	23.258385
2015.500033	46.778484
2015.583333	-20.132789
2015.666633	-23.530544
2015.750033	-41.725983
2015.833333	124.515086
2015.916633	64.829488
2016.000033	-36.163829
2016.083333	16.030697
2016.166633	-51.936948
2016.250033	41.515124
2016.333333	41.774479
2016.416633	-19.390848
2016.500033	35.129252
2016.583333	30.217978
2016.666633	46.820223
2016.750033	-41.375215
2016.833333	-37.134147
2016.916633	64.180255
2017.000033	-27.813062
2017.083333	-32.618536
2017.166633	6.413819
2017.250033	71.865891
2017.333333	28.125246
2017.416633	98.959920
2017.500033	40.480019
2017.583333	35.568746
2017.666633	-10.829010
2017.750033	117.975552
2017.833333	68.216621
2017.916633	39.531023
