1889.000033	-72.147851
1889.083333	31.615082
1889.166633	-11.878737
1889.250033	-64.581682
1889.333333	-104.054499
1889.416633	-68.765850
1889.500033	-14.530645
1889.583333	28.976623
1889.666633	8.911400
1889.750033	-42.747126
1889.833333	-73.960484
1889.916633	-70.293165
1890.000033	-32.064247
1890.083333	-5.890056
1890.166633	13.103370
1890.250033	25.737502
1890.333333	41.820241
1890.416633	64.886668
1890.500033	60.232983
1890.583333	64.851363
1890.666633	67.008363
1890.750033	62.016503
1890.833333	-8.085744
1890.916633	-93.307313
1891.000033	-113.967285
1891.083333	-72.237539
1891.166633	-18.799668
1891.250033	-33.943314
1891.333333	-54.527241
1891.416633	-70.349703
1891.500033	-40.558943
1891.583333	-9.273897
1891.666633	-4.894675
1891.750033	-23.219868
1891.833333	-44.433226
1891.916633	-21.877018
1892.000033	-19.203656
1892.083333	-21.918354
1892.166633	-42.924928
1892.250033	-9.179685
1892.333333	34.680832
1892.416633	65.525037
1892.500033	65.315797
1892.583333	35.489731
1892.666633	-12.353269
1892.750033	-66.234017
1892.833333	-113.002931
1892.916633	-122.668945
1893.000033	-104.440027
1893.083333	-39.376948
1893.166633	24.060923
1893.250033	53.361722
1893.333333	30.555572
1893.416633	5.844221
1893.500033	15.634981
1893.583333	73.586694
1893.666633	145.743694
1893.750033	181.862945
1893.833333	159.538476
1893.916633	134.316906
1894.000033	135.879157
1894.083333	157.608903
1894.166633	114.380108
1894.250033	33.680906
1894.333333	-25.791910
1894.416633	-29.392150
1894.500033	0.398610
1894.583333	1.683656
1894.666633	-12.826011
1894.750033	-35.595648
1894.833333	-35.697895
1894.916633	-58.697242
1895.000033	-87.134991
1895.083333	-97.627468
1895.166633	-56.411819
1895.250033	-17.111020
1895.333333	-7.694948
1895.416633	-7.961855
1895.500033	25.162239
1895.583333	68.669507
1895.666633	101.937618
1895.750033	90.279092
1895.833333	50.176845
1895.916633	14.955275
1896.000033	13.184193
1896.083333	48.247272
1896.166633	71.685143
1896.250033	73.208164
1896.333333	67.068681
1896.416633	54.579552
1896.500033	37.703645
1896.583333	-2.122420
1896.666633	-39.965420
1896.750033	-81.623946
1896.833333	-132.837304
1896.916633	-174.725540
1897.000033	-177.607734
1897.083333	-115.877988
1897.166633	-40.217895
1897.250033	11.305126
1897.333333	26.276754
1897.416633	14.898736
1897.500033	12.467274
1897.583333	3.752320
1897.666633	-0.757347
1897.750033	-16.860317
1897.833333	-20.295897
1897.916633	33.371422
1898.000033	100.489228
1898.083333	148.885641
1898.166633	106.767957
1898.250033	43.846533
1898.333333	15.484827
1898.416633	40.773476
1898.500033	88.342014
1898.583333	72.960393
1898.666633	29.561838
1898.750033	-7.652244
1898.833333	37.801065
1898.916633	115.912829
1899.000033	167.475079
1899.083333	174.760381
1899.166633	154.864919
1899.250033	130.832384
1899.333333	70.248456
1899.416633	26.648216
1899.500033	7.550088
1899.583333	56.612911
1899.666633	124.325467
1899.750033	177.111385
1899.833333	152.564694
1899.916633	46.232013
1900.000033	-81.094625
1900.083333	-141.587101
1900.166633	-111.482564
1900.250033	-47.737321
1900.333333	5.012085
1900.416633	9.189623
1900.500033	5.647050
1900.583333	13.598762
1900.666633	29.089095
1900.750033	49.652792
1900.833333	15.106100
1900.916633	-2.337692
1901.000033	-46.330996
1901.083333	-46.823472
1901.166633	-77.830046
1901.250033	-75.195914
1901.333333	-94.668730
1901.416633	-89.380081
1901.500033	-115.144877
1901.583333	-124.970942
1901.666633	-126.147276
1901.750033	-80.028024
1901.833333	-3.463604
1901.916633	62.425937
1902.000033	86.210410
1902.083333	37.940157
1902.166633	-19.733084
1902.250033	-68.210063
1902.333333	-53.238435
1902.416633	-13.505342
1902.500033	42.952085
1902.583333	59.792687
1902.666633	34.171909
1902.750033	-36.375506
1902.833333	-83.144420
1902.916633	-53.921545
1903.000033	59.862928
1903.083333	201.592674
1903.166633	259.474990
1903.250033	232.109122
1903.333333	133.747416
1903.416633	84.591621
1903.500033	91.049047
1903.583333	126.778538
1903.666633	125.602204
1903.750033	71.721456
1903.833333	0.508098
1903.916633	-68.046805
1904.000033	-123.151221
1904.083333	-139.199252
1904.166633	-119.094715
1904.250033	-52.016138
1904.333333	18.511045
1904.416633	73.799694
1904.500033	81.368232
1904.583333	43.764389
1904.666633	-2.967500
1904.750033	-1.292693
1904.833333	48.605060
1904.916633	123.383491
1905.000033	133.834630
1905.083333	106.675488
1905.166633	34.557803
1905.250033	-3.919176
1905.333333	-21.169771
1905.416633	-4.770011
1905.500033	31.687416
1905.583333	65.194684
1905.666633	66.240573
1905.750033	44.582047
1905.833333	16.702022
1905.916633	43.702675
1906.000033	96.376037
1906.083333	149.216894
1906.166633	148.210321
1906.250033	94.177786
1906.333333	42.482747
1906.416633	28.882507
1906.500033	37.562156
1906.583333	22.180535
1906.666633	-36.773576
1906.750033	-70.654324
1906.833333	-65.201016
1906.916633	-15.978141
1907.000033	18.917444
1907.083333	39.536079
1907.166633	59.640616
1907.250033	53.385859
1907.333333	50.579709
1907.416633	48.090581
1907.500033	88.992452
1907.583333	110.277498
1907.666633	62.434497
1907.750033	-49.224028
1907.833333	-149.326276
1907.916633	-136.770067
1908.000033	-72.985594
1908.083333	-10.144737
1908.166633	-36.706866
1908.250033	-64.072734
1908.333333	-84.656662
1908.416633	-71.590235
1908.500033	-50.688364
1908.583333	-36.069985
1908.666633	-48.357429
1908.750033	-87.793733
1908.833333	-113.451536
1908.916633	-92.006439
1909.000033	-72.666410
1909.083333	-64.269997
1909.166633	-77.498793
1909.250033	-55.975772
1909.333333	-16.559700
1909.416633	40.951172
1909.500033	72.964154
1909.583333	75.360311
1909.666633	44.183977
1909.750033	15.858785
1909.833333	27.978760
1909.916633	59.423857
1910.000033	98.763886
1910.083333	90.493632
1910.166633	72.820392
1910.250033	37.676746
1910.333333	25.981707
1910.416633	7.937023
1910.500033	-6.716662
1910.583333	-40.987171
1910.666633	-62.163505
1910.750033	-80.488697
1910.833333	-69.368722
1910.916633	-47.145847
1911.000033	13.971959
1911.083333	62.146150
1911.166633	89.028465
1911.250033	57.662597
1911.333333	25.412003
1911.416633	-12.188237
1911.500033	-0.619700
1911.583333	4.443124
1911.666633	48.155680
1911.750033	35.163820
1911.833333	8.172684
1911.916633	-68.382219
1912.000033	-97.153301
1912.083333	-65.534666
1912.166633	8.014316
1912.250033	79.092892
1912.333333	77.286743
1912.416633	50.575391
1912.500033	10.255040
1912.583333	11.317864
1912.666633	19.919308
1912.750033	46.260783
1912.833333	76.602980
1912.916633	103.048077
1913.000033	119.054772
1913.083333	133.340074
1913.166633	144.000167
1913.250033	120.189855
1913.333333	81.383705
1913.416633	64.561243
1913.500033	43.240891
1913.583333	-6.918507
1913.666633	-63.650396
1913.750033	-18.197811
1913.833333	102.033275
1913.916633	223.811706
1914.000033	239.040623
1914.083333	201.881481
1914.166633	146.097129
1914.250033	109.953483
1914.333333	71.258445
1914.416633	19.991538
1914.500033	-15.551035
1914.583333	-33.710434
1914.666633	-57.108989
1914.750033	-69.211960
1914.833333	-94.980874
1914.916633	-79.091332
1915.000033	-85.084637
1915.083333	-56.466002
1915.166633	-23.805909
1915.250033	28.272668
1915.333333	46.355407
1915.416633	47.088500
1915.500033	42.768149
1915.583333	15.386528
1915.666633	-39.567583
1915.750033	-102.781664
1915.833333	-88.106134
1915.916633	-12.216592
1916.000033	45.012326
1916.083333	42.186516
1916.166633	-13.708946
1916.250033	-22.074814
1916.333333	-15.658742
1916.416633	14.629907
1916.500033	19.754000
1916.583333	28.927935
1916.666633	16.640490
1916.750033	-4.795813
1916.833333	-57.675838
1916.916633	-107.341852
1917.000033	-155.001823
1917.083333	-148.383188
1917.166633	-109.723095
1917.250033	-53.755630
1917.333333	-43.006224
1917.416633	-69.717575
1917.500033	-88.371260
1917.583333	-56.419547
1917.666633	27.070786
1917.750033	124.412260
1917.833333	179.643346
1917.916633	187.755110
1918.000033	116.984028
1918.083333	27.713774
1918.166633	-81.626133
1918.250033	-122.214223
1918.333333	-110.353707
1918.416633	-34.398391
1918.500033	31.170147
1918.583333	76.455193
1918.666633	78.723304
1918.750033	43.731445
1918.833333	-22.481914
1918.916633	-89.370150
1919.000033	-139.141232
1919.083333	-141.189264
1919.166633	-121.862504
1919.250033	-66.895039
1919.333333	-32.478967
1919.416633	30.254127
1919.500033	68.711553
1919.583333	113.996599
1919.666633	67.375821
1919.750033	6.161740
1919.833333	-67.829396
1919.916633	-44.939854
1920.000033	15.066841
1920.083333	76.463254
1920.166633	99.123347
1920.250033	80.979701
1920.333333	63.395773
1920.416633	35.684422
1920.500033	18.252960
1920.583333	-27.239772
1920.666633	-99.749439
1920.750033	-201.630187
1920.833333	-225.732434
1920.916633	-183.065114
1921.000033	-48.836197
1921.083333	46.226883
1921.166633	97.664753
1921.250033	86.409996
1921.333333	63.937180
1921.416633	66.336940
1921.500033	78.794367
1921.583333	94.968301
1921.666633	88.569746
1921.750033	69.244553
1921.833333	55.364528
1921.916633	26.365181
1922.000033	22.927432
1922.083333	-5.676155
1922.166633	20.095049
1922.250033	30.951403
1922.333333	73.589698
1922.416633	86.433902
1922.500033	82.002440
1922.583333	43.065264
1922.666633	-7.777736
1922.750033	-27.214040
1922.833333	-0.205176
1922.916633	42.017699
1923.000033	21.468839
1923.083333	-57.023638
1923.166633	-139.807989
1923.250033	-116.951635
1923.333333	-22.868896
1923.416633	89.086420
1923.500033	133.210513
1923.583333	159.273337
1923.666633	179.319226
1923.750033	201.660700
1923.833333	159.336230
1923.916633	70.670217
1924.000033	-17.656421
1924.083333	-31.148898
1924.166633	-10.044360
1924.250033	23.367550
1924.333333	33.894733
1924.416633	37.961160
1924.500033	32.640809
1924.583333	2.814744
1924.666633	-17.583812
1924.750033	-40.353449
1924.833333	-11.233474
1924.916633	42.100512
1925.000033	110.884985
1925.083333	118.170287
1925.166633	64.497047
1925.250033	13.020067
1925.333333	-16.897193
1925.416633	-3.275211
1925.500033	8.959993
1925.583333	49.245039
1925.666633	78.290928
1925.750033	82.299069
1925.833333	41.196822
1925.916633	-21.469192
1926.000033	-56.573608
1926.083333	-57.177195
1926.166633	-17.183769
1926.250033	-6.216304
1926.333333	-15.022454
1926.416633	-31.956027
1926.500033	-12.498600
1926.583333	30.230890
1926.666633	53.610112
1926.750033	39.840475
1926.833333	13.071561
1926.916633	-2.483341
1927.000033	-0.921090
1927.083333	9.919767
1927.166633	46.357638
1927.250033	108.436214
1927.333333	145.407842
1927.416633	131.585380
1927.500033	76.931695
1927.583333	50.772297
1927.666633	57.818186
1927.750033	45.826326
1927.833333	-7.609254
1927.916633	-76.386379
1928.000033	-112.824128
1928.083333	-123.983271
1928.166633	-143.323178
1928.250033	-112.466824
1928.333333	-39.939640
1928.416633	76.460120
1928.500033	138.917547
1928.583333	143.424815
1928.666633	103.137370
1928.750033	66.812178
1928.833333	24.487708
1928.916633	-53.511639
1929.000033	-149.838277
1929.083333	-198.441864
1929.166633	-147.448438
1929.250033	-50.258750
1929.333333	31.379544
1929.416633	60.112638
1929.500033	60.458953
1929.583333	60.743999
1929.666633	72.012110
1929.750033	85.020251
1929.833333	79.140226
1929.916633	44.363101
1930.000033	-0.519093
1930.083333	-55.011569
1930.166633	-84.240365
1930.250033	-105.606233
1930.333333	-88.745716
1930.416633	-52.457067
1930.500033	-19.999640
1930.583333	-8.492372
1930.666633	3.886850
1930.750033	38.006102
1930.833333	76.348299
1930.916633	34.237841
1931.000033	-25.422131
1931.083333	-89.247940
1931.166633	-81.921180
1931.250033	-62.175937
1931.333333	-22.537643
1931.416633	9.417673
1931.500033	33.652878
1931.583333	41.826812
1931.666633	41.650479
1931.750033	33.547509
1931.833333	35.778595
1931.916633	54.001470
1932.000033	75.785943
1932.083333	71.849022
1932.166633	38.064671
1932.250033	12.032136
1932.333333	-7.551792
1932.416633	-7.152031
1932.500033	-1.472383
1932.583333	32.923774
1932.666633	55.414108
1932.750033	56.977804
1932.833333	4.097779
1932.916633	-34.568235
1933.000033	-74.339317
1933.083333	-43.942905
1933.166633	-23.616145
1933.250033	7.017987
1933.333333	-17.121496
1933.416633	-22.166180
1933.500033	-19.819865
1933.583333	-13.979263
1933.666633	-54.711152
1933.750033	-122.369678
1933.833333	-169.583037
1933.916633	-151.915717
1934.000033	-70.464577
1934.083333	-8.401498
1934.166633	4.925262
1934.250033	-29.107273
1934.333333	-22.802312
1934.416633	0.153004
1934.500033	12.165986
1934.583333	19.673254
1934.666633	30.385810
1934.750033	56.060617
1934.833333	18.513926
1934.916633	-17.818755
1935.000033	-41.700948
1935.083333	14.584353
1935.166633	38.133335
1935.250033	45.434134
1935.333333	12.072428
1935.416633	21.694411
1935.500033	42.596282
1935.583333	78.659105
1935.666633	94.371661
1935.750033	101.713135
1935.833333	74.055332
1935.916633	36.167096
1936.000033	-23.826208
1936.083333	-61.096462
1936.166633	-88.880814
1936.250033	-79.580015
1936.333333	-80.163943
1936.416633	-62.653072
1936.500033	-58.417867
1936.583333	-38.243932
1936.666633	-24.975821
1936.750033	8.921208
1936.833333	32.263406
1936.916633	13.930725
1937.000033	-50.840357
1937.083333	-121.110611
1937.166633	-137.561629
1937.250033	-120.483053
1937.333333	-75.511425
1937.416633	-48.000554
1937.500033	-17.098683
1937.583333	-20.258081
1937.666633	-23.656637
1937.750033	-64.204052
1937.833333	-85.972966
1937.916633	-86.750091
1938.000033	-11.521173
1938.083333	114.430795
1938.166633	209.535333
1938.250033	234.280576
1938.333333	167.696648
1938.416633	85.763075
1938.500033	8.331613
1938.583333	-30.161119
1938.666633	-12.893008
1938.750033	11.892911
1938.833333	7.346219
1938.916633	-31.653128
1939.000033	-48.868655
1939.083333	-15.805576
1939.166633	-5.812149
1939.250033	-8.289129
1939.333333	-34.317501
1939.416633	-36.251074
1939.500033	-69.571425
1939.583333	-139.508601
1939.666633	-223.684935
1939.750033	-255.454572
1939.833333	-225.001263
1939.916633	-186.667277
1940.000033	-167.216138
1940.083333	-167.708614
1940.166633	-140.937409
1940.250033	-123.525500
1940.333333	-110.553872
1940.416633	-86.487445
1940.500033	-20.807796
1940.583333	46.143916
1940.666633	64.300916
1940.750033	25.309057
1940.833333	-44.570968
1940.916633	-123.903649
1941.000033	-195.563620
1941.083333	-217.611652
1941.166633	-194.729336
1941.250033	-160.095204
1941.333333	-135.790243
1941.416633	-113.168261
1941.500033	-69.155278
1941.583333	-37.981344
1941.666633	-51.379899
1941.750033	-89.371758
1941.833333	-129.251783
1941.916633	-146.140020
1942.000033	-183.355546
1942.083333	-210.959134
1942.166633	-203.299041
1942.250033	-138.998242
1942.333333	-61.693281
1942.416633	-16.626854
1942.500033	-10.391650
1942.583333	-10.106604
1942.666633	10.717063
1942.750033	58.614093
1942.833333	69.067401
1942.916633	79.068054
1943.000033	76.519193
1943.083333	144.026717
1943.166633	187.686810
1943.250033	207.987609
1943.333333	157.292570
1943.416633	110.247886
1943.500033	74.483090
1943.583333	62.768136
1943.666633	32.480692
1943.750033	3.933277
1943.833333	2.497696
1943.916633	54.276127
1944.000033	129.060600
1944.083333	150.457013
1944.166633	134.672662
1944.250033	90.084571
1944.333333	69.722866
1944.416633	21.233737
1944.500033	-22.308836
1944.583333	-63.357124
1944.666633	-60.533457
1944.750033	-56.969761
1944.833333	-44.516452
1944.916633	-42.738022
1945.000033	-12.953549
1945.083333	39.331753
1945.166633	110.547402
1945.250033	151.959311
1945.333333	144.264272
1945.416633	109.997366
1945.500033	59.343681
1945.583333	23.073172
1945.666633	-21.992051
1945.750033	-37.761688
1945.833333	-56.530601
1945.916633	-27.529949
1946.000033	-11.523253
1946.083333	44.428715
1946.166633	50.755475
1946.250033	75.945162
1946.333333	43.250124
1946.416633	36.316550
1946.500033	18.107310
1946.583333	20.170134
1946.666633	-12.561755
1946.750033	-83.442503
1946.833333	-185.322528
1946.916633	-292.432987
1947.000033	-354.426291
1947.083333	-318.807656
1947.166633	-202.480896
1947.250033	-81.735653
1947.333333	-42.097359
1947.416633	-57.808710
1947.500033	-97.462394
1947.583333	-105.844015
1947.666633	-92.131459
1947.750033	-51.901096
1947.833333	-23.670010
1947.916633	-16.447135
1948.000033	-21.329329
1948.083333	-20.821805
1948.166633	-8.272823
1948.250033	0.027976
1948.333333	1.777381
1948.416633	3.177141
1948.500033	14.856790
1948.583333	53.364058
1948.666633	98.187725
1948.750033	127.973643
1948.833333	125.204730
1948.916633	124.205382
1949.000033	137.434300
1949.083333	154.052935
1949.166633	143.268584
1949.250033	123.013827
1949.333333	95.763232
1949.416633	87.718548
1949.500033	49.287086
1949.583333	17.127687
1949.666633	-37.048646
1949.750033	-22.151617
1949.833333	3.857247
1949.916633	42.746789
1950.000033	36.864595
1950.083333	46.149897
1950.166633	63.809990
1950.250033	83.444122
1950.333333	67.637972
1950.416633	37.926621
1950.500033	13.939604
1950.583333	26.113538
1950.666633	57.270538
1950.750033	80.612012
1950.833333	43.065321
1950.916633	-36.822916
1951.000033	-132.371776
1951.083333	-164.419807
1951.166633	-135.870825
1951.250033	-79.236693
1951.333333	-54.820621
1951.416633	-59.976417
1951.500033	-64.963434
1951.583333	-91.789500
1951.666633	-133.410277
1951.750033	-139.624359
1951.833333	-60.282162
1951.916633	79.162936
1952.000033	137.280742
1952.083333	108.788266
1952.166633	16.670581
1952.250033	-7.695287
1952.333333	11.498563
1952.416633	51.564990
1952.500033	58.244639
1952.583333	56.974129
1952.666633	58.242240
1952.750033	46.805937
1952.833333	2.592578
1952.916633	-34.184547
1953.000033	-43.511185
1953.083333	7.551895
1953.166633	37.656432
1953.250033	49.512786
1953.333333	12.706637
1953.416633	4.106397
1953.500033	28.119379
1953.583333	73.626647
1953.666633	77.450314
1953.750033	37.791788
1953.833333	-4.532682
1953.916633	-56.754251
1954.000033	-116.525334
1954.083333	-188.240032
1954.166633	-197.357717
1954.250033	-165.612474
1954.333333	-110.751957
1954.416633	-66.685530
1954.500033	-7.783659
1954.583333	52.168054
1954.666633	106.880609
1954.750033	130.888750
1954.833333	121.897614
1954.916633	86.231600
1955.000033	35.793851
1955.083333	3.079152
1955.166633	3.183690
1955.250033	29.151155
1955.333333	45.233894
1955.416633	4.855877
1955.500033	-46.464474
1955.583333	-66.623873
1955.666633	-26.244651
1955.750033	47.541268
1955.833333	113.994576
1955.916633	132.884118
1956.000033	80.224146
1956.083333	-15.934996
1956.166633	-59.608237
1956.250033	-48.196327
1956.333333	1.219745
1956.416633	26.619505
1956.500033	31.632488
1956.583333	42.139756
1956.666633	25.630089
1956.750033	28.193785
1956.833333	-2.130684
1956.916633	13.647746
1957.000033	-0.456669
1957.083333	3.606410
1957.166633	-26.066830
1957.250033	-31.543809
1957.333333	-28.349959
1957.416633	-13.061310
1957.500033	12.951672
1957.583333	58.014496
1957.666633	108.393718
1957.750033	129.735192
1957.833333	109.744056
1957.916633	85.078042
1958.000033	62.973626
1958.083333	30.703372
1958.166633	1.696799
1958.250033	-20.335736
1958.333333	-0.808552
1958.416633	1.035652
1958.500033	-10.062477
1958.583333	-39.555209
1958.666633	-68.398209
1958.750033	-67.723401
1958.833333	-44.936760
1958.916633	-4.713885
1959.000033	23.737255
1959.083333	21.689223
1959.166633	4.682650
1959.250033	-13.905440
1959.333333	-32.711590
1959.416633	-42.978497
1959.500033	-60.076626
1959.583333	-72.680469
1959.666633	-89.634580
1959.750033	-142.737550
1959.833333	-195.173131
1959.916633	-247.950256
1960.000033	-253.054672
1960.083333	-255.769370
1960.166633	-232.775943
1960.250033	-178.141812
1960.333333	-94.725739
1960.416633	-22.992646
1960.500033	13.242559
1960.583333	-5.361284
1960.666633	-55.093173
1960.750033	-103.085032
1960.833333	-117.520613
1960.916633	-88.519960
1961.000033	-40.068820
1961.083333	50.883148
1961.166633	129.765463
1961.250033	172.066262
1961.333333	170.926779
1961.416633	172.659872
1961.500033	178.672854
1961.583333	137.957900
1961.666633	69.337122
1961.750033	4.678596
1961.833333	18.465238
1961.916633	69.577002
1962.000033	111.361475
1962.083333	98.091221
1962.166633	39.306870
1962.250033	8.163224
1962.333333	8.579296
1962.416633	39.534612
1962.500033	75.658705
1962.583333	86.054862
1962.666633	68.322973
1962.750033	6.553336
1962.833333	-63.104466
1962.916633	-118.437147
1963.000033	-166.319341
1963.083333	-188.700706
1963.166633	-192.929501
1963.250033	-176.628703
1963.333333	-145.657075
1963.416633	-120.923981
1963.500033	-96.244333
1963.583333	-65.403731
1963.666633	-23.135620
1963.750033	22.761410
1963.833333	21.881385
1963.916633	9.215371
1964.000033	-36.889045
1964.083333	-78.492632
1964.166633	-128.943650
1964.250033	-121.976185
1964.333333	-69.004557
1964.416633	-16.382575
1964.500033	16.852630
1964.583333	14.693231
1964.666633	19.961342
1964.750033	19.747261
1964.833333	31.311680
1964.916633	36.867888
1965.000033	15.763473
1965.083333	-15.395670
1965.166633	-51.846688
1965.250033	-69.323667
1965.333333	-63.574262
1965.416633	-34.841168
1965.500033	4.838481
1965.583333	3.679082
1965.666633	-9.052807
1965.750033	-31.822444
1965.833333	-47.146913
1965.916633	-94.701816
1966.000033	-120.139565
1966.083333	-103.520930
1966.166633	-33.638615
1966.250033	-5.671150
1966.333333	2.189367
1966.416633	-12.188650
1966.500033	7.713221
1966.583333	11.664933
1966.666633	-3.844733
1966.750033	-43.947704
1966.833333	-66.938840
1966.916633	-55.493743
1967.000033	9.846286
1967.083333	93.242699
1967.166633	176.125014
1967.250033	177.536924
1967.333333	126.064107
1967.416633	51.686090
1967.500033	10.254627
1967.583333	20.317451
1967.666633	51.363340
1967.750033	114.149258
1967.833333	134.713678
1967.916633	135.158775
1968.000033	103.609915
1968.083333	105.561883
1968.166633	109.333087
1968.250033	86.522775
1968.333333	25.272181
1968.416633	-53.994726
1968.500033	-111.537299
1968.583333	-144.918920
1968.666633	-152.650809
1968.750033	-143.864891
1968.833333	-165.411582
1968.916633	-192.188707
1969.000033	-240.737567
1969.083333	-228.674488
1969.166633	-202.569950
1969.250033	-133.046930
1969.333333	-91.408635
1969.416633	-76.675542
1969.500033	-83.773670
1969.583333	-88.155291
1969.666633	-12.887180
1969.750033	49.454294
1969.833333	59.129824
1969.916633	-59.980634
1970.000033	-169.751716
1970.083333	-178.577526
1970.166633	-98.695210
1970.250033	-14.616634
1970.333333	5.688327
1970.416633	-7.023024
1970.500033	-18.898931
1970.583333	-22.836107
1970.666633	10.209782
1970.750033	38.995700
1970.833333	59.226787
1970.916633	33.227439
1971.000033	-1.876976
1971.083333	-25.480564
1971.166633	-42.820470
1971.250033	-61.408561
1971.333333	-68.436933
1971.416633	-64.703839
1971.500033	-46.579746
1971.583333	-38.183589
1971.666633	5.417855
1971.750033	66.870440
1971.833333	87.434860
1971.916633	9.213290
1972.000033	-147.557792
1972.083333	-227.272490
1972.166633	-212.834619
1972.250033	-110.422710
1972.333333	-66.562193
1972.416633	-53.606877
1972.500033	-86.038339
1972.583333	-98.086627
1972.666633	-69.040738
1972.750033	-0.588153
1972.833333	57.642933
1972.916633	65.088030
1973.000033	41.205837
1973.083333	69.268916
1973.166633	95.595676
1973.250033	110.674252
1973.333333	54.979214
1973.416633	5.490085
1973.500033	-27.608044
1973.583333	-40.878554
1973.666633	-23.943776
1973.750033	21.286587
1973.833333	84.628784
1973.916633	107.296104
1974.000033	39.413910
1974.083333	-57.411899
1974.166633	-163.085139
1974.250033	-172.228785
1974.333333	-119.034935
1974.416633	-9.746286
1974.500033	52.044474
1974.583333	54.440631
1974.666633	25.819853
1974.750033	52.161327
1974.833333	133.503524
1974.916633	213.837510
1975.000033	208.510872
1975.083333	118.018396
1975.166633	22.456267
1975.250033	-27.242934
1975.333333	-41.160195
1975.416633	-53.538213
1975.500033	-71.969675
1975.583333	-70.906852
1975.666633	-74.416518
1975.750033	-60.408377
1975.833333	-9.621736
1975.916633	55.823361
1976.000033	80.941168
1976.083333	23.226469
1976.166633	-30.891215
1976.250033	-48.257083
1976.333333	-47.396566
1976.416633	-60.885695
1976.500033	-101.539380
1976.583333	-155.143223
1976.666633	-220.875112
1976.750033	-248.200304
1976.833333	-219.191440
1976.916633	-165.190788
1977.000033	-140.850759
1977.083333	-109.898791
1977.166633	-63.572031
1977.250033	-14.937899
1977.333333	-3.410715
1977.416633	-33.122066
1977.500033	-54.109084
1977.583333	-78.935149
1977.666633	-35.111483
1977.750033	0.341102
1977.833333	53.349966
1977.916633	-4.427159
1978.000033	-50.420463
1978.083333	-119.801828
1978.166633	-126.475069
1978.250033	-150.729826
1978.333333	-150.535975
1978.416633	-131.247326
1978.500033	-59.789900
1978.583333	13.717368
1978.666633	97.763257
1978.750033	89.549176
1978.833333	28.446929
1978.916633	-103.774641
1979.000033	-171.323501
1979.083333	-179.260422
1979.166633	-128.600329
1979.250033	-100.632863
1979.333333	-56.216791
1979.416633	-30.039253
1979.500033	29.973729
1979.583333	30.036553
1979.666633	17.860219
1979.750033	-24.353862
1979.833333	-55.122776
1979.916633	-94.344345
1980.000033	-171.448761
1980.083333	-217.941237
1980.166633	-224.058922
1980.250033	-160.869234
1980.333333	-112.786495
1980.416633	-81.164513
1980.500033	-69.595975
1980.583333	-40.310929
1980.666633	0.068293
1980.750033	61.409767
1980.833333	118.751964
1980.916633	179.419283
1981.000033	176.092645
1981.083333	121.266836
1981.166633	15.704707
1981.250033	-41.327828
1981.333333	-50.022867
1981.416633	-13.067551
1981.500033	-3.943458
1981.583333	-0.547301
1981.666633	17.831922
1981.750033	91.173396
1981.833333	136.182260
1981.916633	110.405134
1982.000033	19.078497
1982.083333	-18.747313
1982.166633	9.690558
1982.250033	53.102468
1982.333333	35.740762
1982.416633	-27.303922
1982.500033	-61.735384
1982.583333	-78.561450
1982.666633	-60.960005
1982.750033	-50.285198
1982.833333	47.945888
1982.916633	155.946541
1983.000033	241.731014
1983.083333	206.905205
1983.166633	118.009742
1983.250033	28.310541
1983.333333	-26.162276
1983.416633	-48.762515
1983.500033	-49.527311
1983.583333	-5.464487
1983.666633	77.025846
1983.750033	152.922876
1983.833333	199.598406
1983.916633	163.154614
1984.000033	87.161310
1984.083333	-43.220055
1984.166633	-124.893295
1984.250033	-145.481386
1984.333333	-96.287536
1984.416633	-52.109998
1984.500033	-24.430349
1984.583333	-10.034192
1984.666633	4.456141
1984.750033	-3.313496
1984.833333	-62.860187
1984.916633	-123.192868
1985.000033	-179.408395
1985.083333	-165.234204
1985.166633	-140.685222
1985.250033	-85.273312
1985.333333	-54.635018
1985.416633	-26.235258
1985.500033	-1.000053
1985.583333	28.284993
1985.666633	61.330881
1985.750033	60.894578
1985.833333	55.570108
1985.916633	-4.984795
1986.000033	-72.866988
1986.083333	-158.803909
1986.166633	-170.366038
1986.250033	-143.843017
1986.333333	-87.426945
1986.416633	-59.804962
1986.500033	-22.791980
1986.583333	10.826399
1986.666633	72.094510
1986.750033	117.547095
1986.833333	120.667071
1986.916633	73.112168
1987.000033	-34.214470
1987.083333	-99.595835
1987.166633	-136.046853
1987.250033	-96.301610
1987.333333	-54.663316
1987.416633	-14.930222
1987.500033	14.749427
1987.583333	30.590028
1987.666633	26.969250
1987.750033	-6.355942
1987.833333	-13.458190
1987.916633	4.875797
1988.000033	47.326936
1988.083333	51.945571
1988.166633	31.827887
1988.250033	-11.204648
1988.333333	-57.677465
1988.416633	-70.166593
1988.500033	-54.153611
1988.583333	-1.313010
1988.666633	25.510657
1988.750033	46.185464
1988.833333	79.972106
1988.916633	171.083870
1989.000033	270.868343
1989.083333	310.264756
1989.166633	258.480404
1989.250033	154.558981
1989.333333	70.308386
1989.416633	25.041480
1989.500033	9.721129
1989.583333	13.895064
1989.666633	10.496508
1989.750033	24.393538
1989.833333	41.291290
1989.916633	108.180832
1990.000033	224.409750
1990.083333	330.806162
1990.166633	354.577367
1990.250033	244.767054
1990.333333	113.849793
1990.416633	22.582887
1990.500033	11.040313
1990.583333	18.214248
1990.666633	26.704581
1990.750033	15.490500
1990.833333	1.832697
1990.916633	-30.722206
1991.000033	-64.715510
1991.083333	-110.763542
1991.166633	-120.436782
1991.250033	-88.358206
1991.333333	-37.831022
1991.416633	-0.653485
1991.500033	1.137275
1991.583333	-2.022123
1991.666633	-12.642901
1991.750033	-14.301427
1991.833333	8.485215
1991.916633	54.263645
1992.000033	114.937007
1992.083333	133.111198
1992.166633	124.660180
1992.250033	58.516534
1992.333333	-9.289616
1992.416633	-71.334300
1992.500033	-69.654651
1992.583333	-56.369605
1992.666633	-40.101494
1992.750033	-44.648909
1992.833333	-6.528934
1992.916633	49.471719
1993.000033	105.256192
1993.083333	103.208160
1993.166633	39.534920
1993.250033	-29.053170
1993.333333	-54.081543
1993.416633	-12.237338
1993.500033	16.331200
1993.583333	-22.605977
1993.666633	-130.115643
1993.750033	-218.551947
1993.833333	-224.543083
1993.916633	-161.653541
1994.000033	-84.646846
1994.083333	-37.917100
1994.166633	-15.479229
1994.250033	-0.289542
1994.333333	-9.206803
1994.416633	-22.251487
1994.500033	-68.571838
1994.583333	-83.842348
1994.666633	-83.907570
1994.750033	-35.899429
1994.833333	15.220546
1994.916633	95.221198
1995.000033	163.672338
1995.083333	236.402084
1995.166633	240.839955
1995.250033	202.918532
1995.333333	104.334604
1995.416633	9.845475
1995.500033	-74.697098
1995.583333	-109.634274
1995.666633	-97.143941
1995.750033	-77.358023
1995.833333	-110.793603
1995.916633	-219.348506
1996.000033	-320.452922
1996.083333	-352.389842
1996.166633	-291.507527
1996.250033	-189.762284
1996.333333	-88.679545
1996.416633	-47.613118
1996.500033	-77.155691
1996.583333	-155.092868
1996.666633	-175.824757
1996.750033	-137.483283
1996.833333	-76.585530
1996.916633	-55.473766
1997.000033	-28.244848
1997.083333	47.707120
1997.166633	117.478324
1997.250033	129.001345
1997.333333	45.528528
1997.416633	-60.960600
1997.500033	-124.503174
1997.583333	-98.218128
1997.666633	-29.505572
1997.750033	-10.275209
1997.833333	-53.821901
1997.916633	-76.265693
1998.000033	-8.592331
1998.083333	68.692971
1998.166633	88.686397
1998.250033	24.764974
1998.333333	0.847713
1998.416633	21.691917
1998.500033	68.149344
1998.583333	60.989945
1998.666633	30.369168
1998.750033	-2.178247
1998.833333	8.941728
1998.916633	31.386825
1999.000033	68.504632
1999.083333	89.678822
1999.166633	76.561137
1999.250033	38.639714
1999.333333	-23.833103
1999.416633	-67.988898
1999.500033	-110.864805
1999.583333	-119.913092
1999.666633	-119.756092
1999.750033	-56.414618
1999.833333	10.927579
1999.916633	123.594898
2000.000033	190.268260
2000.083333	223.998006
2000.166633	163.546988
2000.250033	74.514454
2000.333333	17.041637
2000.416633	20.219175
2000.500033	17.565491
2000.583333	-37.816130
2000.666633	-116.325797
2000.750033	-141.317656
2000.833333	-114.753237
2000.916633	-80.308140
2001.000033	-77.412555
2001.083333	-82.016143
2001.166633	-76.356049
2001.250033	-45.721917
2001.333333	-25.639178
2001.416633	-14.572752
2001.500033	-21.004214
2001.583333	-18.830279
2001.666633	11.882276
2001.750033	30.890417
2001.833333	64.677059
2001.916633	92.677712
2002.000033	182.017740
2002.083333	239.303042
2002.166633	221.296468
2002.250033	103.819489
2002.333333	6.013339
2002.416633	-55.809123
2002.500033	-83.240585
2002.583333	-143.511095
2002.666633	-179.354095
2002.750033	-231.457065
2002.833333	-243.892646
2002.916633	-258.891993
2003.000033	-208.663075
2003.083333	-166.266663
2003.166633	-113.606569
2003.250033	-63.639104
2003.333333	-13.223032
2003.416633	17.843395
2003.500033	6.523044
2003.583333	-7.080799
2003.666633	-26.590466
2003.750033	-26.137881
2003.833333	-37.906795
2003.916633	-16.350586
2004.000033	-6.455002
2004.083333	11.496966
2004.166633	-3.287385
2004.250033	-1.764364
2004.333333	21.873930
2004.416633	43.718135
2004.500033	50.731117
2004.583333	28.349496
2004.666633	33.728719
2004.750033	53.070193
2004.833333	117.634612
2004.916633	169.524154
2005.000033	175.641960
2005.083333	86.149484
2005.166633	-17.857089
2005.250033	-65.334069
2005.333333	-39.917996
2005.416633	11.370653
2005.500033	28.828079
2005.583333	17.113125
2005.666633	-19.952097
2005.750033	-46.277290
2005.833333	-73.268426
2005.916633	-109.156662
2006.000033	-161.816633
2006.083333	-160.642443
2006.166633	-126.649016
2006.250033	-49.681551
2006.333333	-34.932145
2006.416633	-39.421274
2006.500033	-69.630514
2006.583333	-56.567690
2006.666633	2.478198
2006.750033	91.041895
2006.833333	209.606314
2006.916633	275.384745
2007.000033	294.502551
2007.083333	223.454519
2007.166633	162.003502
2007.250033	102.970967
2007.333333	86.275928
2007.416633	63.675688
2007.500033	80.022004
2007.583333	76.307050
2007.666633	88.464050
2007.750033	65.694413
2007.833333	72.147721
2007.916633	88.148374
2008.000033	151.377291
2008.083333	200.662593
2008.166633	195.989353
2008.250033	100.845707
2008.333333	8.372890
2008.416633	-33.894016
2008.500033	-32.547701
2008.583333	-16.484877
2008.666633	5.227678
2008.750033	64.791375
2008.833333	85.689128
2008.916633	49.356447
2009.000033	-23.414635
2009.083333	-73.351556
2009.166633	-71.024796
2009.250033	-54.168442
2009.333333	-26.307925
2009.416633	-12.019276
2009.500033	-3.895183
2009.583333	7.834307
2009.666633	3.435752
2009.750033	-10.111663
2009.833333	-92.547244
2009.916633	-167.768813
2010.000033	-222.984340
2010.083333	-177.032372
2010.166633	-82.705612
2010.250033	3.817409
2010.333333	33.455704
2010.416633	12.077686
2010.500033	-17.798221
2010.583333	-45.735397
2010.666633	-46.911731
2010.750033	-56.459145
2010.833333	-47.005837
2010.916633	-65.894073
2011.000033	-64.442933
2011.083333	-47.713187
2011.166633	-20.053094
2011.250033	25.581038
2011.333333	29.774888
2011.416633	36.730204
2011.500033	20.076519
2011.583333	38.028232
2011.666633	43.851898
2011.750033	80.193372
2011.833333	120.646681
2011.916633	175.202889
2012.000033	169.431807
2012.083333	120.828219
2012.166633	83.821646
2012.250033	72.455778
2012.333333	67.649628
2012.416633	43.382721
2012.500033	34.840148
2012.583333	57.458527
2012.666633	102.726638
2012.750033	106.401446
2012.833333	60.632532
2012.916633	-23.922371
2013.000033	-99.804565
2013.083333	-143.630374
2013.166633	-157.970281
2013.250033	-124.225038
2013.333333	-81.808965
2013.416633	-52.853650
2013.500033	-50.729556
2013.583333	-72.555622
2013.666633	-65.398622
2013.750033	-23.057148
2013.833333	56.951716
2013.916633	72.730147
2014.000033	31.959064
2014.083333	-26.422301
2014.166633	-22.428874
2014.250033	-10.572520
2014.333333	-22.378670
2014.416633	-60.645577
2014.500033	-94.743705
2014.583333	-107.903104
2014.666633	-126.746104
2014.750033	-124.404630
2014.833333	-73.951322
2014.916633	18.604887
2015.000033	110.500471
2015.083333	136.674661
2015.166633	138.445866
2015.250033	142.524442
2015.333333	154.496070
2015.416633	124.895830
2015.500033	51.242146
2015.583333	-50.583920
2015.666633	-93.093586
2015.750033	-52.752112
2015.833333	38.145641
2015.916633	120.924071
2016.000033	109.708544
2016.083333	104.771624
2016.166633	58.431717
2016.250033	41.843626
2016.333333	-1.740301
2016.416633	-15.007208
2016.500033	-7.660892
2016.583333	-27.486957
2016.666633	-75.329957
2016.750033	-116.210706
2016.833333	-75.424064
2016.916633	-15.534522
2017.000033	31.138840
2017.083333	35.868586
2017.166633	59.528679
2017.250033	83.940589
2017.333333	87.689994
2017.416633	77.534199
2017.500033	54.547181
2017.583333	47.165560
2017.666633	67.544782
2017.750033	128.886257
2017.833333	187.895121
2017.916633	184.673551
2018.000033	88.569135
2018.083333	-25.367785
2018.166633	-109.818803
2018.250033	-117.184671
2018.333333	-101.768599
2018.416633	-82.591061
2018.500033	-67.689190
2018.583333	-26.181922
2018.666633	2.530634
2018.750033	3.427663
2018.833333	-42.674584
2018.916633	-58.785042
2019.000033	-13.000569
2019.083333	40.173621
2019.166633	82.389270
2019.250033	48.356735
2019.333333	34.883919
2019.416633	-3.827432
2019.500033	0.074439
2019.583333	-4.196071
2019.666633	8.183151
2019.750033	8.524625
2019.833333	28.755712
2019.916633	118.867475
2020.000033	235.763060
2020.083333	317.159472
2020.166633	297.041788
2020.250033	213.564809
2020.333333	134.091992
2020.416633	63.825085
2020.500033	36.504734
2020.583333	-3.099109
2020.666633	0.502336
2020.750033	-7.600635
2020.833333	6.074896
2020.916633	-33.591118
2021.000033	-54.695534
2021.083333	-43.410232
2021.166633	33.916528
2021.250033	87.883993
2021.333333	73.966732
2021.416633	21.810937
2021.500033	-29.398303
2021.583333	-29.335480
2021.666633	-7.289591
2021.750033	32.051883
2021.833333	62.727414
2021.916633	107.394733
2022.000033	153.623651
2022.083333	187.020063
2022.166633	148.013490
2022.250033	109.980955
2022.333333	79.285916
2022.416633	79.685677
2022.500033	35.143103
2022.583333	-19.127407
2022.666633	-55.192629
2022.750033	-55.517821
2022.833333	-40.064513
2022.916633	-11.730527
2023.000033	57.831724
2023.083333	101.561470
2023.166633	100.554897
2023.250033	25.633473
2023.333333	-16.617121
2023.416633	-9.328472
2023.500033	41.573399
2023.583333	87.969556
2023.666633	99.237667
2023.750033	100.356919
2023.833333	83.143560
2023.916633	102.699769
2024.000033	113.484242
2024.083333	136.436210
2024.166633	88.207414
2024.250033	53.730435
2024.333333	2.479841
2024.416633	13.879601
2024.500033	7.337028
2024.583333	2.399851
2024.666633	-12.332038
2024.750033	-3.990015
2024.833333	9.079527
2024.916633	70.593647
