1895.0000333    -4.6189
1895.0833333    -14.2906
1895.1666333    -26.9623
1895.2500333    -24.3341
1895.3333333    -29.9421
1895.4166333    -38.2274
1895.5000333    -37.9569
1895.5833333    -55.5131
1895.6666663    0.0
1895.7500003    0.0
1895.8333333    0.0
1895.9166663    0.0
1896.0000003    0.0
1896.0833333    -58.9274
1896.1666333    -52.2528
1896.2500333    -44.9629
1896.3333333    -33.1344
1896.4166333    -21.5366
1896.5000333    -20.7852
1896.5833333    -15.1104
1896.6666333    -4.6665
1896.7500333    -8.2996
1896.8333333    3.9906
1896.9166333    31.5115
1897.0000333    51.263
1897.0833333    72.1686
1897.1666333    77.3819
1897.2500333    69.2104
1897.3333333    63.8852
1897.4166333    62.2524
1897.5000333    61.6194
1897.5833333    63.9866
1897.6666333    76.5077
1897.7500333    66.0285
1897.8333333    65.165
1897.9166333    54.6861
1898.0000333    33.2071
1898.0833333    13.1128
1898.1666333    -9.0583
1898.2500333    -7.5374
1898.3333333    -3.9393
1898.4166333    6.6588
1898.5000333    14.2568
1898.5833333    12.6241
1898.6666333    5.2223
1898.7500333    -7.872
1898.8333333    -5.2738
1898.9166333    -3.3679
1899.0000333    -6.6161
1899.0833333    -4.4794
1899.1666333    7.0419
1899.2500333    16.2554
1899.3333333    20.0075
1899.4166333    14.2212
1899.5000333    4.4347
1899.5833333    -1.3516
1899.6666333    -11.5995
1899.7500333    -16.2321
1899.8333333    -18.7107
1899.9166333    -15.343
1900.0000333    -13.1295
1900.0833333    -4.1465
1900.1666333    -1.7019
1900.2500333    -3.9498
1900.3333333    -6.5052
1900.4166333    -3.5991
1900.5000333    4.1531
1900.5833333    -0.1715
1900.6666333    -5.4961
1900.7500333    -0.744
1900.8333333    -2.2993
1900.9166333    -1.0853
1901.0000333    -0.3331
1901.0833333    0.6501
1901.1666333    5.4025
1901.2500333    4.5393
1901.3333333    5.7533
1901.4166333    3.2751
1901.5000333    -0.1265
1901.5833333    -6.6048
1901.6666333    -1.8522
1901.7500333    -1.3307
1901.8333333    -2.1935
1901.9166333    3.4821
1902.0000333    6.3883
1902.0833333    11.8332
1902.1666333    11.8935
1902.2500333    11.4921
1902.3333333    15.2447
1902.4166333    15.5358
1902.5000333    21.4421
1902.5833333    24.041
1902.6666333    32.3321
1902.7500333    36.0846
1902.8333333    37.9912
1902.9166333    38.7439
1903.0000333    47.7272
1903.0833333    56.2492
1903.1666333    58.4635
1903.2500333    70.6777
1903.3333333    75.6612
1903.4166333    77.1833
1903.5000333    72.7821
1903.5833333    69.8426
1903.6666333    55.8262
1903.7500333    50.7328
1903.8333333    44.9472
1903.9166333    46.2386
1904.0000333    49.1451
1904.0833333    32.2827
1904.1666333    19.1895
1904.2500333    10.0961
1904.3333333    -4.6125
1904.4166333    -14.6287
1904.5000333    -24.8759
1904.5833663    0.0
1904.6667003    0.0
1904.7500333    0.0
1904.8333663    0.0
1904.9167003    0.0
1905.0000333    0.0
1905.0833663    0.0
1905.1667003    0.0
1905.2500333    0.0
1905.3333333    -30.4996
1905.4166333    -32.131
1905.5000333    -27.1473
1905.5833333    -33.6249
1905.6666333    -34.7178
1905.7500333    -49.1956
1905.8333333    -58.5193
1905.9166333    -56.5353
1906.0000333    -60.2437
1906.0833333    -59.2597
1906.1666333    -61.968
1906.2500333    -56.9841
1906.3333333    -45.2308
1906.4166333    -42.1697
1906.5000333    -51.2628
1906.5833333    -56.8171
1906.6666333    -64.2945
1906.7500333    -66.3105
1906.8333333    -56.6341
1906.9166333    -48.5729
1907.0000333    -43.3582
1907.0833333    -35.297
1907.1666333    -34.7744
1907.2500333    -25.3288
1907.3333333    -31.5753
1907.4166333    -33.1295
1907.5000333    -29.53
1907.5833333    -23.3149
1907.6666333    -32.6383
1907.7500333    -29.9619
1907.8333333    -29.9006
1907.9166333    -31.224
1908.0000333    -34.7013
1908.0833333    -28.1016
1908.1666333    -29.8864
1908.2500333    -29.3637
1908.3333333    -27.687
1908.4166333    -28.0872
1908.5000333    -34.3337
1908.5833333    -45.7338
1908.6666333    -48.5186
1908.7500333    -41.1497
1908.8333333    -40.8575
1908.9166333    -45.0268
1909.0000333    -39.3501
1909.0833333    -33.904
1909.1666333    -37.0733
1909.2500333    -24.6274
1909.3333333    -14.4889
1909.4166333    -9.0428
1909.5000333    1.3262
1909.5833333    8.8493
1909.6666333    6.7571
1909.7500333    7.0492
1909.8333333    8.7262
1909.9166333    20.2494
1910.0000333    31.08
1910.0833333    31.834
1910.1666333    28.1264
1910.2500333    30.2648
1910.3333333    22.4035
1910.4166333    28.1575
1910.5000333    17.6805
1910.5833333    15.5884
1910.6666333    8.1886
1910.7500333    21.8656
1910.8333333    23.8504
1910.9166333    23.2199
1911.0000333    16.9738
1911.0833333    15.1895
1911.1666333    25.3282
1911.2500333    40.236
1911.3333333    62.1441
1911.4166333    79.7444
1911.5000333    80.0368
1911.5833333    103.56
1911.6666333    115.391
1911.7500333    108.838
1911.8333333    97.2074
1911.9166333    97.0386
1912.0000333    94.7927
1912.0833333    100.47
1912.1666333    97.9167
1912.2500333    90.9785
1912.3333333    81.1944
1912.4166333    68.1026
1912.5000333    40.0106
1912.5833333    22.2265
1912.6666333    -2.7883
1912.7500333    -22.1879
1912.8333333    -19.2797
1912.9166333    -16.4483
1913.0000333    -14.5402
1913.0833333    -5.4011
1913.1666333    -3.4159
1913.2500333    11.9538
1913.3333333    30.7853
1913.4166333    36.2321
1913.5000333    32.5249
1913.5833333    55.1256
1913.6666333    61.4955
1913.7500333    60.173
1913.8333333    68.4661
1913.9166333    86.8361
1914.0000333    96.2828
1914.0833333    88.6528
1914.1666333    88.0229
1914.2500333    82.6235
1914.3333333    79.3782
1914.4166333    70.979
1914.5000333    67.5027
1914.5833333    59.1805
1914.6666333    40.243
1914.7500333    29.7668
1914.8333333    21.1369
1914.9166333    7.584
1915.0000333    -7.1229
1915.0833333    -14.0604
1915.1666333    -10.5364
1915.2500333    -18.1664
1915.3333333    -11.0269
1915.4166333    -17.272
1915.5000333    -18.1327
1915.5833333    -23.224
1915.6666333    -22.6998
1915.7500333    -23.3297
1915.8333333    -20.6517
1915.9166333    -13.8198
1916.0000333    -14.2189
1916.0833333    -13.2332
1916.1666333    -12.2474
1916.2500333    -4.8772
1916.3333333    7.1086
1916.4166333    10.0175
1916.5000333    3.9262
1916.5833333    -17.1649
1916.6666333    -22.256
1916.7500333    -29.5011
1916.8333333    -35.0537
1916.9166333    -34.9909
1917.0000333    -36.0821
1917.0833333    -29.4808
1917.1666333    -27.0333
1917.2500333    -24.1245
1917.3333333    -24.9847
1917.4166333    -33.9987
1917.5000333    -37.0129
1917.5833333    -36.1807
1917.6666333    -37.7332
1917.7500333    -42.132
1917.8333333    -43.4536
1917.9166333    -40.0829
1918.0000333    -37.4048
1918.0833333    -34.4956
1918.1666333    -27.5864
1918.2500333    -29.6774
1918.3333333    -33.6143
1918.4166333    -29.3205
1918.5000333    -30.4884
1918.5833333    -35.1176
1918.6666333    -36.7468
1918.7500333    -34.7608
1918.8333333    -36.7746
1918.9166333    -30.6345
1919.0000333    -30.11
1919.0833333    -26.3545
1919.1666333    -23.4451
1919.2500333    -33.6898
1919.3333333    -33.3958
1919.4166333    -32.871
1919.5000333    -38.1926
1919.5833333    -36.2062
1919.6666333    -40.3737
1919.7500333    -41.2337
1919.8333333    -41.9396
1919.9166333    -36.9532
1920.0000333    -34.967
1920.0833333    -34.9036
1920.1666333    -38.071
1920.2500333    -44.3925
1920.3333333    -44.7906
1920.4166333    -45.4195
1920.5000333    -32.664
1920.5833333    -43.139
1920.6666333    -42.1525
1920.7500333    -50.243
1920.8333333    -56.718
1920.9166333    -55.6545
1921.0000333    -51.5912
1921.0833333    -51.5277
1921.1666333    -47.2334
1921.2500333    -41.7854
1921.3333333    -36.7987
1921.4166333    -24.8121
1921.5000333    -27.9794
1921.5833333    -41.9928
1921.6666333    -35.3907
1921.7500333    -42.0965
1921.8333333    -37.1097
1921.9166333    -32.3537
1922.0000333    -28.521
1922.0833333    -26.3804
1922.1666333    -26.7782
1922.2500333    -28.7916
1922.3333333    -32.7279
1922.4166333    -31.8949
1922.5000333    -46.6006
1922.5833333    -55.2291
1922.6666333    -65.473
1922.7500333    -70.5632
1922.8333333    -72.1917
1922.9166333    -69.1279
1922.9999663    0.0
1923.0833333    -67.1542
1923.1666333    -69.9365
1923.2500333    -63.2574
1923.3333333    -63.1935
1923.4166333    -69.0526
1923.5000333    -77.6812
1923.5833333    -85.3865
1923.6666333    -80.861
1923.7500333    -77.0279
1923.8333333    -69.1947
1923.9166333    -62.823
1924.0000333    -54.0669
1924.0833333    -45.7721
1924.1666333    -38.1696
1924.2500333    -31.1057
1924.3333333    -29.657
1924.4166663    0.0
1924.5000333    -22.9905
1924.5833333    -7.6187
1924.6666333    -4.7084
1924.7500333    -2.5675
1924.8333333    -2.9649
1924.9166333    1.33
1925.0000333    1.394
1925.0833333    3.1506
1925.1666333    8.1379
1925.2500333    10.8173
1925.3333333    13.7277
1925.4166333    21.3304
1925.5000333    14.6253
1925.5833333    12.6126
1925.6666333    -2.323
1925.7500333    -1.7974
1925.8333333    -0.5023
1925.9166333    -0.2072
1926.0000333    2.1647
1926.0833333    7.8445
1926.1666333    10.2166
1926.2500333    14.05
1926.3333333    19.499
1926.4166333    16.9481
1926.5000333    15.6277
1926.5833333    15.6922
1926.6666333    15.0644
1926.7500333    25.6671
1926.8333333    27.8855
1926.9166333    32.4115
1927.0000333    38.0913
1927.0833333    47.3097
1927.1666333    52.9896
1927.2500333    54.2078
1927.3333333    51.9647
1927.4166333    42.8755
1927.5000333    46.0169
1927.5833333    38.0815
1927.6666333    29.9154
1927.7500333    25.9798
1927.8333333    17.3522
1927.9166333    20.6477
1928.0000333    17.6353
1928.0833333    11.6231
1928.1666333    2.7647
1928.2500333    -11.7092
1928.3333333    -5.7213
1928.4166333    -7.3489
1928.5000333    -16.6689
1928.5833333    -33.2964
1928.6666333    -40.0008
1928.7500333    -39.9362
1928.8333333    -37.2559
1928.9166333    -34.1141
1929.0000333    -37.2802
1929.0833333    -37.4461
1929.1666333    -33.1504
1929.2500333    -25.778
1929.3333333    -12.0977
1929.4166333    -17.4174
1929.5000333    -14.0449
1929.5833333    -19.5953
1929.6666333    -17.3765
1929.7500333    -22.9271
1929.8333333    -23.5543
1929.9166333    -31.2585
1930.0000333    -28.6552
1930.0833333    -28.5902
1930.1666333    -24.2943
1930.2500333    -15.5371
1930.3333333    -10.7797
1930.4166333    -17.0223
1930.5000333    -22.5727
1930.5833333    -37.7383
1930.6666333    -28.9809
1930.7500333    -23.3005
1930.8333333    -11.543
1930.9166333    -2.5547
1931.0000333    13.2026
1931.0833333    19.6525
1931.1666333    23.9485
1931.2500333    31.7828
1931.3333333    30.4634
1931.4166333    24.9133
1931.5000333    32.9015
1931.5833333    24.5053
1931.6666333    28.3399
1931.7500333    28.6358
1931.8333333    26.3935
1931.9166333    22.7665
1932.0000333    23.7548
1932.0833333    13.9741
1932.1666333    13.2702
1932.2500333    20.5663
1932.3333333    11.9394
1932.4166333    5.851
1932.5000333    -3.2376
1932.5833333    -12.4798
1932.6666333    -6.3373
1932.7500333    -9.8105
1932.8333333    -11.8219
1932.9166333    -11.5255
1933.0000333    -8.691
1933.0833333    -9.7792
1933.1666333    -9.7136
1933.2500333    -8.879
1933.3333333    -16.0441
1933.4166333    -22.0554
1933.5000333    -24.0669
1933.5833333    -27.0782
1933.6666333    -31.0125
1933.7500333    -37.0239
1933.8333333    -36.9582
1933.9166333    -39.0463
1934.0000333    -39.4424
1934.0833333    -37.2228
1934.1666333    -37.6185
1934.2500333    -30.2453
1934.3333333    -33.7179
1934.4166333    -30.3444
1934.5000333    -31.4327
1934.5833333    -27.1361
1934.6666333    -28.2241
1934.7500333    -26.0815
1934.8333333    -28.8618
1934.9166333    -23.1805
1935.0000333    -18.6532
1935.0833333    -13.895
1935.1666333    -6.3675
1935.2500333    3.5444
1935.3333333    6.4565
1935.4166333    11.2148
1935.5000333    18.2805
1935.5833333    29.3465
1935.6666333    19.5664
1935.7500333    28.0938
1935.8333333    23.4675
1935.9166333    35.5336
1936.0000333    45.9841
1936.0833333    53.3579
1936.1666333    58.5778
1936.2500333    64.7976
1936.3333333    59.2483
1936.4166333    59.0837
1936.5000333    52.6112
1936.5833333    53.1389
1936.6666333    45.2051
1936.7500333    44.5788
1936.8333333    38.1065
1936.9166333    41.942
1937.0000333    42.9311
1937.0833333    32.382
1937.1666333    34.5252
1937.2500333    37.1298
1937.3333333    33.4268
1937.4166333    31.1085
1937.5000333    33.0208
1937.5833333    28.8564
1937.6666333    20.7689
1937.7500333    16.912
1937.8333333    17.6707
1937.9166333    23.3525
1938.0000333    23.8802
1938.0833333    21.1774
1938.1666333    23.3977
1938.2500333    24.6178
1938.3333333    30.8382
1938.4166333    26.9046
1938.5000333    32.894
1938.5833333    26.4221
1938.6666333    26.9501
1938.7500333    22.7857
1938.8333333    21.6215
1938.9166333    23.3035
1939.0000333    23.1391
1939.0833333    22.9749
1939.1666333    23.5031
1939.2500333    22.4157
1939.3333333    19.9438
1939.4166333    5.472
1939.5000333    -9
1939.5833333    -24.4717
1939.6666333    -28.8666
1939.7500333    -32.1077
1939.8333333    -39.1179
1939.9166333    -36.6666
1940.0000333    -35.8308
1940.0833333    -28.5332
1940.1666333    -22.5434
1940.2500333    -21.5537
1940.3333333    -10.0254
1940.4166333    -18.6508
1940.5000333    -23.738
1940.5833333    -15.4404
1940.6666333    -16.0658
1940.7500333    -24.4607
1940.8333333    -25.7784
1940.9166333    -22.6346
1941.0000333    -20.0294
1941.0833333    -17.424
1941.1666333    -28.357
1941.2500333    -28.521
1941.3333333    -31.531
1941.4166333    -38.6947
1941.5000333    -50.3202
1941.5833333    -57.0993
1941.6666333    -64.1092
1941.7500333    -65.1962
1941.8333333    -60.8984
1941.9166333    -58.4467
1942.0000333    -56.3028
1942.0833333    -56.2357
1942.1666333    -51.7071
1942.2500333    -36.6401
1942.3333333    -36.3422
1942.4166333    -20.275
1942.5000333    -22.5927
1942.5833333    -5.4485
1942.6666333    -1.1506
1942.7500333    7.8396
1942.8333333    12.3683
1942.9166333    14.2817
1943.0000333    20.195
1943.0833333    25.493
1943.1666333    31.2526
1943.2500333    31.5505
1943.3333333    23.9255
1943.4166333    19.3006
1943.5000333    11.137
1943.5833333    5.3582
1943.6666333    -2.9591
1943.7500333    -2.1226
1943.8333333    -11.4398
1943.9166333    -9.2186
1944.0000333    -7.6898
1944.0833333    -9.4685
1944.1666333    -10.1702
1944.2500333    -12.9491
1944.3333333    -9.8047
1944.4166333    -13.0449
1944.5000333    -12.516
1944.5833333    -16.4485
1944.6666333    -18.4578
1944.7500333    -12.3135
1944.8333333    -6.6306
1944.9166333    0.2832
1945.0000333    1.2737
1945.0833333    4.1105
1945.1666333    4.6397
1945.2500333    3.7841
1945.3333333    10.4671
1945.4166333    11.2271
1945.5000333    15.7562
1945.5833333    20.0547
1945.6666333    16.8916
1945.7500333    20.7284
1945.8333333    18.4884
1945.9166333    23.0177
1946.0000333    22.6238
1946.0833333    26.9224
1946.1666333    33.6056
1946.2500333    37.6732
1946.3333333    45.0487
1946.4166333    39.655
1946.5000333    24.9535
1946.5833333    14.2521
1946.6666333    15.4739
1946.7500333    18.08
1946.8333333    12.9941
1946.9166333    16.7544
1947.0000333    16.5913
1947.0833333    14.0439
1947.1666333    16.8811
1947.2500333    9.6412
1947.3333333    20.0169
1947.4166333    15.6234
1947.5000333    25.3836
1947.5833333    27.8363
1947.6666333    29.5197
1947.7500333    20.8953
1947.8333333    15.5788
1947.9166333    25.493
1948.0000333    25.561
1948.0833333    28.6291
1948.1666333    42.3126
1948.2500333    44.7652
1948.3333333    51.4488
1948.4166333    49.9016
1948.5000333    51.585
1948.5833333    41.0378
1948.6666333    35.4907
1948.7500333    44.0203
1948.8333333    44.3193
1948.9166333    46.0799
1949.0000333    42.148
1949.0833333    43.6778
1949.1666333    42.1308
1949.2500333    43.122
1949.3333333    45.8057
1949.4166333    51.2587
1949.5000333    45.6346
1949.5833333    50.6261
1949.6666333    46.0022
1949.7500333    51.6858
1949.8333333    40.985
1949.9166333    42.0534
1950.0000333    43.7371
1950.0833333    47.1132
1950.1666333    44.5664
1950.2500333    47.9424
1950.3333333    49.7032
1950.4166333    42.9256
1950.5000333    31.5324
1950.5833333    22.2933
1950.6666333    9.9772
1950.7500333    8.1995
1950.8333333    3.8065
1950.9166333    6.7213
1951.0000333    6.3282
1951.0833333    8.243
1951.1666333    9.6963
1951.2500333    8.8417
1951.3333333    8.2181
1951.4166333    -5.0978
1951.5000333    -14.6447
1951.5833333    -25.6529
1951.6666333    -28.661
1951.7500333    -33.2848
1951.8333663    0.0
1951.9166333    -31.2241
1952.0000333    -29.7709
1952.0833333    -26.0098
1952.1666333    -22.2486
1952.2500333    -16.2569
1952.3333333    -10.1111
1952.4166333    -10.9653
1952.5000333    -17.2812
1952.5833333    -16.7508
1952.6666333    -16.4511
1952.7500333    -10.6901
1952.8333333    -6.6211
1952.9166333    1.9094
1953.0000333    3.3628
1953.0833333    9.0472
1953.1666663    0.0
1953.2500333    7.5696
1953.3333333    9.7925
1953.4166333    2.5538
1953.5000333    -14.9158
1953.5833333    -29.1544
1953.6666333    -43.7776
1953.7500333    -56.3241
1953.8333333    -62.5626
1953.9166333    -63.1858
1954.0000333    -60.8092
1954.0833333    -63.3554
1954.1666333    -57.2093
1954.2500333    -48.6787
1954.3333333    -45.3019
1954.4166333    -41.0019
1954.5000333    -37.3944
1954.5833333    -30.7867
1954.6666333    -22.0251
1954.7500333    -14.956
1954.8333333    -3.6559
1954.9166333    5.3364
1955.0000333    7.0209
1955.0833333    5.4749
1955.1666333    11.6981
1955.2500333    12.6903
1955.3333333    10.9136
1955.4166333    20.8291
1955.5000333    14.5906
1955.5833333    -0.1092
1955.6666333    -6.1167
1955.7500333    -7.4321
1955.8333333    -1.2857
1955.9166333    -6.1393
1956.0000333    -4.6854
1956.0833333    0.0764
1956.1666333    3.6844
1956.2500333    3.2922
1956.3333333    -1.0228
1956.4166333    -4.7225
1956.5000333    -13.9608
1956.5833333    -10.0451
1956.6666333    1.563
1956.7500333    0.0939
1956.8333333    1.779
1956.9166333    -2.536
1957.0000333    0.5335
1957.0833333    0.2954
1957.1666333    2.442
1957.2500333    8.4346
1957.3333333    5.0428
1957.4166333    12.5741
1957.5000333    12.4129
1957.5833333    15.8672
1957.6666333    4.2447
1957.7500333    -1.4549
1957.8333333    3.3841
1957.9166333    6.9155
1958.0000333    13.062
1958.0833333    20.7472
1958.1666333    25.5094
1958.2500333    26.3483
1958.3333333    17.8028
1958.4166333    27.1804
1958.5000333    24.1732
1958.5833333    14.397
1958.6666333    6.5439
1958.7500333    12.3059
1958.8333333    8.2221
1958.9166333    9.9844
1959.0000333    11.2849
1959.0833333    7.1242
1959.1666333    2.1942
1959.2500333    4.7256
1959.3333333    1.7187
1959.4166333    6.0965
1959.5000333    -0.9105
1959.5833333    -4.7635
1959.6666333    -3.5395
1959.7500333    -8.3927
1959.8333333    -11.861
1959.9166333    -3.5601
1960.0000333    1.2022
1960.0833333    6.8878
1960.1666333    12.1118
1960.2500333    23.1819
1960.3333333    29.7905
1960.4166333    33.63
1960.5000333    30.1616
1960.5833333    28.6165
1960.6666333    29.8406
1960.7500333    34.3723
1960.8333333    40.2888
1960.9166333    46.2822
1961.0000333    47.0446
1961.0833333    47.5765
1961.1666333    49.2623
1961.2500333    55.4094
1961.3333333    55.249
1961.4166333    52.2425
1961.5000333    53.005
1961.5833333    50.537
1961.6666333    42.6075
1961.7500333    31.447
1961.8333333    27.5175
1961.9166333    22.4341
1962.0000333    18.5044
1962.0833333    22.1134
1962.1666333    23.3378
1962.2500333    22.0236
1962.3333333    16.0172
1962.4166333    7.934
1962.5000333    -9.0726
1962.5833333    -20.0019
1962.6666333    -22.7775
1962.7500333    -24.0916
1962.8333333    -24.7133
1962.9166333    -23.1811
1963.0000333    -22.1875
1963.0833333    -20.0399
1963.1666333    -22.3538
1963.2500333    -21.3602
1963.3333333    -10.9817
1963.4166333    -6.4495
1963.5000333    -9.9173
1963.5833333    -3.0773
1963.6666333    -9.1604
1963.7500333    -10.0128
1963.8333333    -6.1728
1963.9166333    2.2827
1964.0000333    2.5841
1964.0833333    -0.1142
1964.1666333    2.1105
1964.2500333    2.2581
1964.3333333    1.8675
1964.4166333    -11.6
1964.5000333    -17.3755
1964.5833333    -23.1507
1964.6666333    -30.3105
1964.7500333    -27.6243
1964.8333333    -28.4764
1964.9166333    -31.9438
1965.0000333    -33.7191
1965.0833333    -34.8019
1965.1666333    -25.577
1965.2500333    -29.2754
1965.3333333    -24.0505
1965.4166333    -27.9024
1965.5000333    -36.2931
1965.5833333    -18.2219
1965.6666333    -6.2277
1965.7500333    3.4586
1965.8333333    11.5298
1965.9166333    23.0625
1966.0000333    36.2874
1966.0833333    45.2817
1966.1666333    59.6606
1966.2500333    69.1162
1966.3333333    78.5721
1966.4166333    81.8741
1966.5000333    82.176
1966.5833333    94.4781
1966.6666333    81.7032
1966.7500333    72.4667
1966.8333333    69.9226
1966.9166333    65.3017
1967.0000333    58.1421
1967.0833333    53.9827
1967.1666333    51.2079
1967.2500333    60.3561
1967.3333333    56.889
1967.4166333    60.7297
1967.5000333    54.724
1967.5833333    52.1801
1967.6666333    50.0978
1967.7500333    40.3229
1967.8333333    38.4713
1967.9166333    37.1582
1968.0000333    36.9988
1968.0833333    38.2242
1968.1666333    38.5266
1968.2500333    44.2903
1968.3333333    36.208
1968.4166333    36.0488
1968.5000333    28.8126
1968.5833333    26.8073
1968.6666333    23.3405
1968.7500333    15.7197
1968.8333333    16.7144
1968.9166333    22.6323
1969.0000333    23.6269
1969.0833333    30.0063
1969.1666333    35.0011
1969.2500333    39.0726
1969.3333333    44.7598
1969.4166333    34.2931
1969.5000333    20.9801
1969.5833333    12.4365
1969.6666333    4.7391
1969.7500333    2.9646
1969.8333333    9.8057
1969.9166663    0.0
1970.0000003    0.0
1970.0833333    11.175
1970.1666333    13.8623
1970.2500333    17.7032
1970.3333333    23.1598
1970.4166333    21.6164
1970.5000333    22.6112
1970.5833333    5.7601
1970.6666333    0.4475
1970.7500333    0.5193
1970.8333333    1.5144
1970.9166333    7.2018
1971.0000333    8.4275
1971.0833333    8.2688
1971.1666333    6.7255
1971.2500333    7.9513
1971.3333333    13.6388
1971.4166333    9.0186
1971.5000333    0.3982
1971.5833333    -11.9143
1971.6666333    -16.8421
1971.7500333    -17.3086
1971.8333333    -15.3133
1971.9166333    -12.5488
1972.0000333    -17.3229
1972.0833333    -15.0199
1972.1666333    -19.9477
1972.2500333    -16.0294
1972.3333333    -10.7264
1972.4166333    -15.3464
1972.5000333    -22.2743
1972.5833333    -17.5097
1972.6666333    -20.6681
1972.7500333    -21.6729
1972.8333333    -20.5236
1972.9166333    -20.5281
1973.0000333    -15.6098
1973.0833333    -10.6143
1973.1666333    -2.6957
1973.2500333    4.9919
1973.3333333    16.5259
1973.4166333    15.983
1973.5000333    21.5937
1973.5833333    29.5124
1973.6666333    25.8926
1973.7500333    15.0418
1973.8333333    11.5759
1973.9166333    8.6485
1974.0000333    9.7208
1974.0833333    0.6396
1974.1666333    3.0968
1974.2500333    -3.1385
1974.3333333    -9.0659
1974.4166333    -15.224
1974.5000333    -26.69
1974.5833333    -34.6943
1974.6666333    -40.237
1974.7500333    -30.3184
1974.8333333    -9.2456
1974.9166333    -0.7114
1974.9999663    0.0
1975.0833003    0.0
1975.1666333    0.0
1975.2499663    0.0
1975.3333003    0.0
1975.4166333    0.0
1975.4999663    0.0
1975.5833003    0.0
1975.6666333    0.0
1975.7499663    0.0
1975.8333003    0.0
1975.9166333    0.0
1975.9999663    0.0
1976.0833003    0.0
1976.1666333    0.0
1976.2499663    0.0
1976.3333003    0.0
1976.4166333    0.0
1976.4999663    0.0
1976.5833003    0.0
1976.6666333    0.0
1976.7499663    0.0
1976.8333003    0.0
1976.9166333    0.0
1976.9999663    0.0
1977.0833003    0.0
1977.1666333    0.0
1977.2499663    0.0
1977.3333003    0.0
1977.4166333    0.0
1977.4999663    0.0
1977.5833003    0.0
1977.6666333    0.0
1977.7499663    0.0
1977.8333003    0.0
1977.9166333    0.0
1977.9999663    0.0
1978.0833003    0.0
1978.1666333    0.0
1978.2499663    0.0
1978.3333003    0.0
1978.4166333    0.0
1978.4999663    0.0
1978.5833333    -1.8082
1978.6666333    -0.1964
1978.7500333    -4.4309
1978.8333333    -15.5114
1978.9166333    -23.9764
1979.0000333    -25.057
1979.0833333    -32.9067
1979.1666333    -28.3717
1979.2500333    -29.2984
1979.3333333    -28.3019
1979.4166333    -30.613
1979.5000333    -30.1551
1979.5833333    -19.7739
1979.6666333    -12.9311
1979.7500333    -4.5501
1979.8333663    0.0
1979.9167003    0.0
1980.0000333    0.0
1980.0833663    0.0
1980.1667003    0.0
1980.2500333    0.0
1980.3333663    0.0
1980.4167003    0.0
1980.5000333    2.2658
1980.5833333    7.6471
1980.6666333    21.1824
1980.7500333    12.1021
1980.8333333    10.8681
1980.9166333    7.6341
1981.0000333    5.2462
1981.0833333    4.0892
1981.1666333    4.163
1981.2500333    8.6212
1981.3333333    10.4642
1981.4166333    14.2304
1981.5000333    11.2271
1981.5833333    14.3779
1981.6666333    15.6056
1981.7500333    8.6024
1981.8333333    12.3686
1981.9166333    10.5194
1982.0000333    8.4393
1982.0833333    12.2825
1982.1666333    17.5872
1982.2500333    22.2764
1982.3333333    23.6581
1982.4166333    20.9628
1982.5000333    22.1136
1982.5833333    9.4953
1982.6666333    2.3386
1982.7500333    16.1817
1982.8333333    22.5634
1982.9166333    18.0221
1983.0000333    8.9422
1983.0833333    3.9394
1983.1666333    -5.525
1983.2499663    0.0
1983.3333003    0.0
1983.4166333    0.0
1983.4999663    0.0
1983.5833003    0.0
1983.6666333    0.0
1983.7499663    0.0
1983.8333003    0.0
1983.9166333    -15.9347
1984.0000333    -29.9375
1984.0833333    -46.5555
1984.1666333    -53.7889
1984.2500333    -58.9456
1984.3333333    -42.102
1984.4166333    -37.1046
1984.5000333    -48.492
1984.5833333    -57.1868
1984.6666333    -52.574
1984.7500333    -41.9613
1984.8333333    -42.1946
1984.9166333    -40.6586
1985.0000333    -37.1228
1985.0833333    -29.1253
1985.1666333    -22.7431
1985.2500333    -24.4381
1985.3333333    -26.6713
1985.4166333    -26.366
1985.5000333    -23.7532
1985.5833333    -34.4479
1985.6666333    -32.2964
1985.7500333    -33.3759
1985.8333333    -34.9167
1985.9166333    -32.3036
1986.0000333    -28.7676
1986.0833333    -29.2315
1986.1666333    -31.3107
1986.2500333    -23.7747
1986.3333333    -16.0846
1986.4166333    -11.4715
1986.5000333    -27.0124
1986.5833333    -32.4761
1986.6666333    -30.7091
1986.7500333    -32.0961
1986.8333333    -32.7136
1986.9166333    -34.4081
1987.0000333    -29.4104
1987.0833333    -26.3356
1987.1666333    -17.1839
1987.2500333    -9.8016
1987.3333333    -11.8036
1987.4166333    -10.1903
1987.5000333    -10.5772
1987.5833333    -2.0408
1987.6666333    -2.5043
1987.7500333    -2.1219
1987.8333333    -3.6624
1987.9166333    0.1049
1988.0000333    6.4873
1988.0833333    9.87
1988.1666333    12.868
1988.2500333    8.0198
1988.3333333    9.6333
1988.4166333    11.7083
1988.5000333    10.3216
1988.5833333    11.3197
1988.6666333    12.0871
1988.7500333    7.3158
1988.8333333    9.1602
1988.9166333    10.466
1989.0000333    9.0794
1989.0833333    14.3084
1989.1666333    17.6913
1989.2500333    18.1509
1989.3333333    27.9953
1989.4166333    30.6089
1989.5000333    40.607
1989.5833663    0.0
1989.6666333    36.7575
1989.7500333    22.5249
1989.8333333    9.3694
1989.9166333    14.06
1990.0000333    16.9044
1990.0833333    21.9797
1990.1666333    29.9781
1990.2500333    33.0532
1990.3333333    31.2824
1990.4166333    30.2809
1990.5000333    16.6637
1990.5833333    -3.6455
1990.6666333    -28.647
1990.7500333    -38.8795
1990.8333333    -47.1117
1990.9166333    -40.1901
1991.0000333    -43.5764
1991.0833333    -44.0394
1991.1666333    -43.1177
1991.2500333    -38.5039
1991.3333333    -46.1207
1991.4166333    -53.8144
1991.5000333    -58.3544
1991.5833333    -61.125
1991.6666333    -54.6648
1991.7499663    0.0
1991.8333333    -55.8984
1991.9166333    -54.669
1992.0000333    -43.132
1992.0833333    -38.2102
1992.1666333    -33.4422
1992.2500333    -29.6744
1992.3333333    -20.8295
1992.4166333    -23.2922
1992.5000333    -16.3705
1992.5833333    -17.7563
1992.6666333    -26.8344
1992.7500333    -29.2204
1992.8333333    -33.0677
1992.9166333    -28.6842
1993.0000333    -25.3778
1993.0833333    -24.302
1993.1666333    -28.2262
1993.2500333    -18.5351
1993.3333333    -13.8439
1993.4166333    -33.9218
1993.5000333    -39.1538
1993.5833333    -50.9241
1993.6666663    0.0
1993.7500003    0.0
1993.8333333    -49.0811
1993.9166333    -45.4666
1994.0000333    -40.1601
1994.0833333    -30.2379
1994.1666333    -22.5466
1994.2499663    0.0
1994.3333333    -11.7793
1994.4166333    0.7583
1994.5000333    5.7572
1994.5833333    7.2949
1994.6666333    2.6786
1994.7500333    3.9853
1994.8333333    -1.6309
1994.9166333    -5.6316
1995.0000333    -6.3249
1995.0833333    -6.6334
1995.1666333    -4.4803
1995.2500333    -1.712
1995.3333333    -0.0973
1995.4166333    -7.4826
1995.5000333    -19.2527
1995.5833333    -29.2534
1995.6666333    -52.9464
1995.7500333    -60.6395
1995.8333333    -55.8709
1995.9166333    -54.41
1996.0000333    -51.6415
1996.0833333    -52.1806
1996.1666333    -48.335
1996.2500333    -46.6435
1996.3333333    -46.4132
1996.4166333    -49.7984
1996.5000333    -52.4914
1996.5833333    -46.7227
1996.6666333    -43.1847
1996.7500333    -37.0315
1996.8333333    -34.8781
1996.9166333    -31.417
1997.0000333    -32.9561
1997.0833333    -31.7258
1997.1666333    -27.2646
1997.2500333    -19.1883
1997.3333333    -18.3425
1997.4166333    -18.4967
1997.5000333    -13.0357
1997.5833333    -10.113
1997.6666333    -23.421
1997.7500333    -21.3446
1997.8333333    -11.3449
1997.9166333    -5.9605
1998.0000333    -2.1917
1998.0833663    0.0
1998.1667003    0.0
1998.2500333    14.1151
1998.3333333    18.961
1998.4166333    22.807
1998.5000333    22.3451
1998.5833333    22.4988
1998.6666333    14.2678
1998.7500333    0.7291
1998.8333333    -6.0403
1998.9166333    -3.3481
1999.0000333    -6.1176
1999.0833333    -7.9638
1999.1666333    -0.4254
1999.2500333    1.8051
1999.3333333    -2.5026
1999.4166333    4.7281
1999.5000333    1.1895
1999.5833333    -0.1182
1999.6666333    -9.0413
1999.7500333    -9.8876
1999.8333333    -8.6568
1999.9166333    -7.1182
2000.0000333    -5.1953
2000.0833333    -4.5029
2000.1666333    -3.0412
2000.2500333    -4.5797
2000.3333333    -1.0411
2000.4166333    6.8052
2000.5000333    -2.5025
2000.5833333    -5.6562
2000.6666333    -6.656
2000.7500333    -4.4252
2000.8333333    -10.0404
2000.9166333    -9.7325
2001.0000333    -7.1939
2001.0833333    -2.0398
2001.1666333    6.5758
2001.2500333    20.3452
2001.3333333    21.2686
2001.4166333    14.5766
2001.5000333    10.1152
2001.5833333    24.9617
2001.6666333    26.5774
2001.7500333    20.2699
2001.8333333    20.6549
2001.9166333    29.3476
2002.0000333    35.194
2002.0833333    38.1945
2002.1666333    42.3488
2002.2500333    44.5029
2002.3333333    29.9649
2002.4166333    35.1962
2002.4999663    0.0
2002.5833333    28.5816
2002.6666333    16.1206
2002.7500333    -3.0329
2002.8333333    -4.0323
2002.9166333    2.9683
2003.0000333    8.661
2003.0833333    12.7385
2003.1666333    19.3545
2003.2500333    25.8934
2003.3333333    27.6633
2003.4166663    0.0
2003.5000333    28.7414
2003.5833333    32.3575
2003.6666333    18.512
2003.7500333    18.8202
2003.8333333    18.9748
2003.9166333    24.8217
2004.0000333    28.8223
2004.0833333    32.2077
2004.1666333    36.3623
2004.2500333    41.3629
2004.3333333    40.5176
2004.4166333    41.2107
2004.5000333    41.0576
2004.5833333    26.2123
2004.6666333    17.5978
2004.7500333    18.4446
2004.8333333    19.7532
2004.9166333    21.2926
2005.0000333    22.678
2005.0833333    25.1404
2005.1666333    23.2183
2005.2500333    24.8345
2005.3333333    27.1432
2005.4166333    25.6057
2005.5000333    14.9143
2005.5833333    9.6076
2005.6666333    9.7625
2005.7500333    14.148
2005.8333333    14.3029
2005.9166333    12.7655
2006.0000333    12.0741
2006.0833333    11.306
2006.1666333    14.3072
2006.2500333    20.8466
2006.3333333    27.8477
2006.4166333    24.0028
2006.5000333    29.2345
2006.5833333    33.0819
2006.6666333    30.16
2006.7500333    25.9303
2006.8333333    23.5469
2006.9166333    26.0867
2007.0000333    35.2416
2007.0833333    38.0121
2007.1666333    38.9365
2007.2500333    33.553
2007.3333333    26.0928
2007.4166333    15.3249
2007.5000333    14.0953
2007.5833333    5.7121
2007.6666333    9.4058
2007.7500333    6.0224
2007.8333333    8.5623
2007.9166333    7.6406
2008.0000333    7.7957
2008.0833333    6.0279
2008.1666333    6.7986
2008.2500333    15.4923
2008.3333333    18.7245
2008.4166333    11.803
2008.5000333    8.8043
2008.5833333    -1.6557
2008.6666333    -10.808
2008.7500333    -24.345
2008.8333333    -26.4973
2008.9166333    -23.8803
2009.0000333    -17.802
2009.0833333    -18.0311
2009.1666333    -18.6448
2009.2500333    -18.1049
2009.3333333    -18.7955
2009.4166333    -31.8708
2009.5000333    -36.7923
2009.5833333    -43.406
2009.6666333    -41.5581
2009.7500333    -33.1719
2009.8333333    -22.7856
2009.9166663    0.0
2010.0000003    0.0
2010.0833333    0.0
2010.1666663    0.0
2010.2500333    -9.1616
2010.3333333    0.3787
2010.4166333    -1.1579
2010.5000333    -3.2331
2010.5833333    -7.9235
2010.6666333    -20.1524
2010.7500333    -36.766
2010.8333333    -32.5333
2010.9166333    -25.916
2011.0000333    -22.4527
2011.0833333    -17.9892
2011.1666333    -14.4487
2011.2500333    -12.1392
2011.3333333    -13.5988
2011.4166333    -8.289
2011.5000333    -10.441
2011.5833333    -21.2851
2011.6666333    -27.8984
2011.7500333    -19.2042
2011.8333333    -19.356
2011.9166333    -17.3539
2012.0000333    -17.4288
2012.0833333    -14.8882
2012.1666333    -11.4245
2012.2500333    -9.5764
2012.3333333    -4.1896
2012.4166333    -9.2643
2012.5000333    -18.57
2012.5833333    -25.4908
2012.6666333    -22.3348
2012.7500333    -17.3327
2012.8333333    -19.9458
2012.9166333    -21.482
2013.0000333    -23.4029
2013.0833333    -21.5545
2013.1666333    -21.3214
2013.2500333    -19.6269
2013.3333333    -19.7784
2013.4166333    -20.3145
2013.5000333    -22.0046
2013.5833333    -19.233
2013.6666333    -15.6152
2013.7500333    -10.3822
2013.8333333    -14.072
2013.9166333    -13.3003
2014.0000333    -6.375
2014.0833333    -1.0648
2014.1666333    -0.37
2014.2500333    8.5554
2014.3333333    7.8656
2014.4166333    8.2528
2014.5000333    4.8705
2014.5833333    -1.4346
2014.6666333    -11.8935
2014.7500333    -17.1219
2014.8333333    -15.8885
2014.9166333    -14.3474
2015.0000333    -10.1911
2015.0833333    -8.1885
2015.1666333    -8.1858
2015.2500333    4.5859
2015.3333333    5.0502
2015.4166333    3.8221
2015.5000333    0.9016
2015.5833333    -12.2495
2015.6666333    -7.6314
2015.7499663    0.0
2015.8333333    -4.1645
2015.9166333    1.3768
2016.0000333    3.6871
2016.0833333    10.8438
2016.1666333    16.9235
2016.2500333    15.6954
2016.3333333    20.6983
2016.4166333    15.2396
2016.5000333    7.0116
2016.5833333    1.9376
2016.6666333    -6.1364
2016.7500333    -3.0567
2016.8333333    -2.1307
2016.9166333    4.5646
2017.0000333    9.4135
2017.0833333    11.7242
2017.1666333    15.1887
2017.2500333    18.73
2017.3333333    27.7331
2017.4166333    19.7361
2017.5000333    7.8929
2017.5833333    -1.2579
2017.6666333    -7.2548
2017.7500333    -7.7903
2017.8333333    -3.018
2017.9166663    0.0
2018.0000003    0.0
2018.0833333    0.0
2018.1666333    -9.7748
2018.2500333    -12.1564
2018.3333333    -21.1532
2018.4166333    -28.6884
2018.5000333    -33.993
2018.5833333    -42.5282
2018.6666663    0.0
2018.7500003    0.0
2018.8333333    0.0
2018.9166663    0.0
2019.0000003    0.0
2019.0833333    0.0
2019.1666663    0.0
2019.2500333    -49.5792
2019.3333663    0.0
2019.4167003    0.0
2019.5000333    -43.9538
2019.5833663    0.0
2019.6667003    0.0
2019.7500333    0.0
2019.8333663    0.0
2019.9167003    0.0
2020.0000333    0.0
2020.0833663    0.0
2020.1666333    -37.2341
2020.2500333    -22.2307
2020.3333663    0.0
2020.4166333    -10.5313
2020.5000333    -6.6048
2020.5833333    -3.0628
2020.6666333    0.787
2020.7500333    -4.9788
2020.8333333    -0.2829
2020.9166333    1.4131
2021.0000333    0.955
2021.0833333    1.4972
2021.1666333    3.5009
2021.2500333    -10.8802
2021.3333333    -21.5688
2021.4166333    -13.3343
2021.5000333    -7.023
2021.5833333    4.9038
2021.6666663    0.0
2021.7500003    0.0
2021.8333333    0.0
2021.9166663    0.0
2022.0000003    0.0
2022.0833333    7.8494
2022.1666333    21.7763
2022.2500333    30.0108
2022.3333663    0.0
2022.4167003    0.0
2022.5000333    0.0
2022.5833663    0.0
2022.6667003    0.0
2022.7500333    0.0
2022.8333663    0.0
2022.9167003    0.0
2023.0000333    0.0
2023.0833663    0.0
2023.1667003    0.0
2023.2500333    0.0
2023.3333663    0.0
2023.4167003    0.0
2023.5000333    0.0
2023.5833663    0.0
2023.6667003    0.0
2023.7500333    39.6204
2023.8333333    42.0861
2023.9166333    46.0903
2024.0000333    49.0943
2024.0833333    52.0985
2024.1666333    65.5642
2024.2500333    80.9529
2024.3333333    71.5725
2024.4166333    64.269
2024.5000333    58.9911
2024.5833333    56.69
2024.6666333    50.1586
2024.7500333    53.4311
2024.8333333    47.1843
2024.9166333    57.9098
