1880  -177.000   -12.000   -74.000   -57.000  -150.000   -80.000   -58.000   -25.000   -29.000   112.000    11.000    -5.000
1881    49.000    -6.000     4.000    43.000  -119.000   -91.000  -122.000   -12.000     3.000     6.000    87.000   -22.000
1882  -154.000  -113.000  -126.000   -17.000   -38.000   -46.000   -17.000   -86.000   -25.000   110.000    99.000    92.000
1883    77.000    11.000   -52.000   -74.000   -46.000   -68.000   -63.000  -101.000    16.000   -57.000    23.000  -142.000
1884  -100.000    29.000   -13.000    40.000  -131.000  -152.000   -68.000   -48.000   -55.000   -92.000   -67.000   -31.000
1885    13.000    82.000  -100.000   -44.000     1.000  -113.000  -150.000   -67.000   -36.000    23.000    37.000  -101.000
1886    -8.000  -134.000   -18.000   -51.000    -3.000   -40.000   -42.000   -54.000   -42.000   115.000     7.000    79.000
1887   -59.000  -135.000  -122.000  -144.000  -152.000  -135.000  -114.000   -58.000   -73.000  -101.000    68.000   -70.000
1888  -167.000  -180.000   -51.000  -125.000  -130.000   -71.000   -33.000   -67.000  -118.000   -54.000    80.000    61.000
1889  -197.000  -199.000  -119.000  -101.000   -45.000  -114.000   -96.000   -91.000  -125.000    44.000  -115.000  -138.000
1890   -53.000  -121.000   -75.000   -90.000   -33.000  -164.000  -134.000  -108.000  -135.000  -149.000   -74.000   -61.000
1891  -188.000  -298.000   -88.000  -110.000   -69.000   -84.000  -103.000   -66.000   -84.000    99.000     2.000   -22.000
1892   -64.000   -13.000   -93.000  -123.000  -107.000  -112.000   -94.000   -81.000  -117.000    31.000     6.000   -38.000
1893   -92.000    20.000  -114.000   -76.000   -32.000   -85.000   -77.000   -57.000   -26.000    -4.000   -95.000   -88.000
1894   -55.000  -207.000  -129.000    -5.000  -138.000  -147.000   -65.000   -96.000   -94.000    26.000    28.000   -64.000
1895     1.000   -91.000   -85.000   -76.000  -167.000  -135.000   -62.000   -51.000   -72.000    40.000   120.000    69.000
1896  -139.000  -150.000  -119.000  -231.000  -199.000   -79.000  -118.000  -132.000   -24.000    19.000   -87.000    25.000
1897   -35.000   -96.000    -6.000   -39.000   -82.000  -113.000  -119.000   -10.000   -93.000   -45.000   -27.000    23.000
1898  -146.000  -142.000  -123.000  -120.000   -44.000  -130.000  -178.000  -145.000   -99.000    64.000    24.000   -60.000
1899    33.000    57.000  -122.000   -97.000   -98.000   -95.000  -129.000   -63.000   -29.000   -11.000   -49.000    38.000
1900  -116.000    99.000   -79.000  -141.000   -63.000   -82.000  -137.000   -67.000  -103.000   -57.000    29.000   -36.000
1901   -48.000  -146.000  -107.000   -83.000  -177.000  -129.000  -115.000  -127.000    28.000   -35.000   -84.000    15.000
1902  -195.000   -46.000  -112.000   -92.000  -200.000   -48.000  -124.000   -63.000   -48.000    -2.000    87.000   -72.000
1903    16.000  -130.000   -39.000   -96.000   -35.000   -84.000   -75.000   -36.000   -25.000   139.000   -49.000   113.000
1904   -82.000    95.000   -59.000  -134.000  -134.000   -96.000   -72.000  -119.000   -52.000   -80.000   -61.000   -30.000
1905  -155.000  -239.000  -101.000   -34.000  -159.000   -33.000  -104.000   -21.000   -44.000   -86.000    13.000   -89.000
1906   -39.000  -108.000  -137.000  -166.000   -43.000  -140.000  -132.000   -92.000  -135.000     0.000    12.000   -94.000
1907  -245.000  -222.000  -193.000   -38.000    36.000   -27.000  -118.000  -147.000  -123.000    78.000    23.000    91.000
1908   -78.000  -223.000   -70.000  -173.000   -76.000   -84.000   -77.000   -44.000   -82.000    22.000    16.000   -13.000
1909  -130.000   -93.000   115.000   -56.000   -73.000   -85.000  -132.000   -90.000   -80.000    50.000   -46.000    80.000
1910   -11.000    21.000  -150.000   -55.000   -19.000   -57.000   -42.000   -63.000   -92.000    44.000   130.000   200.000
1911  -151.000  -124.000  -114.000   -49.000   -46.000   -35.000   -90.000   -17.000   -23.000    87.000    93.000   160.000
1912   100.000   262.000    74.000  -200.000  -221.000    11.000    -6.000    60.000   -30.000    67.000   -19.000    66.000
1913   159.000    10.000    11.000    40.000    22.000   -31.000   -34.000    -6.000    87.000   246.000   167.000   -16.000
1914   -15.000   212.000   118.000     1.000    -9.000    21.000    18.000   -14.000     7.000    46.000   118.000   302.000
1915    91.000   155.000    -5.000  -115.000    20.000    26.000    14.000    -7.000    33.000    62.000   112.000   252.000
1916   -33.000    68.000   181.000   -26.000    42.000   -10.000   -57.000    41.000   -10.000   102.000   193.000   219.000
1917 -9999.000   -14.000    -4.000   -99.000     0.000   -41.000   -35.000   -30.000   -42.000    65.000   -80.000  -140.000
1918    49.000  -101.000   -41.000   -28.000   -66.000   -86.000    -7.000   -46.000    65.000     0.000    61.000    79.000
1919   -11.000   109.000    -2.000  -116.000   -82.000  -138.000  -113.000   -62.000    -1.000   -83.000    32.000   -35.000
1920   -83.000   -90.000     7.000    95.000   -31.000   -12.000    -7.000   -77.000   -62.000   151.000    83.000    74.000
1921    30.000   -72.000   -69.000  -100.000   -57.000  -113.000   -82.000   -67.000   -60.000     3.000    42.000   -81.000
1922     0.000    13.000     4.000     2.000  -123.000   -99.000   -81.000   -81.000  -110.000    28.000  -118.000   -18.000
1923  -215.000    72.000   -77.000    47.000   -69.000  -208.000  -101.000  -103.000  -109.000    56.000     0.000   -68.000
1924    29.000   -62.000    68.000   -30.000    23.000   -61.000    -8.000   -14.000    48.000   114.000    85.000    92.000
1925    17.000    98.000  -179.000   -45.000    28.000   -74.000   -12.000   -27.000   -46.000    73.000    73.000   177.000
1926   110.000   127.000   -71.000    21.000    -6.000     2.000   -37.000   -34.000   -26.000    81.000   227.000  -146.000
1927     8.000   -21.000    64.000   -67.000   -26.000    -5.000    20.000    56.000    43.000    34.000   111.000   163.000
1928    17.000   -48.000   143.000   116.000    16.000    45.000   -61.000    24.000     0.000    75.000    47.000   -47.000
1929  -108.000   -42.000  -143.000  -100.000   -78.000   -91.000   -76.000  -105.000   -72.000     4.000   126.000   146.000
1930   124.000   -55.000   -63.000    40.000   -37.000   -93.000    13.000    12.000    63.000    82.000   130.000   103.000
1931    10.000   -66.000    71.000     9.000    47.000     5.000    50.000    49.000   -50.000   -11.000   166.000  -101.000
1932    -4.000  -132.000     5.000     0.000    -3.000   -11.000     9.000    -8.000    73.000   119.000    49.000    94.000
1933     8.000   -12.000    51.000   -65.000    -6.000     0.000   -59.000   -54.000    32.000    83.000    61.000   -48.000
1934   -94.000  -256.000    -4.000    63.000   -76.000   -60.000   -51.000   -31.000    25.000   -38.000     9.000   235.000
1935  -176.000   -16.000  -113.000    -6.000   -67.000    41.000   -74.000   -25.000    37.000    40.000   189.000   145.000
1936   293.000   281.000   144.000    39.000   -22.000    -4.000    62.000   -63.000   -18.000   -32.000    31.000   -26.000
1937   171.000   152.000   154.000    58.000    -6.000   -52.000   -40.000   -67.000    20.000    46.000   239.000    58.000
1938    18.000  -125.000   -95.000  -140.000   -22.000   -56.000   -34.000   -59.000   -59.000    63.000   160.000   151.000
1939   253.000  -112.000   -75.000   -23.000   -68.000    -8.000   -62.000   -27.000    -5.000   108.000    69.000    33.000
1940    56.000   101.000    69.000     9.000    -7.000    33.000  -108.000   -71.000    -8.000   147.000   149.000   -51.000
1941    94.000   156.000   155.000    22.000     3.000     9.000  -121.000    46.000   -21.000   -12.000   134.000   -93.000
1942   -42.000   -96.000    54.000    44.000    86.000    -7.000   -20.000    23.000   111.000   162.000    71.000   175.000
1943   236.000   -67.000    15.000   -17.000    23.000     0.000    55.000    38.000    77.000   177.000    55.000     9.000
1944 -9999.000 -9999.000 -9999.000 -9999.000 -9999.000 -9999.000 -9999.000 -9999.000 -9999.000 -9999.000 -9999.000 -9999.000
1945 -9999.000 -9999.000 -9999.000 -9999.000 -9999.000 -9999.000 -9999.000 -9999.000 -9999.000 -9999.000 -9999.000 -9999.000
1946 -9999.000 -9999.000 -9999.000 -9999.000 -9999.000 -9999.000 -9999.000 -9999.000 -9999.000 -9999.000 -9999.000 -9999.000
1947 -9999.000 -9999.000 -9999.000 -9999.000 -9999.000 -9999.000 -9999.000 -9999.000 -9999.000 -9999.000 -9999.000 -9999.000
1948 -9999.000 -9999.000 -9999.000 -9999.000 -9999.000 -9999.000 -9999.000 -9999.000 -9999.000 -9999.000 -9999.000 -9999.000
1949 -9999.000 -9999.000 -9999.000 -9999.000 -9999.000 -9999.000 -9999.000 -9999.000 -9999.000 -9999.000 -9999.000 -9999.000
1950 -9999.000 -9999.000 -9999.000 -9999.000 -9999.000 -9999.000 -9999.000 -9999.000 -9999.000 -9999.000 -9999.000 -9999.000
1951 -9999.000 -9999.000 -9999.000 -9999.000 -9999.000 -9999.000 -9999.000 -9999.000 -9999.000 -9999.000 -9999.000 -9999.000
1952 -9999.000 -9999.000 -9999.000 -9999.000 -9999.000 -9999.000 -9999.000 -9999.000 -9999.000    87.000    91.000    97.000
1953   -57.000   -78.000  -128.000    48.000     3.000    27.000   -19.000    -5.000    20.000    24.000    18.000   126.000
1954   -83.000    21.000   115.000  -150.000   -50.000    -1.000     9.000    38.000    17.000    49.000   184.000    31.000
1955   176.000   191.000    16.000   -74.000    40.000    39.000    11.000    13.000    39.000    90.000   115.000   126.000
1956    72.000  -129.000     8.000   -85.000  -138.000  -119.000   -13.000    28.000    96.000   -19.000   -15.000    56.000
1957   -54.000   156.000   112.000  -105.000   -22.000   -22.000   -17.000   -16.000    14.000     9.000    73.000   157.000
1958    79.000    58.000    47.000  -100.000   -31.000    27.000    25.000    80.000   147.000    32.000   -16.000   225.000
1959   154.000   -69.000   100.000    59.000   -42.000   -24.000   -23.000   -30.000    10.000   107.000   106.000   198.000
1960    28.000   167.000   203.000    20.000    24.000    -8.000    59.000    82.000    67.000   257.000   302.000   134.000
1961   117.000    39.000   -64.000   119.000    33.000   -50.000   -12.000     9.000   106.000   183.000   123.000   209.000
1962   138.000   -84.000    74.000   -14.000   -28.000   -56.000    33.000    14.000    56.000    30.000   101.000   -15.000
1963     2.000    77.000    43.000    43.000   -66.000    31.000   -22.000     6.000   -20.000     8.000   337.000   159.000
1964   -21.000    35.000    97.000   -11.000   -21.000    -6.000   -89.000   -58.000    -8.000    35.000    25.000   131.000
1965    14.000   -99.000    52.000   -39.000    30.000    13.000    47.000     8.000   109.000   163.000   241.000   189.000
1966   229.000   422.000    10.000   149.000    11.000    88.000    12.000    61.000   100.000   248.000    70.000    42.000
1967    51.000    94.000   -13.000   -44.000   142.000   -26.000    -1.000    57.000    92.000   171.000   137.000    -5.000
1968   -11.000   164.000    21.000    74.000    44.000    34.000     8.000    12.000   132.000   146.000   268.000   229.000
1969   212.000   128.000   131.000    -6.000   116.000    75.000   -41.000     2.000    53.000    82.000   207.000    41.000
1970   250.000    96.000   -11.000   -17.000   -29.000    32.000   -38.000    10.000    28.000    -8.000   153.000    -9.000
1971   178.000   -45.000    -5.000    44.000    38.000    30.000    11.000    56.000    -5.000    14.000     1.000   -51.000
1972    99.000   137.000    85.000     0.000     7.000    21.000   -34.000   -51.000   -17.000    78.000    68.000   155.000
1973    10.000   -42.000  -119.000   -83.000    50.000   -48.000    26.000     4.000    67.000    31.000     9.000    41.000
1974   141.000   124.000    23.000    11.000    44.000    30.000   -16.000    11.000   105.000   -12.000   115.000   -13.000
1975    74.000    30.000    27.000   -77.000   -50.000   -33.000    -6.000    15.000    46.000     8.000    43.000   -83.000
1976   -77.000   -34.000   -30.000   -93.000   -54.000   -54.000   -59.000     4.000   113.000   309.000    81.000   172.000
1977   135.000   250.000   152.000     1.000   -26.000    -8.000   -12.000    11.000   -52.000   114.000    64.000   133.000
1978    16.000   157.000    74.000    16.000     2.000    11.000   -13.000   -21.000   -46.000   -55.000   -21.000   317.000
1979   131.000   162.000    84.000    48.000     3.000   -22.000   -60.000    -6.000   -32.000   149.000    20.000    99.000
1980 -9999.000    40.000    50.000   -57.000    23.000    81.000    41.000    38.000    45.000   147.000    51.000   -68.000
1981  -134.000   -42.000   165.000     6.000   142.000    12.000    -3.000   -38.000    41.000   184.000    66.000   293.000
1982   177.000   114.000   -62.000   -32.000 -9999.000    42.000    19.000    25.000    88.000   178.000   183.000     1.000
1983   -16.000    46.000    12.000   137.000   179.000    37.000    33.000     3.000    93.000    83.000   168.000   115.000
1984   126.000     4.000    37.000     8.000    87.000    42.000   -20.000   -43.000    72.000   118.000   270.000   121.000
1985   138.000   131.000    65.000    63.000    75.000    56.000    35.000    78.000    10.000    29.000   115.000   151.000
1986   108.000    84.000    22.000    48.000    28.000    21.000    -5.000    29.000    42.000    98.000    69.000   100.000
1987   -12.000    64.000    25.000    44.000    21.000    53.000    35.000    83.000   108.000   309.000   129.000   218.000
1988   233.000    83.000    17.000    59.000   133.000    79.000   102.000    47.000    51.000   199.000   151.000    18.000
1989    11.000   100.000    66.000    92.000    61.000    56.000     1.000    64.000    54.000   110.000   247.000   335.000
1990   160.000   220.000   -53.000   -18.000    45.000    81.000    49.000    43.000    48.000   222.000   154.000    45.000
1991    69.000    33.000    93.000   -11.000  -130.000    66.000    79.000    17.000   120.000   133.000   138.000     0.000
1992   -43.000   -47.000   -57.000     8.000   -13.000    40.000    30.000   135.000   125.000   152.000   158.000   162.000
1993   138.000   -47.000   -17.000   110.000   106.000    49.000    12.000     0.000   190.000   198.000   123.000   135.000
1994    91.000   171.000    12.000     4.000   149.000    20.000    41.000   103.000   157.000   191.000   194.000   201.000
1995   164.000   192.000    55.000     0.000    50.000   -11.000    80.000    25.000   128.000   171.000   245.000   226.000
1996   370.000    85.000   113.000    59.000   114.000   -13.000    20.000    44.000    57.000   109.000   144.000   143.000
1997   106.000    69.000   -31.000   -23.000   136.000   195.000     4.000    98.000    71.000   174.000   347.000   214.000
1998   182.000    36.000    -1.000   222.000    55.000   100.000    72.000    13.000   168.000   144.000   108.000    78.000
1999   148.000   -39.000    73.000    76.000    82.000    50.000    48.000   148.000   221.000   212.000    96.000   158.000
2000   -12.000    48.000   -24.000   215.000   109.000    24.000    76.000    47.000   144.000   161.000   357.000   426.000
2001   355.000   116.000   310.000    74.000    39.000    17.000    77.000    84.000    87.000   254.000    27.000    45.000
2002   147.000   148.000    75.000    74.000   118.000    39.000    29.000    44.000   101.000   219.000   342.000   282.000
2003   145.000    94.000   122.000   148.000    90.000   108.000    85.000    75.000    78.000   174.000   217.000   144.000
2004   173.000    70.000    68.000   114.000    92.000    65.000    65.000   189.000    95.000   327.000    47.000    66.000
2005    -8.000   -57.000    48.000    85.000    54.000    65.000    71.000    40.000    89.000   177.000   155.000    84.000
2006     8.000    40.000   115.000    27.000    72.000    31.000    53.000    61.000   173.000   310.000   258.000   135.000
2007   106.000   230.000    61.000    18.000   111.000   176.000   142.000    91.000    51.000   105.000    67.000    89.000
2008   175.000   110.000   124.000   146.000   168.000    83.000   127.000   132.000   137.000   141.000   138.000    86.000
2009   182.000   117.000    57.000   103.000    44.000   132.000   135.000    92.000    43.000   164.000   321.000   300.000
2010   161.000   273.000   137.000    77.000    72.000    93.000    85.000    95.000   135.000   228.000   291.000   186.000
2011   123.000   150.000    44.000    72.000    64.000    93.000    88.000   108.000   127.000   141.000   218.000   128.000
2012    26.000  -125.000   -58.000   190.000   114.000   156.000   124.000   178.000   129.000   264.000   256.000   196.000
2013   187.000    61.000   238.000   142.000   100.000    61.000    94.000   105.000   113.000   271.000 -9999.000   198.000
2014   339.000   360.000   113.000   170.000   118.000   110.000   112.000   137.000   165.000   253.000   400.000   103.000
2015   117.000    50.000    -1.000    60.000   114.000    49.000   120.000   156.000   152.000   215.000   187.000   249.000
2016   309.000   197.000    87.000   166.000   167.000   134.000    93.000    95.000   129.000   154.000   203.000    98.000
2017    62.000   165.000   109.000    33.000   168.000   149.000   142.000   125.000   163.000   145.000   136.000   145.000
2018   198.000    71.000   339.000   208.000   114.000   124.000   126.000   106.000   100.000   141.000   305.000   220.000
2019    79.000   119.000   100.000   202.000   115.000   157.000   158.000   153.000   138.000   287.000   384.000   326.000
2020   211.000   232.000   160.000   198.000   123.000   230.000   117.000   209.000   150.000 -9999.000 -9999.000   359.000
2021   223.000   305.000    99.000   113.000   203.000   135.000   170.000   140.000   190.000   234.000   153.000   230.000
2022    82.000   114.000   120.000 
