 1870 -0.2696471     -0.1673771      0.3293965      0.1322363     -0.2814062     -0.3572479     -0.3570197     -0.2411621     -0.3682267     -0.2795874     -0.1537650     -0.1626234    
 1871 -0.1048081     -0.3661215E-03 -0.5961356E-01  0.3272530E-01  0.8395079E-01  0.2781400E-01 -0.1507397     -0.9434211E-01  0.2433333E-01 -0.1714775      0.3028500E-01 -0.1580238E-01
 1872  0.1312999      0.2103638      0.7737443E-01  0.9710535E-01  0.5068180E-01  0.1071920      0.8539304E-02 -0.4389310E-01  0.2692434E-01  0.8600157E-01  0.1417730      0.1026356    
 1873  0.2310219     -0.1500861     -0.2517325     -0.9118369E-01 -0.2118782     -0.3959880     -0.3964687     -0.5190321     -0.3339467     -0.1226095     -0.1055570     -0.8966237E-01
 1874 -0.2123181     -0.2187062     -0.4332435     -0.5725857     -0.2419382     -0.2741790     -0.4484867E-01 -0.6356114E-01 -0.4540557     -0.8016654     -0.3554630     -0.5767464    
 1875 -0.2808181     -0.1745614E-01  0.5436650E-01  0.2100263      0.6404981E-01  0.9730306E-01 -0.2177656      0.3289789E-01 -0.3639469E-01 -0.3022285     -0.6429744     -0.2465834    
 1876 -0.1924471     -0.3346481     -0.2491945     -0.2955427     -0.2728092     -0.2328490     -0.9751862E-01  0.1377785E-01  0.2813123      0.1434016     -0.1108640     -0.8393237E-01
 1877 -0.1427381      0.5358928      0.2825865     -0.9956571E-01 -0.4852072     -0.2998780     -0.2939989      0.4950288      0.8801527      0.7726529      0.8056258      0.3673070    
 1878 -0.9264719E-01 -0.2286561      0.1371565      0.9553632E-01 -0.1555978     -0.1205684     -0.8913964E-01  0.8387774E-02  0.1523833     -0.3183792     -0.2137950     -0.2577324    
 1879 -0.2599691     -0.2475162     -0.2999935     -0.3611627     -0.3141062     -0.8333594E-01 -0.8070867E-01 -0.3592521     -0.2299867     -0.4328185     -0.5135820     -0.3924474    
 1880 -0.2943541     -0.9292510E-01 -0.1743735      0.1826063      0.5844983E-01 -0.1093189     -0.2343787     -0.3048634     -0.2140057     -0.3992564     -0.3052951     -0.1352354    
 1881 -0.5308151E-02 -0.3373471     -0.1966136     -0.2699446      0.5849180E-01  0.3699520      0.1772303      0.2031169      0.6163430E-01 -0.1059375     -0.1287841     -0.2832344    
 1882 -0.3892281     -0.5110168      0.3426462E-02  0.4660630E-01  0.1309238      0.1191930      0.6086934E-01 -0.2156931     -0.2922577     -0.1543275     -0.1300160     -0.2183034    
 1883 -0.5371588     -0.3809512E-01 -0.1499336      0.5383727E-01  0.8942813E-02  0.1066330      0.5360335E-02  0.1562189     -0.1422746      0.8072525E-02 -0.1119250     -0.1120954    
 1884 -0.2389851     -0.1370618E-01 -0.1594625      0.2553353      0.4475318     -0.1280698E-01  0.2906423     -0.2482115E-01 -0.1106854     -0.1197845E-01 -0.2270360     -0.2041534    
 1885 -0.2947571      0.7918188E-01 -0.1625255E-01 -0.1713368E-01 -0.1982152E-03  0.6057298E-01  0.7565135E-01  0.5137789E-01  0.9055316E-02  0.1373415     -0.2279451     -0.1717644    
 1886 -0.4449197     -0.5965856     -0.3022524     -0.1014337     -0.2463582     -0.1568290     -0.4313287     -0.6368434     -0.6285157     -0.5409344     -0.4368741     -0.3469864    
 1887 -0.2905971     -0.2199881     -0.1291036     -0.7751375E-01 -0.9273720E-01  0.1891309E-01  0.6091136E-01  0.2711769      0.7452637E-01 -0.1607585     -0.4180503E-01 -0.8210245E-01
 1888 -0.1712551     -0.4333571     -0.5806745     -0.6809747     -0.3052982     -0.2338289     -0.1555097     -0.8949113E-01 -0.1661057     -0.8043945E-01 -0.3053430     -0.2391244    
 1889 -0.4946378     -0.7699716E-01 -0.5006832     -0.6374236     -0.4648178     -0.3709669     -0.2220287     -0.3829612     -0.5513345     -0.7833045     -0.6232440     -0.1975044    
 1890  0.6338191E-01  0.1027629     -0.4603454E-01 -0.2109465E-01 -0.1374032     -0.5789510     -0.6231267     -0.4254792     -0.7313247     -0.8109535     -0.6586130     -0.3698854    
 1891 -0.1504682     -0.4039881     -0.4589335     -0.1058647     -0.1260492      0.9123102E-01 -0.8289635E-02  0.2749169      0.2925334      0.2391716      0.1172760      0.2813446    
 1892 -0.6478813E-01 -0.1534381     -0.5522352E-01 -0.1371247     -0.8755720E-01 -0.2960980     -0.3652287     -0.7601591     -0.8204946     -0.4586144     -0.2067741     -0.2832375    
 1893 -0.2775242     -0.2997422     -0.2601935     -0.4021936     -0.3242292     -0.3357290     -0.2557197     -0.4762521     -0.3322247     -0.4401975     -0.2703640     -0.1509844    
 1894  0.9124190E-01 -0.9189817E-01 -0.1110825     -0.1355027     -0.1435718E-01  0.9526199E-01  0.1138403      0.4055129      0.3103334E-01  0.2970254E-01 -0.2793503E-01 -0.3796339E-01
 1895 -0.1500911E-01  0.1128758      0.4488745E-01  0.3445297E-02  0.4204378E-01  0.8594200E-01 -0.1164706      0.2100978      0.5389333E-01  0.2009636     -0.2345040     -0.1591034    
 1896 -0.2176281     -0.4180682     -0.4098915     -0.1119237     -0.1775822E-01  0.3455302E-01  0.1930803      0.1485578      0.3485943      0.6578016      0.2873129      0.3101166    
 1897 -0.1472813E-01 -0.1450579     -0.1312545      0.2964318E-02  0.1520082E-01 -0.6135798E-01  0.4881133E-01  0.6048676E-01 -0.2002363     -0.7691275     -0.6570051     -0.5314544    
 1898 -0.3804871     -0.2761571     -0.1786545     -0.1980637     -0.2948762     -0.2417170     -0.5295787     -0.5381021     -0.5293967     -0.5606774     -0.4135931     -0.2599554    
 1899 -0.2501251     -0.1236521     -0.2397352E-01  0.5093631E-01  0.1081708     -0.1846290     -0.2799607     -0.1710721     -0.5738937     -0.7222646E-01 -0.1900651     -0.5302234    
 1900 -0.3007671     -0.1243661     -0.3119235     -0.1383337      0.3915182E-01  0.1488220     -0.2503864E-01 -0.2094021     -0.1781467     -0.7329744E-01  0.5147296E-01 -0.4195844    
 1901 -0.3720283     -0.6987872     -0.5675135     -0.3328147     -0.3546072     -0.4274470     -0.4185257     -0.5440912     -0.6691136     -0.4184465     -0.4934220     -0.4679154    
 1902 -0.3047081     -0.2838072     -0.9805349E-01  0.2317263      0.1562828      0.1006520      0.2238413      0.6142188      0.5692253      0.1183826      0.2002650     -0.5308339E-01
 1903 -0.3106471     -0.4018171     -0.2119035     -0.4472847     -0.6861022E-01 -0.1441480     -0.3209997     -0.1709431     -0.3302377     -0.6794745     -0.3810840     -0.2283275    
 1904 -0.5057508E-01 -0.6431714E-01 -0.6578550E-01  0.1508642     -0.5965626E-01 -0.9504595E-01  0.6231308E-02 -0.1325231     -0.3184667      0.1189435     -0.1049070     -0.4308934    
 1905 -0.4322891     -0.2032872     -0.3195045     -0.2878527     -0.6169170E-02 -0.2571070      0.1880036E-01  0.6070882E-01  0.3842533     -0.1058775     -0.1887060     -0.3466039    
 1906 -0.4367291     -0.3158469     -0.3575545     -0.6071517     -0.2259792     -0.1994490     -0.6926097     -0.8041945      -1.273915     -0.6562275     -0.5472031     -0.1361023    
 1907 -0.2016681     -0.1591614E-01  0.1010375     -0.1859637     -0.1090472     -0.1550770     -0.3082556     -0.6523101     -0.1660967     -0.4731748E-01 -0.1409051     -0.7633388E-02
 1908 -0.2239681     -0.1809061     -0.9879354E-01 -0.6079746     -0.3087816E-01  0.2323430     -0.3043097     -0.1798832      0.4284433E-01 -0.1122295     -0.2597970     -0.3692364    
 1909 -0.5640771     -0.3312371     -0.4065036     -0.2636426     -0.6024362     -0.7267410     -0.7382567     -0.7055901     -0.5591767     -0.3735774     -0.1769350     -0.4314435E-01
 1910 -0.3827191      0.6828606E-03 -0.3362525     -0.2134358     -0.3321072     -0.2687570     -0.7428467     -0.5394901     -0.6619036     -0.6969455     -0.4345430     -0.8256540E-01
 1911 -0.2602914E-01 -0.3177072     -0.5823519     -0.5631847     -0.2365392     -0.6230109     -0.4804156     -0.3051421     -0.1835267     -0.3127374      0.1870596E-01  0.5970562E-01
 1912 -0.8371013E-01 -0.1332562      0.1009544     -0.7668468E-01  0.1375428      0.1880520     -0.3789887     -0.4859417     -0.3647062     -0.2526195     -0.4862340     -0.2896724    
 1913 -0.6783611E-01  0.3331187E-01  0.1710644E-01 -0.8566469E-01  0.1205179E-01  0.2917430     -0.4436970E-01 -0.2009701     -0.1081547      0.2212625      0.7304966E-02 -0.3498340E-01
 1914 -0.1191791     -0.2686128E-02 -0.2003335     -0.5727568E-01  0.9290978E-01  0.7445219      0.3952103      0.2569379      0.2935533      0.2992215     -0.3107260     -0.4984324    
 1915 -0.4607581     -0.5187472     -0.2497616     -0.9958567E-01 -0.2963584     -0.1209708E-01 -0.4116281     -0.1588711     -0.1672640E-01  0.3980154E-01  0.2044496E-01  0.1866946    
 1916  0.3825289E-01  0.1384129      0.2109185      0.3190843      0.4231277E-01 -0.2077500     -0.3928797     -0.5713717     -0.9083157     -0.6137475     -0.4588630     -0.6682438E-01
 1917  0.1387009      0.1225129      0.6099343E-01 -0.5563471E-01 -0.2088972     -0.1499770     -0.2975097     -0.1537921     -0.5116657     -0.7085980     -0.6496931     -0.4575154    
 1918  0.1814939      0.3052589      0.2599534     -0.1133927     -0.2214072     -0.1225695E-01  0.1646404      0.2030979      0.3597733      0.5081416      0.4420450      0.2700866    
 1919  0.1419319      0.5284286E-01 -0.1169035     -0.2265347     -0.2010773     -0.1658180      0.1174113     -0.3821212E-01  0.1401253      0.7271528E-02 -0.1452398E-01 -0.1931534    
 1920  0.1861209      0.2234639      0.2923464      0.2386463      0.4686918      0.1330610     -0.2960367     -0.3199322     -0.2488667     -0.8963850E-01 -0.3290540     -0.1748544    
 1921 -0.1278161      0.4922897E-02  0.7134745E-01 -0.8353680E-02  0.1569818     -0.2325895E-01 -0.1481797     -0.6504701     -0.1875957     -0.1180895     -0.2366650     -0.1698224    
 1922 -0.2134891     -0.2749616E-01  0.2313365     -0.2092147     -0.1770982      0.1221921     -0.2552106     -0.1342931     -0.1510257     -0.1728475     -0.3000050     -0.9119338E-01
 1923 -0.3559911E-01 -0.2441551     -0.1286445     -0.5812371E-01 -0.1129672      0.8871207E-01 -0.1093087      0.2800479      0.6009253      0.6316826      0.6948429      0.1058561E-01
 1924 -0.2654991     -0.4271367     -0.2758835     -0.8638269E-01 -0.2161772     -0.2567590     -0.1014807     -0.1363322     -0.2917447      0.1470715     -0.1610450     -0.1518744    
 1925 -0.1484281      0.1411318      0.1447954      0.6628433      0.1564418      0.2712840      0.1261603      0.2407259      0.7482633      0.4586726      0.3658839      0.6019762E-01
 1926  0.1651519     -0.1891871      0.1114365     -0.6622168E-01  0.1144518      0.3372221      0.6230134E-01  0.2741089     -0.4456571E-01  0.2406416     -0.2428150     -0.2085744    
 1927 -0.3313810E-01  0.2114729     -0.4968354E-01 -0.2177157     -0.5700925E-01  0.2261302E-01 -0.2821997     -0.3305821     -0.3040247     -0.2459664     -0.3932500E-01 -0.1647534    
 1928 -0.2081461     -0.1905861     -0.1243446     -0.1325057     -0.6910720E-01 -0.2748080     -0.3463477     -0.6101425     -0.5102068     -0.3763474      0.4079396E-01 -0.1590544    
 1929 -0.1158671     -0.1928761     -0.8527252E-01 -0.4166368E-01 -0.1621872     -0.5610695E-01 -0.9516966E-01 -0.2061411      0.5488530E-01 -0.1574457E-03 -0.3375402E-01  0.1886556    
 1930 -0.2544571     -0.3442761     -0.1678745     -0.6441367E-01 -0.2452282      0.5229107E-01 -0.1119897     -0.4939112E-01 -0.4416852     -0.6135847E-01  0.3595040      0.9909660E-01
 1931  0.1109839     -0.1648769     -0.3953446     -0.3439437     -0.5920640E-01 -0.8904693E-01 -0.1200977     -0.2212224     -0.6505957     -0.2404675      0.6290397E-01 -0.5992734    
 1932 -0.2575371     -0.4106272     -0.2852116      0.5504534E-01 -0.1795382     -0.2050390      0.4791035E-01 -0.2079832     -0.4344568E-01 -0.3726965     -0.6678605E-01  0.1798266    
 1933 -0.2087712E-01  0.7701287E-01  0.1917945      0.3580253     -0.1454002     -0.1162570     -0.1756796     -0.3498622      -1.206795     -0.6296988     -0.3564551     -0.2591634    
 1934 -0.4421942     -0.8142209E-01 -0.1390052E-01  0.4682633E-01 -0.1128197E-02  0.1744720     -0.3191964E-01  0.2684878     -0.1376057      0.3422251E-01  0.9265295E-01  0.5330661E-01
 1935  0.1760429      0.1147329      0.2714474     -0.3557369E-01  0.2617528      0.2819630      0.3456494      0.2562758      0.1137233      0.5183354E-01  0.3666550      0.2346356    
 1936  0.2542029     -0.2197259     -0.5830252E-01  0.1120063      0.6251782E-02  0.2544810      0.2208503     -0.1563613     -0.8622567E-01 -0.3356289      0.1845430     -0.1050838    
 1937  0.5566287E-01 -0.6153664E-01 -0.1034935     -0.2220247      0.2409418     -0.1066170     -0.2534786      0.2872786E-01  0.2695843      0.5241154E-01  0.1320930      0.7443762E-01
 1938  0.8442390E-01 -0.4770714E-01  0.1617565     -0.1645937      0.2150208     -0.2168660     -0.3272685      0.1313569     -0.9747669E-01 -0.2553281     -0.4650061     -0.3281934    
 1939  0.4351085E-01  0.3783728      0.1735044     -0.8530366E-01 -0.1382892      0.1261303E-01 -0.1114286     -0.1793621      0.7542530E-01  0.1660816     -0.7182503E-01  0.1068456    
 1940  0.2482519     -0.5503613E-01 -0.3238716     -0.3122647     -0.2610172      0.1621920     -0.6987008E-01  0.2768886E-01 -0.2965568E-01 -0.1157672     -0.9386449E-01 -0.1027735    
 1941 -0.1935781     -0.4501171     -0.1074721     -0.9720334E-01 -0.7073799E-01 -0.1850770     -0.1352789     -0.1380733      0.2761421E-01  0.1661827      0.5213730      0.3141603E-01
 1942 -0.2473821E-01 -0.1289560     -0.9815484E-01 -0.2294934     -0.4002786     -0.7530180     -0.4036596     -0.8186921     -0.5860777     -0.2321075     -0.3505530     -0.3456344    
 1943 -0.3210791     -0.7937515E-01 -0.1523636     -0.4473469E-01  0.1047078E-01  0.3417211      0.3884804      0.3163079     -0.2876858     -0.1792990     -0.1404034     -0.1735234    
 1944  0.1382288E-01  0.4161929     -0.2471253E-01 -0.5996469E-01  0.4820138      0.7594201E-01  0.3467703      0.3314179      0.3614139     -0.2445778     -0.1866043E-02  0.3914352    
 1945  0.2802128E-01  0.2583731      0.3573255     -0.1496537     -0.3728492     -0.3729390     -0.2307487     -0.3748421     -0.2341847     -0.1567574     -0.7599404E-01 -0.1143934    
 1946  0.2357129      0.1552829     -0.7344553E-01 -0.3762120      0.4956318     -0.1396470      0.1348994      0.4454369      0.2886533      0.1782615      0.2212330     -0.3658342E-01
 1947 -0.1193971      0.1974739      0.1522975     -0.5623698E-02  0.3025418      0.1248120     -0.3389497     -0.3782032     -0.6099536     -0.4675535     -0.7251501E-01 -0.5256343E-01
 1948 -0.1291171      0.1460281E-01  0.1768355      0.7721832E-01  0.1139928      0.2495720      0.2577035E-01 -0.1811221     -0.2881857      0.6334257E-01 -0.1318640     -0.2934534    
 1949  0.1958839      0.3462338      0.3164646E-01  0.3458853      0.1079518      0.1814131      0.2839713      0.2914078      0.2699033      0.2319725     -0.1485060     -0.1181234    
 1950  0.1248938     -0.3840771     -0.5393226     -0.2938457     -0.1105272     -0.3028480     -0.5471969E-01  0.6097788E-01 -0.2711757     -0.2341984      0.2054596E-01  0.1859167    
 1951  0.4245009      0.3799339      0.4115964     -0.3331136      0.6032184E-01  0.3120303E-03  0.7374136E-01  0.4046679      0.3555143      0.1880715      0.3698640      0.1407546    
 1952  0.9963289E-01  0.2496529      0.2781565      0.2541163      0.5071279E-01  0.2095330     -0.1360887     -0.1823621     -0.2464457     -0.1901175      0.7660401E-01  0.1820756    
 1953  0.4729529      0.4541938      0.3402355      0.1263853      0.5144018      0.7723203E-01  0.1158013      0.5028683E-01  0.1197733      0.4360053E-01  0.1113150      0.9403560E-01
 1954 -0.1706291     -0.1023651     -0.9974509E-02  0.1711763     -0.3514382     -0.3139980     -0.5616666     -0.3501921     -0.3587347     -0.4796944     -0.2036340      0.1597656    
 1955  0.1189639      0.1675287E-01  0.1719965      0.1365863     -0.4968872     -0.1961160     -0.1455097     -0.1492622     -0.3776059     -0.3741085     -0.2167499E-01 -0.8781239E-01
 1956  0.6718290E-01  0.1478539      0.1515665     -0.1195047     -0.3715202     -0.6352590     -0.7890956     -0.4907522     -0.4432167     -0.3159474     -0.2690050      0.6275558E-01
 1957 -0.2683081     -0.3941081     -0.4446253E-01 -0.1193247     -0.1280679     -0.2750089     -0.1951807      0.1495889E-01 -0.2283466E-01 -0.1666765     -0.2355132     -0.3687239E-01
 1958 -0.2273971     -0.6433682E-01 -0.2214327     -0.1668847     -0.2974574     -0.6641170     -0.7690607     -0.9781622     -0.9430267     -0.6107064     -0.4274844     -0.4257624    
 1959  0.1415414     -0.3618462     -0.3718744     -0.1756647     -0.5431182     -0.5546573     -0.3734987     -0.6320423     -0.4792467     -0.2303279     -0.3272643     -0.1438941    
 1960 -0.6822711E-01  0.1255139     -0.2807437     -0.5648037     -0.5400782     -0.4904963     -0.4410489     -0.3036422     -0.2222444     -0.5503982     -0.5631559     -0.4284135    
 1961  0.2425289E-01  0.8910388E-01  0.3057846E-01 -0.4321927     -0.2390792      0.1845010      0.9232503       1.056063      0.9139643      0.8127815      0.5707639      0.5243446    
 1962  0.6803509      0.7130549      0.5093285      0.1608853     -0.1858892     -0.2674690     -0.1744796     -0.2308314E-01  0.1739043      0.2835155E-01  0.3424397E-01  0.1416066    
 1963  0.4965639      0.5650639      0.3540654      0.1196163     -0.1248872     -0.5684695E-01  0.5056304      0.7534979      0.4417543      0.7872115      0.5663550      0.1543376    
 1964 -0.2926571     -0.5226761     -0.1598535     -0.4348367E-01 -0.3212892     -0.1536090     -0.5353796     -0.4020121     -0.6203357     -0.6717269     -0.3693604E-01  0.3085458E-01
 1965 -0.1624491     -0.2779061     -0.3324154E-01 -0.1047827     -0.3412572     -0.2972880     -0.1792786      0.3399789E-01  0.1629043      0.3729716      0.2226695E-01 -0.7696339E-01
 1966 -0.6372812E-01  0.5932063E-02 -0.1886435     -0.2540737     -0.2244192      0.7153204E-01  0.2889403      0.4097289      0.4624853      0.5182156E-01 -0.1132970     -0.2345541E-01
 1967 -0.6803811E-01  0.9620285E-01  0.4014374     -0.8236468E-01  0.3306180E-01  0.2350230      0.4329413      0.4110678      0.5052752      0.5142106      0.2706549      0.2667856    
 1968  0.3819619      0.5029039      0.3058965      0.2536353      0.7534182E-01  0.2807630     -0.2282297     -0.1743513     -0.3735167     -0.1752176     -0.2067150      0.1565963E-03
 1969  0.6302297E-02  0.5302668E-02  0.2126271      0.1301353      0.3305200E-01 -0.4357268     -0.1128087     -0.6896213E-01  0.1116233      0.1564113      0.2434070      0.1279066    
 1970  0.4661019      0.4947624      0.2204263      0.3998645      0.3812307     -0.1940870     -0.2769389     -0.6911314E-01 -0.2391856     -0.2819675     -0.5931702E-01 -0.2249539E-01
 1971  0.3666209      0.1821349      0.3605124      0.4204353      0.1245228     -0.4560795E-01 -0.6089766E-01 -0.2663921     -0.3859255     -0.2729475      0.2649960      0.4278156    
 1972  0.3118729     -0.4690614E-01  0.1829564      0.3119673      0.3560728      0.9289321       1.001340      0.7918278      0.7226323      0.6825825      0.9178849      0.6899756    
 1973  0.2112319      0.9201258E-01  0.1512251      0.6425530E-01  0.2828706     -0.3442839E-01 -0.2014192     -0.3258921     -0.4133357     -0.9255835E-01  0.9034395E-01  0.2599446    
 1974  0.4475329      0.3250638      0.4013545      0.1270873     -0.4075623E-01  0.1636920      0.4451032E-01 -0.2167540     -0.3013961     -0.4889479     -0.3035750     -0.1470734    
 1975 -0.1981481     -0.8049715E-01 -0.3113735      0.2678153      0.2651828      0.2458030      0.2545014     -0.6365213E-01 -0.4969967     -0.7000377     -0.8080703E-01  0.4357463E-01
 1976  0.1733419      0.2460438      0.1723174      0.3021553      0.1946218      0.5597421      0.8868803      0.3874769      0.1522633      0.1251335      0.6596598E-01  0.2415966    
 1977  0.1657419     -0.9148511E-01  0.3266965      0.1517963     -0.1417893      0.9578064E-01  0.1223903      0.2010886E-01  0.1009233      0.6009728      0.1203651      0.1925352    
 1978 -0.4709991     -0.3603871     -0.4299645     -0.3353471E-01 -0.3340882      0.1575199E-01  0.1862113      0.5660686E-01  0.1000053     -0.1463764     -0.2109850     -0.4731438E-01
 1979  0.4857430      0.1066238E-01  0.1186264     -0.2623267E-01 -0.2450962      0.2992925     -0.2161968E-01  0.5431688E-01  0.8064331E-01  0.4208253E-01 -0.3626034E-02  0.1116556    
 1980  0.1009189E-01 -0.3092714E-01 -0.2649425      0.8500531E-01  0.1324916     -0.1913670     -0.3677596     -0.5411511     -0.3847047     -0.3015385     -0.1692261     -0.2699344    
 1981 -0.3291613E-01  0.1455228      0.1790763      0.2731353      0.1804828     -0.4887897E-01 -0.2664693     -0.3476721     -0.3973567     -0.2503684     -0.7995404E-01  0.1938546    
 1982  0.3121719      0.3359129      0.2063875      0.2996963      0.4215026      0.4458131      0.5585403      0.5372078      0.8018546      0.9796116      0.5315646      0.5025631E-01
 1983 -0.3131061     -0.4184851     -0.5995545     -0.3756137      0.1402218      0.5607731      0.8183408      0.6256576      0.2915453      0.6834146E-01 -0.9593409E-01  0.1122855    
 1984 -0.5472711E-01  0.2011284E-01  0.3057545E-01  0.2308053     -0.1057472     -0.1657870     -0.7257769E-01 -0.2165533     -0.2478455     -0.2982284     -0.1706560     -0.6527340E-01
 1985 -0.2982379     -0.4577065     -0.3883235     -0.1982468E-01 -0.2388820E-01 -0.4387569     -0.1102197     -0.1777311      0.1221233     -0.1423688      0.3213230     -0.2036134    
 1986  0.5588189E-01  0.3384186E-01 -0.4781154E-01 -0.1057447      0.4519229E-01 -0.8805734E-01 -0.2522297     -0.1197020      0.2177333      0.3077614      0.4214883E-02 -0.6113234E-01
 1987  0.8792347E-01  0.2105638      0.1498741E-01  0.2361530E-01  0.3638818      0.2992717      0.4997407      0.5774189      0.7524520      0.6104026      0.1964270      0.3651275    
 1988  0.5214013      0.1555383E-01 -0.1600446      0.5239528E-01 -0.3143283     -0.8130747E-01  0.1434305     -0.8412123E-02 -0.3399557E-01 -0.1687668      0.6382367E-01  0.3694575    
 1989 -0.1121571      0.1241439     -0.1668436     -0.2995237     -0.3955983     -0.5893079     -0.1536387     -0.4013073E-01  0.1356039     -0.5644882E-01 -0.9077492E-01  0.4631591E-01
 1990  0.6998289E-01 -0.1193862      0.9865463E-02 -0.2046735     -0.1501775     -0.3776180      0.4715168E-01 -0.1104937      0.1769042      0.1079127E-01  0.1528854      0.2158866    
 1991  0.2335725      0.7229435E-01  0.1160257      0.4689357      0.5777508      0.4536431      0.5628914      0.3383759      0.4590944      0.3254728      0.2876549      0.2967567    
 1992 -0.1526275     -0.2192568     -0.5182325     -0.3721347     -0.3501877     -0.6702887     -0.1855397     -0.4872711     -0.4732177     -0.2708184     -0.1523148     -0.1034341    
 1993 -0.2745771E-01  0.2043940     -0.1423539     -0.1546741E-03  0.1721816      0.8281052E-01  0.1413996     -0.2473122E-01  0.1897040      0.2003535      0.9842491E-01  0.7416010E-02
 1994  0.1933236      0.2347386E-01  0.3541065      0.5311269      0.7427227      0.6233010      0.8508813       1.091588      0.8888923       1.062824      0.5347748      0.4764579    
 1995  0.3078613      0.3327239      0.1029656     -0.4083380E-01 -0.5276701E-01  0.1122032      0.1240503      0.1367583      0.1803737     -0.1063797E-01 -0.4725423E-01  0.3033374    
 1996  0.1477132      0.1361735      0.6772545E-01 -0.1879630     -0.6727630E-01 -0.2040282     -0.3500497     -0.4001231     -0.3522157     -0.7527094     -0.5497640     -0.2004741    
 1997  0.5831188E-01  0.2480239      0.1952163      0.2341044      0.2242525      0.2719620      0.7400913      0.9142479       1.131003       1.229553       1.526274       1.075706    
 1998  0.6933519      0.5915928      0.9718657E-01  0.2275953      0.3384199      0.3379431     -0.9155965E-01 -0.2991011     -0.1359447     -0.3874391     -0.4060645     -0.1226944    
 1999  0.3859228E-01  0.1313329      0.2550668      0.1791562      0.1303278E-01  0.4481244E-01  0.4048600      0.3038875      0.3107048      0.1664916      0.1310940      0.6479621E-01
 2000  0.4348189E-01  0.1602229      0.2931665      0.3216669      0.3115937      0.1683230      0.3702793      0.4120076      0.2639842      0.2136623     -0.5839545E-01 -0.3472358E-01
 2001 -0.2627560      0.1527449      0.1429475      0.3166763      0.3361220      0.3178820      0.1538298     -0.2049091E-01  0.1370238     -0.9457836E-01  0.2053976E-02  0.1620056    
 2002  0.2609289E-01  0.7122442E-01  0.1603274     -0.1714334     -0.1304172      0.1042545E-02  0.3253043E-01  0.7233778E-01  0.6463045      0.7608026      0.3437839      0.5543458E-01
 2003 -0.7094711E-01  0.1864129      0.1137764      0.8118731E-01  0.3468281E-01  0.3291408      0.4248810      0.3886580      0.2995143      0.1130825      0.8834454E-01  0.4021356    
 2004  0.2130019      0.2835827      0.2298083      0.1013667     -0.3659972     -0.1936461     -0.7680580E-02  0.1482270      0.2536331      0.3522026      0.9456396E-01  0.8084661E-01
 2005  0.4462293E-01 -0.3905967     -0.2800856      0.2646048      0.1655118      0.1488203E-01 -0.9012797E-01 -0.6373245E-01 -0.1738462     -0.7964787E-01 -0.2484706E-01 -0.8690448E-01
 2006  0.3326288E-01 -0.1363373     -0.7318373E-01  0.1652861     -0.9108394E-02  0.1316216      0.3336413      0.5102069      0.7875443      0.9325825      0.7479560      0.3846966    
 2007  0.3933813      0.3192239      0.2675754      0.2802358      0.4684211      0.2211130      0.3382416      0.5176784      0.5950943      0.4239110      0.2242946     -0.1358396E-01
 2008  0.2837219      0.9732485E-01  0.2495545      0.2739632E-01  0.3773208      0.4051102      0.5392895      0.4051968      0.4456035      0.3844935      0.1193942      0.1598948    
 2009  0.1993622      0.3325334      0.2528371      0.3066875      0.4554818      0.2901430      0.1017703      0.1766578      0.2568743      0.3433026      0.1802470      0.3734657    
 2010  0.4620939      0.1919139      0.6107485      0.5502164      0.1694008      0.5076206E-01  0.2923114      0.2193478      0.9264371E-01 -0.8126938E-01 -0.2476254      0.1016349E-02
 2011  0.3599109      0.4105034      0.5194157      0.3345243      0.1095305      0.2457214      0.5163499      0.6249669      0.5620843      0.7122126      0.5834160      0.8453763E-01
 2012  0.2144612      0.9090416E-01  0.1789165     -0.9060439E-01 -0.1710288      0.1908623      0.8397103      0.9325268      0.8128449      0.4661816      0.1480040      0.4804360    
 2013  0.1037219      0.3579853      0.2356560     -0.1164448     -0.3070372     -0.3062985      0.1129610      0.8669758E-01  0.5004454E-01  0.1880426      0.4463557      0.3539865    
 2014  0.6762159E-01  0.8004403E-01  0.1647264E-02  0.1220553      0.1066838      0.1622700     -0.6992865E-01 -0.9148091E-01  0.2148833      0.4967418      0.2568830      0.2588077    
 2015  0.6835219E-01 -0.1760158     -0.8839351E-01  0.1724173      0.4386919      0.4863920      0.5183213      0.8487066      0.6537433      0.8384715      0.5946349      0.4847866    
 2016  0.4337819      0.5943584E-01  0.1444155      0.3269753      0.8536279E-01 -0.2525280     -0.4638481     -0.1623622     -0.7662570E-01 -0.1547945E-01 -0.1343650     -0.9679443E-01
 2017  0.8291987E-01  0.2702432      0.5098045      0.6790263      0.7346318      0.6146120      0.8133698      0.6295559      0.3947633      0.3714626      0.5362050      0.3225057    
 2018 -0.3128712E-01  0.3847028      0.3234616E-01  0.9745729E-01  0.3207835      0.3454920      0.3465006      0.4022455      0.9644633       1.040452      0.7472149      0.5221959    
 2019  0.5555726      0.5851238      0.3771377      0.4385273      0.7383224      0.7958421      0.8900493      0.7167069       1.252485       1.319892       1.082294      0.4561366    
 2020  0.3412238      0.2231638      0.1718664      0.1696343      0.4971797      0.6450331      0.6127323      0.9819788E-01  0.1709843      0.4296426      0.2677840      0.2436748    
 2021  0.2193322      0.4124319      0.4194364      0.4304053      0.2077710      0.1886321      0.6490034E-01  0.1819589      0.3024223      0.2649813      0.3161852      0.9250665E-01
 2022  0.1125629      0.8669484E-01  0.5963647E-01  0.1125063      0.7629180E-01 -0.1443160      0.9869213E-01  0.3528714E-01  0.3771392E-01 -0.3347364     -0.2182412E-01  0.1215666    
 2023  0.2781412      0.3257337      0.5668654      0.7403454      0.6421220      0.8559241      0.7912414       1.106369       1.306083       1.159973       1.167307       1.064554    
 2024  0.9335749      0.4965979      0.5734785      0.6204053      0.4965038      0.3876720      0.3264014      0.5476778      0.4751433      0.1594826     -0.1349851     -0.1175448    