1880 -0.2943541
1880.083333 -0.9292510E-01
1880.166667 -0.1743735
1880.250000 0.1826063
1880.333333 0.5844983E-01
1880.416667 -0.1093189
1880.500000 -0.2343787
1880.583333 -0.3048634
1880.666667 -0.2140057
1880.750000 -0.3992564
1880.833333 -0.3052951
1880.916667 -0.1352354
1881 -0.5308151E-02
1881.083333 -0.3373471
1881.166667 -0.1966136
1881.250000 -0.2699446
1881.333333 0.5849180E-01
1881.416667 0.3699520
1881.500000 0.1772303
1881.583333 0.2031169
1881.666667 0.6163430E-01
1881.750000 -0.1059375
1881.833333 -0.1287841
1881.916667 -0.2832344
1882 -0.3892281
1882.083333 -0.5110168
1882.166667 0.3426462E-02
1882.250000 0.4660630E-01
1882.333333 0.1309238
1882.416667 0.1191930
1882.500000 0.6086934E-01
1882.583333 -0.2156931
1882.666667 -0.2922577
1882.750000 -0.1543275
1882.833333 -0.1300160
1882.916667 -0.2183034
1883 -0.5371588
1883.083333 -0.3809512E-01
1883.166667 -0.1499336
1883.250000 0.5383727E-01
1883.333333 0.8942813E-02
1883.416667 0.1066330
1883.500000 0.5360335E-02
1883.583333 0.1562189
1883.666667 -0.1422746
1883.750000 0.8072525E-02
1883.833333 -0.1119250
1883.916667 -0.1120954
1884 -0.2389851
1884.083333 -0.1370618E-01
1884.166667 -0.1594625
1884.250000 0.2553353
1884.333333 0.4475318
1884.416667 -0.1280698E-01
1884.500000 0.2906423
1884.583333 -0.2482115E-01
1884.666667 -0.1106854
1884.750000 -0.1197845E-01
1884.833333 -0.2270360
1884.916667 -0.2041534
1885 -0.2947571
1885.083333 0.7918188E-01
1885.166667 -0.1625255E-01
1885.250000 -0.1713368E-01
1885.333333 -0.1982152E-03
1885.416667 0.6057298E-01
1885.500000 0.7565135E-01
1885.583333 0.5137789E-01
1885.666667 0.9055316E-02
1885.750000 0.1373415
1885.833333 -0.2279451
1885.916667 -0.1717644
1886 -0.4449197
1886.083333 -0.5965856
1886.166667 -0.3022524
1886.250000 -0.1014337
1886.333333 -0.2463582
1886.416667 -0.1568290
1886.500000 -0.4313287
1886.583333 -0.6368434
1886.666667 -0.6285157
1886.750000 -0.5409344
1886.833333 -0.4368741
1886.916667 -0.3469864
1887 -0.2905971
1887.083333 -0.2199881
1887.166667 -0.1291036
1887.250000 -0.7751375E-01
1887.333333 -0.9273720E-01
1887.416667 0.1891309E-01
1887.500000 0.6091136E-01
1887.583333 0.2711769
1887.666667 0.7452637E-01
1887.750000 -0.1607585
1887.833333 -0.4180503E-01
1887.916667 -0.8210245E-01
1888 -0.1712551
1888.083333 -0.4333571
1888.166667 -0.5806745
1888.250000 -0.6809747
1888.333333 -0.3052982
1888.416667 -0.2338289
1888.500000 -0.1555097
1888.583333 -0.8949113E-01
1888.666667 -0.1661057
1888.750000 -0.8043945E-01
1888.833333 -0.3053430
1888.916667 -0.2391244
1889 -0.4946378
1889.083333 -0.7699716E-01
1889.166667 -0.5006832
1889.250000 -0.6374236
1889.333333 -0.4648178
1889.416667 -0.3709669
1889.500000 -0.2220287
1889.583333 -0.3829612
1889.666667 -0.5513345
1889.750000 -0.7833045
1889.833333 -0.6232440
1889.916667 -0.1975044
1890 0.6338191E-01
1890.083333 0.1027629
1890.166667 -0.4603454E-01
1890.250000 -0.2109465E-01
1890.333333 -0.1374032
1890.416667 -0.5789510
1890.500000 -0.6231267
1890.583333 -0.4254792
1890.666667 -0.7313247
1890.750000 -0.8109535
1890.833333 -0.6586130
1890.916667 -0.3698854
1891 -0.1504682
1891.083333 -0.4039881
1891.166667 -0.4589335
1891.250000 -0.1058647
1891.333333 -0.1260492
1891.416667 0.9123102E-01
1891.500000 -0.8289635E-02
1891.583333 0.2749169
1891.666667 0.2925334
1891.750000 0.2391716
1891.833333 0.1172760
1891.916667 0.2813446
1892 -0.6478813E-01
1892.083333 -0.1534381
1892.166667 -0.5522352E-01
1892.250000 -0.1371247
1892.333333 -0.8755720E-01
1892.416667 -0.2960980
1892.500000 -0.3652287
1892.583333 -0.7601591
1892.666667 -0.8204946
1892.750000 -0.4586144
1892.833333 -0.2067741
1892.916667 -0.2832375
1893 -0.2775242
1893.083333 -0.2997422
1893.166667 -0.2601935
1893.250000 -0.4021936
1893.333333 -0.3242292
1893.416667 -0.3357290
1893.500000 -0.2557197
1893.583333 -0.4762521
1893.666667 -0.3322247
1893.750000 -0.4401975
1893.833333 -0.2703640
1893.916667 -0.1509844
1894 0.9124190E-01
1894.083333 -0.9189817E-01
1894.166667 -0.1110825
1894.250000 -0.1355027
1894.333333 -0.1435718E-01
1894.416667 0.9526199E-01
1894.500000 0.1138403
1894.583333 0.4055129
1894.666667 0.3103334E-01
1894.750000 0.2970254E-01
1894.833333 -0.2793503E-01
1894.916667 -0.3796339E-01
1895 -0.1500911E-01
1895.083333 0.1128758
1895.166667 0.4488745E-01
1895.250000 0.3445297E-02
1895.333333 0.4204378E-01
1895.416667 0.8594200E-01
1895.500000 -0.1164706
1895.583333 0.2100978
1895.666667 0.5389333E-01
1895.750000 0.2009636
1895.833333 -0.2345040
1895.916667 -0.1591034
1896 -0.2176281
1896.083333 -0.4180682
1896.166667 -0.4098915
1896.250000 -0.1119237
1896.333333 -0.1775822E-01
1896.416667 0.3455302E-01
1896.500000 0.1930803
1896.583333 0.1485578
1896.666667 0.3485943
1896.750000 0.6578016
1896.833333 0.2873129
1896.916667 0.3101166
1897 -0.1472813E-01
1897.083333 -0.1450579
1897.166667 -0.1312545
1897.250000 0.2964318E-02
1897.333333 0.1520082E-01
1897.416667 -0.6135798E-01
1897.500000 0.4881133E-01
1897.583333 0.6048676E-01
1897.666667 -0.2002363
1897.750000 -0.7691275
1897.833333 -0.6570051
1897.916667 -0.5314544
1898 -0.3804871
1898.083333 -0.2761571
1898.166667 -0.1786545
1898.250000 -0.1980637
1898.333333 -0.2948762
1898.416667 -0.2417170
1898.500000 -0.5295787
1898.583333 -0.5381021
1898.666667 -0.5293967
1898.750000 -0.5606774
1898.833333 -0.4135931
1898.916667 -0.2599554
1899 -0.2501251
1899.083333 -0.1236521
1899.166667 -0.2397352E-01
1899.250000 0.5093631E-01
1899.333333 0.1081708
1899.416667 -0.1846290
1899.500000 -0.2799607
1899.583333 -0.1710721
1899.666667 -0.5738937
1899.750000 -0.7222646E-01
1899.833333 -0.1900651
1899.916667 -0.5302234
1900 -0.3007671
1900.083333 -0.1243661
1900.166667 -0.3119235
1900.250000 -0.1383337
1900.333333 0.3915182E-01
1900.416667 0.1488220
1900.500000 -0.2503864E-01
1900.583333 -0.2094021
1900.666667 -0.1781467
1900.750000 -0.7329744E-01
1900.833333 0.5147296E-01
1900.916667 -0.4195844
1901 -0.3720283
1901.083333 -0.6987872
1901.166667 -0.5675135
1901.250000 -0.3328147
1901.333333 -0.3546072
1901.416667 -0.4274470
1901.500000 -0.4185257
1901.583333 -0.5440912
1901.666667 -0.6691136
1901.750000 -0.4184465
1901.833333 -0.4934220
1901.916667 -0.4679154
1902 -0.3047081
1902.083333 -0.2838072
1902.166667 -0.9805349E-01
1902.250000 0.2317263
1902.333333 0.1562828
1902.416667 0.1006520
1902.500000 0.2238413
1902.583333 0.6142188
1902.666667 0.5692253
1902.750000 0.1183826
1902.833333 0.2002650
1902.916667 -0.5308339E-01
1903 -0.3106471
1903.083333 -0.4018171
1903.166667 -0.2119035
1903.250000 -0.4472847
1903.333333 -0.6861022E-01
1903.416667 -0.1441480
1903.500000 -0.3209997
1903.583333 -0.1709431
1903.666667 -0.3302377
1903.750000 -0.6794745
1903.833333 -0.3810840
1903.916667 -0.2283275
1904 -0.5057508E-01
1904.083333 -0.6431714E-01
1904.166667 -0.6578550E-01
1904.250000 0.1508642
1904.333333 -0.5965626E-01
1904.416667 -0.9504595E-01
1904.500000 0.6231308E-02
1904.583333 -0.1325231
1904.666667 -0.3184667
1904.750000 0.1189435
1904.833333 -0.1049070
1904.916667 -0.4308934
1905 -0.4322891
1905.083333 -0.2032872
1905.166667 -0.3195045
1905.250000 -0.2878527
1905.333333 -0.6169170E-02
1905.416667 -0.2571070
1905.500000 0.1880036E-01
1905.583333 0.6070882E-01
1905.666667 0.3842533
1905.750000 -0.1058775
1905.833333 -0.1887060
1905.916667 -0.3466039
1906 -0.4367291
1906.083333 -0.3158469
1906.166667 -0.3575545
1906.250000 -0.6071517
1906.333333 -0.2259792
1906.416667 -0.1994490
1906.500000 -0.6926097
1906.583333 -0.8041945
1906.666667 -1.273915
1906.750000 -0.6562275
1906.833333 -0.5472031
1906.916667 -0.1361023
1907 -0.2016681
1907.083333 -0.1591614E-01
1907.166667 0.1010375
1907.250000 -0.1859637
1907.333333 -0.1090472
1907.416667 -0.1550770
1907.500000 -0.3082556
1907.583333 -0.6523101
1907.666667 -0.1660967
1907.750000 -0.4731748E-01
1907.833333 -0.1409051
1907.916667 -0.7633388E-02
1908 -0.2239681
1908.083333 -0.1809061
1908.166667 -0.9879354E-01
1908.250000 -0.6079746
1908.333333 -0.3087816E-01
1908.416667 0.2323430
1908.500000 -0.3043097
1908.583333 -0.1798832
1908.666667 0.4284433E-01
1908.750000 -0.1122295
1908.833333 -0.2597970
1908.916667 -0.3692364
1909 -0.5640771
1909.083333 -0.3312371
1909.166667 -0.4065036
1909.250000 -0.2636426
1909.333333 -0.6024362
1909.416667 -0.7267410
1909.500000 -0.7382567
1909.583333 -0.7055901
1909.666667 -0.5591767
1909.750000 -0.3735774
1909.833333 -0.1769350
1909.916667 -0.4314435E-01
1910 -0.3827191
1910.083333 0.6828606E-03
1910.166667 -0.3362525
1910.250000 -0.2134358
1910.333333 -0.3321072
1910.416667 -0.2687570
1910.500000 -0.7428467
1910.583333 -0.5394901
1910.666667 -0.6619036
1910.750000 -0.6969455
1910.833333 -0.4345430
1910.916667 -0.8256540E-01
1911 -0.2602914E-01
1911.083333 -0.3177072
1911.166667 -0.5823519
1911.250000 -0.5631847
1911.333333 -0.2365392
1911.416667 -0.6230109
1911.500000 -0.4804156
1911.583333 -0.3051421
1911.666667 -0.1835267
1911.750000 -0.3127374
1911.833333 0.1870596E-01
1911.916667 0.5970562E-01
1912 -0.8371013E-01
1912.083333 -0.1332562
1912.166667 0.1009544
1912.250000 -0.7668468E-01
1912.333333 0.1375428
1912.416667 0.1880520
1912.500000 -0.3789887
1912.583333 -0.4859417
1912.666667 -0.3647062
1912.750000 -0.2526195
1912.833333 -0.4862340
1912.916667 -0.2896724
1913 -0.6783611E-01
1913.083333 0.3331187E-01
1913.166667 0.1710644E-01
1913.250000 -0.8566469E-01
1913.333333 0.1205179E-01
1913.416667 0.2917430
1913.500000 -0.4436970E-01
1913.583333 -0.2009701
1913.666667 -0.1081547
1913.750000 0.2212625
1913.833333 0.7304966E-02
1913.916667 -0.3498340E-01
1914 -0.1191791
1914.083333 -0.2686128E-02
1914.166667 -0.2003335
1914.250000 -0.5727568E-01
1914.333333 0.9290978E-01
1914.416667 0.7445219
1914.500000 0.3952103
1914.583333 0.2569379
1914.666667 0.2935533
1914.750000 0.2992215
1914.833333 -0.3107260
1914.916667 -0.4984324
1915 -0.4607581
1915.083333 -0.5187472
1915.166667 -0.2497616
1915.250000 -0.9958567E-01
1915.333333 -0.2963584
1915.416667 -0.1209708E-01
1915.500000 -0.4116281
1915.583333 -0.1588711
1915.666667 -0.1672640E-01
1915.750000 0.3980154E-01
1915.833333 0.2044496E-01
1915.916667 0.1866946
1916 0.3825289E-01
1916.083333 0.1384129
1916.166667 0.2109185
1916.250000 0.3190843
1916.333333 0.4231277E-01
1916.416667 -0.2077500
1916.500000 -0.3928797
1916.583333 -0.5713717
1916.666667 -0.9083157
1916.750000 -0.6137475
1916.833333 -0.4588630
1916.916667 -0.6682438E-01
1917 0.1387009
1917.083333 0.1225129
1917.166667 0.6099343E-01
1917.250000 -0.5563471E-01
1917.333333 -0.2088972
1917.416667 -0.1499770
1917.500000 -0.2975097
1917.583333 -0.1537921
1917.666667 -0.5116657
1917.750000 -0.7085980
1917.833333 -0.6496931
1917.916667 -0.4575154
1918 0.1814939
1918.083333 0.3052589
1918.166667 0.2599534
1918.250000 -0.1133927
1918.333333 -0.2214072
1918.416667 -0.1225695E-01
1918.500000 0.1646404
1918.583333 0.2030979
1918.666667 0.3597733
1918.750000 0.5081416
1918.833333 0.4420450
1918.916667 0.2700866
1919 0.1419319
1919.083333 0.5284286E-01
1919.166667 -0.1169035
1919.250000 -0.2265347
1919.333333 -0.2010773
1919.416667 -0.1658180
1919.500000 0.1174113
1919.583333 -0.3821212E-01
1919.666667 0.1401253
1919.750000 0.7271528E-02
1919.833333 -0.1452398E-01
1919.916667 -0.1931534
1920 0.1861209
1920.083333 0.2234639
1920.166667 0.2923464
1920.250000 0.2386463
1920.333333 0.4686918
1920.416667 0.1330610
1920.500000 -0.2960367
1920.583333 -0.3199322
1920.666667 -0.2488667
1920.750000 -0.8963850E-01
1920.833333 -0.3290540
1920.916667 -0.1748544
1921 -0.1278161
1921.083333 0.4922897E-02
1921.166667 0.7134745E-01
1921.250000 -0.8353680E-02
1921.333333 0.1569818
1921.416667 -0.2325895E-01
1921.500000 -0.1481797
1921.583333 -0.6504701
1921.666667 -0.1875957
1921.750000 -0.1180895
1921.833333 -0.2366650
1921.916667 -0.1698224
1922 -0.2134891
1922.083333 -0.2749616E-01
1922.166667 0.2313365
1922.250000 -0.2092147
1922.333333 -0.1770982
1922.416667 0.1221921
1922.500000 -0.2552106
1922.583333 -0.1342931
1922.666667 -0.1510257
1922.750000 -0.1728475
1922.833333 -0.3000050
1922.916667 -0.9119338E-01
1923 -0.3559911E-01
1923.083333 -0.2441551
1923.166667 -0.1286445
1923.250000 -0.5812371E-01
1923.333333 -0.1129672
1923.416667 0.8871207E-01
1923.500000 -0.1093087
1923.583333 0.2800479
1923.666667 0.6009253
1923.750000 0.6316826
1923.833333 0.6948429
1923.916667 0.1058561E-01
1924 -0.2654991
1924.083333 -0.4271367
1924.166667 -0.2758835
1924.250000 -0.8638269E-01
1924.333333 -0.2161772
1924.416667 -0.2567590
1924.500000 -0.1014807
1924.583333 -0.1363322
1924.666667 -0.2917447
1924.750000 0.1470715
1924.833333 -0.1610450
1924.916667 -0.1518744
1925 -0.1484281
1925.083333 0.1411318
1925.166667 0.1447954
1925.250000 0.6628433
1925.333333 0.1564418
1925.416667 0.2712840
1925.500000 0.1261603
1925.583333 0.2407259
1925.666667 0.7482633
1925.750000 0.4586726
1925.833333 0.3658839
1925.916667 0.6019762E-01
1926 0.1651519
1926.083333 -0.1891871
1926.166667 0.1114365
1926.250000 -0.6622168E-01
1926.333333 0.1144518
1926.416667 0.3372221
1926.500000 0.6230134E-01
1926.583333 0.2741089
1926.666667 -0.4456571E-01
1926.750000 0.2406416
1926.833333 -0.2428150
1926.916667 -0.2085744
1927 -0.3313810E-01
1927.083333 0.2114729
1927.166667 -0.4968354E-01
1927.250000 -0.2177157
1927.333333 -0.5700925E-01
1927.416667 0.2261302E-01
1927.500000 -0.2821997
1927.583333 -0.3305821
1927.666667 -0.3040247
1927.750000 -0.2459664
1927.833333 -0.3932500E-01
1927.916667 -0.1647534
1928 -0.2081461
1928.083333 -0.1905861
1928.166667 -0.1243446
1928.250000 -0.1325057
1928.333333 -0.6910720E-01
1928.416667 -0.2748080
1928.500000 -0.3463477
1928.583333 -0.6101425
1928.666667 -0.5102068
1928.750000 -0.3763474
1928.833333 0.4079396E-01
1928.916667 -0.1590544
1929 -0.1158671
1929.083333 -0.1928761
1929.166667 -0.8527252E-01
1929.250000 -0.4166368E-01
1929.333333 -0.1621872
1929.416667 -0.5610695E-01
1929.500000 -0.9516966E-01
1929.583333 -0.2061411
1929.666667 0.5488530E-01
1929.750000 -0.1574457E-03
1929.833333 -0.3375402E-01
1929.916667 0.1886556
1930 -0.2544571
1930.083333 -0.3442761
1930.166667 -0.1678745
1930.250000 -0.6441367E-01
1930.333333 -0.2452282
1930.416667 0.5229107E-01
1930.500000 -0.1119897
1930.583333 -0.4939112E-01
1930.666667 -0.4416852
1930.750000 -0.6135847E-01
1930.833333 0.3595040
1930.916667 0.9909660E-01
1931 0.1109839
1931.083333 -0.1648769
1931.166667 -0.3953446
1931.250000 -0.3439437
1931.333333 -0.5920640E-01
1931.416667 -0.8904693E-01
1931.500000 -0.1200977
1931.583333 -0.2212224
1931.666667 -0.6505957
1931.750000 -0.2404675
1931.833333 0.6290397E-01
1931.916667 -0.5992734
1932 -0.2575371
1932.083333 -0.4106272
1932.166667 -0.2852116
1932.250000 0.5504534E-01
1932.333333 -0.1795382
1932.416667 -0.2050390
1932.500000 0.4791035E-01
1932.583333 -0.2079832
1932.666667 -0.4344568E-01
1932.750000 -0.3726965
1932.833333 -0.6678605E-01
1932.916667 0.1798266
1933 -0.2087712E-01
1933.083333 0.7701287E-01
1933.166667 0.1917945
1933.250000 0.3580253
1933.333333 -0.1454002
1933.416667 -0.1162570
1933.500000 -0.1756796
1933.583333 -0.3498622
1933.666667 -1.206795
1933.750000 -0.6296988
1933.833333 -0.3564551
1933.916667 -0.2591634
1934 -0.4421942
1934.083333 -0.8142209E-01
1934.166667 -0.1390052E-01
1934.250000 0.4682633E-01
1934.333333 -0.1128197E-02
1934.416667 0.1744720
1934.500000 -0.3191964E-01
1934.583333 0.2684878
1934.666667 -0.1376057
1934.750000 0.3422251E-01
1934.833333 0.9265295E-01
1934.916667 0.5330661E-01
1935 0.1760429
1935.083333 0.1147329
1935.166667 0.2714474
1935.250000 -0.3557369E-01
1935.333333 0.2617528
1935.416667 0.2819630
1935.500000 0.3456494
1935.583333 0.2562758
1935.666667 0.1137233
1935.750000 0.5183354E-01
1935.833333 0.3666550
1935.916667 0.2346356
1936 0.2542029
1936.083333 -0.2197259
1936.166667 -0.5830252E-01
1936.250000 0.1120063
1936.333333 0.6251782E-02
1936.416667 0.2544810
1936.500000 0.2208503
1936.583333 -0.1563613
1936.666667 -0.8622567E-01
1936.750000 -0.3356289
1936.833333 0.1845430
1936.916667 -0.1050838
1937 0.5566287E-01
1937.083333 -0.6153664E-01
1937.166667 -0.1034935
1937.250000 -0.2220247
1937.333333 0.2409418
1937.416667 -0.1066170
1937.500000 -0.2534786
1937.583333 0.2872786E-01
1937.666667 0.2695843
1937.750000 0.5241154E-01
1937.833333 0.1320930
1937.916667 0.7443762E-01
1938 0.8442390E-01
1938.083333 -0.4770714E-01
1938.166667 0.1617565
1938.250000 -0.1645937
1938.333333 0.2150208
1938.416667 -0.2168660
1938.500000 -0.3272685
1938.583333 0.1313569
1938.666667 -0.9747669E-01
1938.750000 -0.2553281
1938.833333 -0.4650061
1938.916667 -0.3281934
1939 0.4351085E-01
1939.083333 0.3783728
1939.166667 0.1735044
1939.250000 -0.8530366E-01
1939.333333 -0.1382892
1939.416667 0.1261303E-01
1939.500000 -0.1114286
1939.583333 -0.1793621
1939.666667 0.7542530E-01
1939.750000 0.1660816
1939.833333 -0.7182503E-01
1939.916667 0.1068456
1940 0.2482519
1940.083333 -0.5503613E-01
1940.166667 -0.3238716
1940.250000 -0.3122647
1940.333333 -0.2610172
1940.416667 0.1621920
1940.500000 -0.6987008E-01
1940.583333 0.2768886E-01
1940.666667 -0.2965568E-01
1940.750000 -0.1157672
1940.833333 -0.9386449E-01
1940.916667 -0.1027735
1941 -0.1935781
1941.083333 -0.4501171
1941.166667 -0.1074721
1941.250000 -0.9720334E-01
1941.333333 -0.7073799E-01
1941.416667 -0.1850770
1941.500000 -0.1352789
1941.583333 -0.1380733
1941.666667 0.2761421E-01
1941.750000 0.1661827
1941.833333 0.5213730
1941.916667 0.3141603E-01
1942 -0.2473821E-01
1942.083333 -0.1289560
1942.166667 -0.9815484E-01
1942.250000 -0.2294934
1942.333333 -0.4002786
1942.416667 -0.7530180
1942.500000 -0.4036596
1942.583333 -0.8186921
1942.666667 -0.5860777
1942.750000 -0.2321075
1942.833333 -0.3505530
1942.916667 -0.3456344
1943 -0.3210791
1943.083333 -0.7937515E-01
1943.166667 -0.1523636
1943.250000 -0.4473469E-01
1943.333333 0.1047078E-01
1943.416667 0.3417211
1943.500000 0.3884804
1943.583333 0.3163079
1943.666667 -0.2876858
1943.750000 -0.1792990
1943.833333 -0.1404034
1943.916667 -0.1735234
1944 0.1382288E-01
1944.083333 0.4161929
1944.166667 -0.2471253E-01
1944.250000 -0.5996469E-01
1944.333333 0.4820138
1944.416667 0.7594201E-01
1944.500000 0.3467703
1944.583333 0.3314179
1944.666667 0.3614139
1944.750000 -0.2445778
1944.833333 -0.1866043E-02
1944.916667 0.3914352
1945 0.2802128E-01
1945.083333 0.2583731
1945.166667 0.3573255
1945.250000 -0.1496537
1945.333333 -0.3728492
1945.416667 -0.3729390
1945.500000 -0.2307487
1945.583333 -0.3748421
1945.666667 -0.2341847
1945.750000 -0.1567574
1945.833333 -0.7599404E-01
1945.916667 -0.1143934
1946 0.2357129
1946.083333 0.1552829
1946.166667 -0.7344553E-01
1946.250000 -0.3762120
1946.333333 0.4956318
1946.416667 -0.1396470
1946.500000 0.1348994
1946.583333 0.4454369
1946.666667 0.2886533
1946.750000 0.1782615
1946.833333 0.2212330
1946.916667 -0.3658342E-01
1947 -0.1193971
1947.083333 0.1974739
1947.166667 0.1522975
1947.250000 -0.5623698E-02
1947.333333 0.3025418
1947.416667 0.1248120
1947.500000 -0.3389497
1947.583333 -0.3782032
1947.666667 -0.6099536
1947.750000 -0.4675535
1947.833333 -0.7251501E-01
1947.916667 -0.5256343E-01
1948 -0.1291171
1948.083333 0.1460281E-01
1948.166667 0.1768355
1948.250000 0.7721832E-01
1948.333333 0.1139928
1948.416667 0.2495720
1948.500000 0.2577035E-01
1948.583333 -0.1811221
1948.666667 -0.2881857
1948.750000 0.6334257E-01
1948.833333 -0.1318640
1948.916667 -0.2934534
1949 0.1958839
1949.083333 0.3462338
1949.166667 0.3164646E-01
1949.250000 0.3458853
1949.333333 0.1079518
1949.416667 0.1814131
1949.500000 0.2839713
1949.583333 0.2914078
1949.666667 0.2699033
1949.750000 0.2319725
1949.833333 -0.1485060
1949.916667 -0.1181234
1950 0.1248938
1950.083333 -0.3840771
1950.166667 -0.5393226
1950.250000 -0.2938457
1950.333333 -0.1105272
1950.416667 -0.3028480
1950.500000 -0.5471969E-01
1950.583333 0.6097788E-01
1950.666667 -0.2711757
1950.750000 -0.2341984
1950.833333 0.2054596E-01
1950.916667 0.1859167
1951 0.4245009
1951.083333 0.3799339
1951.166667 0.4115964
1951.250000 -0.3331136
1951.333333 0.6032184E-01
1951.416667 0.3120303E-03
1951.500000 0.7374136E-01
1951.583333 0.4046679
1951.666667 0.3555143
1951.750000 0.1880715
1951.833333 0.3698640
1951.916667 0.1407546
1952 0.9963289E-01
1952.083333 0.2496529
1952.166667 0.2781565
1952.250000 0.2541163
1952.333333 0.5071279E-01
1952.416667 0.2095330
1952.500000 -0.1360887
1952.583333 -0.1823621
1952.666667 -0.2464457
1952.750000 -0.1901175
1952.833333 0.7660401E-01
1952.916667 0.1820756
1953 0.4729529
1953.083333 0.4541938
1953.166667 0.3402355
1953.250000 0.1263853
1953.333333 0.5144018
1953.416667 0.7723203E-01
1953.500000 0.1158013
1953.583333 0.5028683E-01
1953.666667 0.1197733
1953.750000 0.4360053E-01
1953.833333 0.1113150
1953.916667 0.9403560E-01
1954 -0.1706291
1954.083333 -0.1023651
1954.166667 -0.9974509E-02
1954.250000 0.1711763
1954.333333 -0.3514382
1954.416667 -0.3139980
1954.500000 -0.5616666
1954.583333 -0.3501921
1954.666667 -0.3587347
1954.750000 -0.4796944
1954.833333 -0.2036340
1954.916667 0.1597656
1955 0.1189639
1955.083333 0.1675287E-01
1955.166667 0.1719965
1955.250000 0.1365863
1955.333333 -0.4968872
1955.416667 -0.1961160
1955.500000 -0.1455097
1955.583333 -0.1492622
1955.666667 -0.3776059
1955.750000 -0.3741085
1955.833333 -0.2167499E-01
1955.916667 -0.8781239E-01
1956 0.6718290E-01
1956.083333 0.1478539
1956.166667 0.1515665
1956.250000 -0.1195047
1956.333333 -0.3715202
1956.416667 -0.6352590
1956.500000 -0.7890956
1956.583333 -0.4907522
1956.666667 -0.4432167
1956.750000 -0.3159474
1956.833333 -0.2690050
1956.916667 0.6275558E-01
1957 -0.2683081
1957.083333 -0.3941081
1957.166667 -0.4446253E-01
1957.250000 -0.1193247
1957.333333 -0.1280679
1957.416667 -0.2750089
1957.500000 -0.1951807
1957.583333 0.1495889E-01
1957.666667 -0.2283466E-01
1957.750000 -0.1666765
1957.833333 -0.2355132
1957.916667 -0.3687239E-01
1958 -0.2273971
1958.083333 -0.6433682E-01
1958.166667 -0.2214327
1958.250000 -0.1668847
1958.333333 -0.2974574
1958.416667 -0.6641170
1958.500000 -0.7690607
1958.583333 -0.9781622
1958.666667 -0.9430267
1958.750000 -0.6107064
1958.833333 -0.4274844
1958.916667 -0.4257624
1959 0.1415414
1959.083333 -0.3618462
1959.166667 -0.3718744
1959.250000 -0.1756647
1959.333333 -0.5431182
1959.416667 -0.5546573
1959.500000 -0.3734987
1959.583333 -0.6320423
1959.666667 -0.4792467
1959.750000 -0.2303279
1959.833333 -0.3272643
1959.916667 -0.1438941
1960 -0.6822711E-01
1960.083333 0.1255139
1960.166667 -0.2807437
1960.250000 -0.5648037
1960.333333 -0.5400782
1960.416667 -0.4904963
1960.500000 -0.4410489
1960.583333 -0.3036422
1960.666667 -0.2222444
1960.750000 -0.5503982
1960.833333 -0.5631559
1960.916667 -0.4284135
1961 0.2425289E-01
1961.083333 0.8910388E-01
1961.166667 0.3057846E-01
1961.250000 -0.4321927
1961.333333 -0.2390792
1961.416667 0.1845010
1961.500000 0.9232503
1961.583333 1.056063
1961.666667 0.9139643
1961.750000 0.8127815
1961.833333 0.5707639
1961.916667 0.5243446
1962 0.6803509
1962.083333 0.7130549
1962.166667 0.5093285
1962.250000 0.1608853
1962.333333 -0.1858892
1962.416667 -0.2674690
1962.500000 -0.1744796
1962.583333 -0.2308314E-01
1962.666667 0.1739043
1962.750000 0.2835155E-01
1962.833333 0.3424397E-01
1962.916667 0.1416066
1963 0.4965639
1963.083333 0.5650639
1963.166667 0.3540654
1963.250000 0.1196163
1963.333333 -0.1248872
1963.416667 -0.5684695E-01
1963.500000 0.5056304
1963.583333 0.7534979
1963.666667 0.4417543
1963.750000 0.7872115
1963.833333 0.5663550
1963.916667 0.1543376
1964 -0.2926571
1964.083333 -0.5226761
1964.166667 -0.1598535
1964.250000 -0.4348367E-01
1964.333333 -0.3212892
1964.416667 -0.1536090
1964.500000 -0.5353796
1964.583333 -0.4020121
1964.666667 -0.6203357
1964.750000 -0.6717269
1964.833333 -0.3693604E-01
1964.916667 0.3085458E-01
1965 -0.1624491
1965.083333 -0.2779061
1965.166667 -0.3324154E-01
1965.250000 -0.1047827
1965.333333 -0.3412572
1965.416667 -0.2972880
1965.500000 -0.1792786
1965.583333 0.3399789E-01
1965.666667 0.1629043
1965.750000 0.3729716
1965.833333 0.2226695E-01
1965.916667 -0.7696339E-01
1966 -0.6372812E-01
1966.083333 0.5932063E-02
1966.166667 -0.1886435
1966.250000 -0.2540737
1966.333333 -0.2244192
1966.416667 0.7153204E-01
1966.500000 0.2889403
1966.583333 0.4097289
1966.666667 0.4624853
1966.750000 0.5182156E-01
1966.833333 -0.1132970
1966.916667 -0.2345541E-01
1967 -0.6803811E-01
1967.083333 0.9620285E-01
1967.166667 0.4014374
1967.250000 -0.8236468E-01
1967.333333 0.3306180E-01
1967.416667 0.2350230
1967.500000 0.4329413
1967.583333 0.4110678
1967.666667 0.5052752
1967.750000 0.5142106
1967.833333 0.2706549
1967.916667 0.2667856
1968 0.3819619
1968.083333 0.5029039
1968.166667 0.3058965
1968.250000 0.2536353
1968.333333 0.7534182E-01
1968.416667 0.2807630
1968.500000 -0.2282297
1968.583333 -0.1743513
1968.666667 -0.3735167
1968.750000 -0.1752176
1968.833333 -0.2067150
1968.916667 0.1565963E-03
1969 0.6302297E-02
1969.083333 0.5302668E-02
1969.166667 0.2126271
1969.250000 0.1301353
1969.333333 0.3305200E-01
1969.416667 -0.4357268
1969.500000 -0.1128087
1969.583333 -0.6896213E-01
1969.666667 0.1116233
1969.750000 0.1564113
1969.833333 0.2434070
1969.916667 0.1279066
1970 0.4661019
1970.083333 0.4947624
1970.166667 0.2204263
1970.250000 0.3998645
1970.333333 0.3812307
1970.416667 -0.1940870
1970.500000 -0.2769389
1970.583333 -0.6911314E-01
1970.666667 -0.2391856
1970.750000 -0.2819675
1970.833333 -0.5931702E-01
1970.916667 -0.2249539E-01
1971 0.3666209
1971.083333 0.1821349
1971.166667 0.3605124
1971.250000 0.4204353
1971.333333 0.1245228
1971.416667 -0.4560795E-01
1971.500000 -0.6089766E-01
1971.583333 -0.2663921
1971.666667 -0.3859255
1971.750000 -0.2729475
1971.833333 0.2649960
1971.916667 0.4278156
1972 0.3118729
1972.083333 -0.4690614E-01
1972.166667 0.1829564
1972.250000 0.3119673
1972.333333 0.3560728
1972.416667 0.9289321
1972.500000 1.001340
1972.583333 0.7918278
1972.666667 0.7226323
1972.750000 0.6825825
1972.833333 0.9178849
1972.916667 0.6899756
1973 0.2112319
1973.083333 0.9201258E-01
1973.166667 0.1512251
1973.250000 0.6425530E-01
1973.333333 0.2828706
1973.416667 -0.3442839E-01
1973.500000 -0.2014192
1973.583333 -0.3258921
1973.666667 -0.4133357
1973.750000 -0.9255835E-01
1973.833333 0.9034395E-01
1973.916667 0.2599446
1974 0.4475329
1974.083333 0.3250638
1974.166667 0.4013545
1974.250000 0.1270873
1974.333333 -0.4075623E-01
1974.416667 0.1636920
1974.500000 0.4451032E-01
1974.583333 -0.2167540
1974.666667 -0.3013961
1974.750000 -0.4889479
1974.833333 -0.3035750
1974.916667 -0.1470734
1975 -0.1981481
1975.083333 -0.8049715E-01
1975.166667 -0.3113735
1975.250000 0.2678153
1975.333333 0.2651828
1975.416667 0.2458030
1975.500000 0.2545014
1975.583333 -0.6365213E-01
1975.666667 -0.4969967
1975.750000 -0.7000377
1975.833333 -0.8080703E-01
1975.916667 0.4357463E-01
1976 0.1733419
1976.083333 0.2460438
1976.166667 0.1723174
1976.250000 0.3021553
1976.333333 0.1946218
1976.416667 0.5597421
1976.500000 0.8868803
1976.583333 0.3874769
1976.666667 0.1522633
1976.750000 0.1251335
1976.833333 0.6596598E-01
1976.916667 0.2415966
1977 0.1657419
1977.083333 -0.9148511E-01
1977.166667 0.3266965
1977.250000 0.1517963
1977.333333 -0.1417893
1977.416667 0.9578064E-01
1977.500000 0.1223903
1977.583333 0.2010886E-01
1977.666667 0.1009233
1977.750000 0.6009728
1977.833333 0.1203651
1977.916667 0.1925352
1978 -0.4709991
1978.083333 -0.3603871
1978.166667 -0.4299645
1978.250000 -0.3353471E-01
1978.333333 -0.3340882
1978.416667 0.1575199E-01
1978.500000 0.1862113
1978.583333 0.5660686E-01
1978.666667 0.1000053
1978.750000 -0.1463764
1978.833333 -0.2109850
1978.916667 -0.4731438E-01
1979 0.4857430
1979.083333 0.1066238E-01
1979.166667 0.1186264
1979.250000 -0.2623267E-01
1979.333333 -0.2450962
1979.416667 0.2992925
1979.500000 -0.2161968E-01
1979.583333 0.5431688E-01
1979.666667 0.8064331E-01
1979.750000 0.4208253E-01
1979.833333 -0.3626034E-02
1979.916667 0.1116556
1980 0.1009189E-01
1980.083333 -0.3092714E-01
1980.166667 -0.2649425
1980.250000 0.8500531E-01
1980.333333 0.1324916
1980.416667 -0.1913670
1980.500000 -0.3677596
1980.583333 -0.5411511
1980.666667 -0.3847047
1980.750000 -0.3015385
1980.833333 -0.1692261
1980.916667 -0.2699344
1981 -0.3291613E-01
1981.083333 0.1455228
1981.166667 0.1790763
1981.250000 0.2731353
1981.333333 0.1804828
1981.416667 -0.4887897E-01
1981.500000 -0.2664693
1981.583333 -0.3476721
1981.666667 -0.3973567
1981.750000 -0.2503684
1981.833333 -0.7995404E-01
1981.916667 0.1938546
1982 0.3121719
1982.083333 0.3359129
1982.166667 0.2063875
1982.250000 0.2996963
1982.333333 0.4215026
1982.416667 0.4458131
1982.500000 0.5585403
1982.583333 0.5372078
1982.666667 0.8018546
1982.750000 0.9796116
1982.833333 0.5315646
1982.916667 0.5025631E-01
1983 -0.3131061
1983.083333 -0.4184851
1983.166667 -0.5995545
1983.250000 -0.3756137
1983.333333 0.1402218
1983.416667 0.5607731
1983.500000 0.8183408
1983.583333 0.6256576
1983.666667 0.2915453
1983.750000 0.6834146E-01
1983.833333 -0.9593409E-01
1983.916667 0.1122855
1984 -0.5472711E-01
1984.083333 0.2011284E-01
1984.166667 0.3057545E-01
1984.250000 0.2308053
1984.333333 -0.1057472
1984.416667 -0.1657870
1984.500000 -0.7257769E-01
1984.583333 -0.2165533
1984.666667 -0.2478455
1984.750000 -0.2982284
1984.833333 -0.1706560
1984.916667 -0.6527340E-01
1985 -0.2982379
1985.083333 -0.4577065
1985.166667 -0.3883235
1985.250000 -0.1982468E-01
1985.333333 -0.2388820E-01
1985.416667 -0.4387569
1985.500000 -0.1102197
1985.583333 -0.1777311
1985.666667 0.1221233
1985.750000 -0.1423688
1985.833333 0.3213230
1985.916667 -0.2036134
1986 0.5588189E-01
1986.083333 0.3384186E-01
1986.166667 -0.4781154E-01
1986.250000 -0.1057447
1986.333333 0.4519229E-01
1986.416667 -0.8805734E-01
1986.500000 -0.2522297
1986.583333 -0.1197020
1986.666667 0.2177333
1986.750000 0.3077614
1986.833333 0.4214883E-02
1986.916667 -0.6113234E-01
1987 0.8792347E-01
1987.083333 0.2105638
1987.166667 0.1498741E-01
1987.250000 0.2361530E-01
1987.333333 0.3638818
1987.416667 0.2992717
1987.500000 0.4997407
1987.583333 0.5774189
1987.666667 0.7524520
1987.750000 0.6104026
1987.833333 0.1964270
1987.916667 0.3651275
1988 0.5214013
1988.083333 0.1555383E-01
1988.166667 -0.1600446
1988.250000 0.5239528E-01
1988.333333 -0.3143283
1988.416667 -0.8130747E-01
1988.500000 0.1434305
1988.583333 -0.8412123E-02
1988.666667 -0.3399557E-01
1988.750000 -0.1687668
1988.833333 0.6382367E-01
1988.916667 0.3694575
1989 -0.1121571
1989.083333 0.1241439
1989.166667 -0.1668436
1989.250000 -0.2995237
1989.333333 -0.3955983
1989.416667 -0.5893079
1989.500000 -0.1536387
1989.583333 -0.4013073E-01
1989.666667 0.1356039
1989.750000 -0.5644882E-01
1989.833333 -0.9077492E-01
1989.916667 0.4631591E-01
1990 0.6998289E-01
1990.083333 -0.1193862
1990.166667 0.9865463E-02
1990.250000 -0.2046735
1990.333333 -0.1501775
1990.416667 -0.3776180
1990.500000 0.4715168E-01
1990.583333 -0.1104937
1990.666667 0.1769042
1990.750000 0.1079127E-01
1990.833333 0.1528854
1990.916667 0.2158866
1991 0.2335725
1991.083333 0.7229435E-01
1991.166667 0.1160257
1991.250000 0.4689357
1991.333333 0.5777508
1991.416667 0.4536431
1991.500000 0.5628914
1991.583333 0.3383759
1991.666667 0.4590944
1991.750000 0.3254728
1991.833333 0.2876549
1991.916667 0.2967567
1992 -0.1526275
1992.083333 -0.2192568
1992.166667 -0.5182325
1992.250000 -0.3721347
1992.333333 -0.3501877
1992.416667 -0.6702887
1992.500000 -0.1855397
1992.583333 -0.4872711
1992.666667 -0.4732177
1992.750000 -0.2708184
1992.833333 -0.1523148
1992.916667 -0.1034341
1993 -0.2745771E-01
1993.083333 0.2043940
1993.166667 -0.1423539
1993.250000 -0.1546741E-03
1993.333333 0.1721816
1993.416667 0.8281052E-01
1993.500000 0.1413996
1993.583333 -0.2473122E-01
1993.666667 0.1897040
1993.750000 0.2003535
1993.833333 0.9842491E-01
1993.916667 0.7416010E-02
1994 0.1933236
1994.083333 0.2347386E-01
1994.166667 0.3541065
1994.250000 0.5311269
1994.333333 0.7427227
1994.416667 0.6233010
1994.500000 0.8508813
1994.583333 1.091588
1994.666667 0.8888923
1994.750000 1.062824
1994.833333 0.5347748
1994.916667 0.4764579
1995 0.3078613
1995.083333 0.3327239
1995.166667 0.1029656
1995.250000 -0.4083380E-01
1995.333333 -0.5276701E-01
1995.416667 0.1122032
1995.500000 0.1240503
1995.583333 0.1367583
1995.666667 0.1803737
1995.750000 -0.1063797E-01
1995.833333 -0.4725423E-01
1995.916667 0.3033374
1996 0.1477132
1996.083333 0.1361735
1996.166667 0.6772545E-01
1996.250000 -0.1879630
1996.333333 -0.6727630E-01
1996.416667 -0.2040282
1996.500000 -0.3500497
1996.583333 -0.4001231
1996.666667 -0.3522157
1996.750000 -0.7527094
1996.833333 -0.5497640
1996.916667 -0.2004741
1997 0.5831188E-01
1997.083333 0.2480239
1997.166667 0.1952163
1997.250000 0.2341044
1997.333333 0.2242525
1997.416667 0.2719620
1997.500000 0.7400913
1997.583333 0.9142479
1997.666667 1.131003
1997.750000 1.229553
1997.833333 1.526274
1997.916667 1.075706
1998 0.6933519
1998.083333 0.5915928
1998.166667 0.9718657E-01
1998.250000 0.2275953
1998.333333 0.3384199
1998.416667 0.3379431
1998.500000 -0.9155965E-01
1998.583333 -0.2991011
1998.666667 -0.1359447
1998.750000 -0.3874391
1998.833333 -0.4060645
1998.916667 -0.1226944
1999 0.3859228E-01
1999.083333 0.1313329
1999.166667 0.2550668
1999.250000 0.1791562
1999.333333 0.1303278E-01
1999.416667 0.4481244E-01
1999.500000 0.4048600
1999.583333 0.3038875
1999.666667 0.3107048
1999.750000 0.1664916
1999.833333 0.1310940
1999.916667 0.6479621E-01
2000 0.4348189E-01
2000.083333 0.1602229
2000.166667 0.2931665
2000.250000 0.3216669
2000.333333 0.3115937
2000.416667 0.1683230
2000.500000 0.3702793
2000.583333 0.4120076
2000.666667 0.2639842
2000.750000 0.2136623
2000.833333 -0.5839545E-01
2000.916667 -0.3472358E-01
2001 -0.2627560
2001.083333 0.1527449
2001.166667 0.1429475
2001.250000 0.3166763
2001.333333 0.3361220
2001.416667 0.3178820
2001.500000 0.1538298
2001.583333 -0.2049091E-01
2001.666667 0.1370238
2001.750000 -0.9457836E-01
2001.833333 0.2053976E-02
2001.916667 0.1620056
2002 0.2609289E-01
2002.083333 0.7122442E-01
2002.166667 0.1603274
2002.250000 -0.1714334
2002.333333 -0.1304172
2002.416667 0.1042545E-02
2002.500000 0.3253043E-01
2002.583333 0.7233778E-01
2002.666667 0.6463045
2002.750000 0.7608026
2002.833333 0.3437839
2002.916667 0.5543458E-01
2003 -0.7094711E-01
2003.083333 0.1864129
2003.166667 0.1137764
2003.250000 0.8118731E-01
2003.333333 0.3468281E-01
2003.416667 0.3291408
2003.500000 0.4248810
2003.583333 0.3886580
2003.666667 0.2995143
2003.750000 0.1130825
2003.833333 0.8834454E-01
2003.916667 0.4021356
2004 0.2130019
2004.083333 0.2835827
2004.166667 0.2298083
2004.250000 0.1013667
2004.333333 -0.3659972
2004.416667 -0.1936461
2004.500000 -0.7680580E-02
2004.583333 0.1482270
2004.666667 0.2536331
2004.750000 0.3522026
2004.833333 0.9456396E-01
2004.916667 0.8084661E-01
2005 0.4462293E-01
2005.083333 -0.3905967
2005.166667 -0.2800856
2005.250000 0.2646048
2005.333333 0.1655118
2005.416667 0.1488203E-01
2005.500000 -0.9012797E-01
2005.583333 -0.6373245E-01
2005.666667 -0.1738462
2005.750000 -0.7964787E-01
2005.833333 -0.2484706E-01
2005.916667 -0.8690448E-01
2006 0.3326288E-01
2006.083333 -0.1363373
2006.166667 -0.7318373E-01
2006.250000 0.1652861
2006.333333 -0.9108394E-02
2006.416667 0.1316216
2006.500000 0.3336413
2006.583333 0.5102069
2006.666667 0.7875443
2006.750000 0.9325825
2006.833333 0.7479560
2006.916667 0.3846966
2007 0.3933813
2007.083333 0.3192239
2007.166667 0.2675754
2007.250000 0.2802358
2007.333333 0.4684211
2007.416667 0.2211130
2007.500000 0.3382416
2007.583333 0.5176784
2007.666667 0.5950943
2007.750000 0.4239110
2007.833333 0.2242946
2007.916667 -0.1358396E-01
2008 0.2837219
2008.083333 0.9732485E-01
2008.166667 0.2495545
2008.250000 0.2739632E-01
2008.333333 0.3773208
2008.416667 0.4051102
2008.500000 0.5392895
2008.583333 0.4051968
2008.666667 0.4456035
2008.750000 0.3844935
2008.833333 0.1193942
2008.916667 0.1598948
2009 0.1993622
2009.083333 0.3325334
2009.166667 0.2528371
2009.250000 0.3066875
2009.333333 0.4554818
2009.416667 0.2901430
2009.500000 0.1017703
2009.583333 0.1766578
2009.666667 0.2568743
2009.750000 0.3433026
2009.833333 0.1802470
2009.916667 0.3734657
2010 0.4620939
2010.083333 0.1919139
2010.166667 0.6107485
2010.250000 0.5502164
2010.333333 0.1694008
2010.416667 0.5076206E-01
2010.500000 0.2923114
2010.583333 0.2193478
2010.666667 0.9264371E-01
2010.750000 -0.8126938E-01
2010.833333 -0.2476254
2010.916667 0.1016349E-02
2011 0.3599109
2011.083333 0.4105034
2011.166667 0.5194157
2011.250000 0.3345243
2011.333333 0.1095305
2011.416667 0.2457214
2011.500000 0.5163499
2011.583333 0.6249669
2011.666667 0.5620843
2011.750000 0.7122126
2011.833333 0.5834160
2011.916667 0.8453763E-01
2012 0.2144612
2012.083333 0.9090416E-01
2012.166667 0.1789165
2012.250000 -0.9060439E-01
2012.333333 -0.1710288
2012.416667 0.1908623
2012.500000 0.8397103
2012.583333 0.9325268
2012.666667 0.8128449
2012.750000 0.4661816
2012.833333 0.1480040
2012.916667 0.4804360
2013 0.1037219
2013.083333 0.3579853
2013.166667 0.2356560
2013.250000 -0.1164448
2013.333333 -0.3070372
2013.416667 -0.3062985
2013.500000 0.1129610
2013.583333 0.8669758E-01
2013.666667 0.5004454E-01
2013.750000 0.1880426
2013.833333 0.4463557
2013.916667 0.3539865
2014 0.6762159E-01
2014.083333 0.8004403E-01
2014.166667 0.1647264E-02
2014.250000 0.1220553
2014.333333 0.1066838
2014.416667 0.1622700
2014.500000 -0.6992865E-01
2014.583333 -0.9148091E-01
2014.666667 0.2148833
2014.750000 0.4967418
2014.833333 0.2568830
2014.916667 0.2588077
2015 0.6835219E-01
2015.083333 -0.1760158
2015.166667 -0.8839351E-01
2015.250000 0.1724173
2015.333333 0.4386919
2015.416667 0.4863920
2015.500000 0.5183213
2015.583333 0.8487066
2015.666667 0.6537433
2015.750000 0.8384715
2015.833333 0.5946349
2015.916667 0.4847866
2016 0.4337819
2016.083333 0.5943584E-01
2016.166667 0.1444155
2016.250000 0.3269753
2016.333333 0.8536279E-01
2016.416667 -0.2525280
2016.500000 -0.4638481
2016.583333 -0.1623622
2016.666667 -0.7662570E-01
2016.750000 -0.1547945E-01
2016.833333 -0.1343650
2016.916667 -0.9679443E-01
2017 0.8291987E-01
2017.083333 0.2702432
2017.166667 0.5098045
2017.250000 0.6790263
2017.333333 0.7346318
2017.416667 0.6146120
2017.500000 0.8133698
2017.583333 0.6295559
2017.666667 0.3947633
2017.750000 0.3714626
2017.833333 0.5362050
2017.916667 0.3225057
2018 -0.3128712E-01
2018.083333 0.3847028
2018.166667 0.3234616E-01
2018.250000 0.9745729E-01
2018.333333 0.3207835
2018.416667 0.3454920
2018.500000 0.3465006
2018.583333 0.4022455
2018.666667 0.9644633
2018.750000 1.040452
2018.833333 0.7472149
2018.916667 0.5221959
2019 0.5555726
2019.083333 0.5851238
2019.166667 0.3771377
2019.250000 0.4385273
2019.333333 0.7383224
2019.416667 0.7958421
2019.500000 0.8900493
2019.583333 0.7167069
2019.666667 1.252485
2019.750000 1.319892
2019.833333 1.082294
2019.916667 0.4561366
2020 0.3412238
2020.083333 0.2231638
2020.166667 0.1718664
2020.250000 0.1696343
2020.333333 0.4971797
2020.416667 0.6450331
2020.500000 0.6127323
2020.583333 0.9819788E-01
2020.666667 0.1709843
2020.750000 0.4296426
2020.833333 0.2677840
2020.916667 0.2436748
2021 0.2193322
2021.083333 0.4124319
2021.166667 0.4194364
2021.250000 0.4304053
2021.333333 0.2077710
2021.416667 0.1886321
2021.500000 0.6490034E-01
2021.583333 0.1819589
2021.666667 0.3024223
2021.750000 0.2649813
2021.833333 0.3161852
2021.916667 0.9250665E-01
2022 0.1125629
2022.083333 0.8669484E-01
2022.166667 0.5963647E-01
2022.250000 0.1125063
2022.333333 0.7629180E-01
2022.416667 -0.1443160
2022.500000 0.9869213E-01
2022.583333 0.3528714E-01
2022.666667 0.3771392E-01
2022.750000 -0.3347364
2022.833333 -0.2182412E-01
2022.916667 0.1215666
2023 0.2781412
2023.083333 0.3257337
2023.166667 0.5668654
2023.250000 0.7403454
2023.333333 0.6421220
2023.416667 0.8559241
2023.500000 0.7912414
2023.583333 1.106369
2023.666667 1.306083
2023.750000 1.159973
2023.833333 1.167307
2023.916667 1.064554
2024 0.9335749
2024.083333 0.4965979
2024.166667 0.5734785
2024.250000 0.6204053
2024.333333 0.4965038
2024.416667 0.3876720
2024.500000 0.3264014
2024.583333 0.5476778
2024.666667 0.4751433
2024.750000 0.1594826
2024.833333 -0.1349851
2024.916667 -0.1175448
