offs    0.07257014892
bg      0.00014145356
impA  256.77626786867
impB    0.00000429902
impC   -1.58631518993
delA    4.52257699024
delB    0.72718930642
asym   -0.00685694143
ann1    6.00208959073
ann2   -1.84058951006
sem1   -1.52369674086
sem2  103.43355471689
year    0.00004757771
IR      0.00001392001
ma     -0.00305420128
mp      0.00011630329
shfT   -0.37164179498
init    0.14396929733
   27.32166155400   0.00681880371  -1.51175838753
   27.21222081500   0.03005862449  -0.75321841968
 1095.17502233364   0.00017951547  -0.63737499452
    9.08286783775   0.00324907411   1.58783274705
    6.81670784238   0.00107414275   3.39622343707
   13.63341568476   0.00453739713   9.74347023622
   13.66083077700  -0.00291174739  33.36501358664
   13.60611040750  -0.00110801624  15.01912471388
   27.55454988600  -0.00374342892   2.59558295736
   13.77727494300  -0.00233463147  97.38456692800
 6793.47648813065   0.00092071155 -23.92259469877
 1616.30271425126  -0.00010009669  -0.58071866688
   27.09267692660  -0.00111212833   2.50141575763
    9.09502787633   0.00214256486   0.73503704786
   13.69115772864   0.00039864953  -1.29283118069
 1305.66025845931  -0.00008246024   0.00381473472
   27.44323926226  -0.00010473394   2.26989929151
   27.66676714572  -0.00032241945   1.62842600359
 2190.35004466729   0.00137879237   1.90668101990
   26.98505934729   0.00043862714   7.68425324016
 6167.20701373239  -0.00014450773   8.56559699615
 -3232.60542850251  -0.00080737847   0.42660417411
 -2120.90900683440  -0.00312294308  -0.41145961901
   27.33282433123   0.00020808237  -3.68624727419
   13.71880577217   0.00343743476 -41.83626634540
    9.13295078376   0.00005020828  -4.70629394762
    9.12068919638   0.00064972216   0.79493549375
    9.10846048884   0.00120162341   0.63062535129
 3396.73824406533   0.00074613840  10.07188306418
ltep  -27.32931525320
ltep    1.98903283507
ltep    3.91409468133
ltep  -46.97266296067
ltep    9.18223532339
ltep   -3.38839133780
ltep    1.34406062492
ltep    3.58909066144
ltep -117.24390085519
ltep  -17.10834702383
ltep    9.89893130156
harm  4
harm  2
harm  45
harm  20
harm  35
harm  551
harm  2217
harm  8734
harm  8775
harm  9280
harm  50
harm  80
harm  219
harm  186
harm  261
harm  133
harm  55
harm  683
harm  490
harm  1196
harm  119
harm  173
harm  284
harm  23
harm  74
harm  58
harm  139
harm  0
