1885 -9999.000  -122.000  -167.000  -150.000  -159.000  -192.000  -181.000  -128.000  -175.000  -123.000   -59.000  -184.000
1886  -115.000  -201.000  -212.000  -208.000  -190.000  -170.000  -195.000  -177.000  -153.000   -96.000   -64.000   -53.000
1887  -181.000  -285.000  -260.000  -175.000  -208.000  -184.000  -157.000  -147.000  -144.000  -132.000    24.000   -94.000
1888  -206.000  -121.000   -82.000  -126.000  -190.000  -188.000  -178.000  -197.000  -146.000  -135.000   -98.000  -113.000
1889  -163.000  -209.000  -105.000  -131.000  -124.000  -128.000  -201.000  -207.000  -178.000   -32.000  -219.000  -209.000
1890  -240.000  -195.000  -184.000  -106.000  -102.000  -245.000  -235.000  -216.000  -224.000  -234.000  -118.000   -32.000
1891  -187.000  -334.000  -162.000  -172.000  -117.000  -148.000  -186.000  -209.000  -207.000   -72.000   -10.000  -190.000
1892  -105.000   -87.000  -109.000  -170.000  -162.000  -184.000  -172.000  -152.000  -209.000   -63.000   -98.000  -172.000
1893  -109.000  -180.000  -227.000  -205.000  -139.000  -172.000  -173.000  -167.000  -110.000  -110.000   -14.000  -142.000
1894  -174.000  -287.000  -240.000  -169.000  -146.000  -207.000  -191.000  -203.000  -164.000   -70.000  -112.000  -127.000
1895    38.000   -54.000  -124.000  -114.000  -187.000  -152.000  -147.000  -189.000  -200.000   -59.000   -72.000   -62.000
1896  -207.000  -289.000  -249.000  -239.000  -173.000  -138.000  -164.000  -158.000  -169.000   -70.000   -12.000   -18.000
1897   -45.000  -208.000  -185.000  -167.000  -114.000  -150.000  -127.000  -171.000  -185.000   -93.000  -182.000  -170.000
1898  -248.000  -215.000   -81.000  -129.000  -116.000  -122.000  -168.000  -191.000  -165.000     5.000    45.000  -152.000
1899  -138.000  -102.000  -213.000  -163.000  -147.000  -148.000  -153.000  -127.000  -101.000   -53.000  -128.000   -13.000
1900   -90.000    38.000   -89.000  -169.000   -64.000  -110.000  -143.000  -112.000  -125.000  -102.000   -20.000  -102.000
1901  -117.000  -107.000   -86.000  -118.000  -172.000  -155.000  -149.000  -172.000   -73.000   -55.000   -23.000   -13.000
1902  -175.000    -6.000  -115.000   -66.000  -187.000  -123.000  -161.000  -114.000  -138.000   -12.000   -44.000   -87.000
1903  -139.000  -293.000  -200.000  -130.000  -122.000   -73.000  -134.000  -167.000  -139.000   -88.000  -100.000    34.000
1904  -121.000   -23.000   -95.000  -154.000  -188.000  -115.000  -131.000  -135.000  -113.000  -128.000  -118.000   -81.000
1905  -159.000  -244.000  -157.000  -127.000  -137.000   -96.000  -125.000  -144.000  -135.000  -102.000    22.000  -187.000
1906  -168.000  -148.000  -164.000  -182.000  -127.000  -144.000  -140.000  -155.000  -158.000   -76.000   -41.000   -99.000
1907  -210.000  -191.000  -260.000  -143.000  -154.000  -170.000  -174.000  -173.000  -137.000    11.000     0.000   -74.000
1908  -159.000  -274.000  -181.000  -157.000  -190.000  -109.000  -175.000  -146.000  -220.000  -120.000   -78.000   -19.000
1909  -215.000  -193.000   -64.000  -204.000  -216.000  -208.000  -203.000  -165.000  -126.000  -123.000    -5.000   -19.000
1910  -136.000  -106.000  -195.000  -130.000   -86.000  -130.000  -158.000  -180.000  -152.000   -85.000   -55.000    17.000
1911  -200.000  -253.000  -163.000  -122.000  -103.000  -141.000  -146.000   -84.000  -138.000   -56.000   -13.000   -82.000
1912   -88.000   -28.000  -161.000  -186.000  -194.000  -144.000  -145.000  -179.000  -148.000  -118.000  -131.000  -172.000
1913  -148.000  -196.000  -233.000  -144.000  -155.000  -191.000  -152.000  -126.000   -45.000     5.000   -78.000  -159.000
1914  -155.000  -160.000  -167.000  -231.000  -192.000  -142.000  -157.000  -163.000  -177.000   -83.000    22.000   -27.000
1915   -52.000   -81.000  -139.000  -169.000  -117.000  -104.000  -145.000  -144.000  -150.000   -85.000   -30.000   -14.000
1916  -231.000   130.000    98.000  -129.000   -90.000  -143.000  -144.000   -90.000   -93.000  -106.000    42.000    45.000
1917   -90.000  -113.000  -113.000  -133.000  -100.000  -163.000  -143.000  -141.000  -176.000  -163.000  -153.000  -148.000
1918  -108.000  -266.000  -182.000   -53.000  -134.000  -132.000  -107.000  -148.000   -76.000   -50.000   -37.000   -89.000
1919   -25.000   -33.000  -100.000  -116.000  -156.000  -146.000  -144.000  -121.000   -98.000   -85.000    10.000  -128.000
1920  -146.000  -249.000  -188.000   -96.000  -139.000  -135.000  -141.000  -123.000  -109.000    12.000   -18.000   -68.000
1921  -226.000  -134.000  -254.000  -129.000  -135.000  -123.000  -132.000  -116.000  -107.000   -87.000   -59.000   -73.000
1922   -91.000   -99.000   -82.000   -97.000  -174.000  -120.000  -182.000  -134.000  -128.000    -8.000  -130.000   -82.000
1923  -164.000   -85.000  -102.000   -77.000  -185.000  -187.000  -175.000  -135.000  -180.000  -137.000   -51.000   -77.000
1924   -87.000   -95.000  -116.000  -152.000  -148.000  -157.000  -137.000  -167.000  -128.000  -113.000   -81.000  -134.000
1925  -254.000  -182.000  -147.000  -154.000  -106.000  -120.000  -133.000  -160.000  -165.000   -66.000   -24.000   -70.000
1926  -125.000   -98.000  -186.000  -133.000   -84.000  -113.000  -130.000  -146.000  -118.000   -14.000   127.000   -98.000
1927   -93.000  -133.000  -121.000   -96.000  -129.000  -105.000  -116.000  -127.000  -117.000   -91.000    49.000    88.000
1928  -163.000  -212.000   -85.000     8.000   -74.000   -92.000  -102.000   -41.000   -76.000   -80.000   -46.000   -94.000
1929  -155.000  -150.000  -166.000  -137.000  -153.000  -141.000  -149.000  -139.000   -86.000   -63.000   -60.000   -69.000
1930  -133.000   -41.000  -142.000   -29.000   -91.000   -95.000   -91.000  -149.000  -102.000   -84.000   -81.000   -66.000
1931  -111.000  -147.000   -40.000  -112.000  -118.000  -135.000  -135.000  -123.000  -136.000   -68.000   -11.000  -174.000
1932  -193.000  -224.000  -106.000  -145.000  -149.000  -130.000   -99.000  -116.000   -30.000   -46.000   -75.000   -63.000
1933  -101.000   -90.000  -134.000  -189.000  -106.000   -79.000  -136.000  -128.000   -29.000    18.000    45.000    38.000
1934  -166.000  -235.000   -49.000    -9.000   -74.000   -93.000   -95.000  -121.000  -132.000  -159.000    35.000    40.000
1935  -106.000   -89.000  -158.000  -149.000   -92.000  -136.000  -136.000  -113.000  -144.000   -57.000    44.000    32.000
1936    46.000    37.000   -11.000   -27.000   -53.000   -74.000  -103.000  -147.000   -95.000   -66.000   -25.000  -135.000
1937   -75.000   -17.000    30.000   -55.000  -111.000   -98.000  -117.000   -81.000   -30.000    18.000    50.000    41.000
1938  -134.000  -186.000  -263.000  -168.000  -116.000  -169.000  -170.000  -122.000   -69.000   -63.000   -54.000     9.000
1939     6.000  -146.000  -163.000  -105.000   -66.000   -72.000   -89.000   -84.000   -35.000    31.000   -76.000     6.000
1940   -16.000   -48.000   -76.000  -123.000   -24.000   -71.000  -102.000  -131.000  -131.000    52.000    31.000  -133.000
1941    72.000    58.000  -102.000   -11.000   -87.000  -101.000   -57.000  -111.000  -119.000   -95.000   -17.000  -194.000
1942  -138.000   -70.000   -51.000   -77.000  -121.000   -83.000  -119.000  -104.000   -70.000     4.000    18.000   -47.000
1943   -90.000  -214.000  -150.000  -178.000  -145.000  -137.000  -102.000   -84.000   -40.000    63.000     3.000   -36.000
1944  -194.000   -99.000  -102.000   -96.000  -110.000   -66.000   -67.000     4.000   -88.000   -12.000   -46.000   -75.000
1945   -68.000  -230.000  -245.000  -154.000  -148.000  -135.000  -116.000  -113.000  -148.000   -99.000     1.000   -49.000
1946  -129.000  -216.000   -55.000  -113.000    -8.000  -126.000  -120.000  -111.000   -99.000    -6.000    31.000   -74.000
1947  -129.000    49.000    26.000  -174.000   -94.000  -118.000   -88.000   -71.000   -63.000   -63.000   -42.000     4.000
1948   -15.000  -116.000  -253.000  -123.000   -14.000   -86.000   -97.000   -72.000   -58.000   -34.000   -72.000   -46.000
1949  -171.000  -233.000  -173.000  -202.000   -89.000  -106.000   -66.000   -93.000   -17.000   -10.000    68.000   -34.000
1950   -92.000  -115.000  -144.000   -79.000  -108.000  -125.000  -127.000  -101.000  -125.000   -76.000   -23.000    38.000
1951   -18.000    30.000   -12.000  -112.000   -30.000   -74.000   -98.000     7.000   213.000   283.000   365.000   165.000
1952   165.000   148.000    80.000    31.000    83.000    69.000    55.000    39.000    46.000    87.000   -29.000 -9999.000
1953 -9999.000  -102.000  -251.000   -90.000  -103.000   -14.000 -9999.000  -104.000   -30.000    23.000   -91.000   -42.000
1954  -102.000   -11.000   -18.000  -152.000   -42.000   -83.000  -109.000  -101.000  -134.000   -98.000    13.000   -66.000
1955    21.000    52.000   -44.000   -99.000  -124.000   -56.000   -30.000   -14.000   -21.000    50.000    88.000     5.000
1956    -7.000   -18.000   -39.000   -38.000  -108.000  -104.000   -63.000   -55.000    -7.000   -77.000   -16.000   -66.000
1957  -122.000   -56.000   -88.000   -76.000   -28.000   -35.000   -66.000   -65.000   -68.000    11.000   108.000   115.000
1958    15.000   -34.000    35.000    10.000   -60.000   -32.000   -42.000   -16.000   -12.000     3.000    11.000   246.000
1959    33.000  -160.000   -18.000   -24.000    12.000     5.000   -14.000   -11.000    51.000    59.000   114.000   156.000
1960    55.000    56.000    25.000   -80.000   -45.000   -58.000   -73.000   -38.000    -6.000   142.000    79.000    53.000
1961   -11.000  -153.000  -199.000   -62.000   -36.000   -37.000   -92.000   -93.000   -56.000    29.000   134.000    62.000
1962     5.000  -141.000    15.000   -89.000  -105.000   -81.000   -72.000   -90.000   -37.000    27.000   127.000     8.000
1963    96.000    53.000  -106.000   -27.000   -99.000   -23.000   -77.000   -91.000   -42.000   -31.000   177.000   120.000
1964  -165.000   -50.000    34.000   -50.000   -98.000   -16.000   -85.000   -55.000   -70.000    -2.000   -28.000     6.000
1965   -22.000   -40.000   -83.000  -102.000   -83.000   -70.000   -81.000   -89.000     8.000    79.000    93.000    -3.000
1966    -1.000    78.000  -121.000   -55.000   -96.000   -52.000   -55.000   -59.000   -23.000   146.000   105.000   -25.000
1967   -72.000  -107.000  -162.000   -65.000   -37.000   -98.000   -89.000   -63.000   -57.000   -32.000    38.000   -46.000
1968  -120.000   -15.000  -109.000   -98.000   -78.000   -46.000   -78.000   -61.000   -55.000   -55.000   134.000   106.000
1969    26.000    14.000    47.000   -90.000   -41.000   -37.000  -113.000   -50.000     3.000    -4.000    30.000    20.000
1970 -9999.000  -104.000   -47.000    30.000    -2.000   -53.000   -59.000   -34.000   -51.000   -93.000    -7.000  -115.000
1971 -9999.000  -104.000   -47.000    30.000    -2.000   -53.000   -59.000   -34.000 -9999.000   -93.000    -7.000  -115.000
1972    -1.000    32.000   -34.000   -48.000   -38.000   -42.000   -59.000   -75.000    12.000    23.000   -67.000   -82.000
1973   -78.000   -68.000  -133.000  -121.000   -74.000   -70.000   -56.000   -89.000   -26.000   -29.000   -90.000   -28.000
1974  -114.000    -3.000   -62.000   -45.000   -47.000   -53.000   -69.000   -94.000   -51.000   -91.000   -61.000  -140.000
1975  -134.000  -121.000   -60.000  -129.000   -97.000   -76.000   -87.000   -64.000   -53.000   -76.000   -23.000   -40.000
1976  -133.000   -58.000  -140.000   -78.000  -128.000   -98.000   -75.000   -41.000   -44.000    96.000    32.000    65.000
1977    10.000    21.000   -81.000  -108.000   -34.000   -15.000   -59.000   -44.000   -55.000     1.000   -45.000   -25.000
1978    -2.000    55.000   -62.000    -6.000    -9.000   -44.000   -82.000   -77.000   -85.000   -69.000  -143.000    87.000
1979    31.000    65.000   -38.000   -46.000  -114.000   -68.000   -56.000   -40.000   -66.000   106.000   -12.000   -46.000
1980   -46.000  -119.000   -69.000   -79.000   -25.000   -53.000   -65.000   -46.000   -61.000     7.000    19.000  -138.000
1981  -162.000  -148.000   -97.000   -81.000   -61.000   -71.000  -119.000   -65.000   -13.000   -17.000  -120.000    70.000
1982    -1.000  -111.000  -149.000   -77.000  -157.000  -105.000   -43.000   -69.000   -42.000     2.000    25.000    19.000
1983  -170.000   -59.000  -103.000   -26.000   -15.000   -83.000   -13.000   -26.000   -63.000   -50.000    56.000    25.000
1984  -105.000  -132.000   -56.000   -75.000    22.000   -59.000  -110.000   -68.000   -58.000   -20.000    62.000  -110.000
1985   -35.000   -80.000 -9999.000   -70.000   -13.000   -56.000   -35.000   -91.000   -94.000   -56.000     5.000   -51.000
1986   -39.000    68.000  -110.000   -23.000   -83.000   -74.000   -32.000   -44.000   -44.000   -38.000   -82.000  -124.000
1987   -49.000   -31.000  -103.000   -82.000   -88.000  -102.000   -47.000   -33.000   -37.000    91.000    12.000    47.000
1988   -17.000   -80.000   -99.000   -77.000   -23.000   -12.000   -59.000   -83.000   -56.000   -14.000   -11.000   -86.000
1989  -204.000  -200.000   -99.000    -6.000   -58.000   -64.000   -59.000   -39.000   -40.000   -56.000    54.000    85.000
1990  -158.000   -78.000  -216.000   -62.000  -106.000   -42.000   -31.000    15.000   -43.000    95.000     5.000    12.000
1991  -102.000   -24.000   135.000   -43.000   -74.000   -64.000   -62.000   -55.000     4.000    32.000     5.000  -133.000
1992  -107.000  -213.000  -184.000    -5.000  -109.000 -9999.000 -9999.000 -9999.000 -9999.000 -9999.000   -46.000     3.000
1993  -180.000  -175.000  -151.000   -34.000    -5.000   -37.000  -142.000    -3.000    64.000   150.000    38.000   -38.000
1994   -54.000   -63.000  -191.000   -81.000   -32.000 -9999.000   -57.000 -9999.000    -7.000    45.000    43.000   -29.000
1995   -68.000   -73.000  -135.000   -90.000   -67.000   -44.000   -25.000    -9.000 -9999.000   -19.000    55.000   108.000
1996   156.000     4.000     5.000   -32.000    17.000   -72.000   -52.000   -43.000    10.000    29.000    78.000   145.000
1997 -9999.000 -9999.000 -9999.000 -9999.000 -9999.000 -9999.000 -9999.000 -9999.000 -9999.000 -9999.000 -9999.000 -9999.000
1998 -9999.000 -9999.000 -9999.000 -9999.000 -9999.000 -9999.000 -9999.000 -9999.000 -9999.000 -9999.000   -30.000  -103.000
1999  -102.000  -123.000   -61.000   -69.000   -38.000   -75.000   -40.000    31.000   107.000   119.000    59.000     0.000
2000   -97.000  -138.000  -136.000    79.000   -22.000   -82.000   -32.000   -37.000    -8.000    48.000   190.000   114.000
2001    87.000   -41.000    87.000   -74.000   -12.000   -51.000   -21.000   -29.000    16.000    41.000   -13.000   -66.000
2002  -138.000   -88.000   -69.000   -10.000   -38.000   -34.000   -50.000    -8.000    76.000    58.000   170.000 -9999.000
2003   -26.000   -79.000  -121.000   -18.000   -59.000   -12.000   -26.000     4.000   -12.000   102.000    96.000    89.000
2004    92.000   -17.000   -57.000     9.000    37.000   -42.000   -46.000    21.000   -14.000   139.000    35.000    -8.000
2005  -110.000   -83.000   -45.000   -45.000   -52.000    -4.000   -32.000    -7.000    13.000    22.000    34.000    -7.000
2006  -100.000   -53.000   -35.000   -65.000   -98.000   -41.000    -3.000   -15.000    35.000   106.000    19.000   -66.000
2007   -96.000   -23.000   -60.000   -67.000     7.000    22.000   -41.000    -8.000   -12.000    57.000    26.000   -60.000
2008   -29.000  -156.000   -40.000    30.000    33.000     0.000   -28.000   -37.000    27.000    -2.000   127.000   104.000
2009    17.000    85.000   -22.000    26.000     7.000    72.000 -9999.000     7.000    22.000    89.000    95.000   210.000
2010   126.000    88.000 -9999.000 -9999.000 -9999.000 -9999.000 -9999.000 -9999.000 -9999.000 -9999.000   251.000   271.000
2011    66.000    24.000    -9.000   -44.000    -2.000     4.000    41.000    15.000    14.000    58.000   187.000    56.000
2012   -34.000   -70.000  -118.000   158.000    60.000   -25.000   -21.000    30.000    43.000   131.000   133.000    63.000
2013    49.000    32.000   153.000    43.000    30.000   -26.000     6.000    21.000   -11.000    88.000    89.000   -11.000
2014   130.000   164.000    15.000    83.000    29.000    50.000    70.000    46.000   131.000   113.000   241.000    91.000
2015   -13.000    40.000   -34.000   -64.000     3.000     2.000    20.000    42.000    61.000   155.000     0.000   -73.000
2016    39.000 -9999.000    39.000    36.000    36.000     0.000   -19.000   -28.000    26.000    90.000   114.000   -63.000
2017 -9999.000   -23.000   -56.000   -61.000     5.000    -3.000 -9999.000 -9999.000   -14.000   -11.000    39.000     1.000
2018     7.000   -26.000   195.000    48.000    39.000    21.000    28.000 -9999.000 -9999.000   151.000   226.000    43.000
2019    37.000   -34.000   -87.000    48.000     3.000    33.000    65.000 -9999.000    31.000   101.000   239.000   120.000
2020   -18.000   -99.000     3.000     4.000    34.000 -9999.000    36.000    51.000    39.000    90.000    59.000   180.000
2021   123.000    85.000  -128.000   -19.000   -38.000    42.000    19.000    28.000    67.000    55.000   139.000    81.000
2022   -60.000  -110.000  -125.000 -9999.000 -9999.000 -9999.000 -9999.000 -9999.000 -9999.000 -9999.000 -9999.000 -9999.000