1880	0
1880.083333	0
1880.166667	0
1880.25	0
1880.333333	0
1880.416667	0
1880.5	0
1880.583333	0
1880.666667	0
1880.75	0
1880.833333	0
1880.916667	0
1881	0.001736796
1881.083333	0.033088163
1881.166667	0.027721083
1881.25	0.022289511
1881.333333	0.020068654
1881.416667	0.019331305
1881.5	0.021904311
1881.583333	0.034530232
1881.666667	0.066610438
1881.75	0.048581716
1881.833333	0.027507728
1881.916667	-0.000653553
1882	-0.042350085
1882.083333	-0.098600608
1882.166667	-0.092970315
1882.25	-0.069801189
1882.333333	-0.045162404
1882.416667	-0.023089631
1882.5	-0.005443562
1882.583333	0.0077359
1882.666667	-0.012890109
1882.75	-0.007514415
1882.833333	-0.004050275
1882.916667	-0.003088744
1883	-0.004102672
1883.083333	0.011534044
1883.166667	0.007508062
1883.25	0.002119841
1883.333333	-0.001041723
1883.416667	-0.001682
1883.5	0.000743548
1883.583333	0.002494186
1883.666667	-0.001804803
1883.75	-0.188068059
1883.833333	-0.418146828
1883.916667	-0.686551123
1884	-0.964719769
1884.083333	-1.201054623
1884.166667	-1.17361041
1884.25	-1.048703308
1884.333333	-0.847928295
1884.416667	-0.620453738
1884.5	-0.415183929
1884.583333	-0.259533504
1884.666667	-0.153364878
1884.75	-0.095451216
1884.833333	-0.039292295
1884.916667	-0.00339732
1885	0.030750166
1885.083333	0.038756815
1885.166667	0.046507813
1885.25	0.054030496
1885.333333	0.070112215
1885.416667	0.089394163
1885.5	0.114831674
1885.583333	0.139706961
1885.666667	0.171142592
1885.75	0.19729691
1885.833333	0.239945396
1885.916667	0.28340113
1886	0.331538607
1886.083333	0.35023989
1886.166667	0.343425357
1886.25	0.30785413
1886.333333	0.246911252
1886.416667	0.177008954
1886.5	0.112566064
1886.583333	0.065075362
1886.666667	0.033153284
1886.75	0.015584916
1886.833333	-0.015995157
1886.916667	-0.034726094
1887	-0.049147387
1887.083333	-0.040491882
1887.166667	-0.038588498
1887.25	-0.042034027
1887.333333	-0.03102356
1887.416667	-0.020820143
1887.5	-0.007848906
1887.583333	-0.00299218
1887.666667	0.022191416
1887.75	0.094565928
1887.833333	0.166378132
1887.916667	0.226934188
1888	0.242712649
1888.083333	0.252233485
1888.166667	0.244084352
1888.25	0.21758611
1888.333333	0.164148143
1888.416667	0.110103705
1888.5	0.063140764
1888.583333	0.040158255
1888.666667	0.021434748
1888.75	0.010405816
1888.833333	0.053127293
1888.916667	0.080521764
1889	0.101098617
1889.083333	0.075104446
1889.166667	0.063592482
1889.25	0.059396335
1889.333333	0.067244236
1889.416667	0.078029898
1889.5	0.094001934
1889.583333	0.113663293
1889.666667	0.141166058
1889.75	0.245409813
1889.833333	-0.301449645
1889.916667	-0.954855349
1890	-1.744155542
1890.083333	-1.845996577
1890.166667	-1.808188751
1890.25	-1.618156597
1890.333333	-1.305909661
1890.416667	-0.949521963
1890.5	-0.623883744
1890.583333	-0.380507674
1890.666667	-0.220039798
1890.75	-0.131212978
1890.833333	-0.091199234
1890.916667	-0.064314105
1891	-0.038376654
1891.083333	-0.007988825
1891.166667	0.014831271
1891.25	0.034421611
1891.333333	0.04420834
1891.416667	0.053186387
1891.5	0.061450952
1891.583333	0.076220038
1891.666667	0.09121003
1891.75	0.126683564
1891.833333	0.090074884
1891.916667	0.045396603
1892	-0.026569271
1892.083333	-0.025532596
1892.166667	-0.024081712
1892.25	-0.022353792
1892.333333	-0.017511999
1892.416667	-0.011768225
1892.5	-0.006117204
1892.583333	-0.003639978
1892.666667	-0.002072661
1892.75	-0.058235104
1892.833333	-0.077749653
1892.916667	-0.092467806
1893	-0.049933655
1893.083333	-0.038093307
1893.166667	-0.0308228
1893.25	-0.025495754
1893.333333	-0.030999656
1893.416667	-0.039285091
1893.5	-0.052647539
1893.583333	-0.058730734
1893.666667	-0.059650375
1893.75	-0.042707404
1893.833333	-0.127516921
1893.916667	-0.232436574
1894	-0.359891983
1894.083333	-0.374454551
1894.166667	-0.362545581
1894.25	-0.323256279
1894.333333	-0.245052881
1894.416667	-0.163629465
1894.5	-0.092470397
1894.583333	-0.056888254
1894.666667	-0.030399128
1894.75	-0.06553871
1894.833333	-0.083142622
1894.916667	-0.097025796
1895	-0.059782319
1895.083333	-0.043693038
1895.166667	-0.036467261
1895.25	-0.032657072
1895.333333	-0.042819833
1895.416667	-0.053962483
1895.5	-0.06793243
1895.583333	-0.073365316
1895.666667	-0.087417738
1895.75	-0.156732621
1895.833333	-0.199559075
1895.916667	-0.242714367
1896	-0.230990051
1896.083333	-0.243328965
1896.166667	-0.23416052
1896.25	-0.204749905
1896.333333	-0.165639187
1896.416667	-0.123288981
1896.5	-0.086661666
1896.583333	-0.055815477
1896.666667	-0.03445453
1896.75	-0.005702687
1896.833333	0.040112588
1896.916667	0.069647436
1897	0.078464143
1897.083333	0.061918739
1897.166667	0.053267308
1897.25	0.049330248
1897.333333	0.05043157
1897.416667	0.05622682
1897.5	0.066659843
1897.583333	0.079463053
1897.666667	0.093821522
1897.75	0.107076245
1897.833333	0.072436329
1897.916667	0.029419351
1898	-0.01828752
1898.083333	-0.019731547
1898.166667	-0.018742805
1898.25	-0.016249825
1898.333333	-0.010322836
1898.416667	-0.006293494
1898.5	-0.004802665
1898.583333	-0.007506977
1898.666667	-0.008006243
1898.75	-0.025705972
1898.833333	-0.045329257
1898.916667	-0.05745041
1899	-0.048754072
1899.083333	-0.036712651
1899.166667	-0.032894527
1899.25	-0.03382337
1899.333333	-0.034565538
1899.416667	-0.035647072
1899.5	-0.035792326
1899.583333	-0.030042069
1899.666667	-0.009391991
1899.75	-0.016176337
1899.833333	0.219592298
1899.916667	0.481267019
1900	0.793188198
1900.083333	0.83558275
1900.166667	0.816546716
1900.25	0.731084496
1900.333333	0.581340941
1900.416667	0.414415682
1900.5	0.26249631
1900.583333	0.158763434
1900.666667	0.088246033
1900.75	0.087907839
1900.833333	0.063825248
1900.916667	0.051052947
1901	0.003554506
1901.083333	-0.00334953
1901.166667	-0.008750313
1901.25	-0.015583478
1901.333333	-0.007735237
1901.416667	-0.000437866
1901.5	0.009378723
1901.583333	0.005802025
1901.666667	-0.004415834
1901.75	0.064350257
1901.833333	0.14071617
1901.916667	0.238165948
1902	0.25977303
1902.083333	0.273647412
1902.166667	0.264261514
1902.25	0.232542966
1902.333333	0.183456661
1902.416667	0.131503036
1902.5	0.086185632
1902.583333	0.055191612
1902.666667	0.033738837
1902.75	0.034250334
1902.833333	0.075517556
1902.916667	0.101099978
1903	0.107360647
1903.083333	0.077342829
1903.166667	0.062388924
1903.25	0.056585976
1903.333333	0.051461085
1903.416667	0.049996107
1903.5	0.050851391
1903.583333	0.059797639
1903.666667	0.078932682
1903.75	0.103519373
1903.833333	-0.268437353
1903.916667	-0.718180051
1904	-1.211569307
1904.083333	-1.284108519
1904.166667	-1.258688121
1904.25	-1.125703408
1904.333333	-0.910910434
1904.416667	-0.664779898
1904.5	-0.440063406
1904.583333	-0.268170673
1904.666667	-0.155606281
1904.75	-0.106129491
1904.833333	-0.018581367
1904.916667	0.037724244
1905	0.097374017
1905.083333	0.089946385
1905.166667	0.093197008
1905.25	0.103748194
1905.333333	0.112553594
1905.416667	0.124981368
1905.5	0.141588459
1905.583333	0.175340618
1905.666667	0.227632078
1905.75	0.289296012
1905.833333	0.346708825
1905.916667	0.399435401
1906	0.444851914
1906.083333	0.474674897
1906.166667	0.463577017
1906.25	0.409766264
1906.333333	0.345952804
1906.416667	0.267011793
1906.5	0.193544126
1906.583333	0.117315429
1906.666667	0.069010391
1906.75	0.018343896
1906.833333	-0.028441157
1906.916667	-0.059655315
1907	-0.063878321
1907.083333	-0.057939907
1907.166667	-0.058038466
1907.25	-0.059788094
1907.333333	-0.076122239
1907.416667	-0.095116967
1907.5	-0.119941017
1907.583333	-0.13989383
1907.666667	-0.179056245
1907.75	-0.285983907
1907.833333	-0.244269605
1907.916667	-0.175196457
1908	-0.027097588
1908.083333	-0.027045127
1908.166667	-0.022515651
1908.25	-0.015800553
1908.333333	-0.002477856
1908.416667	0.00586978
1908.5	0.00943982
1908.583333	0.003343169
1908.666667	0.001013578
1908.75	0.035995111
1908.833333	-0.019589734
1908.916667	-0.052836296
1909	-0.111375094
1909.083333	-0.082446572
1909.166667	-0.068931075
1909.25	-0.06473937
1909.333333	-0.062966637
1909.416667	-0.06533411
1909.5	-0.07120125
1909.583333	-0.086645416
1909.666667	-0.108970866
1909.75	-0.135601512
1909.833333	-0.213154517
1909.916667	-0.29954881
1910	-0.388007747
1910.083333	-0.411945228
1910.166667	-0.402861953
1910.25	-0.358394084
1910.333333	-0.28562999
1910.416667	-0.205582907
1910.5	-0.134291596
1910.583333	-0.083091925
1910.666667	-0.04829452
1910.75	-0.048994936
1910.833333	-0.069621594
1910.916667	-0.082494255
1911	-0.071554906
1911.083333	-0.048388973
1911.166667	-0.03648358
1911.25	-0.031331875
1911.333333	-0.02528708
1911.416667	-0.020907779
1911.5	-0.015514138
1911.583333	-0.006570196
1911.666667	0.007609087
1911.75	0.026592991
1911.833333	0.282599499
1911.916667	0.577557722
1912	0.889933648
1912.083333	0.938337216
1912.166667	0.917787517
1912.25	0.82206135
1912.333333	0.65890382
1912.416667	0.474657142
1912.5	0.306356324
1912.583333	0.185841764
1912.666667	0.104167398
1912.75	0.140535358
1912.833333	0.129372291
1912.916667	0.126207541
1913	0.04501904
1913.083333	0.026682969
1913.166667	0.015010149
1913.25	0.004965732
1913.333333	0.015800856
1913.416667	0.028186562
1913.5	0.045947152
1913.583333	0.049047788
1913.666667	0.048501124
1913.75	0.130359245
1913.833333	0.205597638
1913.916667	0.297969694
1914	0.308286983
1914.083333	0.322843895
1914.166667	0.311534305
1914.25	0.274927121
1914.333333	0.216680824
1914.416667	0.154945294
1914.5	0.101241379
1914.583333	0.064687413
1914.666667	0.038781953
1914.75	0.009721516
1914.833333	0.05121103
1914.916667	0.076442188
1915	0.107752545
1915.083333	0.078084805
1915.166667	0.063609258
1915.25	0.057842249
1915.333333	0.057519218
1915.416667	0.06092625
1915.5	0.068490436
1915.583333	0.07959143
1915.666667	0.095464786
1915.75	0.074847616
1915.833333	-0.121883066
1915.916667	-0.357706485
1916	-0.577150806
1916.083333	-0.614108652
1916.166667	-0.603458896
1916.25	-0.540445832
1916.333333	-0.442735858
1916.416667	-0.32767033
1916.5	-0.221002488
1916.583333	-0.134037853
1916.666667	-0.07861023
1916.75	0.018489006
1916.833333	-0.033093281
1916.916667	-0.061129197
1917	-0.143223406
1917.083333	-0.097014105
1917.166667	-0.068539199
1917.25	-0.051844194
1917.333333	-0.03992357
1917.416667	-0.035669512
1917.5	-0.036323306
1917.583333	-0.039810526
1917.666667	-0.042552733
1917.75	0.002348453
1917.833333	-0.557872649
1917.916667	-1.221286948
1918	-1.987649276
1918.083333	-2.102877462
1918.166667	-2.058941074
1918.25	-1.841556045
1918.333333	-1.47978932
1918.416667	-1.069134315
1918.5	-0.694875531
1918.583333	-0.42042279
1918.666667	-0.239120232
1918.75	-0.158153011
1918.833333	-0.033263515
1918.916667	0.045002222
1919	0.128340474
1919.083333	0.11900101
1919.166667	0.122817412
1919.25	0.137049405
1919.333333	0.146999972
1919.416667	0.163647607
1919.5	0.186124742
1919.583333	0.221407493
1919.666667	0.251336537
1919.75	0.335236939
1919.833333	0.56394009
1919.916667	0.838130158
1920	1.070847279
1920.083333	1.135685998
1920.166667	1.11233673
1920.25	0.992158417
1920.333333	0.811619183
1920.416667	0.600465716
1920.5	0.406170925
1920.583333	0.243877955
1920.666667	0.138449214
1920.75	0.068050119
1920.833333	0.017660168
1920.916667	-0.015332269
1921	-0.032521121
1921.083333	-0.039588317
1921.166667	-0.04825102
1921.25	-0.057955935
1921.333333	-0.070143004
1921.416667	-0.084301747
1921.5	-0.102268721
1921.583333	-0.123435706
1921.666667	-0.143792643
1921.75	-0.150545728
1921.833333	-0.147765553
1921.916667	-0.147061834
1922	-0.156206288
1922.083333	-0.164436992
1922.166667	-0.158959929
1922.25	-0.140701219
1922.333333	-0.107306574
1922.416667	-0.072492967
1922.5	-0.042013681
1922.583333	-0.024918426
1922.666667	-0.012146197
1922.75	-0.025741955
1922.833333	-0.077811084
1922.916667	-0.111996077
1923	-0.11834464
1923.083333	-0.088400618
1923.166667	-0.074449365
1923.25	-0.069527997
1923.333333	-0.073856019
1923.416667	-0.081819431
1923.5	-0.093491834
1923.583333	-0.104814016
1923.666667	-0.126609135
1923.75	-0.110747868
1923.833333	-0.122835695
1923.916667	-0.131964075
1924	-0.181249191
1924.083333	-0.192739155
1924.166667	-0.184928755
1924.25	-0.159286421
1924.333333	-0.132918925
1924.416667	-0.102917323
1924.5	-0.07725032
1924.583333	-0.049171859
1924.666667	-0.031025189
1924.75	-0.023429082
1924.833333	-0.034125051
1924.916667	-0.039587954
1925	-0.038202319
1925.083333	-0.021845017
1925.166667	-0.013144201
1925.25	-0.011106101
1925.333333	0.006962719
1925.416667	0.024706118
1925.5	0.046836051
1925.583333	0.052923669
1925.666667	0.051681943
1925.75	0.115308789
1925.833333	0.204550267
1925.916667	0.315988223
1926	0.364506548
1926.083333	0.382464442
1926.166667	0.370635805
1926.25	0.32865042
1926.333333	0.253831654
1926.416667	0.17602884
1926.5	0.10852191
1926.583333	0.069343715
1926.666667	0.041287654
1926.75	0.033472569
1926.833333	0.076181197
1926.916667	0.102667959
1927	0.113864122
1927.083333	0.082018363
1927.166667	0.066125717
1927.25	0.058947167
1927.333333	0.058858379
1927.416667	0.062777607
1927.5	0.070041095
1927.583333	0.077083505
1927.666667	0.088556003
1927.75	0.044453696
1927.833333	-0.114902504
1927.916667	-0.305276524
1928	-0.453349945
1928.083333	-0.481224619
1928.166667	-0.47217991
1928.25	-0.422862755
1928.333333	-0.348409558
1928.416667	-0.259594644
1928.5	-0.177114244
1928.583333	-0.107538852
1928.666667	-0.062870384
1928.75	0.020909435
1928.833333	-0.022173105
1928.916667	-0.045985425
1929	-0.118250452
1929.083333	-0.081171163
1929.166667	-0.059188273
1929.25	-0.047007271
1929.333333	-0.03829361
1929.416667	-0.035631212
1929.5	-0.037259751
1929.583333	-0.041253685
1929.666667	-0.049318332
1929.75	-0.02144288
1929.833333	-0.277879864
1929.916667	-0.575759295
1930	-0.933878757
1930.083333	-0.986518303
1930.166667	-0.966819537
1930.25	-0.866647878
1930.333333	-0.698051837
1930.416667	-0.504710351
1930.5	-0.327101719
1930.583333	-0.195680634
1930.666667	-0.10860151
1930.75	-0.051781413
1930.833333	0.012532537
1930.916667	0.052279047
1931	0.075532387
1931.083333	0.065322662
1931.166667	0.064451966
1931.25	0.07127665
1931.333333	0.069432656
1931.416667	0.070621079
1931.5	0.071642876
1931.583333	0.080026026
1931.666667	0.075971748
1931.75	0.117266443
1931.833333	0.264415937
1931.916667	0.450621195
1932	0.602866906
1932.083333	0.642716009
1932.166667	0.631474051
1932.25	0.563769268
1932.333333	0.466605423
1932.416667	0.350055115
1932.5	0.241476345
1932.583333	0.145358794
1932.666667	0.084194319
1932.75	0.047942552
1932.833333	0.000464392
1932.916667	-0.03070654
1933	-0.054085405
1933.083333	-0.050377122
1933.166667	-0.052432878
1933.25	-0.057433756
1933.333333	-0.066704577
1933.416667	-0.078433921
1933.5	-0.094768596
1933.583333	-0.11420977
1933.666667	-0.137146571
1933.75	-0.136670155
1933.833333	-0.117280335
1933.916667	-0.091587105
1934	-0.084102944
1934.083333	-0.086024339
1934.166667	-0.081747234
1934.25	-0.071435149
1934.333333	-0.051115567
1934.416667	-0.031256136
1934.5	-0.014509758
1934.583333	-0.007220172
1934.666667	-0.000570065
1934.75	0.029765733
1934.833333	0.048159015
1934.916667	0.058920319
1935	0.040990858
1935.083333	0.028590728
1935.166667	0.020893071
1935.25	0.017746679
1935.333333	0.006517999
1935.416667	-0.002049646
1935.5	-0.010187111
1935.583333	-0.007607802
1935.666667	-0.014830479
1935.75	0.00011084
1935.833333	-0.42276716
1935.916667	-0.915223918
1936	-1.472843554
1936.083333	-1.557397536
1936.166667	-1.518669049
1936.25	-1.349898456
1936.333333	-1.087677492
1936.416667	-0.794008661
1936.5	-0.530311559
1936.583333	-0.328888534
1936.666667	-0.194395138
1936.75	-0.122919354
1936.833333	-0.227787475
1936.916667	-0.290199193
1937	-0.327185155
1937.083333	-0.224220093
1937.166667	-0.168395908
1937.25	-0.141266768
1937.333333	-0.122617094
1937.416667	-0.115737962
1937.5	-0.117080825
1937.583333	-0.140978485
1937.666667	-0.186425143
1937.75	-0.265712166
1937.833333	-0.342864831
1937.916667	-0.414462689
1938	-0.456532559
1938.083333	-0.484119254
1938.166667	-0.472812373
1938.25	-0.418890366
1938.333333	-0.344519097
1938.416667	-0.257261115
1938.5	-0.177838584
1938.583333	-0.106463738
1938.666667	-0.060506374
1938.75	-0.028474519
1938.833333	-0.07736691
1938.916667	-0.107042098
1939	-0.134215266
1939.083333	-0.093190559
1939.166667	-0.070595923
1939.25	-0.059560057
1939.333333	-0.047344848
1939.416667	-0.040361771
1939.5	-0.036381112
1939.583333	-0.040104398
1939.666667	-0.037758403
1939.75	-0.03409339
1939.833333	-0.014110231
1939.916667	0.003002482
1940	0.021603467
1940.083333	0.022972399
1940.166667	0.022848029
1940.25	0.022171898
1940.333333	0.014630688
1940.416667	0.007306553
1940.5	0.000346132
1940.583333	0.000153695
1940.666667	-0.001423162
1940.75	0.039311054
1940.833333	0.075700974
1940.916667	0.100970689
1941	0.08131681
1941.083333	0.062677474
1941.166667	0.053766398
1941.25	0.049458021
1941.333333	0.061440993
1941.416667	0.076305978
1941.5	0.097621789
1941.583333	0.113498203
1941.666667	0.129161074
1941.75	0.202381151
1941.833333	-0.24453709
1941.916667	-0.771756447
1942	-1.407265213
1942.083333	-1.492927544
1942.166667	-1.465565416
1942.25	-1.313021968
1942.333333	-1.064133464
1942.416667	-0.777057543
1942.5	-0.5134443
1942.583333	-0.311064676
1942.666667	-0.17924442
1942.75	-0.066103235
1942.833333	-0.094034001
1942.916667	-0.108246417
1943	-0.154081513
1943.083333	-0.098889077
1943.166667	-0.063233034
1943.25	-0.03787179
1943.333333	-0.029504092
1943.416667	-0.028652772
1943.5	-0.036551102
1943.583333	-0.048740945
1943.666667	-0.080841345
1943.75	-0.152174053
1943.833333	-0.1663222
1943.916667	-0.159921038
1944	-0.109791066
1944.083333	-0.109315205
1944.166667	-0.103328789
1944.25	-0.091312803
1944.333333	-0.055942186
1944.416667	-0.024311678
1944.5	0.000962256
1944.583333	0.000416616
1944.666667	0.0024448
1944.75	-0.000230533
1944.833333	-0.011662272
1944.916667	-0.019966437
1945	-0.023133377
1945.083333	-0.018671488
1945.166667	-0.017337532
1945.25	-0.016564056
1945.333333	-0.019726414
1945.416667	-0.023488197
1945.5	-0.029019073
1945.583333	-0.034574627
1945.666667	-0.040152788
1945.75	-0.020643207
1945.833333	-0.01125542
1945.916667	-0.001152967
1946	-0.015769861
1946.083333	-0.014310604
1946.166667	-0.011907016
1946.25	-0.009116512
1946.333333	0.001077925
1946.416667	0.008098902
1946.5	0.012842797
1946.583333	0.007958412
1946.666667	0.005685096
1946.75	0.026510832
1946.833333	0.033158109
1946.916667	0.037498561
1947	0.018957025
1947.083333	0.011927355
1947.166667	0.007600404
1947.25	0.006161959
1947.333333	-0.003315733
1947.416667	-0.011402185
1947.5	-0.019331692
1947.583333	-0.017638615
1947.666667	-0.02798429
1947.75	-0.078703413
1947.833333	-0.316587042
1947.916667	-0.585469366
1948	-0.835270448
1948.083333	-0.882495477
1948.166667	-0.858675938
1948.25	-0.761479525
1948.333333	-0.607988395
1948.416667	-0.439667936
1948.5	-0.290324444
1948.583333	-0.181999364
1948.666667	-0.108998623
1948.75	-0.081177053
1948.833333	-0.098973802
1948.916667	-0.108483097
1949	-0.098649606
1949.083333	-0.061947032
1949.166667	-0.042257098
1949.25	-0.033163308
1949.333333	-0.017770932
1949.416667	-0.003925731
1949.5	0.01161856
1949.583333	0.011954936
1949.666667	0.000930877
1949.75	-0.046478251
1949.833333	-0.071980492
1949.916667	-0.092279148
1950	-0.080417246
1950.083333	-0.088866924
1950.166667	-0.0878354
1950.25	-0.076475927
1950.333333	-0.068389044
1950.416667	-0.056529257
1950.5	-0.045672683
1950.583333	-0.028693973
1950.666667	-0.019300684
1950.75	0.001264708
1950.833333	-0.046625259
1950.916667	-0.074796495
1951	-0.110298634
1951.083333	-0.079949805
1951.166667	-0.063680859
1951.25	-0.056871218
1951.333333	-0.048072452
1951.416667	-0.043800205
1951.5	-0.04142329
1951.583333	-0.046501337
1951.666667	-0.046959236
1951.75	0.016894821
1951.833333	0.083150284
1951.916667	0.153618757
1952	0.163010426
1952.083333	0.171780319
1952.166667	0.168324064
1952.25	0.151314611
1952.333333	0.121336481
1952.416667	0.087284733
1952.5	0.055649572
1952.583333	0.03256571
1952.666667	0.016239058
1952.75	0.00665763
1952.833333	0.00476807
1952.916667	0.004540959
1953	0.005649401
1953.083333	0.00463599
1953.166667	0.003793084
1953.25	0.001197927
1953.333333	0.015360985
1953.416667	0.030357176
1953.5	0.050123971
1953.583333	0.056010271
1953.666667	0.055048996
1953.75	0.078418772
1953.833333	0.154536863
1953.916667	0.251112696
1954	0.325980847
1954.083333	0.34000889
1954.166667	0.327473419
1954.25	0.288585241
1954.333333	0.223515329
1954.416667	0.156496929
1954.5	0.098686274
1954.583333	0.063010665
1954.666667	0.036638816
1954.75	0.057652797
1954.833333	0.014916909
1954.916667	-0.010706749
1955	-0.066287427
1955.083333	-0.052508644
1955.166667	-0.0435944
1955.25	-0.038386938
1955.333333	-0.040070101
1955.416667	-0.046826805
1955.5	-0.05983703
1955.583333	-0.082738839
1955.666667	-0.116534226
1955.75	-0.086492431
1955.833333	-0.566631802
1955.916667	-1.124574055
1956	-1.792750468
1956.083333	-1.894880636
1956.166667	-1.853372661
1956.25	-1.656065683
1956.333333	-1.332326309
1956.416667	-0.965278249
1956.5	-0.63125283
1956.583333	-0.384116615
1956.666667	-0.220146703
1956.75	-0.134819797
1956.833333	-0.141253825
1956.916667	-0.14409638
1957	-0.134957578
1957.083333	-0.078280523
1957.166667	-0.041655966
1957.25	-0.01616371
1957.333333	-0.00417909
1957.416667	0.002823699
1957.5	0.005754682
1957.583333	0.013475775
1957.666667	0.021189047
1957.75	0.01052266
1957.833333	0.045555896
1957.916667	0.08693634
1958	0.150891551
1958.083333	0.162268661
1958.166667	0.159072624
1958.25	0.140321001
1958.333333	0.119364432
1958.416667	0.093865349
1958.5	0.070539769
1958.583333	0.044623023
1958.666667	0.02802608
1958.75	0.010160513
1958.833333	-0.084911223
1958.916667	-0.145896189
1959	-0.18595345
1959.083333	-0.142966121
1959.166667	-0.120831116
1959.25	-0.110223583
1959.333333	-0.122502871
1959.416667	-0.143336873
1959.5	-0.176399346
1959.583333	-0.21540531
1959.666667	-0.280178018
1959.75	-0.414292208
1959.833333	-0.544522208
1959.916667	-0.671820645
1960	-0.731021274
1960.083333	-0.767675854
1960.166667	-0.745043812
1960.25	-0.661317931
1960.333333	-0.51969661
1960.416667	-0.366764422
1960.5	-0.23168074
1960.583333	-0.143144022
1960.666667	-0.081076404
1960.75	-0.045722706
1960.833333	-0.122811216
1960.916667	-0.17134424
1961	-0.205758249
1961.083333	-0.145504745
1961.166667	-0.114825978
1961.25	-0.101385859
1961.333333	-0.098885996
1961.416667	-0.103004832
1961.5	-0.113635904
1961.583333	-0.13625723
1961.666667	-0.176477779
1961.75	-0.228201333
1961.833333	-0.731844868
1961.916667	-1.315460089
1962	-1.935538708
1962.083333	-2.052397756
1962.166667	-2.00695747
1962.25	-1.788035768
1962.333333	-1.450728867
1962.416667	-1.065075322
1962.5	-0.715153204
1962.583333	-0.438388777
1962.666667	-0.256297674
1962.75	-0.159866096
1962.833333	-0.096711356
1962.916667	-0.05424985
1963	-0.00837189
1963.083333	0.021993104
1963.166667	0.045447336
1963.25	0.064159197
1963.333333	0.08818591
1963.416667	0.114067348
1963.5	0.145348048
1963.583333	0.180587002
1963.666667	0.235526944
1963.75	0.338486595
1963.833333	0.449553062
1963.916667	0.557821178
1964	0.619874132
1964.083333	0.653718471
1964.166667	0.637237291
1964.25	0.566969326
1964.333333	0.454173265
1964.416667	0.327564359
1964.5	0.212163699
1964.583333	0.126122239
1964.666667	0.068498033
1964.75	0.035311177
1964.833333	0.008091423
1964.916667	-0.007953127
1965	-0.019427863
1965.083333	-0.020048505
1965.166667	-0.022775091
1965.25	-0.028212909
1965.333333	-0.022833537
1965.416667	-0.018217757
1965.5	-0.01233573
1965.583333	-0.019653864
1965.666667	-0.03834353
1965.75	-0.006278846
1965.833333	0.038820794
1965.916667	0.10229377
1966	0.115711726
1966.083333	0.118059149
1966.166667	0.110961147
1966.25	0.096243411
1966.333333	0.064535001
1966.416667	0.036776043
1966.5	0.015329855
1966.583333	0.013125561
1966.666667	0.009324569
1966.75	0.03299592
1966.833333	-0.044147716
1966.916667	-0.091496019
1967	-0.153165674
1967.083333	-0.113789752
1967.166667	-0.091003054
1967.25	-0.079079743
1967.333333	-0.080383398
1967.416667	-0.090872283
1967.5	-0.112281881
1967.583333	-0.144941591
1967.666667	-0.190944307
1967.75	-0.19240569
1967.833333	-0.698384012
1967.916667	-1.283498384
1968	-1.95816822
1968.083333	-2.069237675
1968.166667	-2.024228704
1968.25	-1.808997552
1968.333333	-1.454296631
1968.416667	-1.052383969
1968.5	-0.686890954
1968.583333	-0.416348189
1968.666667	-0.236326592
1968.75	-0.148288621
1968.833333	-0.136646621
1968.916667	-0.128779975
1969	-0.105003667
1969.083333	-0.053648577
1969.166667	-0.019183866
1969.25	0.006696959
1969.333333	0.019550922
1969.416667	0.028693143
1969.5	0.034553598
1969.583333	0.047981014
1969.666667	0.065588887
1969.75	0.064569527
1969.833333	0.104999904
1969.916667	0.148775726
1970	0.214686898
1970.083333	0.229006832
1970.166667	0.22340592
1970.25	0.19763608
1970.333333	0.161797882
1970.416667	0.121028492
1970.5	0.084611666
1970.583333	0.053681736
1970.666667	0.033473197
1970.75	-0.015332303
1970.833333	-0.019313839
1970.916667	-0.024045096
1971	0.006028508
1971.083333	0.000660499
1971.166667	-0.001802127
1971.25	-0.001291148
1971.333333	-0.010073718
1971.416667	-0.019976789
1971.5	-0.03464374
1971.583333	-0.050538412
1971.666667	-0.083694478
1971.75	-0.147055279
1971.833333	-0.219394661
1971.916667	-0.284340215
1972	-0.320294494
1972.083333	-0.33371304
1972.166667	-0.323513865
1972.25	-0.288572821
1972.333333	-0.214300996
1972.416667	-0.139214913
1972.5	-0.074530762
1972.583333	-0.04626169
1972.666667	-0.023971522
1972.75	-0.018145189
1972.833333	0.02843935
1972.916667	0.05618396
1973	0.084525553
1973.083333	0.064160039
1973.166667	0.052501161
1973.25	0.047787829
1973.333333	0.043519629
1973.416667	0.044546329
1973.5	0.048849402
1973.583333	0.058611834
1973.666667	0.076713065
1973.75	0.050053644
1973.833333	0.003465836
1973.916667	-0.061827285
1974	-0.087698283
1974.083333	-0.095175966
1974.166667	-0.092290851
1974.25	-0.080197883
1974.333333	-0.063562464
1974.416667	-0.047095389
1974.5	-0.034034932
1974.583333	-0.024108978
1974.666667	-0.017083413
1974.75	0.009877683
1974.833333	0.014142194
1974.916667	0.018708954
1975	0.001825968
1975.083333	0.00305201
1975.166667	0.003080858
1975.25	0.002565713
1975.333333	0.005634804
1975.416667	0.009446948
1975.5	0.014873118
1975.583333	0.020108458
1975.666667	0.023083787
1975.75	0.009896398
1975.833333	-0.125282237
1975.916667	-0.28274143
1976	-0.437688837
1976.083333	-0.464548741
1976.166667	-0.45368513
1976.25	-0.403010448
1976.333333	-0.323755847
1976.416667	-0.236003673
1976.5	-0.15782544
1976.583333	-0.098942459
1976.666667	-0.059348709
1976.75	-0.042881372
1976.833333	0.009233672
1976.916667	0.043187918
1977	0.077222507
1977.083333	0.064637451
1977.166667	0.058148772
1977.25	0.054997527
1977.333333	0.069940367
1977.416667	0.090233293
1977.5	0.119202811
1977.583333	0.139316574
1977.666667	0.161353422
1977.75	0.205300049
1977.833333	0.313527757
1977.916667	0.437476205
1978	0.541561474
1978.083333	0.567119519
1978.166667	0.551525179
1978.25	0.492550758
1978.333333	0.384959226
1978.416667	0.268675616
1978.5	0.164756952
1978.583333	0.100885588
1978.666667	0.055414202
1978.75	0.061441657
1978.833333	0.14248234
1978.916667	0.195371961
1979	0.205185618
1979.083333	0.150530443
1979.166667	0.123292927
1979.25	0.110789435
1979.333333	0.119838572
1979.416667	0.136371396
1979.5	0.161899493
1979.583333	0.184812732
1979.666667	0.223748651
1979.75	0.296177195
1979.833333	-0.149691418
1979.916667	-0.690762123
1980	-1.314506088
1980.083333	-1.393344745
1980.166667	-1.366940059
1980.25	-1.224531574
1980.333333	-0.990315884
1980.416667	-0.721601282
1980.5	-0.475124457
1980.583333	-0.288918018
1980.666667	-0.166861959
1980.75	-0.101357913
1980.833333	-0.167912912
1980.916667	-0.207388585
1981	-0.232132591
1981.083333	-0.15746072
1981.166667	-0.113435406
1981.25	-0.086797211
1981.333333	-0.076287813
1981.416667	-0.076006196
1981.5	-0.084907339
1981.583333	-0.095542224
1981.666667	-0.105551252
1981.75	-0.135702143
1981.833333	-0.312698532
1981.916667	-0.523048994
1982	-0.726703586
1982.083333	-0.766598239
1982.166667	-0.748417655
1982.25	-0.667219435
1982.333333	-0.536336558
1982.416667	-0.388031716
1982.5	-0.252525227
1982.583333	-0.150807367
1982.666667	-0.084008677
1982.75	-0.05450257
1982.833333	0.038203521
1982.916667	0.095816048
1983	0.148119077
1983.083333	0.119007072
1983.166667	0.108065367
1983.25	0.109055533
1983.333333	0.114452411
1983.416667	0.126062083
1983.5	0.142988911
1983.583333	0.163930237
1983.666667	0.180050601
1983.75	0.224195248
1983.833333	0.143404484
1983.916667	0.054228714
1984	-0.075339334
1984.083333	-0.076257641
1984.166667	-0.072977778
1984.25	-0.066412119
1984.333333	-0.036337324
1984.416667	-0.010623915
1984.5	0.009566356
1984.583333	0.003038688
1984.666667	0.001268838
1984.75	0.002184779
1984.833333	0.021418231
1984.916667	0.032871766
1985	0.039450194
1985.083333	0.02619588
1985.166667	0.017141687
1985.25	0.012382082
1985.333333	0.006208779
1985.416667	0.003334134
1985.5	0.001535537
1985.583333	0.003415779
1985.666667	0.012459807
1985.75	-0.02298889
1985.833333	-0.271703427
1985.916667	-0.575990465
1986	-0.859238454
1986.083333	-0.911277188
1986.166667	-0.888630309
1986.25	-0.788794423
1986.333333	-0.637431126
1986.416667	-0.467442291
1986.5	-0.314604813
1986.583333	-0.195576384
1986.666667	-0.116797646
1986.75	-0.035398955
1986.833333	-0.002871222
1986.916667	0.020834633
1987	0.007572375
1987.083333	0.017618644
1987.166667	0.024916281
1987.25	0.030263628
1987.333333	0.042584481
1987.416667	0.056934743
1987.5	0.076206784
1987.583333	0.095554146
1987.666667	0.119239791
1987.75	0.119477309
1987.833333	0.1190685
1987.916667	0.114567845
1988	0.131257035
1988.083333	0.138743695
1988.166667	0.137219378
1988.25	0.124355192
1988.333333	0.099459416
1988.416667	0.070217605
1988.5	0.042756327
1988.583333	0.023456441
1988.666667	0.010847972
1988.75	-0.007956212
1988.833333	-0.036191681
1988.916667	-0.053673675
1989	-0.055529008
1989.083333	-0.043618879
1989.166667	-0.040063668
1989.25	-0.042012213
1989.333333	-0.036508735
1989.416667	-0.031416239
1989.5	-0.025366106
1989.583333	-0.033297856
1989.666667	-0.050911394
1989.75	-0.062129376
1989.833333	0.038768739
1989.916667	0.164440636
1990	0.29185841
1990.083333	0.305888045
1990.166667	0.300112422
1990.25	0.271811832
1990.333333	0.208250411
1990.416667	0.140424281
1990.5	0.079173342
1990.583333	0.047954621
1990.666667	0.025097794
1990.75	0.087911851
1990.833333	0.114778142
1990.916667	0.135168648
1991	0.079811237
1991.083333	0.060367446
1991.166667	0.050519399
1991.25	0.044166085
1991.333333	0.058627941
1991.416667	0.076695501
1991.5	0.10174813
1991.583333	0.118557246
1991.666667	0.16269214
1991.75	0.197677175
1991.833333	0.192355153
1991.916667	0.160196278
1992	0.134392571
1992.083333	0.14028487
1992.166667	0.134178996
1992.25	0.1170038
1992.333333	0.086904572
1992.416667	0.057728691
1992.5	0.033749652
1992.583333	0.02209014
1992.666667	0.012366046
1992.75	-0.029935118
1992.833333	0.035623691
1992.916667	0.075615676
1993	0.140048461
1993.083333	0.103311216
1993.166667	0.084994303
1993.25	0.07712895
1993.333333	0.079318644
1993.416667	0.087254302
1993.5	0.101719427
1993.583333	0.121377395
1993.666667	0.146027427
1993.75	0.211018772
1993.833333	0.025371605
1993.916667	-0.199505679
1994	-0.488439077
1994.083333	-0.519271954
1994.166667	-0.510317501
1994.25	-0.457555607
1994.333333	-0.378913596
1994.416667	-0.28394838
1994.5	-0.195279875
1994.583333	-0.11899123
1994.666667	-0.070727943
1994.75	0.038369069
1994.833333	0.082737939
1994.916667	0.114510882
1995	0.062317581
1995.083333	0.053600124
1995.166667	0.053070712
1995.25	0.05728798
1995.333333	0.064118271
1995.416667	0.072652548
1995.5	0.082000279
1995.583333	0.088324419
1995.666667	0.096047609
1995.75	0.056081838
1995.833333	-0.174589299
1995.916667	-0.444138071
1996	-0.685293617
1996.083333	-0.72193145
1996.166667	-0.70717715
1996.25	-0.635426691
1996.333333	-0.501501838
1996.416667	-0.353043224
1996.5	-0.218837165
1996.583333	-0.133340556
1996.666667	-0.075045809
1996.75	-0.051359968
1996.833333	-0.011744269
1996.916667	0.012073573
1997	0.039232244
1997.083333	0.033718016
1997.166667	0.032504733
1997.25	0.036130317
1997.333333	0.02969837
1997.416667	0.02583696
1997.5	0.021373147
1997.583333	0.030740299
1997.666667	0.05252634
1997.75	0.049202974
1997.833333	0.32880939
1997.916667	0.646144548
1998	1.017400575
1998.083333	1.080349748
1998.166667	1.06082165
1998.25	0.949734152
1998.333333	0.770564582
1998.416667	0.5630737
1998.5	0.372338713
1998.583333	0.224128545
1998.666667	0.127577584
1998.75	0.10387596
1998.833333	0.110730867
1998.916667	0.114905163
1999	0.087234659
1999.083333	0.051296771
1999.166667	0.027457239
1999.25	0.010652206
1999.333333	-0.0008545
1999.416667	-0.008278472
1999.5	-0.012986552
1999.583333	-0.012980043
1999.666667	-0.008527468
1999.75	-0.004265507
1999.833333	-0.026331578
1999.916667	-0.056564782
2000	-0.087678007
2000.083333	-0.092378725
2000.166667	-0.088936648
2000.25	-0.077636599
2000.333333	-0.062002826
2000.416667	-0.045604178
2000.5	-0.032042758
2000.583333	-0.021382689
2000.666667	-0.013459999
2000.75	-0.022569434
2000.833333	-0.005983163
2000.916667	0.004143375
2001	0.025740663
2001.083333	0.020066067
2001.166667	0.015645028
2001.25	0.012388927
2001.333333	0.009789466
2001.416667	0.009900378
2001.5	0.012091814
2001.583333	0.011781799
2001.666667	0.003947876
2001.75	-0.020897678
2001.833333	0.118516055
2001.916667	0.289303586
2002	0.489173838
2002.083333	0.515164303
2002.166667	0.504122814
2002.25	0.452953742
2002.333333	0.355820871
2002.416667	0.24862831
2002.5	0.150976071
2002.583333	0.090106968
2002.666667	0.048449327
2002.75	0.09084063
2002.833333	0.107919616
2002.916667	0.122015412
2003	0.07123786
2003.083333	0.051362084
2003.166667	0.040232189
2003.25	0.032101346
2003.333333	0.044669247
2003.416667	0.060118562
2003.5	0.081610727
2003.583333	0.097909431
2003.666667	0.144292522
2003.75	0.178448398
2003.833333	0.179050369
2003.916667	0.152007754
2004	0.136257999
2004.083333	0.141754266
2004.166667	0.13429306
2004.25	0.115984024
2004.333333	0.087623287
2004.416667	0.060122915
2004.5	0.037260736
2004.583333	0.024530301
2004.666667	0.013917992
2004.75	0.058267476
2004.833333	0.152274806
2004.916667	0.213254493
2005	0.210772862
2005.083333	0.155863803
2005.166667	0.12866247
2005.25	0.118329342
2005.333333	0.116728027
2005.416667	0.123440197
2005.5	0.13802465
2005.583333	0.164411887
2005.666667	0.199315969
2005.75	0.231441766
2005.833333	-0.121524947
2005.916667	-0.545569955
2006	-1.005924168
2006.083333	-1.067672637
2006.166667	-1.047905412
2006.25	-0.938296017
2006.333333	-0.760358618
2006.416667	-0.556178092
2006.5	-0.369954163
2006.583333	-0.227925809
2006.666667	-0.135479711
2006.75	0.003354323
2006.833333	0.070393268
2006.916667	0.118109196
2007	0.075661239
2007.083333	0.071179552
2007.166667	0.074912049
2007.25	0.083633081
2007.333333	0.096508987
2007.416667	0.111704119
2007.5	0.130231667
2007.583333	0.151498661
2007.666667	0.180701817
2007.75	0.198539664
2007.833333	-0.220194434
2007.916667	-0.719771327
2008	-1.251226605
2008.083333	-1.324030615
2008.166667	-1.299014955
2008.25	-1.165375235
2008.333333	-0.932636466
2008.416667	-0.669864161
2008.5	-0.430664959
2008.583333	-0.262165522
2008.666667	-0.150523325
2008.75	-0.084695356
2008.833333	0.048199984
2008.916667	0.13233995
2009	0.195758454
2009.083333	0.159337846
2009.166667	0.146445257
2009.25	0.150339369
2009.333333	0.151209732
2009.416667	0.16081892
2009.5	0.176978428
2009.583333	0.218604392
2009.666667	0.286944114
2009.75	0.379343241
2009.833333	0.477881912
2009.916667	0.567334138
2010	0.635655507
2010.083333	0.675505433
2010.166667	0.662243543
2010.25	0.590692422
2010.333333	0.490681576
2010.416667	0.369483403
2010.5	0.255978744
2010.583333	0.152194151
2010.666667	0.0848707
2010.75	0.064974307
2010.833333	0.015525921
2010.916667	-0.014558939
2011	-0.055954511
2011.083333	-0.051375416
2011.166667	-0.052117966
2011.25	-0.055297474
2011.333333	-0.065507471
2011.416667	-0.078545955
2011.5	-0.095846789
2011.583333	-0.113895208
2011.666667	-0.141037084
2011.75	-0.14041115
2011.833333	-0.182567122
2011.916667	-0.223519897
2012	-0.294575788
2012.083333	-0.308874448
2012.166667	-0.300034264
2012.25	-0.266744276
2012.333333	-0.203047919
2012.416667	-0.136815348
2012.5	-0.078896191
2012.583333	-0.047769373
2012.666667	-0.025103502
2012.75	-0.020525057
2012.833333	-0.002937498
2012.916667	0.007015599
2013	0.022548767
2013.083333	0.018406896
2013.166667	0.016059887
2013.25	0.016353368
2013.333333	0.007683227
2013.416667	0.001084915
2013.5	-0.005863613
2013.583333	-0.006706552
2013.666667	-0.005459531
2013.75	0.000228085
2013.833333	-0.541222191
2013.916667	-1.188916127
2014	-1.896387586
2014.083333	-2.009653621
2014.166667	-1.9631324
2014.25	-1.747369569
2014.333333	-1.409015055
2014.416667	-1.028050142
2014.5	-0.68507674
2014.583333	-0.423691406
2014.666667	-0.251051706
2014.75	-0.153688975
2014.833333	-0.06992695
2014.916667	-0.012976689
2015	0.039059503
2015.083333	0.057488233
2015.166667	0.073450383
2015.25	0.087253809
2015.333333	0.120319937
2015.416667	0.158158674
2015.5	0.207734736
2015.583333	0.262473868
2015.666667	0.352751727
2015.75	0.47158798
2015.833333	0.479195045
2015.916667	0.450388579
2016	0.381535612
2016.083333	0.398160667
2016.166667	0.384648178
2016.25	0.340358684
2016.333333	0.268871173
2016.416667	0.191111309
2016.5	0.121499954
2016.583333	0.072194997
2016.666667	0.036902502
2016.75	0.097418306
2016.833333	0.192325686
2016.916667	0.256157863
2017	0.227758809
2017.083333	0.166904329
2017.166667	0.135973099
2017.25	0.122415909
2017.333333	0.124092433
2017.416667	0.135032927
2017.5	0.156331445
2017.583333	0.185954639
2017.666667	0.227663985
2017.75	0.259001472
2017.833333	0.184872895
2017.916667	0.086736
2018	-0.013722598
2018.083333	-0.018978941
2018.166667	-0.022530335
2018.25	-0.023462871
2018.333333	-0.022400973
2018.416667	-0.018831283
2018.5	-0.014411215
2018.583333	-0.010556273
2018.666667	-0.009767444
2018.75	0.031146797
2018.833333	-0.019495563
2018.916667	-0.047975911
2019	-0.107458095
2019.083333	-0.078089673
2019.166667	-0.060951903
2019.25	-0.052385438
2019.333333	-0.045568279
2019.416667	-0.044874235
2019.5	-0.049410915
2019.583333	-0.065811334
2019.666667	-0.08673575
2019.75	-0.101648988
2019.833333	-0.698008585
2019.916667	-0.985535786
2020	-1.268315172
2020.083333	-1.498262754
2020.166667	-1.619437169
2020.25	-1.598402892
2020.333333	-1.446165302
2020.416667	-1.051980186
2020.5	-0.672191362
2020.583333	-0.387009393
2020.666667	-0.200594329
2020.75	-0.089825267
2020.833333	-0.019291488
2020.916667	0.023075094
2021	0.050244116
2021.083333	0.074924215
2021.166667	0.100468537
2021.25	0.131081344
2021.333333	0.174244626
2021.416667	0.20306302
2021.5	0.246112284
2021.583333	0.304975934
2021.666667	0.382706614
2021.75	0.47995401
2021.833333	0.591863709
2021.916667	0.710319257
2022	0.81510505
2022.083333	0.87557979
2022.166667	0.86699939
2022.25	0.779415772
2022.333333	0.635047602
2022.416667	0.458864005
2022.5	0.30853669
2022.583333	0.192414634
2022.666667	0.114754169
2022.75	0.068076237
2022.833333	0.042210218
2022.916667	0.021921525
2023	0.010499506
