1880	0.01
1880.083333	0.01
1880.166667	0.01
1880.25	-0.037025501
1880.333333	-0.03607476
1880.416667	-0.033712893
1880.5	-0.030841509
1880.583333	-0.027834758
1880.666667	0.054602917
1880.75	0.05395705
1880.833333	0.05254375
1880.916667	0.051846678
1881	0.051673027
1881.083333	0.05166927
1881.166667	0.051442548
1881.25	0.050665526
1881.333333	0.049162909
1881.416667	0.046957277
1881.5	0.044262127
1881.583333	0.041423831
1881.666667	0.26958112
1881.75	0.272213215
1881.833333	0.271345956
1881.916667	0.270988998
1882	0.27097631
1882.083333	0.270945406
1882.166667	0.270505422
1882.25	0.269344346
1882.333333	0.267315775
1882.416667	0.264482781
1882.5	0.261106806
1882.583333	0.257584233
1882.666667	0.203806873
1882.75	0.200382752
1882.833333	0.19870033
1882.916667	0.197849363
1883	0.197602915
1883.083333	0.197611437
1883.166667	0.197481188
1883.25	0.196878371
1883.333333	0.195616041
1883.416667	0.193700669
1883.5	0.19132621
1883.583333	0.188817326
1883.666667	0.163710064
1883.75	0.161495369
1883.833333	0.160374198
1883.916667	0.159899483
1884	0.159831393
1884.083333	0.159809841
1884.166667	0.159443323
1884.25	0.158414732
1884.333333	0.156568468
1884.416667	0.153954978
1884.5	0.150820566
1884.583333	0.147545045
1884.666667	0.161280088
1884.75	0.159174556
1884.833333	0.157577726
1884.916667	0.156770241
1885	0.156544278
1885.083333	0.156549345
1885.166667	0.156391953
1885.25	0.155740121
1885.333333	0.154410185
1885.416667	0.152413145
1885.5	0.149948458
1885.583333	0.14734689
1885.666667	0.123439801
1885.75	0.121172298
1885.833333	0.119990094
1885.916667	0.119473101
1886	0.119384861
1886.083333	0.119366713
1886.166667	0.119026929
1886.25	0.11804655
1886.333333	0.116266629
1886.416667	0.113733019
1886.5	0.110686513
1886.583333	0.107500897
1886.666667	0.297847373
1886.75	0.29873068
1886.833333	0.296980846
1886.916667	0.296028481
1887	0.295733118
1887.083333	0.295749897
1887.166667	0.295684523
1887.25	0.295198849
1887.333333	0.294098099
1887.416667	0.292377911
1887.5	0.290219101
1887.583333	0.287931729
1887.666667	0.033983288
1887.75	0.027325888
1887.833333	0.025923291
1887.916667	0.025306385
1888	0.025171181
1888.083333	0.025160961
1888.166667	0.024883451
1888.25	0.024015374
1888.333333	0.022389989
1888.416667	0.020042446
1888.5	0.017200703
1888.583333	0.014224504
1888.666667	-0.047919289
1888.75	-0.04691324
1888.833333	-0.04550382
1888.916667	-0.044813994
1889	-0.044643846
1889.083333	-0.044639498
1889.166667	-0.044408129
1889.25	-0.043622715
1889.333333	-0.042108525
1889.416667	-0.039888911
1889.5	-0.037178315
1889.583333	-0.034324151
1889.666667	-0.149807375
1889.75	-0.150148133
1889.833333	-0.149056979
1889.916667	-0.148571281
1890	-0.148497561
1890.083333	-0.148476963
1890.166667	-0.148117936
1890.25	-0.147102855
1890.333333	-0.145275181
1890.416667	-0.142684076
1890.5	-0.139574296
1890.583333	-0.136323968
1890.666667	-0.042529596
1890.75	-0.038670482
1890.833333	-0.037220957
1890.916667	-0.036538836
1891	-0.036372796
1891.083333	-0.036367751
1891.166667	-0.036130914
1891.25	-0.035335627
1891.333333	-0.033807817
1891.416667	-0.031571753
1891.5	-0.02884298
1891.583333	-0.025970145
1891.666667	-0.053732432
1891.75	-0.052284046
1891.833333	-0.051014267
1891.916667	-0.05042537
1892	-0.050302719
1892.083333	-0.050290384
1892.166667	-0.049996262
1892.25	-0.049098229
1892.333333	-0.047431622
1892.416667	-0.045034445
1892.5	-0.042138082
1892.583333	-0.03910602
1892.666667	-0.022769269
1892.75	-0.020369031
1892.833333	-0.018973552
1892.916667	-0.01831102
1893	-0.018154075
1893.083333	-0.018147498
1893.166667	-0.017898616
1893.25	-0.01708158
1893.333333	-0.015523772
1893.416667	-0.01325147
1893.5	-0.01048266
1893.583333	-0.0075687
1893.666667	0.115373561
1893.75	0.115787274
1893.833333	0.114646277
1893.916667	0.114124594
1894	0.114033705
1894.083333	0.114016007
1894.166667	0.11367976
1894.25	0.11270576
1894.333333	0.110934616
1894.416667	0.108411575
1894.5	0.105376699
1894.583333	0.102202977
1894.666667	-0.084685286
1894.75	-0.085901261
1894.833333	-0.084474562
1894.916667	-0.083744703
1895	-0.083555162
1895.083333	-0.083554088
1895.166667	-0.083348443
1895.25	-0.08260948
1895.333333	-0.081159361
1895.416667	-0.079017143
1895.5	-0.076392057
1895.583333	-0.073625729
1895.666667	0.071247756
1895.75	0.071982127
1895.833333	0.070781765
1895.916667	0.070214289
1896	0.070101515
1896.083333	0.070087514
1896.166667	0.069780306
1896.25	0.068858673
1896.333333	0.06715959
1896.416667	0.064723312
1896.5	0.061783918
1896.583333	0.058707848
1896.666667	0.081127174
1896.75	0.079330053
1896.833333	0.07785782
1896.916667	0.077133868
1897	0.076947604
1897.083333	0.076945974
1897.166667	0.076735961
1897.25	0.07598911
1897.333333	0.074528111
1897.416667	0.072372751
1897.5	0.069733144
1897.583333	0.0669519
1897.666667	0.106903564
1897.75	0.105777798
1897.833333	0.104593625
1897.916667	0.104060905
1898	0.10396499
1898.083333	0.10394814
1898.166667	0.103618548
1898.25	0.102656549
1898.333333	0.100901921
1898.416667	0.098398765
1898.5	0.095385772
1898.583333	0.092234431
1898.666667	0.147842798
1898.75	0.146531049
1898.833333	0.144967627
1898.916667	0.144173606
1899	0.143953927
1899.083333	0.143957935
1899.166667	0.14379222
1899.25	0.143125358
1899.333333	0.14177469
1899.416667	0.139752608
1899.5	0.137260253
1899.583333	0.134630264
1899.666667	-0.066015203
1899.75	-0.067763842
1899.833333	-0.06657582
1899.916667	-0.066004283
1900	-0.065889417
1900.083333	-0.065875771
1900.166667	-0.065571347
1900.25	-0.064654734
1900.333333	-0.06296256
1900.416667	-0.060534601
1900.5	-0.057604362
1900.583333	-0.054537654
1900.666667	-0.117249081
1900.75	-0.116124604
1900.833333	-0.114609913
1900.916667	-0.113847726
1901	-0.113643165
1901.083333	-0.113644623
1901.166667	-0.113458869
1901.25	-0.112755824
1901.333333	-0.111355247
1901.416667	-0.109272876
1901.5	-0.10671391
1901.583333	-0.1040155
1901.666667	-0.179691575
1901.75	-0.179356999
1901.833333	-0.178296955
1901.916667	-0.177841627
1902	-0.177782492
1902.083333	-0.17775943
1902.166667	-0.177381046
1902.25	-0.176331057
1902.333333	-0.174455349
1902.416667	-0.171806407
1902.5	-0.168632979
1902.583333	-0.165317557
1902.666667	-0.120370996
1902.75	-0.117264078
1902.833333	-0.115711292
1902.916667	-0.114947283
1903	-0.114742161
1903.083333	-0.114743711
1903.166667	-0.114558684
1903.25	-0.113856951
1903.333333	-0.112458183
1903.416667	-0.110377998
1903.5	-0.107821447
1903.583333	-0.105125518
1903.666667	-0.147682499
1903.75	-0.146680355
1903.833333	-0.14555938
1903.916667	-0.14506957
1904	-0.144994096
1904.083333	-0.144973793
1904.166667	-0.144617081
1904.25	-0.143606176
1904.333333	-0.141784249
1904.416667	-0.139200063
1904.5	-0.136097897
1904.583333	-0.132855357
1904.666667	-0.113579565
1904.75	-0.110956593
1904.833333	-0.109422088
1904.916667	-0.108664824
1905	-0.108462838
1905.083333	-0.108463859
1905.166667	-0.108274681
1905.25	-0.107565451
1905.333333	-0.106156344
1905.416667	-0.104063669
1905.5	-0.101493319
1905.583333	-0.098783216
1905.666667	0.054309785
1905.75	0.05516359
1905.833333	0.053940369
1905.916667	0.053355309
1906	0.053234132
1906.083333	0.053221551
1906.166667	0.052925492
1906.25	0.052023964
1906.333333	0.050352549
1906.416667	0.047949583
1906.5	0.045046848
1906.583333	0.042008271
1906.666667	-0.133495598
1906.75	-0.134411838
1906.833333	-0.132907375
1906.916667	-0.132126728
1907	-0.131913068
1907.083333	-0.131916063
1907.166667	-0.131742388
1907.25	-0.131061152
1907.333333	-0.129690658
1907.416667	-0.127644626
1907.5	-0.12512581
1907.583333	-0.122468642
1907.666667	0.064609857
1907.75	0.066106791
1907.833333	0.064911678
1907.916667	0.064338316
1908	0.064222617
1908.083333	0.064209112
1908.166667	0.063905789
1908.25	0.062991163
1908.333333	0.061301724
1908.416667	0.058877056
1908.5	0.055950439
1908.583333	0.052887437
1908.666667	0.120615755
1908.75	0.119577133
1908.833333	0.118058876
1908.916667	0.117293108
1909	0.117086831
1909.083333	0.117088578
1909.166667	0.116905101
1909.25	0.116206167
1909.333333	0.11481126
1909.416667	0.112735738
1909.5	0.11018434
1909.583333	0.107493704
1909.666667	0.231501817
1909.75	0.232150925
1909.833333	0.231187582
1909.916667	0.230787933
1910	0.230755195
1910.083333	0.230727675
1910.166667	0.230314277
1910.25	0.229201144
1910.333333	0.227238546
1910.416667	0.224484987
1910.5	0.221196428
1910.583333	0.217763259
1910.666667	0.223746276
1910.75	0.22138232
1910.833333	0.219688082
1910.916667	0.218815509
1911	0.218558616
1911.083333	0.218568901
1911.166667	0.218452507
1911.25	0.217874706
1911.333333	0.216646881
1911.416667	0.21477319
1911.5	0.212444784
1911.583333	0.209983203
1911.666667	0.157660019
1911.75	0.154934385
1911.833333	0.15379406
1911.916667	0.153312287
1912	0.153240911
1912.083333	0.153219914
1912.166667	0.152857751
1912.25	0.151837016
1912.333333	0.150001562
1912.416667	0.147401089
1912.5	0.144280999
1912.583333	0.141020128
1912.666667	0.122289666
1912.75	0.119660519
1912.833333	0.118112935
1912.916667	0.117346573
1913	0.117140259
1913.083333	0.117142011
1913.166667	0.116958569
1913.25	0.116259698
1913.333333	0.114864879
1913.416667	0.112789464
1913.5	0.110238183
1913.583333	0.107547668
1913.666667	-0.059816667
1913.75	-0.060942733
1913.833333	-0.059733119
1913.916667	-0.059154213
1914	-0.059035928
1914.083333	-0.059022859
1914.166667	-0.058722965
1914.25	-0.057814521
1914.333333	-0.056133589
1914.416667	-0.053719165
1914.5	-0.050803821
1914.583333	-0.047752347
1914.666667	0.151366273
1914.75	0.152682875
1914.833333	0.151158547
1914.916667	0.150358935
1915	0.150136189
1915.083333	0.150140717
1915.166667	0.149979089
1915.25	0.149319608
1915.333333	0.147979119
1915.416667	0.145969334
1915.5	0.143490564
1915.583333	0.140874531
1915.666667	0.026655482
1915.75	0.022549945
1915.833333	0.021187087
1915.916667	0.020566084
1916	0.020428533
1916.083333	0.020418712
1916.166667	0.020144337
1916.25	0.019281914
1916.333333	0.017664308
1916.416667	0.015326131
1916.5	0.012494696
1916.583333	0.009529039
1916.666667	0.010815779
1916.75	0.00876133
1916.833333	0.00738949
1916.916667	0.006739198
1917	0.006588024
1917.083333	0.006580473
1917.166667	0.006323946
1917.25	0.005493102
1917.333333	0.00391625
1917.416667	0.001620942
1917.5	-0.001173285
1917.583333	0.001659015
1917.666667	0.064847285
1917.75	0.06406999
1917.833333	0.062830088
1917.916667	0.062253782
1918	0.062137031
1918.083333	0.0621237
1918.166667	0.061821756
1918.25	0.060909617
1918.333333	0.059223598
1918.416667	0.056803049
1918.5	0.053880965
1918.583333	0.050822599
1918.666667	-0.081237516
1918.75	-0.081453235
1918.833333	-0.080014796
1918.916667	-0.079289266
1919	-0.07910194
1919.083333	-0.079100492
1919.166667	-0.078891903
1919.25	-0.078147624
1919.333333	-0.076690171
1919.416667	-0.074539097
1919.5	-0.071904224
1919.583333	-0.069127843
1919.666667	0.114876677
1919.75	0.116410592
1919.833333	0.11529109
1919.916667	0.114770459
1920	0.114679899
1920.083333	0.114662147
1920.166667	0.114325473
1920.25	0.113350702
1920.333333	0.111578499
1920.416667	0.109054181
1920.5	0.1060179
1920.583333	0.102842742
1920.666667	0.150045727
1920.75	0.148575557
1920.833333	0.147006181
1920.916667	0.146209974
1921	0.145989278
1921.083333	0.145993458
1921.166667	0.145829088
1921.25	0.145164656
1921.333333	0.14381734
1921.416667	0.141799306
1921.5	0.139311423
1921.583333	0.136686029
1921.666667	0.213889745
1921.75	0.213646775
1921.833333	0.21263949
1921.916667	0.212220131
1922	0.212178132
1922.083333	0.212152176
1922.166667	0.211751057
1922.25	0.210660068
1922.333333	0.208727941
1922.416667	0.20601107
1922.5	0.202762887
1922.583333	0.199371011
1922.666667	0.193966889
1922.75	0.191449206
1922.833333	0.189796733
1922.916667	0.188955391
1923	0.188713381
1923.083333	0.188721155
1923.166667	0.18858503
1923.25	0.187971601
1923.333333	0.186694633
1923.416667	0.184761579
1923.5	0.182367586
1923.583333	0.179838634
1923.666667	0.119656563
1923.75	0.116716008
1923.833333	0.115514808
1923.916667	0.114992905
1924	0.114902427
1924.083333	0.114884657
1924.166667	0.114547836
1924.25	0.1135728
1924.333333	0.111800231
1924.416667	0.109275474
1924.5	0.10623871
1924.583333	0.103063057
1924.666667	0.078522225
1924.75	0.07586774
1924.833333	0.074384923
1924.916667	0.073664316
1925	0.073479777
1925.083333	0.073477855
1925.166667	0.073265549
1925.25	0.072514558
1925.333333	0.071047849
1925.416667	0.068885591
1925.5	0.066238363
1925.583333	0.063449292
1925.666667	-0.04459558
1925.75	-0.044604231
1925.833333	-0.043349764
1925.916667	-0.042753337
1926	-0.04262687
1926.083333	-0.042615182
1926.166667	-0.042326134
1926.25	-0.04143725
1926.333333	-0.039783233
1926.416667	-0.037401216
1926.5	-0.034521535
1926.583333	-0.031506536
1926.666667	0.179128798
1926.75	0.180605255
1926.833333	0.179042269
1926.916667	0.17821353
1927	0.1779769
1927.083333	0.177983771
1927.166667	0.177840548
1927.25	0.177214302
1927.333333	0.175919656
1927.416667	0.173965247
1927.5	0.171547659
1927.583333	0.168994472
1927.666667	-0.106960164
1927.75	-0.110167604
1927.833333	-0.109069529
1927.916667	-0.108542951
1928	-0.108449297
1928.083333	-0.10843207
1928.166667	-0.108099514
1928.25	-0.10713217
1928.333333	-0.105370187
1928.416667	-0.102858174
1928.5	-0.099835435
1928.583333	-0.096674126
1928.666667	-0.135741573
1928.75	-0.134148616
1928.833333	-0.132598476
1928.916667	-0.131817305
1929	-0.131603784
1929.083333	-0.131606753
1929.166667	-0.131432872
1929.25	-0.130751268
1929.333333	-0.129380265
1929.416667	-0.127333618
1929.5	-0.124814122
1929.583333	-0.122156255
1929.666667	-0.079598279
1929.75	-0.07690686
1929.833333	-0.075650935
1929.916667	-0.075087401
1930	-0.074977034
1930.083333	-0.074962623
1930.166667	-0.074652192
1930.25	-0.073724747
1930.333333	-0.072017667
1930.416667	-0.06957176
1930.5	-0.06662177
1930.583333	-0.063534863
1930.666667	-0.074769932
1930.75	-0.072779279
1930.833333	-0.071313251
1930.916667	-0.070596083
1931	-0.070413077
1931.083333	-0.070410897
1931.166667	-0.070196564
1931.25	-0.069441912
1931.333333	-0.067970153
1931.416667	-0.065801796
1931.5	-0.063147828
1931.583333	-0.060351834
1931.666667	-0.057279152
1931.75	-0.055271217
1931.833333	-0.053995613
1931.916667	-0.053409648
1932	-0.053288481
1932.083333	-0.053275895
1932.166667	-0.0529798
1932.25	-0.052078208
1932.333333	-0.050406703
1932.416667	-0.048003629
1932.5	-0.045100777
1932.583333	-0.042062079
1932.666667	0.017046995
1932.75	0.016042604
1932.833333	0.014679198
1932.916667	0.014021632
1933	0.013866833
1933.083333	0.013859895
1933.166667	0.01360818
1933.25	0.012786026
1933.333333	0.011221158
1933.416667	0.008940328
1933.5	0.006162097
1933.583333	0.003238459
1933.666667	0.259830557
1933.75	0.262966604
1933.833333	0.262094825
1933.916667	0.261728356
1934	0.261711055
1934.083333	0.26168093
1934.166667	0.261247071
1934.25	0.260097039
1934.333333	0.258083665
1934.416667	0.25526897
1934.5	0.251913132
1934.583333	0.248411154
1934.666667	0.148920845
1934.75	0.144759423
1934.833333	0.143146319
1934.916667	0.142353243
1935	0.142134453
1935.083333	0.142138308
1935.166667	0.14197139
1935.25	0.141302356
1935.333333	0.139948693
1935.416667	0.137922992
1935.5	0.135426637
1935.583333	0.132792542
1935.666667	0.08259652
1935.75	0.079770435
1935.833333	0.078516304
1935.916667	0.077955723
1936	0.077846785
1936.083333	0.077832132
1936.166667	0.077519805
1936.25	0.076588939
1936.333333	0.074877152
1936.416667	0.072425577
1936.5	0.069469349
1936.583333	0.066376064
1936.666667	0.051401019
1936.75	0.04897257
1936.833333	0.047533966
1936.916667	0.046841535
1937	0.046670368
1937.083333	0.04666619
1937.166667	0.046436161
1937.25	0.045653166
1937.333333	0.044142312
1937.416667	0.04192673
1937.5	0.039220586
1937.583333	0.036370997
1937.666667	-0.033242191
1937.75	-0.032524122
1937.833333	-0.031238318
1937.916667	-0.030628972
1938	-0.030496458
1938.083333	-0.03048579
1938.166667	-0.03020476
1938.25	-0.029330336
1938.333333	-0.027696216
1938.416667	-0.025338156
1938.5	-0.022484839
1938.583333	-0.019496803
1938.666667	0.17765298
1938.75	0.17888458
1938.833333	0.177319661
1938.916667	0.176492642
1939	0.176256868
1939.083333	0.176263595
1939.166667	0.176119235
1939.25	0.175490935
1939.333333	0.174193457
1939.416667	0.172235627
1939.5	0.169814259
1939.583333	0.167257189
1939.666667	-0.058939203
1939.75	-0.061143816
1939.833333	-0.059954304
1939.916667	-0.059375992
1940	-0.059257825
1940.083333	-0.059244737
1940.166667	-0.058944696
1940.25	-0.058035989
1940.333333	-0.056354692
1940.416667	-0.05393983
1940.5	-0.051024004
1940.583333	-0.047972037
1940.666667	-0.071763455
1940.75	-0.070008928
1940.833333	-0.068551363
1940.916667	-0.067837164
1941	-0.067655535
1941.083333	-0.067653123
1941.166667	-0.067436967
1941.25	-0.066679024
1941.333333	-0.065202724
1941.416667	-0.063028882
1941.5	-0.060368855
1941.583333	-0.057566636
1941.666667	-0.015867351
1941.75	-0.013073253
1941.833333	-0.011720358
1941.916667	-0.01108989
1942	-0.010947624
1942.083333	-0.010938601
1942.166667	-0.010670492
1942.25	-0.00981937
1942.333333	-0.008217316
1942.416667	-0.005897863
1942.5	-0.003087034
1942.583333	-0.000142451
1942.666667	-0.03148445
1942.75	-0.029943413
1942.833333	-0.028549448
1942.916667	-0.027877185
1943	-0.027715477
1943.083333	-0.027709704
1943.166667	-0.027467144
1943.25	-0.026661521
1943.333333	-0.025119457
1943.416667	-0.022866172
1943.5	-0.020118374
1943.583333	-0.017225998
1943.666667	-0.028350275
1943.75	-0.026549237
1943.833333	-0.025234648
1943.916667	-0.024618656
1944	-0.024483139
1944.083333	-0.024472978
1944.166667	-0.024195922
1944.25	-0.023328666
1944.333333	-0.02170441
1944.416667	-0.019358225
1944.5	-0.016517978
1944.583333	-0.013543308
1944.666667	0.012599602
1944.75	0.010998206
1944.833333	0.009631353
1944.916667	0.008978868
1945	0.008826579
1945.083333	0.008819217
1945.166667	0.00856417
1945.25	0.007735999
1945.333333	0.006162832
1945.416667	0.003871977
1945.5	0.001082669
1945.583333	-0.001852346
1945.666667	0.225608144
1945.75	0.228145721
1945.833333	0.227211085
1945.916667	0.226807911
1946	0.226773201
1946.083333	0.226746016
1946.166667	0.22633525
1946.25	0.225226864
1946.333333	0.223270798
1946.416667	0.220525102
1946.5	0.217245198
1946.583333	0.21382088
1946.666667	-0.065929872
1946.75	-0.068885693
1946.833333	-0.067516285
1946.916667	-0.06680476
1947	-0.066623674
1947.083333	-0.066621176
1947.166667	-0.066404338
1947.25	-0.065645163
1947.333333	-0.064167164
1947.416667	-0.061991269
1947.5	-0.059328975
1947.583333	-0.056524427
1947.666667	0.051455098
1947.75	0.051475298
1947.833333	0.050231277
1947.916667	0.049642056
1948	0.049519023
1948.083333	0.049506754
1948.166667	0.049213151
1948.25	0.048316052
1948.333333	0.04665073
1948.416667	0.044255101
1948.5	0.041360441
1948.583333	0.038330121
1948.666667	0.029529705
1948.75	0.027255272
1948.833333	0.025851845
1948.916667	0.025182158
1949	0.025021788
1949.083333	0.025015789
1949.166667	0.024771447
1949.25	0.02396261
1949.333333	0.02241611
1949.416667	0.020157467
1949.5	0.01740375
1949.583333	0.014505293
1949.666667	0.04216973
1949.75	0.040698059
1949.833333	0.039410593
1949.916667	0.038809546
1950	0.038681105
1950.083333	0.038669748
1950.166667	0.038383308
1950.25	0.037499128
1950.333333	0.035851583
1950.416667	0.033477358
1950.5	0.030606253
1950.583333	0.027600025
1950.666667	0.011498371
1950.75	0.009123396
1950.833333	0.007745132
1950.916667	0.00709436
1951	0.006943006
1951.083333	0.006935486
1951.166667	0.006679193
1951.25	0.005848773
1951.333333	0.004272505
1951.416667	0.001977903
1951.5	-0.000815544
1951.583333	0.002017557
1951.666667	-0.20757593
1951.75	-0.20975195
1951.833333	-0.208783276
1951.916667	-0.208360697
1952	-0.208316789
1952.083333	-0.208291158
1952.166667	-0.207892591
1952.25	-0.206806205
1952.333333	-0.204880412
1952.416667	-0.202171167
1952.5	-0.198931376
1952.583333	-0.195548083
1952.666667	-0.282285747
1952.75	-0.28129568
1952.833333	-0.279537421
1952.916667	-0.278602678
1953	-0.278315991
1953.083333	-0.278331304
1953.166667	-0.278254415
1953.25	-0.27774795
1953.333333	-0.276618521
1953.416667	-0.27486369
1953.5	-0.272666604
1953.583333	-0.270339915
1953.666667	-0.338876514
1953.75	-0.338706701
1953.833333	-0.337887046
1953.916667	-0.337598776
1954	-0.337619272
1954.083333	-0.337582759
1954.166667	-0.337098726
1954.25	-0.335858211
1954.333333	-0.333720327
1954.416667	-0.330755718
1954.5	-0.327234901
1954.583333	-0.323564195
1954.666667	-0.367683712
1954.75	-0.365752448
1954.833333	-0.363851104
1954.916667	-0.362827807
1955	-0.362499128
1955.083333	-0.362521525
1955.166667	-0.362500289
1955.25	-0.362094318
1955.333333	-0.361103504
1955.416667	-0.359516116
1955.5	-0.357504029
1955.583333	-0.355367369
1955.666667	-0.376855974
1955.75	-0.375892928
1955.833333	-0.3751141
1955.916667	-0.37486452
1956	-0.374903585
1956.083333	-0.374863935
1956.166667	-0.374355257
1956.25	-0.3730703
1956.333333	-0.37087126
1956.416667	-0.367833016
1956.5	-0.364231165
1956.583333	-0.360477584
1956.666667	-0.343482055
1956.75	-0.340473676
1956.833333	-0.33859021
1956.916667	-0.337592985
1957	-0.337276879
1957.083333	-0.337297154
1957.166667	-0.337259243
1957.25	-0.336823163
1957.333333	-0.335790818
1957.416667	-0.334153263
1957.5	-0.332085748
1957.583333	-0.329892153
1957.666667	-0.095699093
1957.75	-0.089519107
1957.833333	-0.088217918
1957.916667	-0.08766636
1958	-0.087562242
1958.083333	-0.087546772
1958.166667	-0.087228022
1958.25	-0.086285576
1958.333333	-0.084557852
1958.416667	-0.08208709
1958.5	-0.079109747
1958.583333	-0.075994866
1958.666667	-0.33051724
1958.75	-0.332518123
1958.833333	-0.330738479
1958.916667	-0.329751163
1959	-0.329438997
1959.083333	-0.329458612
1959.166667	-0.32941552
1959.25	-0.328970084
1959.333333	-0.327924833
1959.416667	-0.326271688
1959.5	-0.324186949
1959.583333	-0.321975661
1959.666667	-0.262155708
1959.75	-0.259486636
1959.833333	-0.258503088
1959.916667	-0.258130907
1960	-0.258111777
1960.083333	-0.258081955
1960.166667	-0.257650474
1960.25	-0.256504733
1960.333333	-0.254497263
1960.416667	-0.251689676
1960.5	-0.24834166
1960.583333	-0.244847683
1960.666667	-0.257513574
1960.75	-0.255209561
1960.833333	-0.253466035
1960.916667	-0.252558133
1961	-0.25228442
1961.083333	-0.252297543
1961.166667	-0.252203445
1961.25	-0.251665904
1961.333333	-0.250493612
1961.416667	-0.248687003
1961.5	-0.246432711
1961.583333	-0.244047261
1961.666667	-0.226521729
1961.75	-0.224562972
1961.833333	-0.223540445
1961.916667	-0.223131916
1962	-0.223095346
1962.083333	-0.22306847
1962.166667	-0.222660135
1962.25	-0.221556133
1962.333333	-0.219606099
1962.416667	-0.216867668
1962.5	-0.213595757
1962.583333	-0.210179614
1962.666667	-0.250447697
1962.75	-0.248663603
1962.833333	-0.246939374
1962.916667	-0.246038477
1963	-0.245768017
1963.083333	-0.245780592
1963.166667	-0.245682186
1963.25	-0.245136866
1963.333333	-0.243953844
1963.416667	-0.242134274
1963.5	-0.239865662
1963.583333	-0.237465501
1963.666667	-0.296154771
1963.75	-0.295724759
1963.833333	-0.294836301
1963.916667	-0.294502894
1964	-0.294501907
1964.083333	-0.294469023
1964.166667	-0.294013489
1964.25	-0.292824371
1964.333333	-0.290757211
1964.416667	-0.287877756
1964.5	-0.28445065
1964.583333	-0.280875785
1964.666667	-0.349564376
1964.75	-0.348117884
1964.833333	-0.346251708
1964.916667	-0.345246993
1965	-0.344927081
1965.083333	-0.344948
1965.166667	-0.344915147
1965.25	-0.344488199
1965.333333	-0.343468451
1965.416667	-0.341846112
1965.5	-0.339795409
1965.583333	-0.337619083
1965.666667	-0.559186444
1965.75	-0.562235778
1965.833333	-0.561808192
1965.916667	-0.561755327
1966	-0.561887572
1966.083333	-0.561832187
1966.166667	-0.561199915
1966.25	-0.559692073
1966.333333	-0.557186329
1966.416667	-0.553778803
1966.5	-0.549770561
1966.583333	-0.576573651
1966.666667	-0.573186089
1966.75	-0.570000651
1966.833333	-0.567772035
1966.916667	-0.566534906
1967	-0.566104675
1967.083333	-0.566144203
1967.166667	-0.56625757
1967.25	-0.566094656
1967.333333	-0.565439096
1967.416667	-0.564256687
1967.5	-0.562692038
1967.583333	-0.592043695
1967.666667	-0.591195507
1967.75	-0.5902207
1967.833333	-0.589760915
1967.916667	-0.589735947
1968	-0.589882114
1968.083333	-0.589824372
1968.166667	-0.589173597
1968.25	-0.587632385
1968.333333	-0.585080722
1968.416667	-0.581617909
1968.5	-0.577548824
1968.583333	-0.574142222
1968.666667	-0.570242688
1968.75	-0.56705332
1968.833333	-0.564829022
1968.916667	-0.563594971
1969	-0.563166206
1969.083333	-0.563205487
1969.166667	-0.563316911
1969.25	-0.563150489
1969.333333	-0.562490091
1969.416667	-0.561301837
1969.5	-0.55973073
1969.583333	-0.341685036
1969.666667	-0.335768596
1969.75	-0.334226022
1969.833333	-0.333374488
1969.916667	-0.333081035
1970	-0.33309927
1970.083333	-0.333063138
1970.166667	-0.332582092
1970.25	-0.331346965
1970.333333	-0.329216495
1970.416667	-0.326260813
1970.5	-0.322749819
1970.583333	-0.581981563
1970.666667	-0.582887695
1970.75	-0.57976306
1970.833333	-0.577521019
1970.916667	-0.576273708
1971	-0.575838622
1971.083333	-0.57587897
1971.166667	-0.575998772
1971.25	-0.575847478
1971.333333	-0.575207945
1971.416667	-0.574044898
1971.5	-0.572501639
1971.583333	-0.532393355
1971.666667	-0.530144546
1971.75	-0.52903056
1971.833333	-0.528477072
1971.916667	-0.528387927
1972	-0.528503514
1972.083333	-0.528450938
1972.166667	-0.527840732
1972.25	-0.526372684
1972.333333	-0.523921699
1972.416667	-0.520580105
1972.5	-0.51664442
1972.583333	-0.529285493
1972.666667	-0.525774834
1972.75	-0.52267525
1972.833333	-0.520518706
1972.916667	-0.519331057
1973	-0.518924357
1973.083333	-0.518959916
1973.166667	-0.519042092
1973.25	-0.518822855
1973.333333	-0.518089609
1973.416667	-0.516813357
1973.5	-0.515145025
1973.583333	-0.49382755
1973.666667	-0.491842729
1973.75	-0.490662405
1973.833333	-0.490050546
1973.916667	-0.489921168
1974	-0.490017581
1974.083333	-0.489968244
1974.166667	-0.489383477
1974.25	-0.487961304
1974.333333	-0.485573446
1974.416667	-0.482307859
1974.5	-0.478455819
1974.583333	-0.403513198
1974.666667	-0.398658689
1974.75	-0.395770677
1974.833333	-0.393807052
1974.916667	-0.392752082
1975	-0.392408481
1975.083333	-0.392433394
1975.166667	-0.392431931
1975.25	-0.392061665
1975.333333	-0.391120099
1975.416667	-0.389592203
1975.5	-0.387645843
1975.583333	-0.632597225
1975.666667	-0.635792721
1975.75	-0.634975041
1975.833333	-0.634584806
1975.916667	-0.634606797
1976	-0.63477533
1976.083333	-0.634713811
1976.166667	-0.634033361
1976.25	-0.632438637
1976.333333	-0.629813337
1976.416667	-0.626261862
1976.5	-0.622095206
1976.583333	-0.694900145
1976.666667	-0.692146196
1976.75	-0.688751304
1976.833333	-0.686341954
1976.916667	-0.684980667
1977	-0.684491392
1977.083333	-0.684540882
1977.166667	-0.684732513
1977.25	-0.684710925
1977.333333	-0.684250298
1977.416667	-0.683303365
1977.5	-0.681998879
1977.583333	-0.709570455
1977.666667	-0.708936482
1977.75	-0.708184429
1977.833333	-0.70790445
1977.916667	-0.708003188
1978	-0.708208306
1978.083333	-0.708140607
1978.166667	-0.707411619
1978.25	-0.705729363
1978.333333	-0.702983614
1978.416667	-0.699287113
1978.5	-0.694960858
1978.583333	-0.740436737
1978.666667	-0.737085355
1978.75	-0.733595974
1978.833333	-0.73111809
1978.916667	-0.729709911
1979	-0.729198338
1979.083333	-0.72925159
1979.166667	-0.729472777
1979.25	-0.729504558
1979.333333	-0.729117546
1979.416667	-0.728259536
1979.5	-0.727053297
1979.583333	-0.742214987
1979.666667	-0.741421743
1979.75	-0.74072714
1979.833333	-0.740496691
1979.916667	-0.740629555
1980	-0.740850935
1980.083333	-0.740780489
1980.166667	-0.740029925
1980.25	-0.738308759
1980.333333	-0.735509467
1980.416667	-0.731748499
1980.5	-0.727351298
1980.583333	-0.724796164
1980.666667	-0.720595773
1980.75	-0.71712145
1980.833333	-0.714668382
1980.916667	-0.713277424
1981	-0.712774042
1981.083333	-0.712825912
1981.166667	-0.713036241
1981.25	-0.713048415
1981.333333	-0.712634359
1981.416667	-0.711743681
1981.5	-0.710501348
1981.583333	-0.561914831
1981.666667	-0.557736341
1981.75	-0.556638204
1981.833333	-0.55612613
1981.916667	-0.556065924
1982	-0.556195307
1982.083333	-0.556140401
1982.166667	-0.555511891
1982.25	-0.554010835
1982.333333	-0.551514427
1982.416667	-0.548118143
1982.5	-0.544122273
1982.583333	-0.819234529
1982.666667	-0.819933819
1982.75	-0.816364835
1982.833333	-0.813762199
1982.916667	-0.812267504
1983	-0.811714777
1983.083333	-0.811774972
1983.166667	-0.81205071
1983.25	-0.812180996
1983.333333	-0.811929854
1983.416667	-0.811235972
1983.5	-0.810211069
1983.583333	-0.603332113
1983.666667	-0.59817036
1983.75	-0.597129317
1983.833333	-0.596678606
1983.916667	-0.596660855
1984	-0.596810473
1984.083333	-0.596752149
1984.166667	-0.596096794
1984.25	-0.594547324
1984.333333	-0.591984296
1984.416667	-0.5885078
1984.5	-0.584423657
1984.583333	-0.550663449
1984.666667	-0.546255935
1984.75	-0.543101819
1984.833333	-0.540913847
1984.916667	-0.539704836
1985	-0.53928798
1985.083333	-0.539325252
1985.166667	-0.53942089
1985.25	-0.539225963
1985.333333	-0.538526247
1985.416667	-0.537290499
1985.5	-0.535666918
1985.583333	-0.508002044
1985.666667	-0.50593046
1985.75	-0.504774725
1985.833333	-0.50418434
1985.916667	-0.50406976
1986	-0.504173226
1986.083333	-0.504122697
1986.166667	-0.503528573
1986.25	-0.502089527
1986.333333	-0.49967845
1986.416667	-0.496384906
1986.5	-0.492502101
1986.583333	-0.540584823
1986.666667	-0.537701148
1986.75	-0.53459091
1986.833333	-0.532416421
1986.916667	-0.531216317
1987	-0.530803693
1987.083333	-0.530840251
1987.166667	-0.53093028
1987.25	-0.530725225
1987.333333	-0.530011539
1987.416667	-0.528758915
1987.5	-0.527116689
1987.583333	-0.553269794
1987.666667	-0.552281425
1987.75	-0.551231722
1987.833333	-0.550712485
1987.916667	-0.550646629
1988	-0.550773312
1988.083333	-0.550718862
1988.166667	-0.550093936
1988.25	-0.548599343
1988.333333	-0.546111829
1988.416667	-0.542726253
1988.5	-0.538742167
1988.583333	-0.610043348
1988.666667	-0.607440056
1988.75	-0.604205356
1988.833333	-0.601924885
1988.916667	-0.600651997
1989	-0.600204759
1989.083333	-0.600247157
1989.166667	-0.600383067
1989.25	-0.60026086
1989.333333	-0.599661449
1989.416667	-0.598546866
1989.5	-0.597057154
1989.583333	-0.826135028
1989.666667	-0.829445659
1989.75	-0.828989998
1989.833333	-0.82889541
1989.916667	-0.829120859
1990	-0.829386348
1990.083333	-0.829308452
1990.166667	-0.828499367
1990.25	-0.826672667
1990.333333	-0.823728153
1990.416667	-0.819792333
1990.5	-0.81520271
1990.583333	-0.779235496
1990.666667	-0.774307282
1990.75	-0.770719772
1990.833333	-0.768184788
1990.916667	-0.766737785
1991	-0.766207753
1991.083333	-0.766264119
1991.166667	-0.766509773
1991.25	-0.766585734
1991.333333	-0.766259661
1991.416667	-0.765475265
1991.5	-0.764350356
1991.583333	-0.758190468
1991.666667	-0.757039313
1991.75	-0.756367164
1991.833333	-0.756160424
1991.916667	-0.756309687
1992	-0.756538883
1992.083333	-0.756467117
1992.166667	-0.755706183
1992.25	-0.753966317
1992.333333	-0.751141293
1992.416667	-0.747349342
1992.5	-0.742918045
1992.583333	-0.755539837
1992.666667	-0.751553514
1992.75	-0.748025586
1992.833333	-0.7455255
1992.916667	-0.744102231
1993	-0.743583483
1993.083333	-0.743637945
1993.166667	-0.743868642
1993.25	-0.743917595
1993.333333	-0.743554269
1993.416667	-0.742724873
1993.5	-0.741550245
1993.583333	-0.669791091
1993.666667	-0.667249802
1993.75	-0.666385256
1993.833333	-0.666040949
1993.916667	-0.666095841
1994	-0.666280069
1994.083333	-0.666215899
1994.166667	-0.665514625
1994.25	-0.663882348
1994.333333	-0.661205372
1994.416667	-0.657591677
1994.5	-0.653356548
1994.583333	-0.925694289
1994.666667	-0.926118989
1994.75	-0.922347618
1994.833333	-0.919583396
1994.916667	-0.917977888
1995	-0.917372465
1995.083333	-0.91744155
1995.166667	-0.917787139
1995.25	-0.918043554
1995.333333	-0.917966387
1995.416667	-0.917482662
1995.5	-0.916689949
1995.583333	-0.708351593
1995.666667	-0.703383667
1995.75	-0.702541722
1995.833333	-0.702251687
1995.916667	-0.70234448
1996	-0.702546776
1996.083333	-0.702479554
1996.166667	-0.701754308
1996.25	-0.700078801
1996.333333	-0.697342338
1996.416667	-0.693657018
1996.5	-0.689343068
1996.583333	-0.675049598
1996.666667	-0.670738193
1996.75	-0.667354491
1996.833333	-0.66497722
1996.916667	-0.663638295
1997	-0.663159659
1997.083333	-0.663207354
1997.166667	-0.663384883
1997.25	-0.663337829
1997.333333	-0.662842078
1997.416667	-0.661852716
1997.5	-0.660501351
1997.583333	-0.676498002
1997.666667	-0.675582032
1997.75	-0.674762812
1997.833333	-0.674431816
1997.916667	-0.674495504
1998	-0.674683919
1998.083333	-0.674619042
1998.166667	-0.673912213
1998.25	-0.672269918
1998.333333	-0.669579158
1998.416667	-0.665948866
1998.5	-0.661695473
1998.583333	-0.706359234
1998.666667	-0.703064531
1998.75	-0.699639418
1998.833333	-0.697213295
1998.916667	-0.695840621
1999	-0.695345932
1999.083333	-0.695396335
1999.166667	-0.695595143
1999.25	-0.695586511
1999.333333	-0.695143758
1999.416667	-0.694218415
1999.5	-0.692937782
1999.583333	-0.690350384
1999.666667	-0.689122304
1999.75	-0.688322519
1999.833333	-0.688012078
1999.916667	-0.688089984
2000	-0.688285175
2000.083333	-0.688219153
2000.166667	-0.687503334
2000.25	-0.685844827
2000.333333	-0.683131756
2000.416667	-0.679474603
2000.5	-0.675191648
2000.583333	-0.719248991
2000.666667	-0.715916075
2000.75	-0.712466376
2000.833333	-0.710020695
2000.916667	-0.708634609
2001	-0.708133542
2001.083333	-0.708185021
2001.166667	-0.708392283
2001.25	-0.708398917
2001.333333	-0.70797722
2001.416667	-0.707077311
2001.5	-0.705824781
2001.583333	-0.916428208
2001.666667	-0.919589327
2001.75	-0.919298454
2001.833333	-0.919341413
2001.916667	-0.919661564
2002	-0.919972183
2002.083333	-0.919886664
2002.166667	-0.919017704
2002.25	-0.917083026
2002.333333	-0.913989926
2002.416667	-0.909875205
2002.5	-0.905088702
2002.583333	-0.712839416
2002.666667	-0.70518129
2002.75	-0.701672129
2002.833333	-0.699241435
2002.916667	-0.69786661
2003	-0.69737091
2003.083333	-0.697421484
2003.166667	-0.69762163
2003.25	-0.697615416
2003.333333	-0.697175997
2003.416667	-0.696254682
2003.5	-0.694978499
2003.583333	-0.838584225
2003.666667	-0.84035171
2003.75	-0.839887985
2003.833333	-0.839809482
2003.916667	-0.840046349
2004	-0.840317284
2004.083333	-0.840238468
2004.166667	-0.839422158
2004.25	-0.837582429
2004.333333	-0.834619985
2004.416667	-0.830662577
2004.5	-0.826049196
2004.583333	-0.852875852
2004.666667	-0.848945855
2004.75	-0.845237957
2004.833333	-0.842589761
2004.916667	-0.841064851
2005	-0.840497768
2005.083333	-0.840560385
2005.166667	-0.840855152
2005.25	-0.841019797
2005.333333	-0.840816049
2005.416667	-0.840179418
2005.5	-0.839217767
2005.583333	-0.865029442
2005.666667	-0.864689741
2005.75	-0.86423256
2005.833333	-0.864190441
2005.916667	-0.864452823
2006	-0.864735924
2006.083333	-0.864655053
2006.166667	-0.863822603
2006.25	-0.861953766
2006.333333	-0.858951269
2006.416667	-0.854945636
2006.5	-0.850279183
2006.583333	-0.904956318
2006.666667	-0.901428256
2006.75	-0.897630199
2006.833333	-0.894902306
2006.916667	-0.893322618
2007	-0.892729485
2007.083333	-0.892796496
2007.166667	-0.893125794
2007.25	-0.893352791
2007.333333	-0.893235047
2007.416667	-0.892702307
2007.5	-0.891855439
2007.583333	-0.704533445
2007.666667	-0.699943367
2007.75	-0.699101965
2007.833333	-0.698806817
2007.916667	-0.698896005
2008	-0.699096582
2008.083333	-0.69902965
2008.166667	-0.698306685
2008.25	-0.69663529
2008.333333	-0.693904486
2008.416667	-0.690225981
2008.5	-0.685919529
2008.583333	-0.61709823
2008.666667	-0.611907417
2008.75	-0.608616906
2008.833333	-0.60632884
2008.916667	-0.605051324
2009	-0.604601893
2009.083333	-0.604644661
2009.166667	-0.604783478
2009.25	-0.60466652
2009.333333	-0.604074349
2009.416667	-0.602968512
2009.5	-0.601488463
2009.583333	-0.533725651
2009.666667	-0.530971894
2009.75	-0.529850174
2009.833333	-0.529297764
2009.916667	-0.529209476
2010	-0.529325473
2010.083333	-0.529272827
2010.166667	-0.528662078
2010.25	-0.527193051
2010.333333	-0.524740717
2010.416667	-0.521397499
2010.5	-0.517460028
2010.583333	-0.556737717
2010.666667	-0.553658444
2010.75	-0.550514958
2010.833333	-0.548316139
2010.916667	-0.547099385
2011	-0.546678842
2011.083333	-0.546716736
2011.166667	-0.546817261
2011.25	-0.546631157
2011.333333	-0.54594361
2011.416667	-0.544722563
2011.5	-0.543115224
2011.583333	-0.496288616
2011.666667	-0.493840609
2011.75	-0.492655494
2011.833333	-0.492046516
2011.916667	-0.491919224
2012	-0.492016634
2012.083333	-0.491967128
2012.166667	-0.49138104
2012.25	-0.489956484
2012.333333	-0.487565347
2012.416667	-0.484295812
2012.5	-0.480439428
2012.583333	-0.510982813
2012.666667	-0.507839296
2012.75	-0.504779786
2012.833333	-0.502650635
2012.916667	-0.501481699
2013	-0.501083897
2013.083333	-0.501117954
2013.166667	-0.501188336
2013.25	-0.500947802
2013.333333	-0.50018518
2013.416667	-0.498873443
2013.5	-0.497165905
2013.583333	-0.735257697
2013.666667	-0.738542914
2013.75	-0.737917844
2013.833333	-0.737684486
2013.916667	-0.73781443
2014	-0.738034408
2014.083333	-0.737964199
2014.166667	-0.737215497
2014.25	-0.735497688
2014.333333	-0.732703015
2014.416667	-0.72894761
2014.5	-0.724556531
2014.583333	-0.538741635
2014.666667	-0.531567386
2014.75	-0.528389772
2014.833333	-0.526223283
2014.916667	-0.525029638
2015	-0.524620096
2015.083333	-0.524656134
2015.166667	-0.524742076
2015.25	-0.524529639
2015.333333	-0.523805771
2015.416667	-0.522540848
2015.5	-0.520885033
2015.583333	-0.58639493
2015.666667	-0.586198754
2015.75	-0.585226632
2015.833333	-0.584759457
2015.916667	-0.584729256
2016	-0.584872927
2016.083333	-0.584815608
2016.166667	-0.584168143
2016.25	-0.582632902
2016.333333	-0.580089456
2016.416667	-0.576636535
2016.5	-0.572578337
2016.583333	-0.583374235
2016.666667	-0.579716069
2016.75	-0.576513526
2016.833333	-0.574274895
2016.916667	-0.573030955
2017	-0.572597485
2017.083333	-0.57263756
2017.166667	-0.572755219
2017.25	-0.572600056
2017.333333	-0.571955187
2017.416667	-0.570785692
2017.5	-0.569235311
2017.583333	-0.610177753
2017.666667	-0.609580472
2017.75	-0.60864444
2017.833333	-0.60821281
2017.916667	-0.608207164
2018	-0.608362538
2018.083333	-0.608303242
2018.166667	-0.607640251
2018.25	-0.606077011
2018.333333	-0.603495035
2018.416667	-0.599995724
2018.5	-0.595886473
2018.583333	-0.62659137
2018.666667	-0.623207951
2018.75	-0.619929623
2018.833333	-0.617624929
2018.916667	-0.616335596
2019	-0.61588054
2019.083333	-0.615924256
2019.166667	-0.61607053
2019.25	-0.615967036
2019.333333	-0.615393436
2019.416667	-0.614310033
2019.5	-0.61285477
2019.583333	-0.511417473
2019.666667	-0.507998575
2019.75	-0.506821947
2019.833333	-0.506234227
2019.916667	-0.506121785
2020	-0.506226274
2020.083333	-0.506175572
2020.166667	-0.505580092
2020.25	-0.504138598
2020.333333	-0.501724153
2020.416667	-0.498426555
2020.5	-0.494539288
2020.583333	-0.447544024
2020.666667	-0.44311014
2020.75	-0.440147237
2020.833333	-0.438116135
2020.916667	-0.437014769
2021	-0.436649103
2021.083333	-0.436677739
2021.166667	-0.436705523
2021.25	-0.43638807
2021.333333	-0.43551935
2021.416667	-0.434079449
2021.5	-0.432230312
2021.583333	-0.251333625
2021.666667	-0.245909447
2021.75	-0.244208907
2021.833333	-0.243220385
2021.916667	-0.242832537
2022	-0.242805788
2022.083333	-0.242777254
2022.166667	-0.242355891
2022.25	-0.241228394
2022.333333	-0.23924603
2022.416667	-0.236468671
2022.5	-0.233153921
2022.583333	-0.455161088
2022.666667	-0.455650185
2022.75	-0.452754365
2022.833333	-0.450705714
2022.916667	-0.449591196
2023	-0.449219261
2023.083333	-0.449248955
2023.166667	-0.449285049
2023.25	-0.448982602
2023.333333	-0.448134579
2023.416667	-0.446719681
2023.5	-0.444898168
2023.583333	-0.325711383
2023.666667	-0.321576472
2023.75	-0.320040231
2023.833333	-0.319167682
2023.916667	-0.318859364
2024	-0.318870511
2024.083333	-0.318835576
2024.166667	-0.318363935
