1880	-0.2434529
1880.083333	0.0929393
1880.166667	0.519998767
1880.25	0.2214884
1880.333333	0.130483839
1880.416667	-0.407102561
1880.5	-0.369083227
1880.583333	-0.482064467
1880.666667	-0.982909033
1880.75	-0.7550185
1880.833333	-1.106046533
1880.916667	-1.9125642
1881	-2.4101581
1881.083333	-2.585758767
1881.166667	-1.293261433
1881.25	-0.865239933
1881.333333	-0.0698436
1881.416667	0.4421099
1881.5	0.232098667
1881.583333	-0.177643933
1881.666667	-0.509118267
1881.75	-0.118916067
1881.833333	0.7608952
1881.916667	1.214585467
1882	1.032860833
1882.083333	1.260743167
1882.166667	0.7642262
1882.25	0.476070667
1882.333333	-0.353541593
1882.416667	0.035450773
1882.5	0.278414173
1882.583333	0.470880967
1882.666667	0.3410817
1882.75	0.585598367
1882.833333	0.0703376
1882.916667	0.2147102
1883	0.544031933
1883.083333	0.246790833
1883.166667	0.2522996
1883.25	-0.214633467
1883.333333	0.131551333
1883.416667	-0.3001671
1883.5	-0.350482233
1883.583333	-0.169117433
1883.666667	0.4997904
1883.75	0.746522267
1883.833333	0.992099467
1883.916667	0.7412616
1884	0.536132567
1884.083333	0.619650833
1884.166667	0.072161367
1884.25	-0.048292167
1884.333333	-0.185265467
1884.416667	-0.094702467
1884.5	-0.0573502
1884.583333	0.019134067
1884.666667	0.529132967
1884.75	0.213966133
1884.833333	0.495677767
1884.916667	0.1489664
1885	-0.210641133
1885.083333	-0.479300433
1885.166667	-0.175255633
1885.25	0.2034343
1885.333333	0.199510133
1885.416667	0.0336761
1885.5	-0.246549167
1885.583333	-0.195417733
1885.666667	-0.2837586
1885.75	-0.0338242
1885.833333	-0.564443367
1885.916667	-0.429237967
1886	-0.271475067
1886.083333	-0.269819767
1886.166667	-0.567810533
1886.25	-0.6439098
1886.333333	-0.270050533
1886.416667	0.0161026
1886.5	0.476660067
1886.583333	0.245601333
1886.666667	0.2967411
1886.75	0.304715967
1886.833333	0.3945468
1886.916667	0.737512167
1887	0.6839396
1887.083333	0.202370467
1887.166667	-0.820337533
1887.25	-1.0055874
1887.333333	-0.701902233
1887.416667	-0.16175397
1887.5	-0.467131837
1887.583333	-0.334658037
1887.666667	-0.8807103
1887.75	-0.884384367
1887.833333	-1.384433333
1887.916667	-1.241849333
1888	-1.522129333
1888.083333	-1.331248667
1888.166667	-1.028898267
1888.25	-0.707025167
1888.333333	-0.4915943
1888.416667	-0.538563633
1888.5	-0.385989667
1888.583333	-0.5494762
1888.666667	-0.915496933
1888.75	-0.435145667
1888.833333	0.244458333
1888.916667	1.107956633
1889	0.711680367
1889.083333	0.314602267
1889.166667	0.290261533
1889.25	0.3176022
1889.333333	0.5917183
1889.416667	-0.002017833
1889.5	0.0803421
1889.583333	-0.289049667
1889.666667	0.172458667
1889.75	0.351778567
1889.833333	1.203515
1889.916667	1.6673599
1890	1.100979933
1890.083333	0.855511933
1890.166667	0.518290567
1890.25	0.6777857
1890.333333	0.4347442
1890.416667	0.2629856
1890.5	0.4379501
1890.583333	0.417453267
1890.666667	0.3458987
1890.75	0.7957598
1890.833333	0.434190467
1890.916667	0.436040033
1891	0.0218171
1891.083333	-0.1245347
1891.166667	-0.461742333
1891.25	-0.696910633
1891.333333	-0.8307615
1891.416667	-0.781456867
1891.5	-0.65983996
1891.583333	0.019881207
1891.666667	0.46232174
1891.75	0.446331633
1891.833333	0.603454133
1891.916667	0.526869867
1892	-0.044567367
1892.083333	-0.8194287
1892.166667	-1.060522567
1892.25	-0.782443
1892.333333	-0.564370167
1892.416667	-0.461878076
1892.5	-0.190479466
1892.583333	0.285164967
1892.666667	-0.25516289
1892.75	-0.0970459
1892.833333	-0.680505767
1892.916667	-0.7768651
1893	-0.708690767
1893.083333	-0.657117033
1893.166667	-0.1635931
1893.25	-0.592803633
1893.333333	-0.701541767
1893.416667	-0.58669363
1893.5	-0.68317773
1893.583333	-0.157828863
1893.666667	-0.090103
1893.75	-0.305953533
1893.833333	-0.001651067
1893.916667	0.115554
1894	1.452637
1894.083333	1.262811833
1894.166667	1.349035967
1894.25	0.4034949
1894.333333	0.355883567
1894.416667	0.170340967
1894.5	0.27841417
1894.583333	-0.54139033
1894.666667	-1.152319197
1894.75	-0.658971
1894.833333	-0.024107967
1894.916667	-0.0071403
1895	-1.970326967
1895.083333	-1.834528633
1895.166667	-1.474987467
1895.25	0.039802167
1895.333333	-0.249835067
1895.416667	-0.092967887
1895.5	-0.15237012
1895.583333	-0.10174562
1895.666667	-0.607993967
1895.75	-0.700349267
1895.833333	-0.7884551
1895.916667	-0.600062433
1896	-0.351389533
1896.083333	0.339421667
1896.166667	1.03398
1896.25	0.964939267
1896.333333	0.279624833
1896.416667	0.082753667
1896.5	-0.012702933
1896.583333	0.09592606
1896.666667	-0.488516107
1896.75	-0.669326007
1896.833333	-0.2902729
1896.916667	-0.3330039
1897	0.148140933
1897.083333	0.022004633
1897.166667	1.0245463
1897.25	0.788003787
1897.333333	0.27260642
1897.416667	-0.35446208
1897.5	-0.199833167
1897.583333	0.164485533
1897.666667	-0.125796967
1897.75	-0.4242576
1897.833333	-0.404867367
1897.916667	0.236193333
1898	0.627389267
1898.083333	0.332870167
1898.166667	0.4332388
1898.25	0.0379876
1898.333333	0.0310211
1898.416667	-0.5146651
1898.5	-0.2859125
1898.583333	-0.199674067
1898.666667	-0.154138533
1898.75	-0.107974267
1898.833333	0.1036836
1898.916667	-0.1266984
1899	-0.804190033
1899.083333	-1.466431667
1899.166667	-1.109986753
1899.25	-0.77087412
1899.333333	-0.078223353
1899.416667	0.109134
1899.5	0.0275014
1899.583333	0.065129167
1899.666667	-0.447390767
1899.75	-0.049729633
1899.833333	-0.4294595
1899.916667	0.359835167
1900	-0.631725
1900.083333	-0.999580667
1900.166667	-1.317600433
1900.25	-0.343412667
1900.333333	0.1439074
1900.416667	-0.059995933
1900.5	-0.134009393
1900.583333	0.205196773
1900.666667	0.212342673
1900.75	0.6175027
1900.833333	0.653439
1900.916667	0.678319833
1901	-0.6643765
1901.083333	-1.164200033
1901.166667	-0.9055233
1901.25	-0.250674167
1901.333333	0.132859133
1901.416667	-0.0158419
1901.5	0.318458267
1901.583333	0.3075955
1901.666667	0.6015885
1901.75	0.0212982
1901.833333	-0.106184733
1901.916667	-0.590361867
1902	-0.8904572
1902.083333	-0.7456919
1902.166667	-0.9224163
1902.25	-0.0034045
1902.333333	-0.645165733
1902.416667	-0.593619533
1902.5	-0.870401967
1902.583333	-0.6965761
1902.666667	-0.3728802
1902.75	-0.18324551
1902.833333	0.197702423
1902.916667	0.14186788
1903	0.54648749
1903.083333	1.322524357
1903.166667	1.27523249
1903.25	0.99417539
1903.333333	-0.293748943
1903.416667	-0.3021821
1903.5	-0.3167632
1903.583333	0.063114233
1903.666667	0.0024214
1903.75	0.010556433
1903.833333	0.214434967
1903.916667	0.800373467
1904	0.864558067
1904.083333	0.746481333
1904.166667	0.886293333
1904.25	0.7305062
1904.333333	0.5956279
1904.416667	-0.182956933
1904.5	-0.405097633
1904.583333	-0.184796233
1904.666667	-0.02940295
1904.75	0.052855783
1904.833333	-0.29168695
1904.916667	-0.187799
1905	0.270635
1905.083333	0.8714574
1905.166667	0.5073489
1905.25	0.299321667
1905.333333	-0.231794633
1905.416667	0.051996827
1905.5	-0.092030413
1905.583333	0.17696172
1905.666667	-0.233533307
1905.75	-0.083235667
1905.833333	-0.329129167
1905.916667	0.504332833
1906	0.804538667
1906.083333	0.777077933
1906.166667	0.7026586
1906.25	-0.126018733
1906.333333	-0.180061533
1906.416667	-0.288397967
1906.5	-0.130886933
1906.583333	0.1516089
1906.666667	0.115321567
1906.75	0.325878827
1906.833333	0.556604527
1906.916667	0.47232106
1907	0.879662433
1907.083333	1.2743931
1907.166667	1.376029333
1907.25	0.599792333
1907.333333	0.0002104
1907.416667	-0.502589333
1907.5	-0.170103817
1907.583333	-0.309505393
1907.666667	-0.02000916
1907.75	0.30048589
1907.833333	0.452831533
1907.916667	0.619314367
1908	0.8840128
1908.083333	1.304122667
1908.166667	0.8952731
1908.25	0.4746827
1908.333333	0.054185067
1908.416667	0.1977888
1908.5	0.0069656
1908.583333	-0.085599957
1908.666667	-0.25168019
1908.75	-0.19473428
1908.833333	0.11690691
1908.916667	0.66125321
1909	0.518905667
1909.083333	-0.294972333
1909.166667	-0.605292793
1909.25	-0.76593696
1909.333333	-0.40108476
1909.416667	-0.120696033
1909.5	0.379344933
1909.583333	0.237221367
1909.666667	0.346725867
1909.75	-0.236286367
1909.833333	-0.480125
1909.916667	-0.339982333
1910	0.946701333
1910.083333	1.7430603
1910.166667	1.065137433
1910.25	0.497353433
1910.333333	0.240968467
1910.416667	0.308273433
1910.5	-0.153878167
1910.583333	-0.391568633
1910.666667	-0.517418133
1910.75	-0.753403867
1910.833333	-0.6425967
1910.916667	-0.2944277
1911	0.215552733
1911.083333	0.295067515
1911.166667	0.008245149
1911.25	0.254180049
1911.333333	0.23919395
1911.416667	0.200711083
1911.5	-0.278066783
1911.583333	-0.254689857
1911.666667	-0.23222559
1911.75	-0.053572757
1911.833333	0.160580533
1911.916667	-0.032359433
1912	-0.8370424
1912.083333	-0.630176333
1912.166667	-0.130661267
1912.25	0.648242933
1912.333333	0.22627724
1912.416667	0.00417334
1912.5	-0.182900393
1912.583333	-0.524804367
1912.666667	-0.227488733
1912.75	0.077367667
1912.833333	0.856728667
1912.916667	0.738659667
1913	0.5103129
1913.083333	0.750911567
1913.166667	1.0656981
1913.25	1.310285133
1913.333333	0.843258233
1913.416667	0.301521733
1913.5	0.2003007
1913.583333	-0.170585433
1913.666667	-0.3349711
1913.75	0.2923598
1913.833333	0.514719233
1913.916667	0.643212833
1914	0.358316167
1914.083333	0.684447433
1914.166667	1.064670867
1914.25	1.0149782
1914.333333	0.908454933
1914.416667	0.658542813
1914.5	0.31430838
1914.583333	0.047515597
1914.666667	-0.017954183
1914.75	-0.027979683
1914.833333	0.236598967
1914.916667	0.5371047
1915	0.750790733
1915.083333	-0.3119852
1915.166667	-0.034747567
1915.25	-0.628351
1915.333333	-0.146809167
1915.416667	-0.5734703
1915.5	-0.476299
1915.583333	-0.4419939
1915.666667	-0.2947003
1915.75	-0.607451933
1915.833333	-0.8808732
1915.916667	-0.555521667
1916	0.551170667
1916.083333	0.405566
1916.166667	0.096112967
1916.25	-0.452709528
1916.333333	0.038946772
1916.416667	-0.166024081
1916.5	-0.30400662
1916.583333	-0.225707653
1916.666667	0.161997233
1916.75	0.29093182
1916.833333	-0.24674578
1916.916667	-1.250842447
1917	-1.603431667
1917.083333	-1.026748233
1917.166667	-0.8123319
1917.25	-0.7762781
1917.333333	-0.561954767
1917.416667	-0.3128435
1917.5	0.0525739
1917.583333	0.1808714
1917.666667	0.714408467
1917.75	1.0707176
1917.833333	0.4819602
1917.916667	-1.0151418
1918	-0.7105858
1918.083333	-0.233751933
1918.166667	0.8208563
1918.25	0.166005733
1918.333333	0.1692202
1918.416667	-0.0539512
1918.5	0.008073167
1918.583333	-0.037229533
1918.666667	0.632465633
1918.75	0.646098433
1918.833333	0.813015233
1918.916667	0.474629933
1919	-0.371605
1919.083333	-0.632204747
1919.166667	-0.468814547
1919.25	0.212561453
1919.333333	0.5906909
1919.416667	0.316573533
1919.5	0.440792333
1919.583333	0.168195
1919.666667	-0.276926533
1919.75	-0.6687789
1919.833333	-0.1536879
1919.916667	0.945925433
1920	1.543172933
1920.083333	1.7013216
1920.166667	0.801708267
1920.25	0.8424989
1920.333333	0.018811443
1920.416667	0.62707881
1920.5	0.16381951
1920.583333	0.3562062
1920.666667	-0.0283755
1920.75	0.4637049
1920.833333	-0.101781
1920.916667	0.390325333
1921	0.033786476
1921.083333	1.185952476
1921.166667	0.657971476
1921.25	1.092344333
1921.333333	0.2266376
1921.416667	0.244384533
1921.5	-0.0901757
1921.583333	0.00783183
1921.666667	-0.117817503
1921.75	-0.34882617
1921.833333	0.2176377
1921.916667	0.565726633
1922	1.387159867
1922.083333	0.9282076
1922.166667	0.8090472
1922.25	0.3451965
1922.333333	0.607783767
1922.416667	0.792299
1922.5	0.731002
1922.583333	0.5599226
1922.666667	-0.2691471
1922.75	-0.5334481
1922.833333	-0.507266
1922.916667	0.521492333
1923	0.8733649
1923.083333	0.6034915
1923.166667	0.3216063
1923.25	-0.027609733
1923.333333	0.118434433
1923.416667	0.2738073
1923.5	0.440205267
1923.583333	0.606291733
1923.666667	0.636348733
1923.75	0.6344493
1923.833333	0.641389733
1923.916667	0.455628533
1924	0.1112592
1924.083333	-1.029136167
1924.166667	-1.472185433
1924.25	-1.1785072
1924.333333	-0.2676889
1924.416667	0.2504293
1924.5	0.461528267
1924.583333	0.628922567
1924.666667	0.6021491
1924.75	0.511995267
1924.833333	0.980891
1924.916667	1.084232
1925	1.516846267
1925.083333	0.519253267
1925.166667	0.601567667
1925.25	0.2981739
1925.333333	0.729730933
1925.416667	0.6045281
1925.5	0.434120533
1925.583333	0.31509458
1925.666667	-0.159756387
1925.75	-0.57960352
1925.833333	-1.4442526
1925.916667	-1.078149667
1926	-0.658438433
1926.083333	0.25094082
1926.166667	0.282749787
1926.25	0.01934642
1926.333333	-0.198969267
1926.416667	-0.298779267
1926.5	-0.0477963
1926.583333	0.014276967
1926.666667	-0.513895133
1926.75	-0.113752167
1926.833333	-0.2285987
1926.916667	0.7793973
1927	0.310438813
1927.083333	0.99316418
1927.166667	0.62072938
1927.25	0.2780386
1927.333333	-0.169319933
1927.416667	-0.368246067
1927.5	-0.020001713
1927.583333	0.015611147
1927.666667	-0.474998587
1927.75	-0.41142094
1927.833333	-1.181970933
1927.916667	0.177868733
1928	0.526178333
1928.083333	1.016902567
1928.166667	0.315014667
1928.25	-0.549250333
1928.333333	-0.6110324
1928.416667	-0.647900833
1928.5	-0.3677354
1928.583333	-0.198019567
1928.666667	0.077332433
1928.75	0.584531
1928.833333	0.847321367
1928.916667	-0.661162967
1929	-1.130868633
1929.083333	-1.685414
1929.166667	-1.054157667
1929.25	-0.611338367
1929.333333	-0.235584333
1929.416667	0.239447433
1929.5	-0.057123637
1929.583333	0.169222463
1929.666667	0.54429103
1929.75	0.948864133
1929.833333	1.397304
1929.916667	1.500178333
1930	0.8933538
1930.083333	0.0070466
1930.166667	-0.475059467
1930.25	0.0239232
1930.333333	0.611066467
1930.416667	0.6097055
1930.5	0.302472927
1930.583333	-0.37248714
1930.666667	-0.177370107
1930.75	-0.0018798
1930.833333	0.820834533
1930.916667	0.633645447
1931	0.93744058
1931.083333	-0.451465753
1931.166667	-0.255570467
1931.25	-0.819671233
1931.333333	-0.0962237
1931.416667	-0.033655633
1931.5	-0.198098567
1931.583333	-0.236769567
1931.666667	-0.6386845
1931.75	0.0931802
1931.833333	0.33220578
1931.916667	0.77981128
1932	-0.83734972
1932.083333	-1.1858835
1932.166667	-1.279104067
1932.25	-0.3676578
1932.333333	-0.1748577
1932.416667	-0.156550167
1932.5	0.1793381
1932.583333	0.387243367
1932.666667	0.5324419
1932.75	0.496076133
1932.833333	0.485416667
1932.916667	0.518517333
1933	-0.2340591
1933.083333	-0.097713867
1933.166667	-0.756929233
1933.25	-0.07708769
1933.333333	0.003719677
1933.416667	0.48747801
1933.5	0.639505
1933.583333	0.2976812
1933.666667	-0.246356433
1933.75	-0.3884436
1933.833333	-0.461191067
1933.916667	0.327796933
1934	0.344945267
1934.083333	1.015821367
1934.166667	0.228908033
1934.25	0.529858667
1934.333333	-0.2263769
1934.416667	0.172716333
1934.5	0.096768067
1934.583333	0.644321
1934.666667	0.761564867
1934.75	0.3466949
1934.833333	-0.1505118
1934.916667	-0.4301453
1935	0.303139933
1935.083333	0.512100867
1935.166667	0.323807667
1935.25	-0.5446071
1935.333333	-0.4399813
1935.416667	0.221126633
1935.5	0.702927033
1935.583333	0.6800549
1935.666667	0.951697567
1935.75	1.111002267
1935.833333	0.688306033
1935.916667	-0.737167633
1936	-1.8432823
1936.083333	-1.778164833
1936.166667	-1.171674367
1936.25	-0.346561367
1936.333333	-0.0567001
1936.416667	0.236525233
1936.5	0.335831667
1936.583333	0.0028146
1936.666667	0.2687728
1936.75	0.443155367
1936.833333	1.0283803
1936.916667	0.836000967
1937	0.46988194
1937.083333	-0.30632736
1937.166667	-0.32542426
1937.25	-0.098410733
1937.333333	0.298439733
1937.416667	0.14903161
1937.5	0.023525277
1937.583333	0.320832577
1937.666667	0.190712967
1937.75	-0.549860533
1937.833333	-0.994400367
1937.916667	-0.288970067
1938	0.007125933
1938.083333	0.764762
1938.166667	-0.244949333
1938.25	0.261332033
1938.333333	-0.0758883
1938.416667	0.569300867
1938.5	0.522655167
1938.583333	0.5220935
1938.666667	0.960664333
1938.75	1.333413
1938.833333	1.3089295
1938.916667	0.068451167
1939	0.1819135
1939.083333	0.144031533
1939.166667	0.631430733
1939.25	0.062779703
1939.333333	-0.08556222
1939.416667	-0.03579072
1939.5	0.045982243
1939.583333	-0.4368567
1939.666667	-0.5561546
1939.75	-0.347732367
1939.833333	-0.213907367
1939.916667	-0.7475225
1940	-1.662463333
1940.083333	-1.671469667
1940.166667	-1.056719233
1940.25	-0.491912863
1940.333333	0.09482987
1940.416667	0.21844477
1940.5	0.3114262
1940.583333	0.13296788
1940.666667	0.05024491
1940.75	0.298671277
1940.833333	0.23477063
1940.916667	-0.571961067
1941	-1.1379807
1941.083333	-1.310872967
1941.166667	-0.761159333
1941.25	-0.485615223
1941.333333	-0.256200133
1941.416667	0.1948265
1941.5	0.21341759
1941.583333	0.026312667
1941.666667	-0.365621433
1941.75	-0.439415767
1941.833333	-0.123904867
1941.916667	0.4802743
1942	-0.303619767
1942.083333	-0.973547
1942.166667	-1.4409881
1942.25	-0.621946085
1942.333333	-0.317753818
1942.416667	-0.084121051
1942.5	0.092738233
1942.583333	0.591480267
1942.666667	0.654389133
1942.75	0.1130755
1942.833333	-0.062137133
1942.916667	-0.4118108
1943	0.644922867
1943.083333	0.623787167
1943.166667	1.283905633
1943.25	0.658597733
1943.333333	0.7003884
1943.416667	0.235657867
1943.5	0.0438472
1943.583333	0.2760379
1943.666667	0.368369433
1943.75	0.746788867
1943.833333	0.563276267
1943.916667	0.6741163
1944	0.261507833
1944.083333	-0.445741567
1944.166667	-0.7968934
1944.25	-0.576778233
1944.333333	-0.085402
1944.416667	-0.271064767
1944.5	-0.1669013
1944.583333	0.000919767
1944.666667	0.609207567
1944.75	0.549423833
1944.833333	0.699714533
1944.916667	-0.249220033
1945	0.313948
1945.083333	0.165661333
1945.166667	0.342062
1945.25	-0.3633742
1945.333333	-0.405728
1945.416667	0.040508096
1945.5	0.188892062
1945.583333	0.176961729
1945.666667	-0.156954367
1945.75	-0.875644133
1945.833333	-1.353462667
1945.916667	-0.630499
1946	-0.116942867
1946.083333	0.30624947
1946.166667	0.372018137
1946.25	0.128844003
1946.333333	0.474548333
1946.416667	0.242650067
1946.5	0.8009357
1946.583333	0.652767367
1946.666667	-0.0692867
1946.75	-0.446247533
1946.833333	-0.286322867
1946.916667	0.198484423
1947	-0.812464043
1947.083333	-1.871837043
1947.166667	-1.264319
1947.25	-0.106696683
1947.333333	0.6026201
1947.416667	0.089519167
1947.5	0.03291905
1947.583333	0.299776167
1947.666667	0.175420967
1947.75	-0.068344167
1947.833333	-0.800358067
1947.916667	-0.5126352
1948	-0.429849633
1948.083333	0.4035647
1948.166667	0.4631282
1948.25	0.643585967
1948.333333	0.255499729
1948.416667	-0.070737541
1948.5	-0.039670238
1948.583333	0.018493333
1948.666667	0.33902677
1948.75	0.0569657
1948.833333	-0.058894633
1948.916667	-0.1357455
1949	0.6169282
1949.083333	0.5885601
1949.166667	0.798906567
1949.25	0.384613733
1949.333333	0.311222767
1949.416667	-0.209150667
1949.5	-0.338206267
1949.583333	-0.2976963
1949.666667	-0.146092567
1949.75	0.296936533
1949.833333	0.541806633
1949.916667	0.48754654
1950	0.546794207
1950.083333	0.368217573
1950.166667	0.661801067
1950.25	-0.043955567
1950.333333	0.032435193
1950.416667	-0.213166807
1950.5	0.26571136
1950.583333	0.677693233
1950.666667	0.8804695
1950.75	0.6065745
1950.833333	-0.029685867
1950.916667	0.0130351
1951	0.462982567
1951.083333	0.159510267
1951.166667	-0.384149433
1951.25	-1.0216667
1951.333333	-0.826691633
1951.416667	-0.600637937
1951.5	-0.05968547
1951.583333	0.334963297
1951.666667	0.6069261
1951.75	0.358383937
1951.833333	0.82119477
1951.916667	1.099816703
1952	0.673544333
1952.083333	-0.447516333
1952.166667	-0.593750333
1952.25	-0.438325
1952.333333	0.15690419
1952.416667	-0.163101843
1952.5	0.029396157
1952.583333	-0.241826867
1952.666667	-0.32154748
1952.75	-0.666523813
1952.833333	-0.56970088
1952.916667	-0.930556567
1953	-0.435707767
1953.083333	-0.206477667
1953.166667	-0.249419333
1953.25	-0.511074433
1953.333333	-0.4231148
1953.416667	0.205407967
1953.5	0.601355633
1953.583333	0.621650133
1953.666667	0.694593467
1953.75	0.889125433
1953.833333	0.8606922
1953.916667	0.6352736
1954	0.611069933
1954.083333	0.618209333
1954.166667	0.6786538
1954.25	0.0860776
1954.333333	0.092921433
1954.416667	0.312423467
1954.5	0.542910667
1954.583333	0.731187667
1954.666667	0.610555633
1954.75	1.002692633
1954.833333	0.9888703
1954.916667	0.237941333
1955	-0.830825
1955.083333	-1.857666667
1955.166667	-1.201177467
1955.25	-0.527500527
1955.333333	0.152874356
1955.416667	0.128722423
1955.5	0.191227316
1955.583333	0.6636691
1955.666667	0.350875867
1955.75	-0.3421543
1955.833333	-0.9243063
1955.916667	-0.9232039
1956	-1.0259079
1956.083333	-0.815318833
1956.166667	-0.845464
1956.25	0.503558333
1956.333333	0.535594833
1956.416667	0.7295038
1956.5	-0.014838
1956.583333	-0.230845033
1956.666667	-0.073557
1956.75	0.309412833
1956.833333	0.7711163
1956.916667	1.0961877
1957	0.5563482
1957.083333	-0.248002467
1957.166667	-0.5393352
1957.25	-0.226909433
1957.333333	-0.1339061
1957.416667	-0.4126002
1957.5	-0.376395567
1957.583333	-0.2699418
1957.666667	0.293538367
1957.75	-0.182538567
1957.833333	0.307279667
1957.916667	-0.2862481
1958	-0.5945231
1958.083333	-1.4934931
1958.166667	-1.085395
1958.25	-0.429652033
1958.333333	0.011098567
1958.416667	-0.3863001
1958.5	-0.32853217
1958.583333	-0.27609297
1958.666667	0.16133033
1958.75	0.454417633
1958.833333	0.4343507
1958.916667	-0.673799267
1959	-0.6632426
1959.083333	-0.182699267
1959.166667	0.8204295
1959.25	0.420321267
1959.333333	0.2810528
1959.416667	0.2843086
1959.5	0.352657967
1959.583333	0.123854367
1959.666667	0.189845667
1959.75	0.456632767
1959.833333	0.9756733
1959.916667	0.1651921
1960	-1.059066667
1960.083333	-1.7502503
1960.166667	-0.956415767
1960.25	0.015636987
1960.333333	0.308460553
1960.416667	0.29599762
1960.5	-0.056456467
1960.583333	0.0376013
1960.666667	-0.6729243
1960.75	-0.187675933
1960.833333	0.139604033
1960.916667	0.882783367
1961	0.954787333
1961.083333	0.448852703
1961.166667	0.01363647
1961.25	-0.375850297
1961.333333	0.062178333
1961.416667	0.27215284
1961.5	0.57269384
1961.583333	0.44415394
1961.666667	0.757148333
1961.75	0.563021333
1961.833333	-0.697278767
1961.916667	-0.461769767
1962	-0.231391167
1962.083333	-0.300350167
1962.166667	-0.8316937
1962.25	-1.027911767
1962.333333	-0.011678767
1962.416667	-0.289585667
1962.5	-0.1376788
1962.583333	-0.193562933
1962.666667	0.025172377
1962.75	-0.202206923
1962.833333	-0.413914423
1962.916667	-1.837346967
1963	-2.083507633
1963.083333	-1.608928933
1963.166667	-0.316577533
1963.25	0.7406608
1963.333333	0.344835267
1963.416667	0.311996667
1963.5	-0.35644686
1963.583333	0.096446607
1963.666667	0.624539473
1963.75	0.391009
1963.833333	-0.416036
1963.916667	-1.235364
1964	-1.548736333
1964.083333	-1.395911333
1964.166667	-0.709572767
1964.25	0.025511333
1964.333333	0.380609367
1964.416667	0.3182416
1964.5	-0.2074123
1964.583333	-0.243948267
1964.666667	-0.212637167
1964.75	0.169225067
1964.833333	0.26103078
1964.916667	0.02393688
1965	-1.229597887
1965.083333	-1.520954467
1965.166667	-0.958057467
1965.25	0.138277533
1965.333333	0.559173033
1965.416667	-0.0474397
1965.5	0.099730267
1965.583333	-0.020443287
1965.666667	-0.031057453
1965.75	-0.462286753
1965.833333	-0.260543233
1965.916667	-1.075441
1966	-1.41099
1966.083333	-1.5409159
1966.166667	-0.811450867
1966.25	0.2110271
1966.333333	0.253538533
1966.416667	0.506279233
1966.5	-0.0803414
1966.583333	-0.3473344
1966.666667	-0.961345467
1966.75	-0.579883667
1966.833333	-0.0260562
1966.916667	0.087425467
1967	0.322328
1967.083333	0.485333667
1967.166667	0.9836347
1967.25	0.60946633
1967.333333	0.274300963
1967.416667	0.215562567
1967.5	0.22538692
1967.583333	0.000412907
1967.666667	0.401741937
1967.75	0.576124687
1967.833333	0.3494055
1967.916667	0.077551133
1968	-0.614912267
1968.083333	-0.0022807
1968.166667	-0.444448967
1968.25	-0.0085417
1968.333333	-0.318114233
1968.416667	-0.3619346
1968.5	-0.3791176
1968.583333	-0.560658333
1968.666667	-0.654910333
1968.75	-0.8621406
1968.833333	-1.0544999
1968.916667	-1.4307539
1969	-2.069202567
1969.083333	-2.456192333
1969.166667	-1.344006733
1969.25	-0.5391893
1969.333333	0.155596393
1969.416667	0.018357793
1969.5	0.107082793
1969.583333	0.299896333
1969.666667	0.281222533
1969.75	0.239759467
1969.833333	0.311816567
1969.916667	-0.5319033
1970	-0.1221601
1970.083333	-0.751696433
1970.166667	0.124494367
1970.25	0.103611133
1970.333333	0.508787867
1970.416667	0.36167494
1970.5	0.03765604
1970.583333	0.055935607
1970.666667	-0.0361948
1970.75	0.054550333
1970.833333	-0.3803553
1970.916667	-0.570533067
1971	-0.375087667
1971.083333	0.0379635
1971.166667	-0.007860433
1971.25	0.0697718
1971.333333	-0.1681723
1971.416667	-0.0231543
1971.5	-0.135156967
1971.583333	-0.1710122
1971.666667	-0.036941967
1971.75	-0.039081667
1971.833333	0.329856933
1971.916667	0.4797136
1972	0.417027533
1972.083333	0.4781152
1972.166667	0.6032359
1972.25	0.846835467
1972.333333	1.035806033
1972.416667	0.7350017
1972.5	0.334417457
1972.583333	-0.475392877
1972.666667	-0.664584477
1972.75	-0.376274167
1972.833333	0.435898833
1972.916667	0.794809433
1973	1.1648287
1973.083333	0.893607367
1973.166667	0.203755333
1973.25	-0.552773133
1973.333333	-0.4366586
1973.416667	0.1950267
1973.5	0.3983464
1973.583333	0.1050532
1973.666667	-0.1493752
1973.75	-0.462447033
1973.833333	-0.398169247
1973.916667	0.435653187
1974	0.972681087
1974.083333	0.972681857
1974.166667	0.24980419
1974.25	-0.08198481
1974.333333	-0.189295133
1974.416667	0.0360114
1974.5	0.087374233
1974.583333	0.355178733
1974.666667	0.1655467
1974.75	0.3090925
1974.833333	0.544955767
1974.916667	1.021436933
1975	0.598327133
1975.083333	0.0753657
1975.166667	-0.289063167
1975.25	-0.196633167
1975.333333	-0.170908033
1975.416667	-0.273039633
1975.5	-0.171478033
1975.583333	0.172545167
1975.666667	0.098935667
1975.75	0.391115633
1975.833333	-0.043469833
1975.916667	0.266629867
1976	0.285326233
1976.083333	0.939069467
1976.166667	0.7999339
1976.25	0.920172167
1976.333333	0.538210533
1976.416667	0.222875033
1976.5	-0.489081933
1976.583333	-1.182402633
1976.666667	-0.615573233
1976.75	-0.0376538
1976.833333	-0.009070133
1976.916667	-0.758624867
1977	-1.3150905
1977.083333	-0.891017067
1977.166667	-0.302406633
1977.25	-0.056085
1977.333333	-0.074473867
1977.416667	-0.170414233
1977.5	-0.136184453
1977.583333	-0.07126902
1977.666667	0.083497213
1977.75	0.0065804
1977.833333	-0.205594
1977.916667	0.0233097
1978	-0.746866733
1978.083333	0.273718
1978.166667	-0.480970367
1978.25	0.579416733
1978.333333	0.007589267
1978.416667	0.1365818
1978.5	-0.276839067
1978.583333	-0.360717967
1978.666667	-0.219935967
1978.75	0.5248318
1978.833333	-0.169860167
1978.916667	-0.825622667
1979	-1.694288
1979.083333	-0.7769692
1979.166667	-0.2733442
1979.25	0.105225547
1979.333333	-0.12959612
1979.416667	0.142466347
1979.5	0.13870694
1979.583333	0.167527907
1979.666667	0.176101707
1979.75	0.43559
1979.833333	0.654119833
1979.916667	0.1216389
1980	-0.065649933
1980.083333	-0.410834667
1980.166667	-0.0699748
1980.25	-0.4360035
1980.333333	-0.213033533
1980.416667	-0.233395933
1980.5	-0.174840767
1980.583333	-0.1302209
1980.666667	-0.187991433
1980.75	-0.525268367
1980.833333	-0.3811824
1980.916667	0.0762837
1981	0.9156771
1981.083333	0.1876651
1981.166667	-0.2711293
1981.25	-0.566943993
1981.333333	-0.41253346
1981.416667	-0.07231196
1981.5	-0.037455117
1981.583333	0.147112233
1981.666667	0.054034467
1981.75	-0.137090217
1981.833333	-0.458895767
1981.916667	-0.8846278
1982	-0.295746667
1982.083333	0.606654
1982.166667	0.844287867
1982.25	0.542695133
1982.333333	-0.363602533
1982.416667	-0.296297533
1982.5	-0.182459933
1982.583333	0.2494309
1982.666667	0.5254235
1982.75	0.736260967
1982.833333	1.2284408
1982.916667	1.730341333
1983	0.863797333
1983.083333	0.725305
1983.166667	-0.193109467
1983.25	0.157239033
1983.333333	-0.2099911
1983.416667	-0.0304531
1983.5	0.1610174
1983.583333	-0.141869833
1983.666667	0.2505723
1983.75	-0.594641367
1983.833333	-0.298398533
1983.916667	0.251792133
1984	1.371667467
1984.083333	0.816441333
1984.166667	-0.321634833
1984.25	-0.526232767
1984.333333	0.006175033
1984.416667	0.0828738
1984.5	-0.0746571
1984.583333	-0.0660516
1984.666667	0.3236283
1984.75	0.354674433
1984.833333	0.6402558
1984.916667	-0.359971367
1985	-0.921534333
1985.083333	-1.1383805
1985.166667	-0.36673611
1985.25	-0.005379343
1985.333333	-0.345948843
1985.416667	-0.315405367
1985.5	-0.077018733
1985.583333	-0.065811333
1985.666667	-0.1615711
1985.75	-0.759435167
1985.833333	-0.8030402
1985.916667	-0.095488633
1986	-0.415265967
1986.083333	0.740342667
1986.166667	0.083276023
1986.25	1.199519957
1986.333333	0.376659657
1986.416667	0.437453067
1986.5	-0.2535012
1986.583333	-0.742144567
1986.666667	-0.164493667
1986.75	0.889672
1986.833333	1.726877333
1986.916667	0.131513333
1987	-0.783121
1987.083333	-1.276819767
1987.166667	-0.257185067
1987.25	-0.271210033
1987.333333	-0.331537867
1987.416667	-0.387007289
1987.5	-0.471642322
1987.583333	-0.357435472
1987.666667	-0.217680917
1987.75	0.14064331
1987.833333	-0.344327607
1987.916667	-0.202450473
1988	-0.170771
1988.083333	0.507951
1988.166667	-0.1894403
1988.25	-0.301940667
1988.333333	-0.451149867
1988.416667	0.055239433
1988.5	0.258679233
1988.583333	0.304126333
1988.666667	-0.0553828
1988.75	-0.629908933
1988.833333	-0.5983228
1988.916667	0.3239407
1989	1.6270507
1989.083333	2.227166
1989.166667	1.688083067
1989.25	0.848623897
1989.333333	0.009297497
1989.416667	-0.16336847
1989.5	0.040938633
1989.583333	0.150715223
1989.666667	0.375214923
1989.75	-0.143201377
1989.833333	-0.8564139
1989.916667	-0.208361033
1990	0.915878333
1990.083333	2.155030667
1990.166667	1.848219333
1990.25	0.734095433
1990.333333	0.3481442
1990.416667	-0.161046872
1990.5	0.190400028
1990.583333	-0.001441805
1990.666667	0.0877272
1990.75	-0.2088386
1990.833333	0.110662067
1990.916667	0.2069309
1991	0.525777733
1991.083333	0.194617233
1991.166667	0.1749734
1991.25	0.199644733
1991.333333	0.183310833
1991.416667	-0.1011477
1991.5	-0.0759112
1991.583333	-0.026594467
1991.666667	0.0339391
1991.75	0.217088633
1991.833333	0.25538657
1991.916667	0.029981637
1992	0.288568903
1992.083333	0.7501507
1992.166667	1.3152629
1992.25	0.750841677
1992.333333	0.279438307
1992.416667	-0.002097957
1992.5	0.195377233
1992.583333	0.173852937
1992.666667	-0.033352633
1992.75	0.1873594
1992.833333	0.512584433
1992.916667	1.3013857
1993	0.907951367
1993.083333	0.8397931
1993.166667	0.4852785
1993.25	-0.057018833
1993.333333	-0.302235387
1993.416667	-0.557831823
1993.5	-0.092150547
1993.583333	-0.19289586
1993.666667	-0.747995157
1993.75	-0.213188767
1993.833333	0.551747667
1993.916667	1.672363333
1994	1.0027975
1994.083333	1.3957935
1994.166667	1.024546433
1994.25	1.11272
1994.333333	0.3379233
1994.416667	0.2646938
1994.5	0.2208502
1994.583333	-0.045595877
1994.666667	-0.340895643
1994.75	-0.17854861
1994.833333	0.197902833
1994.916667	0.783480833
1995	1.352173
1995.083333	1.374830667
1995.166667	0.6779465
1995.25	-0.0481857
1995.333333	-0.673400667
1995.416667	-0.469136867
1995.5	-0.451573233
1995.583333	-0.150676633
1995.666667	-0.0827906
1995.75	-0.595362367
1995.833333	-1.482642333
1995.916667	-1.940759333
1996	-1.104528367
1996.083333	-0.9658077
1996.166667	-0.661522767
1996.25	-1.144748
1996.333333	-0.368259267
1996.416667	-0.062717933
1996.5	0.2368757
1996.583333	0.087759967
1996.666667	0.272415767
1996.75	0.444383133
1996.833333	-0.275034533
1996.916667	-1.2332426
1997	-0.454335333
1997.083333	0.573521833
1997.166667	0.918758367
1997.25	-0.337634467
1997.333333	-0.937496633
1997.416667	-0.519015167
1997.5	-0.1977782
1997.583333	0.0703466
1997.666667	-0.468713733
1997.75	-0.509896493
1997.833333	-0.532485227
1997.916667	-0.287502127
1998	-0.174867033
1998.083333	0.012730833
1998.166667	0.3256625
1998.25	0.148859033
1998.333333	-0.0472663
1998.416667	-0.135066987
1998.5	0.04618248
1998.583333	-0.091204187
1998.666667	0.0619339
1998.75	0.113822533
1998.833333	0.721678267
1998.916667	0.874617433
1999	1.294154667
1999.083333	0.944112831
1999.166667	0.611081433
1999.25	0.038654566
1999.333333	0.184071701
1999.416667	0.032221867
1999.5	-0.282323167
1999.583333	-0.2822041
1999.666667	-0.064936767
1999.75	0.3779323
1999.833333	0.6152496
1999.916667	0.569115527
2000	1.239299027
2000.083333	0.906910927
2000.166667	0.447209233
2000.25	-0.209496067
2000.333333	-0.3170066
2000.416667	-0.148250267
2000.5	-0.301244477
2000.583333	-0.205051677
2000.666667	0.645782657
2000.75	0.61628888
2000.833333	0.098426047
2000.916667	-0.526179153
2001	-0.7155229
2001.083333	-0.680735233
2001.166667	-0.395998567
2001.25	-0.3509379
2001.333333	-0.124418733
2001.416667	-0.346602713
2001.5	-0.145217847
2001.583333	-0.268113347
2001.666667	-0.1202992
2001.75	0.1071909
2001.833333	-0.441989433
2001.916667	-0.4867356
2002	-0.326036867
2002.083333	0.726972967
2002.166667	0.951610167
2002.25	0.7460248
2002.333333	0.8066968
2002.416667	0.607450333
2002.5	0.43
