1880	0.419
1880.083333	0.799
1880.166667	1.212
1880.25	-0.021333333
1880.333333	0.108666667
1880.416667	-1.076333333
1880.5	-0.623333333
1880.583333	-0.466333333
1880.666667	-0.901666667
1880.75	-0.362
1880.833333	-0.496333333
1880.916667	-0.627666667
1881	-1.564
1881.083333	-1.907666667
1881.166667	-1.183333333
1881.25	-0.370333333
1881.333333	-0.198666667
1881.416667	0.975333333
1881.5	0.842333333
1881.583333	0.758
1881.666667	-0.620666667
1881.75	0.683666667
1881.833333	1.69
1881.916667	3.391333333
1882	3.011
1882.083333	3.29
1882.166667	2.126333333
1882.25	0.835333333
1882.333333	-0.581
1882.416667	0.093
1882.5	1.003666667
1882.583333	1.349333333
1882.666667	1.034333333
1882.75	1.018
1882.833333	0.321333333
1882.916667	0.66
1883	1.408666667
1883.083333	0.959
1883.166667	0.696
1883.25	-0.900333333
1883.333333	-0.467666667
1883.416667	-1.509666667
1883.5	-0.329
1883.583333	0.409
1883.666667	1.719
1883.75	1.504666667
1883.833333	1.650333333
1883.916667	2.197
1884	1.901666667
1884.083333	1.664
1884.166667	-0.231666667
1884.25	-0.780333333
1884.333333	-0.678
1884.416667	-0.158
1884.5	0.62
1884.583333	0.987333333
1884.666667	1.346
1884.75	0.239
1884.833333	0.352
1884.916667	-0.006333333
1885	0.409666667
1885.083333	-0.591666667
1885.166667	-0.204666667
1885.25	-0.127333333
1885.333333	0.757666667
1885.416667	1.662333333
1885.5	1.213
1885.583333	1.15
1885.666667	-0.153666667
1885.75	-0.065333333
1885.833333	-0.541666667
1885.916667	-0.730666667
1886	-0.606
1886.083333	-0.409666667
1886.166667	-0.399
1886.25	-0.492333333
1886.333333	-1.07
1886.416667	-1.141
1886.5	-0.109333333
1886.583333	0.167
1886.666667	0.513666667
1886.75	-0.113333333
1886.833333	0.041666667
1886.916667	0.856666667
1887	1.349666667
1887.083333	1.026
1887.166667	-0.309
1887.25	-0.839
1887.333333	-0.537333333
1887.416667	0.358
1887.5	-0.184666667
1887.583333	-1.057333333
1887.666667	-1.630666667
1887.75	-2.318666667
1887.833333	-2.007
1887.916667	-1.558
1888	-1.223333333
1888.083333	-1.18
1888.166667	-1.997666667
1888.25	-0.925333333
1888.333333	-0.993333333
1888.416667	-0.246
1888.5	0.765
1888.583333	1.192333333
1888.666667	0.897333333
1888.75	0.464
1888.833333	1.019
1888.916667	1.532333333
1889	0.566666667
1889.083333	0.188666667
1889.166667	0.322333333
1889.25	0.258
1889.333333	0.850333333
1889.416667	0.156666667
1889.5	1.546
1889.583333	0.254666667
1889.666667	0.188666667
1889.75	-0.171666667
1889.833333	1.257
1889.916667	3.107333333
1890	1.753333333
1890.083333	1.151666667
1890.166667	-0.316333333
1890.25	-0.242
1890.333333	0.002333333
1890.416667	0.128333333
1890.5	0.839333333
1890.583333	1.261666667
1890.666667	1.446666667
1890.75	1.749333333
1890.833333	0.001333333
1890.916667	-0.191
1891	0.112
1891.083333	0.636666667
1891.166667	0.237
1891.25	-1.290333333
1891.333333	-2.146666667
1891.416667	-2.019
1891.5	-0.686
1891.583333	1.324
1891.666667	1.351
1891.75	0.098666667
1891.833333	0.288333333
1891.916667	0.183666667
1892	-0.043666667
1892.083333	-1.507333333
1892.166667	-1.631
1892.25	-1.082
1892.333333	-0.728
1892.416667	-0.285666667
1892.5	0.288666667
1892.583333	0.983
1892.666667	-0.305666667
1892.75	-0.42
1892.833333	-1.308666667
1892.916667	-0.617333333
1893	-0.041
1893.083333	0.298
1893.166667	0.847333333
1893.25	0.122666667
1893.333333	-0.051666667
1893.416667	-0.564
1893.5	-0.527666667
1893.583333	-0.663666667
1893.666667	-0.058666667
1893.75	-0.936
1893.833333	0.007
1893.916667	0.367
1894	2.402
1894.083333	2.155666667
1894.166667	2.350333333
1894.25	0.574333333
1894.333333	1.126333333
1894.416667	0.858333333
1894.5	1.619666667
1894.583333	-0.037666667
1894.666667	-1.178
1894.75	-0.827
1894.833333	0.216333333
1894.916667	0.094666667
1895	-1.937
1895.083333	-2.338333333
1895.166667	-1.345
1895.25	0.204666667
1895.333333	0.228333333
1895.416667	0.507333333
1895.5	0.909333333
1895.583333	1.359666667
1895.666667	0.114333333
1895.75	0.183
1895.833333	-0.193333333
1895.916667	0.574666667
1896	0.710333333
1896.083333	1.163666667
1896.166667	2.086333333
1896.25	1.012
1896.333333	0.461666667
1896.416667	0.024333333
1896.5	-0.018666667
1896.583333	0.27
1896.666667	-1.064
1896.75	-0.907333333
1896.833333	-0.488333333
1896.916667	-0.352
1897	0.939333333
1897.083333	1.089
1897.166667	3.303666667
1897.25	2.021666667
1897.333333	0.779333333
1897.416667	-0.664333333
1897.5	0.339333333
1897.583333	1.281333333
1897.666667	1.097333333
1897.75	0.274333333
1897.833333	0.255666667
1897.916667	1.114
1898	1.740666667
1898.083333	0.513333333
1898.166667	1.009666667
1898.25	0.199666667
1898.333333	0.696333333
1898.416667	-0.967
1898.5	0.395333333
1898.583333	0.619
1898.666667	0.745333333
1898.75	-0.819
1898.833333	0.284666667
1898.916667	0.893333333
1899	1.215666667
1899.083333	-0.33
1899.166667	-0.361333333
1899.25	-0.648666667
1899.333333	-0.233666667
1899.416667	0.39
1899.5	0.357666667
1899.583333	0.415333333
1899.666667	-0.444
1899.75	0.579666667
1899.833333	0.316
1899.916667	0.815666667
1900	-0.617666667
1900.083333	-1.365666667
1900.166667	-0.953666667
1900.25	-0.358666667
1900.333333	0.271333333
1900.416667	-0.67
1900.5	-0.498
1900.583333	0.237666667
1900.666667	0.118666667
1900.75	0.354
1900.833333	1.193666667
1900.916667	1.710333333
1901	0.635333333
1901.083333	-0.834
1901.166667	-0.317
1901.25	0.304666667
1901.333333	0.675666667
1901.416667	-0.778
1901.5	-0.161333333
1901.583333	-0.259666667
1901.666667	0.193666667
1901.75	-0.762333333
1901.833333	-1.192666667
1901.916667	-0.567
1902	-0.458
1902.083333	0.169
1902.166667	-0.679333333
1902.25	-0.030666667
1902.333333	-1.282333333
1902.416667	-1.318333333
1902.5	-1.559333333
1902.583333	-0.977666667
1902.666667	-0.603666667
1902.75	-0.573
1902.833333	0.354
1902.916667	0.823
1903	2.473666667
1903.083333	3.398333333
1903.166667	2.707666667
1903.25	1.131666667
1903.333333	-1.151
1903.416667	-0.745666667
1903.5	0.433666667
1903.583333	1.439666667
1903.666667	1.112666667
1903.75	0.235
1903.833333	-0.200666667
1903.916667	0.728666667
1904	0.784
1904.083333	0.914666667
1904.166667	1.051
1904.25	1.232666667
1904.333333	1.174333333
1904.416667	0.278
1904.5	-0.101333333
1904.583333	0.047333333
1904.666667	0.075
1904.75	-0.106333333
1904.833333	0.331333333
1904.916667	0.920666667
1905	1.592666667
1905.083333	2.039333333
1905.166667	1.046333333
1905.25	0.110333333
1905.333333	-1.393333333
1905.416667	-1.02
1905.5	-0.457333333
1905.583333	0.242666667
1905.666667	-0.773333333
1905.75	-1.18
1905.833333	-0.502
1905.916667	1.411
1906	1.914
1906.083333	1.214666667
1906.166667	0.890333333
1906.25	-0.110333333
1906.333333	-0.586
1906.416667	-0.712
1906.5	-0.002
1906.583333	0.113333333
1906.666667	-0.181333333
1906.75	-0.076
1906.833333	0.377666667
1906.916667	0.771333333
1907	0.945666667
1907.083333	1.739666667
1907.166667	1.571
1907.25	0.689666667
1907.333333	0.14
1907.416667	-0.402333333
1907.5	0.811
1907.583333	0.637333333
1907.666667	0.289333333
1907.75	-0.588333333
1907.833333	-0.275
1907.916667	0.469333333
1908	1.267
1908.083333	1.118333333
1908.166667	0.320333333
1908.25	0.299333333
1908.333333	0.331666667
1908.416667	0.948
1908.5	0.510333333
1908.583333	0.560666667
1908.666667	0.609333333
1908.75	0.338666667
1908.833333	0.501666667
1908.916667	1.027666667
1909	0.918333333
1909.083333	-0.270333333
1909.166667	-0.858333333
1909.25	-0.987333333
1909.333333	-0.740333333
1909.416667	0.106333333
1909.5	1.197333333
1909.583333	1.217
1909.666667	0.549
1909.75	-0.889
1909.833333	-0.619333333
1909.916667	0.041333333
1910	1.978666667
1910.083333	2.323
1910.166667	1.493
1910.25	-0.290333333
1910.333333	-0.831666667
1910.416667	-1.405333333
1910.5	-0.801666667
1910.583333	-0.827
1910.666667	-0.802333333
1910.75	-1.196
1910.833333	-0.845666667
1910.916667	-0.049666667
1911	0.926333333
1911.083333	0.491666667
1911.166667	0.136
1911.25	-0.284
1911.333333	0.323333333
1911.416667	0.583
1911.5	0.360333333
1911.583333	0.731333333
1911.666667	-0.075333333
1911.75	-0.135333333
1911.833333	0.360333333
1911.916667	0.684333333
1912	0.644666667
1912.083333	0.380333333
1912.166667	0.65
1912.25	1.273666667
1912.333333	0.204666667
1912.416667	-0.233
1912.5	-0.777
1912.583333	-1.286666667
1912.666667	-0.676
1912.75	-0.294
1912.833333	1.541666667
1912.916667	2.013333333
1913	2.007
1913.083333	1.918666667
1913.166667	1.970333333
1913.25	1.697666667
1913.333333	1.13
1913.416667	0.138
1913.5	0.228666667
1913.583333	-1.013333333
1913.666667	-1.177333333
1913.75	0.147666667
1913.833333	1.457
1913.916667	2.143666667
1914	1.421
1914.083333	1.583666667
1914.166667	2.085666667
1914.25	1.997333333
1914.333333	1.614666667
1914.416667	0.55
1914.5	0.143333333
1914.583333	0.096333333
1914.666667	0.098666667
1914.75	-0.694
1914.833333	-0.094333333
1914.916667	0.301333333
1915	1.379
1915.083333	0.000666667
1915.166667	0.943
1915.25	-0.488
1915.333333	-0.618666667
1915.416667	-1.985333333
1915.5	-1.593666667
1915.583333	-1.474
1915.666667	-1.408
1915.75	-1.814
1915.833333	-1.383333333
1915.916667	0.221333333
1916	1.733666667
1916.083333	0.669666667
1916.166667	-0.348
1916.25	-1.262333333
1916.333333	-0.993666667
1916.416667	-1.481333333
1916.5	-1.433666667
1916.583333	-1.286
1916.666667	-0.321333333
1916.75	-0.324
1916.833333	-0.061
1916.916667	-1.822666667
1917	-2.157666667
1917.083333	-1.626666667
1917.166667	-0.904
1917.25	-0.906
1917.333333	-0.567
1917.416667	-0.332
1917.5	0.069
1917.583333	0.622666667
1917.666667	1.005
1917.75	1.794666667
1917.833333	0.039333333
1917.916667	-0.434
1918	0.197666667
1918.083333	1.252666667
1918.166667	0.777333333
1918.25	-0.437
1918.333333	-0.123
1918.416667	-0.143666667
1918.5	0.367
1918.583333	-0.126333333
1918.666667	0.717666667
1918.75	0.217333333
1918.833333	1.048666667
1918.916667	0.858666667
1919	0.608333333
1919.083333	-0.248
1919.166667	0.327666667
1919.25	0.939333333
1919.333333	1.641666667
1919.416667	0.626666667
1919.5	1.520666667
1919.583333	0.477
1919.666667	0.174666667
1919.75	-1.857666667
1919.833333	-0.482666667
1919.916667	1.209666667
1920	2.363666667
1920.083333	2.439
1920.166667	1.521333333
1920.25	1.311333333
1920.333333	-0.254666667
1920.416667	0.340666667
1920.5	-0.319333333
1920.583333	0.356333333
1920.666667	-0.651333333
1920.75	0.247333333
1920.833333	-0.043666667
1920.916667	1.406
1921	0.936666667
1921.083333	1.984666667
1921.166667	0.887333333
1921.25	0.648666667
1921.333333	-0.779333333
1921.416667	-0.885666667
1921.5	-0.886
1921.583333	-0.829333333
1921.666667	-0.765333333
1921.75	-0.958
1921.833333	0.245
1921.916667	0.531666667
1922	1.931333333
1922.083333	1.13
1922.166667	1.182333333
1922.25	0.977
1922.333333	1.315666667
1922.416667	1.646666667
1922.5	0.890333333
1922.583333	0.485333333
1922.666667	-1.429
1922.75	-1.476
1922.833333	-0.843
1922.916667	1.086
1923	2.026333333
1923.083333	1.502666667
1923.166667	0.494666667
1923.25	-0.310666667
1923.333333	-0.100666667
1923.416667	0.826333333
1923.5	0.951333333
1923.583333	1.654666667
1923.666667	1.569666667
1923.75	0.671666667
1923.833333	0.208333333
1923.916667	0.049666667
1924	0.164
1924.083333	-0.880333333
1924.166667	-1.480666667
1924.25	-1.125
1924.333333	-1.195666667
1924.416667	-0.667
1924.5	-0.299
1924.583333	0.635
1924.666667	0.584666667
1924.75	0.332
1924.833333	1.383333333
1924.916667	2.629
1925	3.349
1925.083333	1.394666667
1925.166667	0.845333333
1925.25	0.567
1925.333333	0.501
1925.416667	0.096
1925.5	0.200666667
1925.583333	0.714666667
1925.666667	-0.068
1925.75	-1.411666667
1925.833333	-1.433333333
1925.916667	-0.541666667
1926	0.939666667
1926.083333	1.368
1926.166667	1.578666667
1926.25	0.567333333
1926.333333	-0.218
1926.416667	-1.225333333
1926.5	-0.142
1926.583333	0.762
1926.666667	-0.393
1926.75	-1.039
1926.833333	-1.514666667
1926.916667	0.587666667
1927	0.912333333
1927.083333	1.941666667
1927.166667	1.689666667
1927.25	0.649333333
1927.333333	-0.743
1927.416667	-1.260666667
1927.5	-0.052333333
1927.583333	-0.111666667
1927.666667	-0.738
1927.75	-1.689333333
1927.833333	-2.143
1927.916667	-0.449
1928	1.141333333
1928.083333	1.873666667
1928.166667	1.222666667
1928.25	-0.916333333
1928.333333	-1.234333333
1928.416667	-0.861333333
1928.5	-0.492666667
1928.583333	-0.505333333
1928.666667	-1.192666667
1928.75	-0.034
1928.833333	0.757333333
1928.916667	0.29
1929	-0.180333333
1929.083333	-0.487333333
1929.166667	-1.336
1929.25	-1.203
1929.333333	-1.063333333
1929.416667	0.291
1929.5	0.045666667
1929.583333	0.149666667
1929.666667	0.159
1929.75	0.898666667
1929.833333	2.081666667
1929.916667	2.487
1930	1.569666667
1930.083333	0.069333333
1930.166667	-1.143333333
1930.25	-0.330333333
1930.333333	-0.219333333
1930.416667	0.056333333
1930.5	0.047666667
1930.583333	-0.52
1930.666667	0.211666667
1930.75	0.088333333
1930.833333	1.180333333
1930.916667	0.854666667
1931	0.802666667
1931.083333	-0.327666667
1931.166667	-0.325666667
1931.25	-0.961333333
1931.333333	-0.553666667
1931.416667	-0.570666667
1931.5	-0.965333333
1931.583333	-1.555
1931.666667	-1.547
1931.75	-0.017666667
1931.833333	1.148333333
1931.916667	2.341
1932	0.310666667
1932.083333	-0.467666667
1932.166667	-1.581333333
1932.25	-0.705
1932.333333	-0.668666667
1932.416667	-0.979666667
1932.5	-0.026666667
1932.583333	0.147333333
1932.666667	0.432333333
1932.75	0.031666667
1932.833333	0.749
1932.916667	1.203333333
1933	0.275
1933.083333	0.289333333
1933.166667	-0.258666667
1933.25	0.16
1933.333333	-0.800333333
1933.416667	0.149
1933.5	1.216
1933.583333	1.079666667
1933.666667	-0.456666667
1933.75	-2.33
1933.833333	-2.267333333
1933.916667	-0.512333333
1934	0.639666667
1934.083333	1.354
1934.166667	-0.294666667
1934.25	0.012
1934.333333	-0.92
1934.416667	-0.754
1934.5	-0.721333333
1934.583333	0.942333333
1934.666667	1.587666667
1934.75	0.68
1934.833333	0.288333333
1934.916667	-0.133333333
1935	1.172333333
1935.083333	0.862333333
1935.166667	0.894
1935.25	-1.075
1935.333333	-0.759666667
1935.416667	0.053
1935.5	0.937333333
1935.583333	0.675
1935.666667	0.291
1935.75	0.851666667
1935.833333	0.211
1935.916667	-0.49
1936	-1.678333333
1936.083333	-1.586
1936.166667	-1.691333333
1936.25	-1.657333333
1936.333333	-1.040333333
1936.416667	-0.080333333
1936.5	1.589
1936.583333	1.065333333
1936.666667	0.91
1936.75	-0.038333333
1936.833333	1.024333333
1936.916667	1.448333333
1937	2.081333333
1937.083333	0.618333333
1937.166667	0.634
1937.25	0.83
1937.333333	1.665666667
1937.416667	0.997
1937.5	0.318333333
1937.583333	0.097333333
1937.666667	-0.769
1937.75	-1.38
1937.833333	-1.687333333
1937.916667	-0.003666667
1938	0.714666667
1938.083333	2.124333333
1938.166667	0.684666667
1938.25	0.368666667
1938.333333	-0.352666667
1938.416667	0.741333333
1938.5	0.734333333
1938.583333	0.313666667
1938.666667	0.406
1938.75	1.607333333
1938.833333	1.574666667
1938.916667	0.719
1939	0.611666667
1939.083333	0.732666667
1939.166667	1.024
1939.25	-0.248666667
1939.333333	-0.705666667
1939.416667	-0.914666667
1939.5	-0.348
1939.583333	-1.183
1939.666667	-1.873333333
1939.75	-1.628333333
1939.833333	-0.684
1939.916667	-0.602333333
1940	-1.421666667
1940.083333	-1.305666667
1940.166667	-0.372333333
1940.25	-0.148
1940.333333	-0.307333333
1940.416667	-0.887666667
1940.5	-0.702666667
1940.583333	-0.668333333
1940.666667	-0.895333333
1940.75	-0.562666667
1940.833333	0.287666667
1940.916667	-0.249
1941	-0.821333333
1941.083333	-1.735666667
1941.166667	-1.551666667
1941.25	-1.593
1941.333333	-1.084333333
1941.416667	0.257
1941.5	0.236666667
1941.583333	-0.164666667
1941.666667	-0.925
1941.75	-0.753666667
1941.833333	0.048
1941.916667	0.701
1942	-0.301
1942.083333	-1.086333333
1942.166667	-1.654
1942.25	-0.348333333
1942.333333	-0.741666667
1942.416667	-0.376666667
1942.5	-0.622
1942.583333	-0.005333333
1942.666667	-0.125666667
1942.75	-0.856333333
1942.833333	-0.283
1942.916667	0.177666667
1943	1.805666667
1943.083333	1.324
1943.166667	2.354
1943.25	2.150666667
1943.333333	2.779333333
1943.416667	1.378666667
1943.5	0.597
1943.583333	-0.257666667
1943.666667	-0.126
1943.75	-0.039666667
1943.833333	0.047333333
1943.916667	1.108666667
1944	0.551666667
1944.083333	0.407333333
1944.166667	-0.371
1944.25	0.299666667
1944.333333	-0.351666667
1944.416667	-1.504333333
1944.5	-1.594666667
1944.583333	-0.55
1944.666667	-0.107333333
1944.75	0.113666667
1944.833333	0.080666667
1944.916667	-0.349333333
1945	0.937666667
1945.083333	1.687333333
1945.166667	2.777333333
1945.25	0.939333333
1945.333333	0.225666667
1945.416667	-0.29
1945.5	-0.619333333
1945.583333	-0.276333333
1945.666667	-0.218333333
1945.75	-0.217
1945.833333	-0.765333333
1945.916667	-0.221
1946	0.718
1946.083333	0.671
1946.166667	0.417333333
1946.25	-0.815
1946.333333	0.167
1946.416667	0.837
1946.5	1.943666667
1946.583333	1.751333333
1946.666667	0.185666667
1946.75	-0.438666667
1946.833333	-0.692666667
1946.916667	0.115666667
1947	-0.998333333
1947.083333	-1.830333333
1947.166667	0.260666667
1947.25	1.392333333
1947.333333	1.885333333
1947.416667	-0.272333333
1947.5	-0.231333333
1947.583333	0.094666667
1947.666667	-0.136
1947.75	0.141333333
1947.833333	-0.490333333
1947.916667	0.189666667
1948	0.491666667
1948.083333	1.891
1948.166667	1.221333333
1948.25	0.591666667
1948.333333	-0.657333333
1948.416667	-0.302
1948.5	0.220666667
1948.583333	0.583666667
1948.666667	0.531
1948.75	1.298
1948.833333	1.388
1948.916667	1.742333333
1949	2.2
1949.083333	1.516666667
1949.166667	2.153666667
1949.25	0.351666667
1949.333333	0.168333333
1949.416667	-1.279
1949.5	-0.352333333
1949.583333	-0.453
1949.666667	0.317666667
1949.75	0.036333333
1949.833333	0.676333333
1949.916667	0.400333333
1950	1.322
1950.083333	1.556666667
1950.166667	1.908666667
1950.25	0.229666667
1950.333333	0.378666667
1950.416667	-0.447
1950.5	0.038333333
1950.583333	0.120333333
1950.666667	0.671333333
1950.75	1.023333333
1950.833333	-0.106666667
1950.916667	-0.094333333
1951	-0.044666667
1951.083333	-0.088
1951.166667	-0.511
1951.25	-1.525666667
1951.333333	-1.242
1951.416667	-0.723666667
1951.5	0.263
1951.583333	0.576
1951.666667	0.163333333
1951.75	-0.440333333
1951.833333	0.481666667
1951.916667	0.832666667
1952	1.203
1952.083333	-0.025333333
1952.166667	0.598
1952.25	0.234333333
1952.333333	0.621
1952.416667	-0.572666667
1952.5	-0.609
1952.583333	-1.620666667
1952.666667	-1.218333333
1952.75	-1.369
1952.833333	-0.466666667
1952.916667	-0.613
1953	0.067666667
1953.083333	0.587666667
1953.166667	0.063666667
1953.25	-0.363666667
1953.333333	-1.768666667
1953.416667	-1.194666667
1953.5	0.140666667
1953.583333	1.377666667
1953.666667	1.591666667
1953.75	1.588333333
1953.833333	1.39
1953.916667	1.166666667
1954	0.274666667
1954.083333	0.126333333
1954.166667	0.005333333
1954.25	-0.489
1954.333333	-0.705333333
1954.416667	-0.324666667
1954.5	-0.219666667
1954.583333	0.925333333
1954.666667	1.330333333
1954.75	2.040666667
1954.833333	1.691
1954.916667	0.603666667
1955	-0.646666667
1955.083333	-2.093333333
1955.166667	-0.904
1955.25	-0.055
1955.333333	0.849666667
1955.416667	-0.391333333
1955.5	-0.322666667
1955.583333	0.012333333
1955.666667	-0.330333333
1955.75	-1.223333333
1955.833333	-1.327666667
1955.916667	-0.795666667
1956	-1.068
1956.083333	-1.234666667
1956.166667	-1.617
1956.25	0.883333333
1956.333333	1.301
1956.416667	2.053333333
1956.5	-0.511
1956.583333	-1.102333333
1956.666667	-0.808333333
1956.75	0.703666667
1956.833333	1.731333333
1956.916667	2.164
1957	2.060333333
1957.083333	1.342666667
1957.166667	0.292
1957.25	-0.345333333
1957.333333	-0.752666667
1957.416667	-0.707
1957.5	-0.193666667
1957.583333	-0.444666667
1957.666667	0.073333333
1957.75	-0.689666667
1957.833333	-0.211
1957.916667	-0.444666667
1958	0.074333333
1958.083333	-0.311666667
1958.166667	0.162333333
1958.25	0.538666667
1958.333333	0.485666667
1958.416667	-0.179666667
1958.5	-0.22
1958.583333	0.181
1958.666667	0.797666667
1958.75	0.613
1958.833333	0.125666667
1958.916667	-0.806333333
1959	-0.128
1959.083333	1.043333333
1959.166667	1.929333333
1959.25	0.369666667
1959.333333	0.266
1959.416667	-0.139333333
1959.5	0.606
1959.583333	-0.499333333
1959.666667	-0.094666667
1959.75	-0.113666667
1959.833333	1.149666667
1959.916667	0.414
1960	0.094
1960.083333	-0.857666667
1960.166667	0.018333333
1960.25	0.373333333
1960.333333	0.528666667
1960.416667	-0.053333333
1960.5	-0.688333333
1960.583333	-0.474
1960.666667	-1.562333333
1960.75	-0.482
1960.833333	-0.408333333
1960.916667	1.107666667
1961	1.994666667
1961.083333	2.536666667
1961.166667	2.286
1961.25	0.618
1961.333333	0.633333333
1961.416667	0.606
1961.5	2.047
1961.583333	2.006
1961.666667	2.13
1961.75	0.284666667
1961.833333	-0.958
1961.916667	-0.478333333
1962	0.497333333
1962.083333	-0.187
1962.166667	-0.754
1962.25	-1.045333333
1962.333333	0.682333333
1962.416667	-0.264333333
1962.5	0.529
1962.583333	0.067333333
1962.666667	0.652333333
1962.75	-0.852
1962.833333	-1.079666667
1962.916667	-2.326666667
1963	-2.216333333
1963.083333	-1.066666667
1963.166667	0.141333333
1963.25	1.411333333
1963.333333	-0.108
1963.416667	-0.172
1963.5	-1.128333333
1963.583333	-0.225333333
1963.666667	0.922333333
1963.75	1.192
1963.833333	-0.150333333
1963.916667	-0.769666667
1964	-0.762666667
1964.083333	0.010666667
1964.166667	0.016666667
1964.25	0.898333333
1964.333333	0.537
1964.416667	1.033333333
1964.5	-0.625333333
1964.583333	0.158666667
1964.666667	-0.442666667
1964.75	0.822333333
1964.833333	0.242666667
1964.916667	0.034333333
1965	-1.418666667
1965.083333	-0.927666667
1965.166667	-0.218666667
1965.25	0.763
1965.333333	0.976
1965.416667	-0.306333333
1965.5	0.252
1965.583333	-0.376
1965.666667	-0.225333333
1965.75	-1.351
1965.833333	-0.602
1965.916667	-0.519
1966	-0.049666667
1966.083333	-0.112666667
1966.166667	0.618
1966.25	1.245333333
1966.333333	1.170666667
1966.416667	0.112333333
1966.5	-1.067666667
1966.583333	-1.498333333
1966.666667	-1.798666667
1966.75	-1.145333333
1966.833333	-0.428
1966.916667	0.55
1967	1.140666667
1967.083333	1.580333333
1967.166667	1.312
1967.25	0.593666667
1967.333333	0.246
1967.416667	0.98
1967.5	0.995666667
1967.583333	0.449666667
1967.666667	0.415666667
1967.75	0.250333333
1967.833333	-0.032333333
1967.916667	0.071333333
1968	-0.138
1968.083333	0.152
1968.166667	-0.632666667
1968.25	-0.622666667
1968.333333	-0.421
1968.416667	-0.837333333
1968.5	-0.82
1968.583333	-0.969333333
1968.666667	-0.308
1968.75	-0.491
1968.833333	-1.234
1968.916667	-1.789333333
1969	-2.177
1969.083333	-2.204666667
1969.166667	-1.287666667
1969.25	-0.308666667
1969.333333	-0.096
1969.416667	0.764666667
1969.5	0.301333333
1969.583333	0.821
1969.666667	-0.176
1969.75	-0.063
1969.833333	-0.279333333
1969.916667	-0.902333333
1970	-0.109333333
1970.083333	-0.614666667
1970.166667	0.615333333
1970.25	0.870666667
1970.333333	1.428666667
1970.416667	0.675333333
1970.5	-0.012333333
1970.583333	0.179666667
1970.666667	0.091333333
1970.75	0.411
1970.833333	-0.273
1970.916667	-0.417666667
1971	-0.267666667
1971.083333	-0.325666667
1971.166667	-1.231666667
1971.25	-1.841333333
1971.333333	-1.697666667
1971.416667	-0.993
1971.5	-0.763
1971.583333	-0.502
1971.666667	0.386666667
1971.75	-0.125
1971.833333	0.307666667
1971.916667	-0.409
1972	0.010666667
1972.083333	-0.154
1972.166667	0.093
1972.25	0.572
1972.333333	0.839666667
1972.416667	0.902666667
1972.5	0.528
1972.583333	-1.198333333
1972.666667	-1.912666667
1972.75	-1.735333333
1972.833333	0.338333333
1972.916667	1.374333333
1973	1.565666667
1973.083333	1.209
1973.166667	-0.117333333
1973.25	-0.399
1973.333333	-0.468
1973.416667	-0.217
1973.5	0.432333333
1973.583333	-0.108666667
1973.666667	0.166
1973.75	-0.695333333
1973.833333	-0.982333333
1973.916667	0.610333333
1974	0.926
1974.083333	1.206666667
1974.166667	-0.808666667
1974.25	-1.039333333
1974.333333	-0.816666667
1974.416667	0.640333333
1974.5	0.939333333
1974.583333	1.025666667
1974.666667	-0.145666667
1974.75	-0.018333333
1974.833333	0.963666667
1974.916667	2.254
1975	1.963
1975.083333	0.524
1975.166667	-0.568
1975.25	-1.508
1975.333333	-1.029333333
1975.416667	-0.537333333
1975.5	0.297333333
1975.583333	0.820333333
1975.666667	0.741666667
1975.75	1.001333333
1975.833333	-0.105666667
1975.916667	0.013333333
1976	0.158333333
1976.083333	1.307333333
1976.166667	0.546333333
1976.25	0.514333333
1976.333333	0.477333333
1976.416667	0.796666667
1976.5	0.605
1976.583333	-1.137666667
1976.666667	-1.158333333
1976.75	-0.866
1976.833333	-0.921
1976.916667	-1.496
1977	-1.903666667
1977.083333	-0.252
1977.166667	0.892333333
1977.25	0.260333333
1977.333333	-0.477333333
1977.416667	-1.214333333
1977.5	-1.149
1977.583333	-0.306666667
1977.666667	0.223
1977.75	0.821666667
1977.833333	0.191333333
1977.916667	0.192666667
1978	-0.596
1978.083333	0.520333333
1978.166667	-0.671333333
1978.25	0.116333333
1978.333333	-0.868
1978.416667	0.063
1978.5	-0.045333333
1978.583333	0.560333333
1978.666667	0.675666667
1978.75	1.963333333
1978.833333	0.616666667
1978.916667	-0.462
1979	-1.971
1979.083333	-1.097
1979.166667	-0.287
1979.25	0.251
1979.333333	0.218333333
1979.416667	1.323
1979.5	0.707666667
1979.583333	0.933666667
1979.666667	-0.558333333
1979.75	0.375666667
1979.833333	0.692666667
1979.916667	0.741333333
1980	0.325
1980.083333	-0.594
1980.166667	0.017666667
1980.25	-0.971333333
1980.333333	-0.812333333
1980.416667	-1.125333333
1980.5	-0.272
1980.583333	0.368333333
1980.666667	0.381
1980.75	-0.405
1980.833333	-0.461666667
1980.916667	0.163
1981	1.196333333
1981.083333	0.684333333
1981.166667	-0.662666667
1981.25	-0.993666667
1981.333333	-1.521333333
1981.416667	0.070666667
1981.5	0.392666667
1981.583333	1.006333333
1981.666667	0.073666667
1981.75	0.289
1981.833333	-0.533333333
1981.916667	-0.42
1982	-0.221
1982.083333	1.066
1982.166667	0.976333333
1982.25	0.591333333
1982.333333	-0.582666667
1982.416667	-0.471333333
1982.5	-0.354333333
1982.583333	0.625333333
1982.666667	0.950666667
1982.75	1.038
1982.833333	1.559666667
1982.916667	3.06
1983	2.072666667
1983.083333	1.787333333
1983.166667	-0.156666667
1983.25	0.070666667
1983.333333	-0.344333333
1983.416667	-0.259
1983.5	0.117333333
1983.583333	-0.280666667
1983.666667	0.656333333
1983.75	-0.291
1983.833333	0.203666667
1983.916667	0.362
1984	1.7
1984.083333	0.714666667
1984.166667	-0.020666667
1984.25	-1.379666667
1984.333333	-0.563
1984.416667	-0.361333333
1984.5	0.752
1984.583333	0.205
1984.666667	0.448666667
1984.75	-0.271666667
1984.833333	0.671333333
1984.916667	-0.839666667
1985	-0.531666667
1985.083333	-1.013666667
1985.166667	0.056333333
1985.25	-0.573
1985.333333	-0.954666667
1985.416667	-0.704333333
1985.5	0.781666667
1985.583333	1.141333333
1985.666667	0.825333333
1985.75	-0.902333333
1985.833333	-1.048
1985.916667	-0.610666667
1986	-1.000333333
1986.083333	0.098666667
1986.166667	-0.698333333
1986.25	1.362
1986.333333	-0.021666667
1986.416667	0.582333333
1986.5	-0.872666667
1986.583333	-0.888666667
1986.666667	-0.423666667
1986.75	1.448
1986.833333	3.034333333
1986.916667	1.571666667
1987	0.356666667
1987.083333	-0.689
1987.166667	0.880666667
1987.25	0.688666667
1987.333333	0.401
1987.416667	-0.878333333
1987.5	-1.604
1987.583333	-0.989
1987.666667	-0.840333333
1987.75	-0.066
1987.833333	-0.757
1987.916667	-0.314666667
1988	-0.128
1988.083333	0.399666667
1988.166667	-0.574
1988.25	-0.952
1988.333333	-2.127
1988.416667	-0.842
1988.5	-0.184333333
1988.583333	0.999333333
1988.666667	-0.161666667
1988.75	-0.897
1988.833333	-0.548333333
1988.916667	1.303666667
1989	2.998333333
1989.083333	3.198
1989.166667	1.860333333
1989.25	1.042666667
1989.333333	0.051
1989.416667	0.402333333
1989.5	0.603
1989.583333	0.459666667
1989.666667	0.559333333
1989.75	-1.017666667
1989.833333	-1.443
1989.916667	-0.568333333
1990	2.126333333
1990.083333	3.908666667
1990.166667	3.332333333
1990.25	1.23
1990.333333	0.330666667
1990.416667	0.217333333
1990.5	1.717666667
1990.583333	1.249
1990.666667	0.574666667
1990.75	-1.020666667
1990.833333	-0.576666667
1990.916667	0.244
1991	0.730666667
1991.083333	0.161
1991.166667	0.033
1991.25	0.026
1991.333333	0.376333333
1991.416667	-0.211666667
1991.5	0.704
1991.583333	0.436666667
1991.666667	-0.059666667
1991.75	-0.403
1991.833333	0.381333333
1991.916667	1.185666667
1992	1.688333333
1992.083333	1.829333333
1992.166667	2.053666667
1992.25	1.257333333
1992.333333	0.124333333
1992.416667	0.033
1992.5	1.091
1992.583333	2.002
1992.666667	0.542666667
1992.75	0.726666667
1992.833333	0.466
1992.916667	2.880333333
1993	1.410333333
1993.083333	1.830666667
1993.166667	0.804666667
1993.25	-0.097
1993.333333	-0.534
1993.416667	-0.599333333
1993.5	0.515666667
1993.583333	-0.405666667
1993.666667	-1.993666667
1993.75	-1.986
1993.833333	-0.393666667
1993.916667	1.409666667
1994	1.175666667
1994.083333	1.676333333
1994.166667	1.708333333
1994.25	1.206
1994.333333	0.975666667
1994.416667	0.487
1994.5	0.436666667
1994.583333	-1.509
1994.666667	-2.104666667
1994.75	-1.015333333
1994.833333	0.887333333
1994.916667	2.411333333
1995	2.895
1995.083333	2.295333333
1995.166667	0.793666667
1995.25	-0.372
1995.333333	-1.844
1995.416667	-1.560666667
1995.5	-1.883
1995.583333	-1.278666667
1995.666667	-0.551666667
1995.75	-1.017666667
1995.833333	-1.613333333
1995.916667	-3.110666667
1996	-2.239666667
1996.083333	-1.985333333
1996.166667	-0.998
1996.25	-1.458333333
1996.333333	-0.126333333
1996.416667	0.465
1996.5	0.900333333
1996.583333	-0.319333333
1996.666667	-0.830666667
1996.75	-0.784
1996.833333	-1.607666667
1996.916667	-2.233666667
1997	-0.464
1997.083333	1.8
1997.166667	2.125666667
1997.25	-0.075666667
1997.333333	-2.121333333
1997.416667	-1.405
1997.5	-0.364
1997.583333	0.761
1997.666667	-0.385333333
1997.75	-1.308666667
1997.833333	-1.151333333
1997.916667	-0.492333333
1998	0.651
1998.083333	1.132
1998.166667	1.096666667
1998.25	-0.137
1998.333333	-0.832666667
1998.416667	-0.894333333
1998.5	0.126
1998.583333	-0.751666667
1998.666667	-0.112333333
1998.75	-0.336
1998.833333	1.472666667
1998.916667	1.325
1999	1.549333333
1999.083333	0.658666667
1999.166667	0.501
1999.25	0.244
1999.333333	0.947333333
1999.416667	0.189333333
1999.5	-1.377
1999.583333	-2.009333333
1999.666667	-1.624666667
1999.75	-0.301
1999.833333	0.579
1999.916667	0.924333333
2000	2.282333333
2000.083333	1.751666667
2000.166667	0.522333333
2000.25	-0.831666667
2000.333333	-0.712666667
2000.416667	-0.593666667
2000.5	-0.437
2000.583333	-1.100666667
2000.666667	0.351333333
2000.75	0.012
2000.833333	-0.093
2000.916667	-0.543333333
2001	-0.442
2001.083333	-0.198
2001.166667	0.210333333
2001.25	0.156
2001.333333	-0.06
2001.416667	-0.848666667
2001.5	-0.271
2001.583333	-1.106333333
2001.666667	-0.440333333
2001.75	-0.983333333
2001.833333	-0.455
2001.916667	0.024
2002	1.023
2002.083333	1.803
2002.166667	1.333666667
2002.25	0.314333333
2002.333333	0.583666667
2002.416667	0.045666667
2002.5	-0.140333333
2002.583333	-1.632666667
2002.666667	-1.897
2002.75	-1.785
2002.833333	-0.92
2002.916667	-0.369333333
2003	0.168333333
2003.083333	0.855333333
2003.166667	0.225
2003.25	0.167333333
2003.333333	-0.476666667
2003.416667	0.132333333
2003.5	-0.585333333
2003.583333	-0.184
2003.666667	-1.439666667
2003.75	-1.006333333
2003.833333	-1.406333333
2003.916667	-0.113666667
2004	-0.629
2004.083333	0.011333333
2004.166667	0.306
2004.25	0.494666667
2004.333333	0.009666667
2004.416667	-0.449
2004.5	-0.479
2004.583333	0.485666667
2004.666667	-0.142
2004.75	-0.071333333
2004.833333	-0.484333333
2004.916667	0.849666667
2005	0.282666667
2005.083333	-0.572
2005.166667	-0.942666667
2005.25	-0.237333333
2005.333333	-0.141
2005.416667	-0.406333333
2005.5	-0.050333333
2005.583333	0.451666667
2005.666667	0.328333333
2005.75	-0.322333333
2005.833333	-0.760666667
2005.916667	-0.642666667
2006	-0.717666667
2006.083333	-0.819
2006.166667	-0.595
2006.25	-0.255666667
2006.333333	-0.021
2006.416667	0.065
2006.5	-0.684666667
2006.583333	-0.887333333
2006.666667	-1.821333333
2006.75	-0.33
2006.833333	1.021
2006.916667	2.266
2007	1.738
2007.083333	1.404
2007.166667	0.783333333
2007.25	0.851
2007.333333	-0.938333333
2007.416667	-1.256666667
2007.5	-2.599666667
2007.583333	-1.880333333
2007.666667	-1.537
2007.75	-0.957666667
2007.833333	-0.111333333
2007.916667	0.513333333
2008	1.666
2008.083333	1.337333333
2008.166667	0.046666667
2008.25	-1.636
2008.333333	-2.3
2008.416667	-2.004
2008.5	-0.987333333
2008.583333	-1.136333333
2008.666667	-0.755333333
2008.75	-1.118
2008.833333	-0.621333333
2008.916667	-0.425333333
2009	-0.469333333
2009.083333	-0.226666667
2009.166667	0.153
2009.25	1.134666667
2009.333333	0.067333333
2009.416667	-0.817666667
2009.5	-0.968333333
2009.583333	-0.162666667
2009.666667	-0.366333333
2009.75	-0.16
2009.833333	-1.192
2009.916667	-1.475
2010	-3.344333333
2010.083333	-2.368
2010.166667	-1.918333333
2010.25	-1.163
2010.333333	-2.113666667
2010.416667	-1.749666667
2010.5	-1.868666667
2010.583333	-1.445
2010.666667	-2.269333333
2010.75	-2.712333333
2010.833333	-3.453333333
2010.916667	-3.109
2011	-1.064
2011.083333	0.414333333
2011.166667	1.671666667
2011.25	1.102666667
2011.333333	0.633666667
2011.416667	-1.294666667
2011.5	-2.460666667
2011.583333	-0.946
2011.666667	0.619666667
2011.75	1.672
2011.833333	1.748333333
2011.916667	1.997666667
2012	2.176333333
2012.083333	1.705666667
2012.166667	0.235
2012.25	-0.467333333
2012.333333	-1.920666667
2012.416667	-1.572333333
2012.5	-1.441333333
2012.583333	-1.062333333
2012.666667	-1.693666667
2012.75	-1.918
2012.833333	-1.238666667
2012.916667	0.191666667
2013	0.473
2013.083333	-0.975
2013.166667	-1.325666667
2013.25	-0.827333333
2013.333333	0.889333333
2013.416667	1.718333333
2013.5	2.027666667
2013.583333	1.37
2013.666667	0.409666667
2013.75	-0.295666667
2013.833333	1.074666667
2013.916667	1.432
2014	2.189666667
2014.083333	1.554333333
2014.166667	1.596666667
2014.25	0.799
2014.333333	-0.407333333
2014.416667	-0.383333333
2014.5	-0.736333333
2014.583333	-0.774333333
2014.666667	-0.974666667
2014.75	-1.319333333
2014.833333	0.008
2014.916667	0.842666667
2015	2.056333333
2015.083333	2.089666667
2015.166667	1.497
2015.25	1.703
2015.333333	1.134333333
2015.416667	0.071333333
2015.5	-0.133666667
2015.583333	-0.776333333
2015.666667	-0.435
2015.75	0.254
2015.833333	2.209333333
2015.916667	2.974666667
2016	2.330666667
2016.083333	1.034
2016.166667	-0.041
2016.25	-0.852333333
2016.333333	-1.385666667
2016.416667	0.029333333
2016.5	1.016666667
2016.583333	2.256
2016.666667	1.038333333
2016.75	-0.210666667
2016.833333	-0.326333333
2016.916667	0.220333333
2017	1.216666667
2017.083333	0.867
2017.166667	1.311
2017.25	0.979
2017.333333	0.445666667
2017.416667	-0.021666667
2017.5	-0.161666667
2017.583333	0.496666667
2017.666667	0.916333333
2017.75	0.628333333
2017.833333	0.486666667
2017.916667	0.639333333
2018	0.907
2018.083333	0.199
2018.166667	0.383666667
2018.25	1.086
2018.333333	0.995
2018.416667	1.481
2018.5	1.229666667
2018.583333	1.844
2018.666667	0.175333333
2018.75	-0.67
2018.833333	-0.175
2018.916667	0.097333333
2019	1.156333333
2019.083333	1.31
2019.166667	1.997333333
2019.25	2.047333333
2019.333333	0.308333333
2019.416667	-1.188666667
2019.5	-1.837
2019.583333	-1.003333333
2019.666667	-0.443
2019.75	-1.090666667
2019.833333	-0.735
2019.916667	0.672
2020	2.851666667
2020.083333	2.723666667
2020.166667	1.45
2020.25	-0.145
2020.333333	-0.772333333
2020.416667	-0.946666667
2020.5	-1.371333333
2020.583333	-0.701333333
2020.666667	-0.354333333
2020.75	0.515333333
2020.833333	0.093
2020.916667	-0.367
2021	-0.617
2021.083333	-0.118333333
2021.166667	-0.698666667
2021.25	-0.976666667
2021.333333	-1.099666667
2021.416667	-0.525666667
2021.5	-1.228
2021.583333	-1.396333333
2021.666667	-0.702333333
2021.75	-0.254666667
2021.833333	-0.077333333
2021.916667	0.245
2022	1.725333333
2022.083333	1.489
2022.166667	0.235
2022.25	-0.187666667
2022.333333	-0.188333333
2022.416667	0.778
2022.5	-0.479
2022.583333	-1.610333333
2022.666667	-1.523666667
2022.75	-0.166666667
2022.833333	0.057
2022.916667	0.172666667
2023	-0.185333333
2023.083333	0.636333333
2023.166667	0.001666667
2023.25	-0.416333333
2023.333333	-1.184333333
2023.416667	-1.540333333
2023.5	-2.139666667
2023.583333	-1.391
2023.666667	-1.212
2023.75	-0.769666667
2023.833333	-0.328333333
2023.916667	0.671
