ForcingN	ModelN		ForcingT	ModelT
0.14172931	-0.44977937		0.142618714	0.490767432
0.14247846	-0.69188503		0.143393291	0.635450134
0.14240903	-0.73184673		0.143380252	0.627925895
0.14227531	-0.67331767		0.143319307	0.585576194
0.14208600	-0.58055321		0.14319973	0.57749034
0.14186049	-0.31856533		0.143022363	0.641841554
0.07041147	0.03832010		0.064695348	0.77985895
0.06981366	0.11589308		0.064038186	0.849372243
0.06965129	0.06374453		0.06382008	0.810938332
0.06955111	0.13772548		0.063647989	0.786978234
0.06950652	0.25786485		0.063534517	0.818757167
0.06949812	0.32822992		0.063478837	0.842250642
0.06946958	0.30291814		0.063006247	0.799601515
0.06944424	0.22333613		0.063003632	0.713404503
0.06937058	0.17292830		0.062986372	0.635336396
0.06923684	0.19146466		0.062925403	0.579663097
0.06904752	0.23629525		0.062805827	0.540942202
0.06882201	0.15212650		0.06262846	0.451618882
0.18436901	-0.12774013		0.185442019	0.245930581
0.18479284	-0.35610340		0.18587734	0.021585896
0.18463605	-0.35287283		0.185665169	-0.073487201
0.18453590	-0.22446530		0.185493109	-0.026939116
0.18449130	-0.06852027		0.185379638	0.073055567
0.18448290	0.04738091		0.185323957	0.143401516
0.18448912	0.04839436		0.185420431	0.149191214
0.18446397	-0.01691345		0.185420906	0.103242999
0.18439031	-0.03225012		0.185403663	0.045884204
0.18425657	0.05083481		0.185342694	0.016932532
0.18406726	0.15661333		0.185223118	0.02958478
0.18384175	-0.13466523		0.18504575	-0.041014325
0.01983475	-0.64502648		0.017745202	-0.365238474
0.01873125	-0.68727442		0.016604785	-0.80006024
0.01856612	-0.53287347		0.016384055	-1.051978666
0.01846592	-0.44381719		0.016211949	-1.090654548
0.01842133	-0.31057968		0.016098478	-1.039800184
0.01841293	-0.23995757		0.016042797	-0.975290606
0.01842937	-0.26680144		0.016363481	-0.940739107
0.01840429	-0.33383667		0.016365175	-0.961017615
0.01833062	-0.34951216		0.016347938	-1.016690408
0.01819689	-0.27131519		0.016286969	-1.064033747
0.01800757	-0.13011932		0.016167393	-1.081982562
0.01778206	-0.00337500		0.015990026	-0.887271112
0.13562105	0.05067307		0.131823784	-0.344969553
0.13605740	0.02173769		0.132221195	0.150035413
0.13590068	-0.02834242		0.132008818	0.296680555
0.13580053	0.00809995		0.131836757	0.310781042
0.13575594	0.11672814		0.131723286	0.358930794
0.13574754	0.18304158		0.131667605	0.405881826
0.13572855	0.14976535		0.131323901	0.402907526
0.13570326	0.05132745		0.131321986	0.350054344
0.13562960	-0.03637248		0.131304729	0.283602716
0.13549586	-0.07650953		0.131243761	0.23387291
0.13530654	-0.05283190		0.131124184	0.214849669
0.13508104	0.05592414		0.130946817	0.060334366
0.11387945	0.13255710		0.115962657	-0.370293192
0.11355616	0.07764433		0.115649538	-0.752487953
0.11339529	0.03443513		0.115433301	-0.817804223
0.11329512	0.10560639		0.11526122	-0.719373797
0.11325052	0.22440486		0.115147748	-0.600031945
0.11324212	0.29466556		0.115092068	-0.515727331
0.11325315	0.26692574		0.115293407	-0.51585102
0.11322803	0.18075669		0.115294452	-0.576565277
0.11315437	0.11897498		0.115277211	-0.637785915
0.11302063	0.12203142		0.115216243	-0.660917481
0.11283131	0.14941617		0.115096666	-0.645214595
0.11260580	0.01889049		0.114919299	-0.651138005
0.12275873	-0.27676308		0.118395217	-0.734248183
0.12260675	-0.47150719		0.118182362	-0.85374838
0.12244681	-0.51487225		0.11796667	-0.936128566
0.12234664	-0.46668021		0.117794592	-0.953994636
0.12230205	-0.35764166		0.117681121	-0.91885305
0.12229365	-0.29087684		0.11762544	-0.879600358
0.12226988	-0.32071052		0.117238587	-0.889477929
0.12224457	-0.40911486		0.117236437	-0.94687253
0.12217091	-0.47847653		0.11721918	-1.013065249
0.12203717	-0.49121557		0.117158211	-1.05840058
0.12184785	-0.50156165		0.117038634	-1.064859257
0.12162234	-0.62837642		0.116861267	-1.01984282
0.12056970	-0.84353885		0.11794247	-0.958298096
0.12035649	-0.98680721		0.117716609	-0.951233576
0.12019622	-1.01433986		0.117500847	-0.987313474
0.12009605	-0.94655470		0.117328768	-0.990848624
0.12005146	-0.82944470		0.117215297	-0.94323875
0.12004306	-0.75910445		0.117159616	-0.879073772
0.12006751	-0.78418901		0.117576809	-0.839772979
0.12004246	-0.86585955		0.117579026	-0.855220634
0.11996880	-0.92031544		0.117561792	-0.911325399
0.11983506	-0.90363834		0.117500823	-0.963713625
0.11964575	-0.83576357		0.117381247	-0.99115153
0.11942024	-0.58445003		0.11720388	-0.811513707
0.00607916	-0.17338067		0.004941505	-0.327589789
0.00525248	0.03055729		0.004100024	0.037884377
0.00508886	0.05138069		0.003880918	0.065095592
0.00498867	0.13790000		0.003708821	0.034238362
0.00494408	0.26741729		0.003595349	0.073888243
0.00493568	0.34116290		0.003539669	0.11878513
0.00492454	0.32082384		0.003357399	0.119720578
0.00489930	0.25477139		0.00335636	0.071600228
0.00482564	0.23251992		0.003339109	0.007112749
0.00469190	0.29568334		0.00327814	-0.041990696
0.00450258	0.40555935		0.003158564	-0.068499272
0.00427707	0.47459549		0.002981197	-0.081603513
0.16357244	0.40452550		0.162870278	-0.048303412
0.16423529	0.26209267		0.163506973	0.041756073
0.16407981	0.23568189		0.163295895	0.095663171
0.16397966	0.33584741		0.163123841	0.088446268
0.16393507	0.46165830		0.16301037	0.093668914
0.16392667	0.53355782		0.16295469	0.108363328
0.16391547	0.51049786		0.162783429	0.080260979
0.16389023	0.43790377		0.162782451	0.012547741
0.16381656	0.40289688		0.162765199	-0.061235812
0.16368283	0.44742189		0.162704231	-0.123594674
0.16349351	0.49585280		0.162584654	-0.188909817
0.16326800	0.01310422		0.162407287	-0.181748259
0.03459064	-0.86082337		0.035480288	-0.019388269
0.03368017	-1.16886519		0.034559158	0.119557668
0.03351609	-1.07401838		0.034339619	0.117136734
0.03341590	-0.99080333		0.03416752	0.107014744
0.03337131	-0.86588143		0.034054048	0.150603948
0.03336291	-0.79582793		0.033998367	0.207103833
0.03337764	-0.82329690		0.034243134	0.238934928
0.03335254	-0.90100093		0.034244415	0.219733809
0.03327888	-0.94138045		0.034227176	0.164068166
0.03314514	-0.90019794		0.034166207	0.113940595
0.03295582	-0.81527376		0.034046631	0.084552453
0.03273031	-0.53017543		0.033869264	0.044703704
0.12370025	-0.12177448		0.120017157	-0.012051268
0.12398981	-0.04128162		0.120253331	-0.048813205
0.12383229	-0.13811112		0.120040078	-0.077692243
0.12373213	-0.09614441		0.119868013	-0.108705419
0.12368754	0.01305131		0.119754542	-0.106516945
0.12367914	0.07872273		0.119698861	-0.11170485
0.12365176	0.04593029		0.119235161	-0.195326003
0.12362643	-0.04822391		0.119232594	-0.315325235
0.12355277	-0.12737318		0.119215334	-0.404879375
0.12341903	-0.15495820		0.119154365	-0.465964262
0.12322971	-0.09830201		0.119034788	-0.522964665
0.12300421	-0.07241836		0.118857421	-0.519610328
0.09283096	-0.24089090		0.088065489	-0.400330518
0.09245866	-0.44518431		0.087666511	-0.305631758
0.09229752	-0.51279664		0.087449808	-0.321929806
0.09219734	-0.46037009		0.087277724	-0.337903576
0.09215275	-0.35078232		0.087164253	-0.301561188
0.09214435	-0.27917147		0.087108572	-0.236038564
0.09218074	-0.30188365		0.087723009	-0.168009877
0.09215576	-0.39254552		0.087726298	-0.151930918
0.09208210	-0.47216668		0.08770907	-0.197253843
0.09194837	-0.49819542		0.087648102	-0.249715685
0.09175905	-0.54351914		0.087528525	-0.28223498
0.09153354	-0.64433334		0.087351158	-0.275910833
0.07826612	-0.77484351		0.069723694	-0.200031859
0.07798618	-0.94099259		0.069396218	-0.088528175
0.07782555	-1.03902330		0.069179903	0.01387525
0.07772538	-0.99678920		0.069007822	0.123503575
0.07768078	-0.89106904		0.06889435	0.248103151
0.07767238	-0.82563121		0.06883867	0.371246919
0.07764641	-0.85776455		0.068429435	0.467366359
0.07762109	-0.95013165		0.068427163	0.492682324
0.07754743	-1.02665822		0.068409905	0.458147877
0.07741369	-1.04968896		0.068348936	0.435865569
0.07722437	-1.04792087		0.06822936	0.457622664
0.07699887	-0.98079476		0.068051993	0.459914469
0.18712728	-0.88155591		0.184395438	0.35934762
0.18752150	-0.90446586		0.184795618	0.215383231
0.18736455	-0.94876291		0.184583255	0.170704951
0.18726440	-0.87830958		0.184411195	0.247264607
0.18721981	-0.75967679		0.184297724	0.366610186
0.18721141	-0.68991090		0.184242043	0.439295479
0.18723297	-0.71412207		0.184615487	0.412564869
0.18720791	-0.79060101		0.184617467	0.329106026
0.18713425	-0.83463096		0.184600232	0.261166615
0.18700051	-0.80174466		0.184539263	0.237657478
0.18681119	-0.73221628		0.184419687	0.261660953
0.18658568	-0.47672394		0.18424232	0.118485156
0.01261531	-0.24749412		0.014553442	-0.315508762
0.01145738	-0.44444390		0.013400053	-0.60543786
0.01129194	-0.62957775		0.013179252	-0.530799164
0.01119175	-0.55826507		0.013007146	-0.361681486
0.01114715	-0.44879902		0.012893674	-0.221624197
0.01113875	-0.38002111		0.012837994	-0.105265703
0.01112984	-0.40658276		0.012690915	-0.039843841
0.01110462	-0.49302334		0.012690067	-0.041736098
0.01103095	-0.56099152		0.012672817	-0.083466768
0.01089722	-0.57141722		0.012611848	-0.101147642
0.01070790	-0.57705298		0.012492271	-0.059093377
0.01048239	-0.45977455		0.012314904	-0.006819043
0.18968190	-0.12966847		0.197259601	-0.039669767
0.19045349	0.05747825		0.198032384	-0.137487351
0.19029860	0.00729960		0.197822046	-0.184330117
0.19019846	0.01552351		0.197649996	-0.14315753
0.19015387	0.11879731		0.197536525	-0.057798793
0.19014547	0.18286075		0.197480845	0.023400578
0.19012183	0.14847692		0.197109434	0.06121814
0.19009652	0.05011049		0.197107368	0.039009976
0.19002286	-0.03948094		0.197090111	-0.016088271
0.18988912	-0.08550786		0.197029142	-0.057580431
0.18969980	-0.15702760		0.196909565	-0.055171104
0.18947429	-0.29303662		0.196732198	-0.094776953
0.08668825	-0.30843461		0.086414249	-0.302312938
0.08591923	-0.17234136		0.08558333	-0.558977248
0.08575593	-0.07101122		0.085364281	-0.676690086
0.08565574	0.02925946		0.085192184	-0.667409556
0.08561115	0.16554948		0.085078713	-0.606679183
0.08560275	0.23547682		0.085023032	-0.544617175
0.08562968	0.20773910		0.085486324	-0.522775039
0.08560465	0.14620989		0.085488792	-0.55415945
0.08553099	0.14290548		0.085471559	-0.613665795
0.08539725	0.23733333		0.085410591	-0.661513456
0.08520793	0.35509205		0.085291014	-0.679676349
0.08498242	0.16749572		0.085113647	-0.641133337
0.10337212	-0.28394008		0.101011111	-0.533896141
0.10326514	-0.48996596		0.100865724	-0.429371337
0.10310545	-0.46115242		0.100650398	-0.360728014
0.10300528	-0.38222325		0.100478322	-0.276057748
0.10296069	-0.26099659		0.100364851	-0.166252837
0.10295229	-0.18905085		0.10030917	-0.061916119
0.10293273	-0.21136585		0.099960147	0.009547877
0.10290745	-0.28453477		0.099958202	0.016887488
0.10283378	-0.32335620		0.099940946	-0.024559587
0.10270005	-0.28707660		0.099879977	-0.051955345
0.10251073	-0.21701149		0.099760401	-0.028801732
0.10228522	-0.21657886		0.099583033	0.129519895
0.09301741	-0.34187729		0.093649089	0.450299769
0.09275932	-0.50400791		0.093385125	0.703219509
0.09259881	-0.57679041		0.093169156	0.765072432
0.09249863	-0.52742638		0.092997076	0.784036877
0.09245404	-0.41747363		0.092883604	0.841408385
0.09244564	-0.34695864		0.092827924	0.902106371
0.09246182	-0.37409202		0.093117046	0.927245436
0.09243673	-0.46958976		0.093118568	0.900107979
0.09236307	-0.55472820		0.093101331	0.843262115
0.09222933	-0.58819983		0.093040362	0.797766493
0.09204001	-0.57062456		0.092920785	0.776201668
0.09181450	-0.23840780		0.092743418	0.697314907
0.04591961	0.26816916		0.042877005	0.505981545
0.04546142	0.35775505		0.042374425	0.341963341
0.04529981	0.26260559		0.042157159	0.313426518
0.04519963	0.33265729		0.041985072	0.365472942
0.04515504	0.45020435		0.041871601	0.443751948
0.04514664	0.51959806		0.04181592	0.515927821
0.04511906	0.49269574		0.041373082	0.546264833
0.04509373	0.40996176		0.041370628	0.521394308
0.04502006	0.35329014		0.041353369	0.466084076
0.04488632	0.36210012		0.0412924	0.424620735
0.04469701	0.39631758		0.041172824	0.408801743
0.04447150	0.31551890		0.040995457	0.237389475
0.15055263	0.09218801		0.156818842	-0.240040035
0.15092475	-0.06583623		0.157216196	-0.702421464
0.15076768	-0.06117696		0.157003818	-0.842879043
0.15066752	0.03886238		0.156831758	-0.782039836
0.15062293	0.16507077		0.156718287	-0.680598342
0.15061453	0.23608875		0.156662606	-0.599993393
0.15062035	0.21255966		0.15675193	-0.582208094
0.15059521	0.14270719		0.156752367	-0.623060643
0.15052154	0.11346420		0.156735123	-0.680035558
0.15038781	0.16511233		0.156674155	-0.710384819
0.15019849	0.20046586		0.156554578	-0.69448027
0.14997298	0.23392312		0.156377211	-0.706609767
0.01507135	0.27427950		0.01437372	-0.774670823
0.01412687	0.17170180		0.013370702	-0.738821898
0.01396260	0.07731197		0.013150719	-0.573373256
0.01386241	0.13553885		0.012978617	-0.406266433
0.01381782	0.24600272		0.012865145	-0.263304281
0.01380942	0.31589123		0.012809465	-0.174612532
0.01382326	0.29104785		0.01306737	-0.194034422
0.01379816	0.20298872		0.013068722	-0.276175481
0.01372450	0.12998790		0.013051484	-0.342382921
0.01359076	0.11091928		0.012990515	-0.359085134
0.01340144	0.11598996		0.012870938	-0.307960784
0.01317593	0.28726081		0.012693571	-0.193917684
0.08399164	0.54107453		0.081895767	-0.091304881
0.08417109	0.54593819		0.082039902	-0.058726579
0.08401296	0.50542680		0.081826149	-0.034213326
0.08391280	0.61273237		0.081654081	0.050634229
0.08386821	0.74234011		0.081540609	0.170211996
0.08385981	0.81593141		0.081484929	0.283260496
0.08384173	0.79407807		0.08116222	0.363298979
0.08381646	0.72262599		0.081160419	0.376195521
0.08374279	0.69080991		0.081143163	0.336670943
0.08360905	0.74130365		0.081082194	0.311066959
0.08341974	0.81429080		0.080962618	0.337192277
0.08319423	0.64586019		0.080785251	0.363553843
0.04425939	0.24620413		0.043139169	0.320631327
0.04383922	0.02204364		0.042702963	0.259822147
0.04367782	0.00967923		0.042486058	0.258160623
0.04357764	0.07469088		0.042313973	0.31082744
0.04353305	0.18910305		0.042200502	0.392571344
0.04352465	0.25869917		0.042144821	0.466304432
0.04353052	0.23410829		0.042256298	0.487075793
0.04350538	0.15268359		0.042256855	0.44935773
0.04343172	0.09549661		0.042239612	0.389576635
0.04329798	0.10283399		0.042178644	0.348824258
0.04310866	0.10134416		0.042059067	0.341090612
0.04288315	0.14762176		0.0418817	0.276986264
0.08462215	0.25918608		0.082172529	0.074082427
0.08464273	0.25430803		0.082159633	-0.11828613
0.08448374	0.24532482		0.081945027	-0.144460091
0.08438358	0.35603914		0.081772955	-0.055040775
0.08433898	0.48798052		0.081659484	0.062077308
0.08433058	0.56267817		0.081603803	0.175355392
0.08430550	0.54282771		0.081201014	0.263962276
0.08428019	0.47383592		0.081198777	0.286834047
0.08420652	0.44704187		0.081181519	0.250354323
0.08407278	0.50784581		0.08112055	0.223988412
0.08388347	0.64016260		0.081000974	0.247380457
0.08365796	0.49436108		0.080823607	0.33878515
0.09457235	0.00950982		0.092575851	0.477713829
0.09442453	-0.24863538		0.092407949	0.562592746
0.09426461	-0.24318045		0.092192501	0.567671683
0.09416444	-0.18209531		0.092020424	0.578378893
0.09411985	-0.06836692		0.091906953	0.629438326
0.09411145	0.00288159		0.091851272	0.69429495
0.09414928	-0.01938977		0.09248973	0.738856619
0.09412431	-0.10221707		0.092493149	0.730243052
0.09405065	-0.16484510		0.092475921	0.678381896
0.09391691	-0.16654641		0.092414953	0.630868103
0.09372759	-0.16804432		0.092295376	0.612774427
0.09350208	-0.19715751		0.092118009	0.522013056
-0.02348320	-0.23302959		-0.021171509	0.265434067
-0.02391489	-0.30301622		-0.021555101	0.018210553
-0.02375814	-0.34149165		-0.021342649	-0.062399458
-0.02365799	-0.27269134		-0.021170588	-0.042859373
-0.02361340	-0.15477283		-0.021057117	0.009479416
-0.02360500	-0.08559389		-0.021001436	0.064414569
-0.02361890	-0.11330630		-0.021236224	0.085581559
-0.02359380	-0.19852304		-0.02123745	0.057040395
-0.02352013	-0.25805478		-0.021220211	-0.001254371
-0.02338639	-0.24880100		-0.021159242	-0.050155834
-0.02319708	-0.16716225		-0.021039666	-0.077312302
-0.02297157	-0.14851826		-0.020862299	-0.167265264
0.15786928	-0.21723283		0.156048901	-0.407707611
0.15864984	-0.22720928		0.156778051	-0.668549692
0.15849500	-0.23108364		0.156567475	-0.765116186
0.15839486	-0.20073465		0.156395424	-0.712514998
0.15835027	-0.09229238		0.156281953	-0.612031957
0.15834187	-0.02494263		0.156226273	-0.526544255
0.15833484	-0.05284080		0.156107648	-0.49149112
0.15830963	-0.14187572		0.156106955	-0.515412464
0.15823596	-0.21482567		0.156089705	-0.567194432
0.15810222	-0.23292104		0.156028737	-0.598271751
0.15791291	-0.24031632		0.15590916	-0.582611993
0.15768740	-0.21307926		0.155731793	-0.502519828
-0.01182492	-0.18786080		-0.014002076	-0.400110019
-0.01254359	-0.27190103		-0.014692243	-0.37300504
-0.01238841	-0.31505127		-0.014481455	-0.384750345
-0.01228827	-0.22427394		-0.014309403	-0.333386064
-0.01224368	-0.10052637		-0.014195932	-0.233624437
-0.01223528	-0.02913886		-0.014140252	-0.147724368
-0.01222864	-0.05328439		-0.01405233	-0.113605584
-0.01220342	-0.12845517		-0.014051804	-0.139168606
-0.01212976	-0.16807356		-0.014034555	-0.191318715
-0.01199602	-0.12917154		-0.013973587	-0.22137157
-0.01180670	-0.04331161		-0.01385401	-0.204423576
-0.01158119	-0.12639623		-0.013676643	-0.197282622
0.10784951	-0.40250958		0.100821689	-0.293070446
0.10829456	-0.55642605		0.101211846	-0.436145903
0.10813788	-0.55371383		0.100999429	-0.485053113
0.10803773	-0.48357686		0.100827369	-0.421264956
0.10799314	-0.36506380		0.100713898	-0.314289158
0.10798474	-0.29473606		0.100658217	-0.207701547
0.10795902	-0.31920438		0.100223173	-0.126934823
0.10793370	-0.39649434		0.100220762	-0.110824315
0.10786004	-0.44296588		0.100203503	-0.149932084
0.10772630	-0.41749828		0.100142534	-0.178240125
0.10753698	-0.37463974		0.100022957	-0.163192286
0.10731147	-0.33709411		0.09984559	-0.052374197
0.02453019	-0.39709308		0.019895052	0.122888977
0.02387047	-0.61403206		0.019229072	0.141552091
0.02370775	-0.74199073		0.019010918	-0.006471032
0.02360757	-0.68775356		0.018838827	-0.111287209
0.02356298	-0.58065790		0.018725355	-0.12431299
0.02355458	-0.50826163		0.018669675	-0.049895793
0.02359525	-0.52876901		0.019381346	0.111296187
0.02357029	-0.62031545		0.019385162	0.220640178
0.02349663	-0.70436215		0.019367937	0.198913248
0.02336289	-0.73607700		0.019306969	0.128688795
0.02317357	-0.73131816		0.019187392	0.062546828
0.02294807	-0.49350717		0.019010025	0.078982522
0.05811137	-0.11946917		0.051923401	0.246510136
0.05809603	-0.07872168		0.051870435	0.399475553
0.05793684	-0.18644869		0.051655611	0.411085518
0.05783667	-0.13858092		0.051483537	0.389960717
0.05779208	-0.02907654		0.051370066	0.412758506
0.05778368	0.03704106		0.051314386	0.426905418
0.05775528	0.00538575		0.050848223	0.374248563
0.05772995	-0.08621503		0.050845643	0.281532283
0.05765629	-0.16158081		0.050828383	0.20076074
0.05752255	-0.18529023		0.050767414	0.142145435
0.05733323	-0.20365171		0.050647838	0.093820011
0.05710772	-0.25584122		0.050470471	0.147738882
0.16737071	-0.34493673		0.167125602	0.382016947
0.16776567	-0.44458700		0.167527475	0.597546178
0.16760873	-0.45894754		0.167315122	0.670560399
0.16750857	-0.36455062		0.167143061	0.730357627
0.16746398	-0.23992464		0.16702959	0.82180634
0.16745558	-0.17058953		0.166973909	0.878958197
0.16748067	-0.19560219		0.167419566	0.863420208
0.16745563	-0.26590588		0.167421938	0.799770902
0.16738197	-0.29531679		0.167404705	0.73773643
0.16724823	-0.24266754		0.167343737	0.708703405
0.16705891	-0.19112881		0.16722416	0.714605438
0.16683340	-0.16278518		0.167046793	0.695562776
0.00570416	-0.03405167		0.006059915	0.546925194
0.00461639	0.11010328		0.004953791	0.282252897
0.00445134	0.15899061		0.004733247	0.073595521
0.00435114	0.23499382		0.004561142	0.013089609
0.00430655	0.36169696		0.004447671	0.041521596
0.00429815	0.43476070		0.00439199	0.079518613
0.00428865	0.41332935		0.004230151	0.074620276
0.00426342	0.34403230		0.004229224	0.022040447
0.00418976	0.31455959		0.004211973	-0.044627195
0.00405602	0.36553321		0.004151004	-0.097041712
0.00386670	0.44856682		0.004031428	-0.136768046
0.00364119	0.41452657		0.003854061	-0.208741474
0.14925367	0.23433396		0.154745948	-0.342800867
0.14984176	0.09497329		0.155333776	-0.476042784
0.14968587	0.08308568		0.155122432	-0.522149828
0.14958572	0.16410052		0.154950377	-0.476182189
0.14954113	0.28523250		0.154836906	-0.388113495
0.14953273	0.35628810		0.154781226	-0.305647157
0.14951172	0.33078539		0.154423099	-0.266013439
0.14948643	0.25003772		0.154421106	-0.285943209
0.14941277	0.19768407		0.154403849	-0.339363913
0.14927903	0.21339441		0.15434288	-0.378518057
0.14908971	0.24611520		0.154223304	-0.382008894
0.14886420	0.13556686		0.154045936	-0.337481684
0.06246419	-0.07221928		0.059104902	-0.231496933
0.06178470	-0.14920186		0.058357502	-0.104451901
0.06162188	-0.12070540		0.058138906	-0.003578087
0.06152169	-0.03982182		0.057966812	0.090354121
0.06147710	0.08445577		0.057853341	0.197553646
0.06146870	0.15445118		0.05779766	0.271236233
0.06149127	0.12714682		0.058194673	0.258787884
0.06146621	0.04948228		0.058196781	0.188204671
0.06139255	0.00748590		0.058179546	0.122659147
0.06125881	0.04230146		0.058118578	0.094438181
0.06106950	0.12258820		0.057999001	0.112179677
0.06084399	0.02964866		0.057821634	0.03194125
0.09319711	-0.26881192		0.086266878	-0.288243909
0.09316642	-0.45735949		0.086189644	-0.622015006
0.09300714	-0.48762019		0.085974688	-0.744402947
0.09290698	-0.43782591		0.085802614	-0.733732079
0.09286239	-0.32746813		0.085689143	-0.681233668
0.09285399	-0.26013498		0.085633462	-0.628033733
0.09283755	-0.28980325		0.085360468	-0.619573011
0.09281229	-0.38021047		0.085358937	-0.661716671
0.09273862	-0.45347940		0.085341682	-0.722849577
0.09260488	-0.47134152		0.085280714	-0.766766369
0.09241557	-0.46037254		0.085161137	-0.782380093
0.09219006	-0.34778884		0.08498377	-0.772078284
0.09850605	-0.18667280		0.101625601	-0.739975153
0.09833311	-0.19027733		0.101484257	-0.705490346
0.09817305	-0.22977910		0.101268953	-0.664711017
0.09807289	-0.14800689		0.101096877	-0.588351335
0.09802830	-0.02508971		0.100983406	-0.482800303
0.09801989	0.04554121		0.100927725	-0.406409436
0.09803871	0.01908281		0.101267358	-0.412633434
0.09801364	-0.05959787		0.101269154	-0.47873039
0.09793998	-0.10487464		0.101251918	-0.544297032
0.09780624	-0.07500157		0.101190949	-0.575204775
0.09761692	0.01136347		0.101071373	-0.554502411
0.09739141	0.20437818		0.100894006	-0.560158527
0.02831831	0.40921872		0.029949461	-0.69848268
0.02773348	0.41655474		0.029332397	-0.865757931
0.02757118	0.37087070		0.029114509	-0.916896218
0.02747100	0.44187802		0.028942419	-0.872462549
0.02742641	0.56019172		0.028828947	-0.79082055
0.02741800	0.63044891		0.028773267	-0.70701236
0.02739220	0.60548665		0.028354552	-0.656632761
0.02736688	0.52659650		0.028352229	-0.66506471
0.02729322	0.47566320		0.028334971	-0.712376272
0.02715948	0.49031328		0.028274002	-0.744021886
0.02697016	0.50304008		0.028154426	-0.734497642
0.02674466	0.39852662		0.027977059	-0.569370564
0.13651752	0.23694594		0.14158865	-0.177707267
0.13690980	0.14899343		0.141973991	0.159819202
0.13675284	0.12704013		0.141761548	0.257813368
0.13665269	0.18096174		0.141589487	0.285050701
0.13660810	0.29412552		0.141476016	0.349127706
0.13659970	0.36326539		0.141420335	0.412875934
0.13659713	0.33593571		0.141371909	0.432264961
0.13657194	0.24786997		0.141371597	0.396895154
0.13649828	0.17803821		0.14135435	0.337082294
0.13636454	0.16439832		0.141293381	0.292022939
0.13617522	0.14569024		0.141173804	0.279377289
0.13594971	-0.02408232		0.140996437	0.160560441
-0.01521369	-0.27462820		-0.015997714	-0.197837241
-0.01583211	-0.39175563		-0.016618686	-0.55493913
-0.01567638	-0.39738270		-0.016407523	-0.671814132
-0.01557624	-0.33379293		-0.016235469	-0.636021971
-0.01553165	-0.21685087		-0.016121998	-0.560109182
-0.01552325	-0.14698398		-0.016066317	-0.488827477
-0.01551131	-0.17297888		-0.015880835	-0.461780408
-0.01548607	-0.25476486		-0.015879779	-0.490070149
-0.01541241	-0.30953291		-0.015862527	-0.545321456
-0.01527867	-0.29571225		-0.015801559	-0.583130824
-0.01508935	-0.24551901		-0.015681982	-0.593139584
-0.01486384	-0.20311094		-0.015504615	-0.472152744
0.04148820	-0.20856564		0.039596267	-0.133692831
0.04158862	-0.27804825		0.039663811	0.172428316
0.04143006	-0.32403871		0.039449642	0.264941462
0.04132990	-0.26630659		0.039277572	0.296191459
0.04128531	-0.15244504		0.039164101	0.363128172
0.04127691	-0.08355226		0.03910842	0.426034313
0.04126293	-0.11024021		0.038876953	0.442780851
0.04123768	-0.19392059		0.038875648	0.406083388
0.04116401	-0.25403366		0.038858395	0.347001142
0.04103028	-0.25090316		0.038797426	0.304289646
0.04084096	-0.21140681		0.038677849	0.299024658
0.04061545	-0.19429745		0.038500482	0.208445954
-0.01331522	-0.24536391		-0.014844938	-0.095132528
-0.01340242	-0.32979296		-0.014902947	-0.397086226
-0.01324379	-0.35005696		-0.014688726	-0.475599325
-0.01314362	-0.26937260		-0.014516656	-0.411166151
-0.01309903	-0.14728638		-0.014403185	-0.313511991
-0.01309063	-0.07594345		-0.014347504	-0.224862728
-0.01307833	-0.09994199		-0.014145304	-0.180735936
-0.01305308	-0.17608830		-0.014144158	-0.19701213
-0.01297942	-0.21861063		-0.014126906	-0.246837768
-0.01284568	-0.18464070		-0.014065937	-0.278288491
-0.01265636	-0.11950089		-0.01394636	-0.275858404
-0.01243086	-0.03606896		-0.013768993	-0.1385242
0.09649378	0.01853685		0.094748134	0.212266922
0.09688144	-0.03538101		0.095105806	0.522852554
0.09672445	-0.06967818		0.094893212	0.616911755
0.09662430	0.01232203		0.09472115	0.650330592
0.09657970	0.13396480		0.094607679	0.719032531
0.09657130	0.20548630		0.094551999	0.78212416
0.09654515	0.18211452		0.094136378	0.79735892
0.09651983	0.10633950		0.094134072	0.758997194
0.09644616	0.06295441		0.094116814	0.699193955
0.09631243	0.09282495		0.094055845	0.655841661
0.09612311	0.15000934		0.093936268	0.64821481
0.09589760	-0.10089518		0.093758901	0.545249356
0.08748989	-0.60446706		0.088606435	0.207762959
0.08723650	-0.78056565		0.088346716	-0.152793586
0.08707601	-0.69384153		0.088130769	-0.309984295
0.08697584	-0.58778382		0.087958689	-0.32855513
0.08693125	-0.45425767		0.087845218	-0.297221606
0.08692285	-0.38661535		0.087789537	-0.228658082
0.08696646	-0.41936671		0.088513844	-0.145381793
0.08694152	-0.48902411		0.08851773	-0.114738203
0.08686786	-0.50532965		0.088500505	-0.156660616
0.08673412	-0.42801321		0.088439536	-0.212093751
0.08654481	-0.30724269		0.08831996	-0.258402984
0.08631930	-0.16392606		0.088142593	-0.215763468
-0.01114772	-0.07642078		-0.010400525	-0.002665529
-0.01147277	-0.13716294		-0.010704023	0.202965174
-0.01131544	-0.17341956		-0.010491135	0.26991497
-0.01121529	-0.08160994		-0.010319072	0.313354285
-0.01117070	0.04329998		-0.010205601	0.392831725
-0.01116230	0.11353510		-0.01014992	0.459325878
-0.01118578	0.08693758		-0.010545586	0.468971405
-0.01116073	0.01140610		-0.010547686	0.423876078
-0.01108706	-0.02650943		-0.010530452	0.363662048
-0.01095333	0.01482331		-0.010469483	0.326061103
-0.01076401	0.13451445		-0.010349906	0.330389891
-0.01053850	0.21991468		-0.010172539	0.391432261
0.11214387	0.16296914		0.107652183	0.51288209
0.11260669	0.06602649		0.108060408	0.630147115
0.11245011	0.03598515		0.107848089	0.664966335
0.11234996	0.09728122		0.107676029	0.650746583
0.11230537	0.21402493		0.107562558	0.658592496
0.11229697	0.28502917		0.107506877	0.682703253
0.11229815	0.25739825		0.10751055	0.683390025
0.11227298	0.16846528		0.107510521	0.644094613
0.11219932	0.09980210		0.107493275	0.579685051
0.11206558	0.09130212		0.107432306	0.517688217
0.11187626	0.09485944		0.10731273	0.457522705
0.11165075	0.10118812		0.107135363	0.352815192
-0.05495771	-0.01977512		-0.061439964	0.200938764
-0.05566051	-0.27606803		-0.062123838	0.089413361
-0.05550524	-0.32052946		-0.061913017	0.061745744
-0.05540510	-0.16634222		-0.061740965	0.089764313
-0.05536051	-0.02624428		-0.061627494	0.15069839
-0.05535211	0.04666907		-0.061571813	0.212448242
-0.05536030	0.02170712		-0.061712735	0.233512361
-0.05533517	-0.04028062		-0.061713452	0.20131493
-0.05526151	-0.04394671		-0.06169621	0.142825274
-0.05512777	0.05522172		-0.061635242	0.097732147
-0.05493845	0.21676460		-0.061515665	0.078237731
-0.05471294	0.20951476		-0.061338298	0.143362177
0.09791104	-0.04255199		0.094178654	0.338967092
0.09853743	-0.22806352		0.094791602	0.516724528
0.09838175	-0.23058998		0.094580395	0.575213556
0.09828161	-0.14283016		0.094408341	0.61108852
0.09823702	-0.01970759		0.09429487	0.679806714
0.09822861	0.05192443		0.094239189	0.742585279
0.09821423	0.02851367		0.093998162	0.757954515
0.09818898	-0.04625214		0.093996804	0.720376126
0.09811532	-0.08623542		0.093979551	0.661976474
0.09798158	-0.04899791		0.093918582	0.62107007
0.09779226	0.01574069		0.093799005	0.61136087
0.09756675	0.13929003		0.093621638	0.480163669
0.00434734	0.30240588		0.000369615	0.109901298
0.00363059	0.32656303		-0.000368612	-0.223769047
0.00346756	0.29308335		-0.000158085	-0.316324557
0.00336738	0.36266725		1.3965E-05	-0.29007492
0.00332279	0.48282802		-9.76371E-05	-0.228276282
0.00331439	0.55294177		-4.31789E-05	-0.177435996
0.00335621	0.52411504		0.000726095	-0.198046436
0.00333126	0.43710213		0.000730225	-0.269110428
0.00325760	0.37464186		0.000713001	-0.3364754
0.00312386	0.37620378		0.000652033	-0.37257815
0.00293454	0.42254812		0.000532456	-0.376890578
0.00270903	0.40541396		0.000355089	-0.379557335
0.04731082	0.27010113		0.045651316	-0.407611096
0.04734705	0.15693326		0.045665606	-0.440922841
0.04718814	0.15755098		0.045451148	-0.435686764
0.04708797	0.24775159		0.045279076	-0.375002659
0.04704338	0.37251403		0.045165605	-0.281637284
0.04703498	0.44503375		0.045109924	-0.188782125
0.04700591	0.42240032		0.044613413	-0.12712663
0.04698058	0.34713809		0.044610667	-0.126582705
0.04690691	0.30563045		0.044593406	-0.17141549
0.04677318	0.34001809		0.044532438	-0.204043402
0.04658386	0.39287873		0.044412861	-0.188322639
0.04635835	0.27627975		0.044235494	-0.094982909
0.13961913	-0.02010724		0.141929597	0.05880082
0.13992120	-0.20749440		0.142228483	0.165572585
0.13976374	-0.19226409		0.14201557	0.193830732
0.13966359	-0.08364061		0.141843507	0.22451191
0.13961900	0.04618068		0.141730036	0.290949482
0.13961060	0.11697603		0.141674355	0.35730196
0.13962893	0.09053879		0.142011672	0.380993439
0.13960385	0.01979654		0.142013456	0.349448585
0.13953019	-0.00636302		0.141996219	0.29144963
0.13939645	0.05292423		0.141935251	0.247961807
0.13920713	0.15955442		0.141815674	0.234010795
0.13898162	0.12217512		0.141638307	0.228565669
-0.03186879	-0.11063783		-0.034721622	0.18622366
-0.03259477	-0.27947619		-0.035447777	0.10590482
-0.03243963	-0.29107840		-0.035237185	0.06765315
-0.03233948	-0.21173523		-0.035065134	0.117025899
-0.03229489	-0.09078333		-0.034951663	0.209868275
-0.03228649	-0.02052604		-0.034895983	0.282105891
-0.03229461	-0.04660666		-0.035062699	0.293420256
-0.03226947	-0.12644618		-0.035063555	0.249112322
-0.03219581	-0.17507059		-0.035046314	0.189878558
-0.03206207	-0.14944096		-0.034985346	0.154790678
-0.03187275	-0.07138749		-0.034865769	0.154009278
-0.03164725	-0.18700651		-0.034688402	0.102579777
0.12157047	-0.47972177		0.120122621	-0.032066435
0.12220011	-0.59000958		0.120731735	-0.107529258
0.12204445	-0.58891359		0.120520507	-0.10705477
0.12194430	-0.55591509		0.120348453	-0.119123425
0.12189971	-0.44639837		0.120234982	-0.118518212
0.12189131	-0.37878169		0.120179301	-0.113868178
0.12187632	-0.40967833		0.119908207	-0.164801708
0.12185106	-0.50411214		0.119906686	-0.253552211
0.12177740	-0.58406082		0.119889431	-0.334748143
0.12164366	-0.60953909		0.119828463	-0.399953366
0.12145434	-0.59832084		0.119708886	-0.458299901
0.12122884	-0.54318703		0.119531519	-0.419904683
0.03924947	-0.53423904		0.036087222	-0.213363323
0.03859413	-0.65715510		0.035402265	-0.035597871
0.03843145	-0.73494397		0.035184009	-0.012882492
0.03833126	-0.66995246		0.035011917	-0.012095454
0.03828667	-0.55596905		0.034898445	0.036175275
0.03827827	-0.48488187		0.034842765	0.100212328
0.03830937	-0.50863710		0.035403904	0.145707611
0.03828436	-0.59399749		0.035406904	0.138158313
0.03821070	-0.66004241		0.035389674	0.086286841
0.03807696	-0.66492417		0.035328706	0.037620267
0.03788764	-0.62050744		0.035209129	0.016610085
0.03766213	-0.33426268		0.035031762	0.045075121
0.11262637	0.07714139		0.107009665	0.137768645
0.11282848	0.14529348		0.107168876	0.219053383
0.11267048	0.06642614		0.106955204	0.217033266
0.11257032	0.13507285		0.106783137	0.18493484
0.11252573	0.25253543		0.106669666	0.190503332
0.11251733	0.32265488		0.106613985	0.194593297
0.11249360	0.29751701		0.106235121	0.130302644
0.11246829	0.21810011		0.106233015	0.027065907
0.11239463	0.16613997		0.106215758	-0.057139368
0.11226089	0.18013540		0.106154789	-0.117727668
0.11207157	0.20687351		0.106035212	-0.174858934
0.11184607	0.18013190		0.105857845	-0.237927079
0.11488702	0.11232698		0.120099583	-0.298110383
0.11469619	0.05113088		0.119945202	-0.369708815
0.11453604	0.04897491		0.119729828	-0.456291292
0.11443587	0.13449495		0.119557751	-0.510929401
0.11439128	0.25799226		0.11944428	-0.510302421
0.11438288	0.32819184		0.119388599	-0.460040132
0.11440571	0.30303445		0.119779174	-0.383115921
0.11438066	0.22890386		0.119781247	-0.352779754
0.11430700	0.19080465		0.119764012	-0.396716888
0.11417326	0.22835263		0.119703043	-0.460862341
0.11398394	0.25477729		0.119583467	-0.520427955
0.11375843	-0.11460545		0.1194061	-0.459345163
0.00839339	-0.70829199		0.011607267	-0.112937844
0.00761028	-0.86111105		0.01079003	0.338227251
0.00744690	-0.75490084		0.010571055	0.61454585
0.00734671	-0.66169198		0.010398959	0.755235589
0.00730212	-0.53089954		0.010285487	0.877140062
0.00729372	-0.45485896		0.010229807	0.993910987
0.00726057	-0.47181548		0.009686615	1.081464109
0.00723521	-0.53702016		0.009683616	1.100302279
0.00716155	-0.55804269		0.009666354	1.06156556
0.00702781	-0.48694323		0.009605385	1.030888546
0.00683849	-0.36650908		0.009485809	1.03810478
0.00661298	-0.30261206		0.009308442	0.862479029
0.10484307	-0.35923027		0.105758792	0.336516304
0.10517229	-0.46034058		0.106050923	-0.146178616
0.10501498	-0.48558361		0.105837974	-0.30406467
0.10491483	-0.40651265		0.10566591	-0.322615574
0.10487024	-0.28520007		0.105552439	-0.311908345
0.10486184	-0.21420151		0.105496758	-0.285755526
0.10486090	-0.23965843		0.105480367	-0.286676715
0.10483572	-0.31916494		0.105480229	-0.328204952
0.10476206	-0.36782028		0.105462982	-0.391738759
0.10462832	-0.34356925		0.105402014	-0.448733695
0.10443900	-0.23772142		0.105282437	-0.500222861
0.10421349	0.04344494		0.10510507	-0.630735148
-0.04022601	0.27512710		-0.040605806	-0.861952732
-0.04080769	0.19332272		-0.041165493	-1.034373937
-0.04065177	0.13201151		-0.040953997	-1.081635845
-0.04055162	0.24770963		-0.040781942	-1.076147043
-0.04050703	0.37768363		-0.040668471	-1.04041479
-0.04049863	0.44979106		-0.04061279	-0.998218183
-0.04049043	0.42584547		-0.040498091	-0.995412899
-0.04046521	0.35327310		-0.04049742	-1.039347278
-0.04039155	0.32076848		-0.04048017	-1.10221602
-0.04025781	0.37109158		-0.040419201	-1.150917754
-0.04006849	0.46313006		-0.040299625	-1.161228235
-0.03984298	0.50995342		-0.040122258	-1.035103551
0.04595505	0.45861673		0.045546409	-0.740703828
0.04621635	0.36566286		0.04577998	-0.500468302
0.04605868	0.34122786		0.045566713	-0.420503142
0.04595852	0.41935513		0.045394647	-0.360945633
0.04591393	0.53978850		0.045281176	-0.266030151
0.04590553	0.61045282		0.045225495	-0.185241359
0.04590379	0.58511212		0.045208963	-0.158676513
0.04587860	0.50536540		0.045208825	-0.190391883
0.04580494	0.45470418		0.045191578	-0.244285723
0.04567120	0.47325408		0.045130609	-0.275073309
0.04548188	0.48971589		0.045011033	-0.261507894
0.04525637	0.31883240		0.044833666	-0.2975012
-0.01746718	0.01961662		-0.016513543	-0.485511263
-0.01760242	-0.13779886		-0.016615013	-0.687379919
-0.01744405	-0.15012309		-0.016401028	-0.747245667
-0.01734389	-0.08496604		-0.016228959	-0.704685256
-0.01729930	0.03169808		-0.016115488	-0.626159253
-0.01729090	0.10108805		-0.016059807	-0.552296467
-0.01728189	0.07321648		-0.015903684	-0.524069533
-0.01725666	-0.01335650		-0.015902788	-0.552340413
-0.01718300	-0.07685660		-0.015885537	-0.606791766
-0.01704926	-0.07617068		-0.015824568	-0.642511223
-0.01685994	-0.04841139		-0.015704992	-0.647813342
-0.01663443	-0.12459724		-0.015527625	-0.440099576
0.10944229	-0.29559192		0.108315075	0.144217434
0.10992365	-0.39630418		0.108755986	0.701060818
0.10976718	-0.41272575		0.108543845	0.872836226
0.10966703	-0.35478198		0.108371786	0.867796468
0.10962244	-0.23943830		0.108258315	0.888079101
0.10961404	-0.17054522		0.108202634	0.899621823
0.10958938	-0.19831704		0.107798291	0.841668876
0.10956407	-0.28304468		0.107796046	0.743287341
0.10949041	-0.34339402		0.107778788	0.65931211
0.10935667	-0.33879956		0.107717819	0.59572939
0.10916735	-0.28759111		0.107598243	0.545031555
0.10894184	-0.16073195		0.107420876	0.378136276
0.06728998	-0.06113510		0.070078951	0.012987885
0.06685496	-0.13887793		0.069644397	-0.272455125
0.06669348	-0.21393043		0.0694275	-0.289391118
0.06659330	-0.14921484		0.069255415	-0.182734261
0.06654871	-0.03436241		0.069141944	-0.06382594
0.06654031	0.03699637		0.069086263	0.002702286
0.06657349	0.01398929		0.069634474	-0.044699706
0.06654850	-0.06887370		0.069637403	-0.149071302
0.06647484	-0.12974261		0.069620173	-0.224581875
0.06634110	-0.12602929		0.069559204	-0.250474949
0.06615178	-0.08642120		0.069439628	-0.241334768
0.06592627	-0.10580329		0.06926226	-0.185269822
-0.00044739	-0.23034011		-0.004865569	-0.064208354
-0.00060256	-0.34326123		-0.005036457	0.038639315
-0.00044430	-0.33878905		-0.004822849	0.069326649
-0.00034415	-0.23685429		-0.004650781	0.098154031
-0.00029956	-0.10769966		-0.00453731	0.163284152
-0.00029115	-0.03676359		-0.00448163	0.231604576
-0.00031362	-0.06270371		-0.004871306	0.260864703
-0.00028857	-0.13254484		-0.004873374	0.23443866
-0.00021491	-0.15738886		-0.00485614	0.179052324
-0.00008117	-0.09549831		-0.004795171	0.137780596
0.00010815	-0.04273283		-0.004675594	0.133402882
-0.00011529	-0.07491865		-0.004498227	0.237094791
0.05761475	-0.12769484		0.054296155	0.476169136
0.05772270	-0.19551083		0.05438376	0.670560877
0.05756418	-0.25154633		0.0541697	0.722189817
0.05746402	-0.20831555		0.053997631	0.747508714
0.05741943	-0.09979704		0.053884159	0.810140423
0.05741103	-0.03056896		0.053828479	0.875777316
0.05742016	-0.05553034		0.053984532	0.901185119
0.05739503	-0.14424057		0.053985331	0.870693945
0.05732137	-0.21972554		0.053968089	0.811746303
0.05718763	-0.24310271		0.053907121	0.764809829
0.05699832	-0.25081736		0.053787544	0.740431394
0.05677281	-0.11086692		0.053610177	0.388916087
-0.06490101	0.13409367		-0.069415697	-0.585393436
-0.06535832	0.15433428		-0.069852171	-1.52035996
-0.06520171	0.08922011		-0.069640006	-1.809040064
-0.06510156	0.15973805		-0.069467947	-1.732067452
-0.06505697	0.27850153		-0.069354476	-1.608128076
-0.06504857	0.34927531		-0.069298795	-1.52045477
-0.06505920	0.32279021		-0.069475844	-1.516789131
-0.06503408	0.23838152		-0.069476757	-1.574580472
-0.06496041	0.17853185		-0.069459516	-1.634515263
-0.06482668	0.18909819		-0.069398548	-1.656628008
-0.06463736	0.22909255		-0.069278971	-1.632766954
-0.06441185	0.12640875		-0.069101604	-1.347266992
0.11010443	-0.08120210		0.112767056	-0.707583777
0.11085044	-0.16658626		0.113523132	-0.23994601
0.11069541	-0.16487376		0.113312703	-0.147486341
0.11059527	-0.10996028		0.113140653	-0.069960821
0.11055068	0.00476912		0.113027182	0.077941604
0.11054228	0.07399518		0.112971501	0.20536216
0.11052972	0.04855933		0.112767215	0.287602172
0.11050448	-0.03234957		0.112766057	0.299070864
0.11043082	-0.08782650		0.112748805	0.262320648
0.11029708	-0.07809008		0.112687836	0.246722546
0.11010776	-0.07380247		0.11256826	0.308728045
0.10988225	-0.01296998		0.112390893	0.429960975
0.01336153	0.04040179		0.011248299	0.553072982
0.01262675	-0.12954627		0.010467215	0.687644651
0.01246363	-0.27146867		0.010248437	0.828638239
0.01236344	-0.21746756		0.010076341	0.945115979
0.01231885	-0.11082821		0.00996287	1.052507864
0.01231045	-0.03798647		0.009907189	1.109740153
0.01234976	-0.05717549		0.010599288	1.053748056
0.01232479	-0.14709584		0.010602998	0.942855036
0.01225113	-0.22968059		0.010585773	0.864884908
0.01211740	-0.26112958		0.010524804	0.837804403
0.01192808	-0.26507084		0.010405227	0.841605503
0.01170257	-0.36644598		0.01022786	0.759094589
0.02343701	-0.59222538		0.025365119	0.523083955
0.02329367	-0.76562379		0.025215603	0.329538657
0.02313378	-0.81779623		0.025000255	0.328345628
0.02303361	-0.76897518		0.024828178	0.436592459
0.02298902	-0.65899783		0.024714707	0.562491037
0.02298062	-0.59285817		0.024659026	0.691352123
0.02294518	-0.62446191		0.024051986	0.812430477
0.02291980	-0.71385213		0.02404864	0.863885964
0.02284614	-0.78315832		0.024031376	0.835164989
0.02271240	-0.79409686		0.023970407	0.80557399
0.02252308	-0.80186989		0.023850831	0.820450918
0.02229758	-0.82080058		0.023673464	0.697551037
0.08803425	-0.84259589		0.08892905	0.273127085
0.08818595	-0.90311254		0.089051749	-0.147874329
0.08802767	-0.90990812		0.088837879	-0.30001373
0.08792751	-0.80798243		0.08866581	-0.307681281
0.08788292	-0.67933432		0.088552339	-0.274209912
0.08787452	-0.60953365		0.088496659	-0.212234196
0.08789623	-0.63439865		0.088866866	-0.15888504
0.08787117	-0.70032723		0.088868829	-0.159637738
0.08779750	-0.71816150		0.088851593	-0.211989116
0.08766377	-0.64442850		0.088790625	-0.267857961
0.08747445	-0.51150047		0.088671048	-0.301036727
0.08724894	-0.21480741		0.088493681	-0.283363377
-0.07062776	0.13889095		-0.077422891	-0.180320619
-0.07128286	0.19558659		-0.078092324	-0.053679112
-0.07112733	0.13047845		-0.077881424	0.001742148
-0.07102719	0.19780335		-0.077709371	0.011002175
-0.07098260	0.31614380		-0.0775959	0.037635107
-0.07097419	0.38784894		-0.077540219	0.081477837
-0.07098732	0.36460489		-0.077776465	0.11269794
-0.07096222	0.28633195		-0.0777777	0.099028189
-0.07088856	0.23608553		-0.077760461	0.043562212
-0.07075482	0.25427769		-0.077699492	-0.013474115
-0.07056550	0.29448860		-0.077579916	-0.046090399
-0.07033999	0.34086644		-0.077402549	-0.013388576
0.13905503	0.28774138		0.134538266	0.097504816
0.13999160	0.10170986		0.135457677	0.191090771
0.13983761	0.05051441		0.135248135	0.222297312
0.13973747	0.16880764		0.13507609	0.25926784
0.13969288	0.29903255		0.134962619	0.328810675
0.13968448	0.37194402		0.134906938	0.391480283
0.13968274	0.34762937		0.134862367	0.408194176
0.13965755	0.27467204		0.134862076	0.372772052
0.13958389	0.24198400		0.134844829	0.315145906
0.13945015	0.29152288		0.13478386	0.274290436
0.13926083	0.34990999		0.134664284	0.260988036
0.13903532	0.17608839		0.134486917	0.156045864
0.01831753	-0.07701943		0.018628379	-0.200004968
0.01745054	-0.04967430		0.017767366	-0.669607633
0.01728670	0.06123242		0.017548154	-0.967155949
0.01718651	0.14893721		0.017376056	-1.053154672
0.01714192	0.28040532		0.017262585	-1.041262433
0.01713351	0.35014524		0.017206904	-0.977152687
0.01716332	0.32203533		0.017754445	-0.880580061
0.01713830	0.25330497		0.01775737	-0.834372389
0.01706464	0.23266370		0.01774014	-0.872637194
0.01693090	0.29875052		0.017679171	-0.933899138
0.01674158	0.39735197		0.017559595	-0.988055289
0.01651608	0.09637693		0.017382228	-0.935132829
0.11851194	-0.58162048		0.113696312	-0.703754179
0.11886174	-0.89379338		0.113987703	-0.503886713
0.11870455	-0.84895599		0.11377475	-0.425272201
0.11860439	-0.76030611		0.113602686	-0.319223158
0.11855980	-0.63557004		0.113489215	-0.1712827
0.11855140	-0.56275912		0.113433534	-0.017338731
0.11851994	-0.58591948		0.11291373	0.13750544
0.11849459	-0.66282093		0.112910858	0.215840583
0.11842093	-0.70539324		0.112893597	0.199764956
0.11828719	-0.66746846		0.112832628	0.184549371
0.11809787	-0.56129904		0.112713051	0.232502447
0.11787237	-0.63436916		0.112535684	0.370387378
0.07417160	-0.91250356		0.077872457	0.563355201
0.07372539	-1.01083483		0.077452452	0.676753021
0.07356385	-0.94272663		0.077235635	0.682124504
0.07346367	-0.84397578		0.07706355	0.68547556
0.07341908	-0.71116283		0.076950079	0.727293096
0.07341068	-0.63991133		0.076894398	0.780034727
0.07343176	-0.66845977		0.077250741	0.815350453
0.07340670	-0.74071120		0.077252628	0.803995603
0.07333304	-0.76554935		0.077235392	0.752663141
0.07319930	-0.69995663		0.077174423	0.705085754
0.07300998	-0.52809587		0.077054847	0.671440955
0.07278447	-0.22944173		0.07687748	0.588450978
-0.01255341	-0.01150524		-0.010666343	0.421520801
-0.01281220	-0.04664812		-0.010910098	0.269240986
-0.01265450	-0.09592821		-0.010696886	0.223733736
-0.01255435	-0.01112363		-0.010524821	0.264987565
-0.01250976	0.11208431		-0.01041135	0.341047824
-0.01250136	0.18198209		-0.010355669	0.397367172
-0.01253221	0.15478693		-0.010875765	0.392554204
-0.01250720	0.07628285		-0.010878542	0.337861936
-0.01243354	0.03173104		-0.010861311	0.274248988
-0.01229980	0.06300484		-0.010800342	0.23445669
-0.01211048	0.15441943		-0.010680766	0.226204352
-0.01188497	0.40595109		-0.010503398	0.287881358
0.08068440	0.72623194		0.078746641	0.438153986
0.08098269	0.77997048		0.078999665	0.56033904
0.08082522	0.68708052		0.078786503	0.602139611
0.08072506	0.71479740		0.078614438	0.650961402
0.08068047	0.82027208		0.078500967	0.732849673
0.08067207	0.88997952		0.078445286	0.800596111
0.08068270	0.86281209		0.078630774	0.815454548
0.08065758	0.76408783		0.078631733	0.776506088
0.08058391	0.66855845		0.078614492	0.718801907
0.08045017	0.61422088		0.078553523	0.681700944
0.08026086	0.54555526		0.078433947	0.680424756
0.08003535	0.35484779		0.07825658	0.500711024
-0.01726932	0.11504566		-0.018500467	-0.036463794
-0.01759349	-0.00560707		-0.018794264	-0.544824965
-0.01743615	-0.01870609		-0.018581324	-0.70760949
-0.01733600	0.04681809		-0.018409261	-0.695827632
-0.01729141	0.16406769		-0.018295789	-0.648248668
-0.01728301	0.23431382		-0.018240109	-0.596306028
-0.01727534	0.20790331		-0.018133214	-0.586250242
-0.01725012	0.12392237		-0.018132585	-0.627084335
-0.01717646	0.06423371		-0.018115336	-0.68905392
-0.01704272	0.06909282		-0.018054367	-0.737099944
-0.01685340	0.07007791		-0.017934791	-0.763771249
-0.01662790	-0.07381752		-0.017757423	-0.771175444
0.07199875	-0.33609916		0.073256972	-0.747888029
0.07227550	-0.49676696		0.073519578	-0.718851198
0.07211791	-0.47458471		0.073306468	-0.719449205
0.07201775	-0.35646522		0.073134404	-0.7189308
0.07197316	-0.22395691		0.073020932	-0.681768049
0.07196476	-0.15078008		0.072965252	-0.634285806
0.07196316	-0.17110277		0.072949671	-0.622450691
0.07193798	-0.23234130		0.072949538	-0.659818714
0.07186431	-0.24334871		0.072932291	-0.721211281
0.07173057	-0.16149110		0.072871322	-0.77130298
0.07154126	-0.02500367		0.072751746	-0.785484789
0.07131575	-0.02620381		0.072574379	-0.660205283
-0.00448821	-0.20688060		-0.00264657	-0.348961646
-0.00469491	-0.33519928		-0.002823395	-0.085161629
-0.00453694	-0.35973862		-0.00260982	-0.012448232
-0.00443678	-0.30747841		-0.002437753	0.007781063
-0.00439219	-0.19447302		-0.002324281	0.063317503
-0.00438379	-0.12501656		-0.002268601	0.119149363
-0.00438038	-0.15126098		-0.002200367	0.132305717
-0.00435519	-0.23686953		-0.002199948	0.094157227
-0.00428152	-0.30161649		-0.002182699	0.033871542
-0.00414778	-0.30461564		-0.002121731	-0.012396112
-0.00395847	-0.27185003		-0.002002154	-0.034685295
-0.00373296	-0.27684058		-0.001824787	0.05286069
0.07852013	-0.32341016		0.077204263	0.320892345
0.07876207	-0.38184635		0.077401771	0.567178206
0.07860428	-0.44867466		0.077188308	0.634532273
0.07850413	-0.43378845		0.077016241	0.643333375
0.07845953	-0.33202614		0.07690277	0.685305019
0.07845113	-0.26836726		0.07684709	0.717751312
0.07842812	-0.30498159		0.07645005	0.687875028
0.07840282	-0.40909317		0.076447845	0.61250687
0.07832916	-0.50829923		0.076430587	0.538404246
0.07819542	-0.56595286		0.076369619	0.483461016
0.07800610	-0.59816969		0.076250042	0.436873201
0.07778059	-0.41732807		0.076072675	0.25707698
0.04896984	-0.05657835		0.04860539	-0.148786435
0.04860499	0.07041550		0.048224469	-0.521283118
0.04844389	0.06004038		0.048007864	-0.647946771
0.04834371	0.15719302		0.047835781	-0.627167705
0.04829912	0.28728391		0.04772231	-0.563309412
0.04829072	0.35790068		0.047666629	-0.497813803
0.04831597	0.33184039		0.048095937	-0.472369081
0.04829093	0.26364082		0.04809822	-0.50101646
0.04821727	0.24158305		0.048080986	-0.557764002
0.04808353	0.30492135		0.048020018	-0.601216107
0.04789422	0.40967749		0.047900441	-0.622170419
0.04766871	0.26228749		0.047723074	-0.6151711
0.00670722	-0.09460530		0.000466502	-0.558655616
0.00627598	-0.19074874		-2.1903E-05	-0.494201556
0.00611452	-0.09801372		0.00018998	-0.463899219
0.00601434	0.00457955		2.02241E-05	-0.421153435
0.00596975	0.13791611		-9.32345E-05	-0.339858535
0.00596135	0.21445065		-3.87864E-05	-0.260712646
0.00594263	0.19840351		-0.000323316	-0.223854346
0.00591735	0.13912701		-0.000324813	-0.243845868
0.00584368	0.12905617		-0.000307575	-0.298612466
0.00570995	0.21216323		-0.000246607	-0.344976397
0.00552063	0.30258035		-0.00012703	-0.359157335
0.00529512	0.22740867		5.03369E-05	-0.301463316
0.05775080	0.02767783		0.05798145	-0.167640734
0.05782994	-0.10739342		0.058064366	-0.060594065
0.05767126	-0.15331968		0.057850281	-0.008400312
0.05757110	-0.11085303		0.057678211	0.066761177
0.05752651	-0.00175529		0.05756474	0.174255394
0.05751811	0.06890220		0.057509059	0.25056179
0.05753415	0.04324879		0.057798535	0.246676597
0.05750906	-0.05033996		0.057800059	0.184647388
0.05743540	-0.13406868		0.057782821	0.121877456
0.05730166	-0.16754185		0.057721853	0.093768473
0.05711234	-0.15683802		0.057602276	0.10856326
0.05688683	0.00981863		0.057424909	0.110930052
-0.06520028	0.23346195		-0.064898585	0.027663626
-0.06565985	0.23038475		-0.065331244	-0.089280164
-0.06550325	0.16827160		-0.065119058	-0.128396475
-0.06540310	0.24157484		-0.064946999	-0.075525637
-0.06535851	0.36073625		-0.064833528	0.016306312
-0.06535011	0.43058805		-0.064777847	0.088943792
-0.06536167	0.40340859		-0.064981194	0.099824715
-0.06533655	0.31905135		-0.06498225	0.054725317
-0.06526289	0.26010676		-0.06496501	-0.003927027
-0.06512915	0.26735036		-0.064904041	-0.037050981
-0.06493983	0.31353828		-0.064784465	-0.035328154
-0.06471432	0.22665261		-0.064607098	0.028241638
0.11601480	-0.07810783		0.121577809	0.201397066
0.11679475	-0.32047943		0.122357328	0.400610619
0.11663990	-0.32563677		0.122147026	0.490523998
0.11653976	-0.21167125		0.121974977	0.50236824
0.11649517	-0.08247734		0.121861506	0.528248053
0.11648677	-0.00870839		0.121805825	0.553138234
0.11646861	-0.02788942		0.121516778	0.521491672
0.11644333	-0.09299835		0.121515159	0.445465473
0.11636967	-0.11424691		0.121497905	0.368619045
0.11623593	-0.04761006		0.121436936	0.306535951
0.11604661	0.03282241		0.121317359	0.256028873
0.11582111	-0.02138408		0.121139992	0.172829272
-0.00464296	-0.15995226		-0.001859391	0.033797306
-0.00509366	-0.23380333		-0.002295722	-0.079466624
-0.00493701	-0.25662904		-0.002083556	-0.113723201
-0.00483686	-0.20994012		-0.001911496	-0.095295782
-0.00479227	-0.09773227		-0.001798025	-0.043545891
-0.00478387	-0.03076357		-0.001742344	7.283E-06
-0.00474706	-0.06158292		-0.001121961	-0.017071434
-0.00472169	-0.15013394		-0.001118543	-0.083272214
-0.00464802	-0.21761720		-0.001101278	-0.153377457
-0.00451428	-0.22555539		-0.001040309	-0.202580247
-0.00432497	-0.19522451		-0.000920733	-0.231622433
-0.00409946	0.10664133		-0.000743366	-0.351517218
0.02749206	0.57005246		0.028222214	-0.641592122
0.02745721	0.64516764		0.028147806	-0.896181058
0.02729791	0.54765368		0.027932866	-0.941358496
0.02719775	0.61355407		0.027760791	-0.860108984
0.02715316	0.72958866		0.02764732	-0.748826656
0.02714476	0.79794704		0.027591639	-0.625124025
0.02710990	0.76864821		0.026996362	-0.50792076
0.02708453	0.68101820		0.02699308	-0.459715391
0.02701086	0.61464107		0.026975816	-0.485948598
0.02687713	0.60697291		0.026914847	-0.505584077
0.02668781	0.62727352		0.026795271	-0.470788741
0.02646230	0.40051600		0.026617904	-0.41721692
0.04945390	-0.04792553		0.049437317	-0.412217111
0.04937206	-0.22754505		0.049329526	-0.459240497
0.04921251	-0.15809893		0.049114405	-0.50235966
0.04911234	-0.05037285		0.048942329	-0.501224185
0.04906775	0.08212558		0.048828858	-0.455314774
0.04905935	0.15247719		0.048773177	-0.386874722
0.04909343	0.12473761		0.049337588	-0.330193822
0.04906844	0.05805382		0.049340605	-0.328030618
0.04899478	0.04197545		0.049323376	-0.377221667
0.04886104	0.11528923		0.049262407	-0.427437904
0.04867172	0.18721015		0.049142831	-0.450214777
0.04844622	-0.12365927		0.048965464	-0.382013145
-0.05712196	-0.75316339		-0.061378531	-0.187666683
-0.05749128	-1.05229200		-0.061746124	-0.01873748
-0.05733419	-1.00406402		-0.061533585	0.028414614
-0.05723403	-0.89214992		-0.061361523	0.051327421
-0.05718944	-0.76024321		-0.061248052	0.10760486
-0.05718104	-0.68920065		-0.061192372	0.164682304
-0.05720508	-0.71567009		-0.061587038	0.186956294
-0.05718003	-0.78290067		-0.061589133	0.159473302
-0.05710637	-0.79935840		-0.061571899	0.102278109
-0.05697263	-0.72052986		-0.06151093	0.05528028
-0.05678331	-0.55423388		-0.061391354	0.035411083
-0.05655781	-0.15507542		-0.061213987	-0.055742674
0.14859796	0.29786936		0.149159248	-0.306079004
0.14951137	0.36462112		0.150070145	-0.550057944
0.14935725	0.28690873		0.149860556	-0.628050698
0.14925712	0.35903778		0.149688511	-0.595186332
0.14921252	0.47901813		0.14957504	-0.525534356
0.14920412	0.55042486		0.149519359	-0.461797368
0.14920781	0.52382115		0.149566162	-0.444507913
0.14918265	0.43923596		0.149566367	-0.479781173
0.14910899	0.37962677		0.149549122	-0.536931072
0.14897525	0.38458896		0.149488154	-0.576093044
0.14878593	0.46002368		0.149368577	-0.587228753
0.14856042	0.56661998		0.14919121	-0.47354648
-0.00809699	0.58452108		-0.00725694	-0.154775386
-0.00874542	0.50577134		-0.007874946	0.137853411
-0.00858986	0.47165935		-0.007663766	0.229892589
-0.00848972	0.54508320		-0.007491712	0.259234163
-0.00844513	0.66499268		-0.007378241	0.321535373
-0.00843673	0.73608890		-0.00732256	0.379251097
-0.00841594	0.70931553		-0.006951844	0.38881924
-0.00839065	0.62465636		-0.006949782	0.346665285
-0.00831699	0.56462644		-0.006932524	0.28591484
-0.00818325	0.56869969		-0.006871556	0.242364823
-0.00799393	0.55857354		-0.006751979	0.232389664
-0.00776843	0.12296445		-0.006574612	0.240427069
0.07776533	-0.57311323		0.075724937	0.243430762
0.07802518	-0.82131306		0.075940209	0.23639872
0.07786750	-0.80477155		0.075726842	0.214946867
0.07776734	-0.77929759		0.075554776	0.197890548
0.07772275	-0.67390038		0.075441305	0.215540261
0.07771435	-0.60909523		0.075385625	0.224374435
0.07768661	-0.64288153		0.07491876	0.160585999
0.07766128	-0.73851902		0.074916176	0.057175171
0.07758761	-0.82065803		0.074898916	-0.027034649
0.07745387	-0.85125764		0.074837947	-0.086874639
0.07726456	-0.86830008		0.074718371	-0.142210558
0.07703905	-0.75086669		0.074541003	-0.18222713
0.02362936	-0.58248561		0.025978254	-0.138144231
0.02313010	-0.67526763		0.025482755	-0.002564453
0.02296827	-0.79946833		0.025265527	0.146064682
0.02286809	-0.74175395		0.025093441	0.281201814
0.02282350	-0.63094893		0.024979969	0.414422399
0.02281510	-0.55998448		0.024924289	0.494284467
0.02283576	-0.58353807		0.025280909	0.464706497
0.02281069	-0.67103021		0.025282797	0.374824894
0.02273703	-0.74226830		0.025265561	0.305843642
0.02260329	-0.75337680		0.025204593	0.286429584
0.02241397	-0.68470013		0.025085016	0.320264762
0.02218846	-0.47900160		0.024907649	0.278438956
-0.00304098	-0.28852980		-0.000718864	0.027544372
-0.00297137	-0.30828983		-0.00062632	-0.247271133
-0.00281188	-0.35814344		-0.000411281	-0.350065214
-0.00271172	-0.28368488		-0.000239206	-0.338634339
-0.00266712	-0.16314763		-0.000125735	-0.286060133
-0.00265872	-0.09079145		-7.00543E-05	-0.219135191
-0.00268235	-0.11305601		-0.000478219	-0.176913336
-0.00265730	-0.18759506		-0.000480388	-0.189633208
-0.00258364	-0.22941496		-0.000463154	-0.242051446
-0.00244990	-0.19628405		-0.000402185	-0.287972115
-0.00226058	-0.15611532		-0.000282609	-0.311335958
-0.00203507	-0.13487900		-0.000105241	-0.400229444
0.10643377	-0.12360391		0.104477483	-0.610374353
0.10681893	-0.17630182		0.104813785	-0.794920443
0.10666193	-0.20685857		0.104601076	-0.860098027
0.10656178	-0.12806408		0.104429013	-0.863275896
0.10651719	-0.00714211		0.104315542	-0.829178904
0.10650879	0.06357679		0.104259861	-0.768688609
0.10652759	0.03984106		0.104589024	-0.72245262
0.10650252	-0.03532400		0.104590763	-0.730077436
0.10642886	-0.07783512		0.104573527	-0.784661292
0.10629512	-0.04670375		0.104512558	-0.840637723
0.10610580	-0.00521041		0.104392982	-0.871352421
0.10588029	-0.01727926		0.104215615	-0.775070432
-0.00072543	-0.09783197		-0.001596443	-0.484260456
-0.00110041	-0.20923489		-0.001939422	-0.219014498
-0.00094335	-0.22674067		-0.001726749	-0.140325193
-0.00084320	-0.12662952		-0.001554687	-0.121677395
-0.00079861	0.00120396		-0.001441216	-0.070549425
-0.00079021	0.07372072		-0.001385535	-0.018195268
-0.00078746	0.05060123		-0.001353407	-0.0062075
-0.00076226	-0.02059942		-0.001353184	-0.043786772
-0.00068860	-0.05121642		-0.001335936	-0.10389779
-0.00055486	0.00258805		-0.001274968	-0.15098165
-0.00036554	0.09414157		-0.001155391	-0.169742614
-0.00014004	0.15704285		-0.000978024	-0.172510771
0.07932402	0.18441183		0.08179419	-0.194530034
0.07955071	0.15072620		0.082012029	-0.236672788
0.07939285	0.07850767		0.081798676	-0.231701332
0.07929269	0.09368749		0.08162661	-0.145056159
0.07924810	0.19485685		0.081513139	-0.023323891
0.07923970	0.26060026		0.081457458	0.080885917
0.07922894	0.22891227		0.081282167	0.137411207
0.07920370	0.12884049		0.081281166	0.130225127
0.07913004	0.03236185		0.081263915	0.086426968
0.07899630	-0.02445787		0.081202946	0.064341293
0.07880698	-0.07759782		0.081083369	0.084785853
0.07858147	0.01309278		0.080906002	-0.009620541
-0.02026124	0.22131349		-0.017876203	-0.346151489
-0.02059380	0.22744480		-0.018180999	-0.672411684
-0.02043652	0.16804610		-0.017968119	-0.775953427
-0.02033636	0.24716796		-0.017796055	-0.756152749
-0.02029177	0.36855166		-0.017682584	-0.701126548
-0.02028337	0.43954664		-0.017626904	-0.644778116
-0.02027720	0.41377008		-0.017517676	-0.631551111
-0.02025199	0.33286751		-0.017517034	-0.669774421
-0.02017833	0.28095469		-0.017499785	-0.729334719
-0.02004459	0.29947527		-0.017438816	-0.773012307
-0.01985527	0.34643095		-0.017319239	-0.788250393
-0.01962977	0.27844688		-0.017141872	-0.624138398
0.05762901	0.10847392		0.056556312	-0.177933651
0.05784366	0.00902503		0.056724867	0.216775387
0.05768572	-0.01668037		0.056511246	0.348642631
0.05758557	0.02803361		0.056339179	0.416009115
0.05754097	0.13801963		0.056225708	0.518144386
0.05753257	0.20592586		0.056170027	0.613181356
0.05751106	0.17847010		0.055794546	0.671900752
0.05748577	0.09369200		0.055792458	0.669080972
0.05741210	0.02850114		0.0557752	0.622552162
0.05727836	0.01826930		0.055714232	0.588087826
0.05708905	-0.00805026		0.055594655	0.600169098
0.05686354	0.13406206		0.055417288	0.544290825
0.04438696	0.44250536		0.043544266	0.29855395
0.04411135	0.47342240		0.043248045	0.054803514
0.04395073	0.37939033		0.0430319	0.002804185
0.04385056	0.44309353		0.042859819	0.064847684
0.04380597	0.55829917		0.042746348	0.15324873
0.04379757	0.62950024		0.042690667	0.219612765
0.04382664	0.60567151		0.043200715	0.215980036
0.04380162	0.52150887		0.043203437	0.15728612
0.04372796	0.45822762		0.043186205	0.093987596
0.04359422	0.45712124		0.043125237	0.059755595
0.04340490	0.48878782		0.04300566	0.052449996
0.04317940	0.52125646		0.042828293	-0.010751746
0.02933860	0.53362333		0.026550313	-0.16328022
0.02905553	0.51441193		0.026230166	-0.256694659
0.02889487	0.52341117		0.026013891	-0.204797419
0.02879470	0.61449115		0.02584181	-0.081456048
0.02875011	0.74131220		0.025728338	0.051263796
0.02874171	0.81537723		0.025672658	0.178192048
0.02871887	0.79563527		0.025293107	0.281915235
0.02869357	0.72703246		0.025290997	0.316213903
0.02861991	0.69716779		0.025273739	0.285148922
0.02848617	0.74719774		0.02521277	0.264569634
0.02829685	0.79159260		0.025093194	0.302837661
0.02807134	0.33836318		0.024915827	0.290482883
0.07340406	-0.48886890		0.074752661	0.095745786
0.07344428	-0.80165381		0.074791614	-0.138843974
0.07328539	-0.69924213		0.074577289	-0.250992815
0.07318523	-0.58644382		0.074405218	-0.277765266
0.07314064	-0.45310582		0.074291747	-0.259894392
0.07313224	-0.38215363		0.074236066	-0.205684369
0.07315133	-0.40792563		0.07457246	-0.148011367
0.07312626	-0.47309545		0.074574239	-0.140417273
0.07305259	-0.48675648		0.074557002	-0.190632123
0.07291886	-0.40687771		0.074496034	-0.250296844
0.07272954	-0.28362542		0.074376457	-0.293920257
0.07250403	-0.33894456		0.07419909	-0.394359518
-0.07870463	-0.62271251		-0.075784789	-0.569356178
-0.07932330	-0.82403425		-0.076367685	-0.667533639
-0.07916757	-0.83073836		-0.076156315	-0.677609726
-0.07906743	-0.74037743		-0.07598426	-0.698474998
-0.07902284	-0.61604081		-0.075870789	-0.706944828
-0.07901444	-0.54533918		-0.075815108	-0.671250951
-0.07903009	-0.57151705		-0.076080995	-0.617662019
-0.07900499	-0.64848630		-0.07608239	-0.606419058
-0.07893133	-0.68945753		-0.076065152	-0.657777578
-0.07879759	-0.65064785		-0.076004183	-0.727027563
-0.07860828	-0.50548794		-0.075884607	-0.78751064
-0.07838277	-0.12142916		-0.07570724	-0.746631026
0.09422947	0.30313487		0.099660759	-0.563089459
0.09496507	0.37502423		0.100381527	-0.435349331
0.09480998	0.30090973		0.100170905	-0.416902536
0.09470984	0.35817598		0.099998855	-0.355333138
0.09466525	0.47422049		0.099885383	-0.242010513
0.09465685	0.54420046		0.099829703	-0.143958621
0.09464414	0.51582656		0.099618969	-0.090740544
0.09461889	0.42669445		0.099617776	-0.098882604
0.09454523	0.35726922		0.099600523	-0.143389693
0.09441149	0.34661864		0.099539554	-0.167854223
0.09422217	0.37605163		0.099419978	-0.141956852
0.09399667	0.45434486		0.099242611	-0.090770449
-0.00680963	0.53034611		-0.001965885	-0.062267406
-0.00715292	0.49998971		-0.002283859	-0.063493467
-0.00699569	0.45146882		-0.00207105	-0.066233419
-0.00689554	0.50736040		-0.001898988	-0.043185404
-0.00685095	0.62164619		-0.001785516	0.010703055
-0.00684255	0.69001339		-0.001729836	0.053644423
-0.00681199	0.66054973		-0.001221948	0.039188587
-0.00678664	0.57224185		-0.001219141	-0.021731827
-0.00671298	0.50403867		-0.00120188	-0.087840922
-0.00657924	0.49337138		-0.001140911	-0.132618039
-0.00638992	0.46623752		-0.001021335	-0.15865517
-0.00616441	0.30306097		-0.000843968	-0.13497128
0.07915308	0.12131064		0.075500227	-0.015409369
0.07941176	0.05166780		0.075683153	0.102531845
0.07925406	0.00543037		0.07546961	0.116354201
0.07915391	0.02016221		0.075297544	0.093532697
0.07910932	0.12159472		0.075184072	0.107588794
0.07910092	0.18515619		0.075128392	0.115499776
0.07907498	0.14991245		0.074697117	0.055328036
0.07904966	0.05054142		0.074694726	-0.043718689
0.07897600	-0.04135575		0.074677467	-0.127032622
0.07884226	-0.09175269		0.074616498	-0.188135535
0.07865294	-0.14677666		0.074496922	-0.237120547
0.07842743	-0.43124972		0.074319555	-0.134696712
0.05256713	-0.85653510		0.054034544	0.231138906
0.05221839	-1.01327551		0.053692633	0.565349953
0.05205738	-0.96381204		0.05347624	0.651070135
0.05195720	-0.87185304		0.053304158	0.661315585
0.05191261	-0.74376315		0.053190687	0.711388614
0.05190421	-0.67297891		0.053135006	0.776557904
0.05193845	-0.69937737		0.053713872	0.823437963
0.05191346	-0.76993334		0.053716968	0.817238094
0.05183980	-0.79594609		0.053699738	0.767185001
0.05170606	-0.73496142		0.05363877	0.72172734
0.05151674	-0.61811489		0.053519193	0.697632437
0.05129123	-0.30901056		0.053341826	0.747142833
-0.04780691	0.13293602		-0.04658202	0.919675068
-0.04814087	0.26588099		-0.046893017	1.082177027
-0.04798359	0.16698678		-0.04668017	1.133929803
-0.04788343	0.17799134		-0.046508107	1.16142178
-0.04783884	0.27961255		-0.046394636	1.221536088
-0.04783044	0.35442388		-0.046338955	1.288685886
-0.04786316	0.33948063		-0.046892652	1.325494378
-0.04783816	0.25053839		-0.04689561	1.307772748
-0.04776450	0.16369324		-0.04687838	1.255556242
-0.04763076	0.12230346		-0.046817412	1.214767758
-0.04744144	0.11472071		-0.046697835	1.192474386
-0.04721593	0.19409624		-0.046520468	0.895203049
0.11055106	0.32402289		0.114499139	0.071189794
0.11120556	0.33337663		0.115141974	-0.748267241
0.11105003	0.28695096		0.11493093	-1.025071097
0.11094989	0.34019904		0.114758876	-0.952426949
0.11090530	0.45519213		0.114645405	-0.81982505
0.11089689	0.52555848		0.114589725	-0.714852195
0.11089486	0.49858226		0.114555809	-0.674570369
0.11086967	0.41074168		0.114555576	-0.699086711
0.11079601	0.34251097		0.114538329	-0.746966265
0.11066227	0.33399263		0.11447736	-0.763640711
0.11047295	0.31170515		0.114357784	-0.7281924
0.11024745	0.36958573		0.114180417	-0.669450113
-0.03633116	0.57046842		-0.037052161	-0.662469076
-0.03692453	0.63564561		-0.037641839	-0.733665779
-0.03676866	0.58918663		-0.037430506	-0.774397202
-0.03666852	0.64417585		-0.037258451	-0.707405087
-0.03662393	0.75778327		-0.03714498	-0.589414547
-0.03661552	0.82567162		-0.037089299	-0.480685968
-0.03659782	0.80056125		-0.03678777	-0.408055197
-0.03657255	0.72185761		-0.036786084	-0.400441721
-0.03649888	0.66860800		-0.036768829	-0.440581641
-0.03636514	0.67869322		-0.03670786	-0.464925433
-0.03617583	0.69098246		-0.036588284	-0.424582785
-0.03595032	0.61142223		-0.036410917	-0.338547802
0.04304399	0.48081336		0.045149402	-0.298126267
0.04326812	0.39207061		0.045360659	-0.325870827
0.04311023	0.36417742		0.04514727	-0.336641965
0.04301008	0.42221887		0.044975204	-0.282307049
0.04296549	0.53685843		0.044861733	-0.190348793
0.04295709	0.60611446		0.044806052	-0.103334176
0.04293901	0.57947417		0.044503808	-0.056063716
0.04291373	0.49580637		0.044502118	-0.068839295
0.04284007	0.43526878		0.044484863	-0.118925237
0.04270633	0.43679041		0.044423894	-0.154600934
0.04251701	0.43557153		0.044304318	-0.151854315
0.04229150	0.30552604		0.044126951	-0.166940089
-0.00003157	0.09383335		0.00049198	-0.254866556
-0.00005535	-0.01634743		2.32454E-05	-0.339016958
0.00010362	-0.00995917		-0.000193836	-0.347624368
0.00000520	0.05574090		-2.41086E-05	-0.311259927
-0.00003938	0.16273402		8.93499E-05	-0.255401521
-0.00003147	0.23722736		3.49018E-05	-0.207101094
-0.00000332	0.22093551		0.000471296	-0.211804992
0.00002201	0.14300451		0.000473618	-0.267060554
-0.00005138	0.09811073		0.000456385	-0.330460273
0.00008156	0.12484093		0.000395416	-0.368014565
-0.00010630	0.18368078		0.000275839	-0.368445735
0.00011714	0.40124373		9.84724E-05	-0.367526316
0.02694966	0.67194986		0.026930807	-0.407341447
0.02688881	0.67425613		0.026844812	-0.443411248
0.02672937	0.59380920		0.026629808	-0.406679916
0.02662920	0.65302809		0.026457734	-0.300709574
0.02658461	0.76661993		0.026344263	-0.171491929
0.02657621	0.83483557		0.026288582	-0.036282553
0.02654510	0.80624630		0.025766394	0.093543864
0.02651975	0.72047049		0.025763509	0.152148541
0.02644608	0.65569962		0.025746248	0.128811753
0.02631235	0.64754013		0.025685279	0.108962712
0.02612303	0.66275180		0.025565702	0.144960472
0.02589752	0.45504106		0.025388335	0.036389915
0.11679419	0.01606603		0.11507033	-0.427161764
0.11708334	-0.21522755		0.115325699	-0.911236926
0.11692582	-0.18223223		0.11511255	-1.048558279
0.11682566	-0.07538408		0.114940485	-0.95994368
0.11678107	0.05349507		0.114827014	-0.830754178
0.11677267	0.12314848		0.114771333	-0.752351549
0.11679630	0.09680012		0.115178232	-0.785874324
0.11677125	0.02557225		0.115180394	-0.880318317
0.11669759	-0.00173040		0.115163159	-0.952117249
0.11656385	0.05630638		0.115102191	-0.975028551
0.11637453	0.12524276		0.114982614	-0.944929196
0.11614902	0.24373697		0.114805247	-0.858301641
-0.02860623	0.38942365		-0.030627877	-0.720775153
-0.02918964	0.36961063		-0.031186055	-0.593639876
-0.02903372	0.32298251		-0.030974551	-0.549958408
-0.02893358	0.40506731		-0.030802495	-0.554873751
-0.02888899	0.52721433		-0.030689024	-0.538040814
-0.02888058	0.59915225		-0.030633343	-0.502474259
-0.02888767	0.57580533		-0.030749099	-0.484485184
-0.02886253	0.50074693		-0.030749679	-0.509635172
-0.02878887	0.45909350		-0.030732436	-0.569678751
-0.02865513	0.49173892		-0.030671468	-0.629882752
-0.02846581	0.58329972		-0.030551891	-0.665538404
-0.02824031	0.52447766		-0.030374524	-0.501133075
0.06381323	0.24528257		0.064203008	-0.016475595
0.06410870	0.06308450		0.064484967	0.424830055
0.06395121	0.06446923		0.064271963	0.547907579
0.06385106	0.14785999		0.064099899	0.549233638
0.06380646	0.27150505		0.063986428	0.586335244
0.06379806	0.34365893		0.063930747	0.63156543
0.06379186	0.31856647		0.063816376	0.635700462
0.06376665	0.23951023		0.063815707	0.589552843
0.06369298	0.19291924		0.063798457	0.523339004
0.06355925	0.22252074		0.063737488	0.467171098
0.06336993	0.27276189		0.063617912	0.425822756
0.06314442	-0.00770224		0.063440545	0.384361426
-0.04422169	-0.58039364		-0.043916019	0.362928925
-0.04460082	-0.84589711		-0.044267387	0.380073318
-0.04444379	-0.81259387		-0.044054759	0.382475766
-0.04434364	-0.72538658		-0.043882697	0.358123577
-0.04429905	-0.60063849		-0.043769226	0.359017812
-0.04429065	-0.52842616		-0.043713546	0.373959029
-0.04428435	-0.55206815		-0.043601171	0.353131622
-0.04425913	-0.62655717		-0.043600512	0.293181615
-0.04418547	-0.66384922		-0.043583263	0.221880429
-0.04405173	-0.61817757		-0.043522294	0.15813485
-0.04386241	-0.50700745		-0.043402718	0.089077373
-0.04363691	-0.54108565		-0.043225351	0.008766341
0.07651728	-0.75734534		0.075149091	-0.021534628
0.07696628	-0.87681773		0.075560302	0.012110039
0.07680962	-0.89112493		0.075348	0.029249167
0.07670947	-0.84623560		0.075175939	0.020574383
0.07666488	-0.73363157		0.075062468	0.038085217
0.07665648	-0.66508421		0.075006788	0.056483538
0.07663901	-0.69372996		0.074704122	0.018420766
0.07661374	-0.78211130		0.07470243	-0.061205449
0.07654008	-0.85003487		0.074685175	-0.137134718
0.07640634	-0.85543619		0.074624206	-0.194639904
0.07621702	-0.78755336		0.07450463	-0.23896236
0.07599151	-0.56654200		0.074327262	-0.314204454
0.03317143	-0.30834867		0.032585382	-0.462785462
0.03273004	-0.25262673		0.03212693	-0.62828798
0.03256852	-0.26337065		0.031909904	-0.723982686
0.03246834	-0.17006781		0.031737818	-0.736040839
0.03242375	-0.04067439		0.031624347	-0.695338723
0.03241535	0.02949864		0.031568667	-0.628882115
0.03244512	0.00126483		0.032096069	-0.567403548
0.03242011	-0.07185455		0.032098885	-0.558777598
0.03234645	-0.10166968		0.032081654	-0.605024801
0.03221271	-0.04657072		0.032020686	-0.654122207
0.03202339	0.07394130		0.031901109	-0.683738608
0.03179788	0.31985253		0.031723742	-0.466645544
0.02539100	0.54085279		0.023343061	0.185481728
0.02514855	0.47815080		0.023065808	0.803417382
0.02498812	0.36313889		0.022849766	1.016602189
0.02488795	0.40787636		0.022677686	1.071789567
0.02484336	0.51502321		0.022564214	1.151929146
0.02483496	0.58039992		0.022508534	1.218474602
0.02480305	0.54759535		0.021975777	1.227558661
0.02477770	0.45466101		0.021972835	1.181179199
0.02470403	0.37565029		0.021955573	1.118333775
0.02457029	0.34424937		0.021894605	1.072127065
0.02438098	0.29929446		0.021775028	1.049943673
0.02415547	0.40527623		0.021597661	0.828750038
0.04743880	0.67332680		0.04876642	0.228127149
0.04735856	0.72400825		0.048682252	-0.338669004
0.04719901	0.67744000		0.048467259	-0.525115693
0.04709885	0.76602228		0.048295184	-0.509058108
0.04705426	0.89163260		0.048181713	-0.453371107
0.04704586	0.96322984		0.048126032	-0.393724053
0.04706345	0.93670088		0.048435569	-0.368526256
0.04703836	0.85846515		0.048437202	-0.394223692
0.04696470	0.81426428		0.048419965	-0.449782628
0.04683096	0.84404119		0.048358996	-0.494240656
0.04664165	0.88247963		0.048239419	-0.527035764
0.04641614	0.68490285		0.048062052	-0.4617181
-0.09212142	0.30414185		-0.089686315	-0.173136687
-0.09267086	0.12695190		-0.090202754	0.143158533
-0.09251475	0.14367511		-0.089991023	0.252414899
-0.09241461	0.22102208		-0.089818966	0.251771123
-0.09237002	0.34214669		-0.089705495	0.273832003
-0.09236161	0.41465777		-0.089649814	0.318435871
-0.09237054	0.39242105		-0.08980083	0.348509455
-0.09234541	0.31813698		-0.089801602	0.331409166
-0.09227175	0.27633113		-0.08978436	0.274802619
-0.09213801	0.30722767		-0.089723392	0.217546526
-0.09194869	0.33273618		-0.089603815	0.185872323
-0.09172318	0.29330445		-0.089426448	0.185493405
0.07927881	0.34269212		0.080825119	0.158204582
0.08000562	0.44885623		0.081518097	0.061625702
0.07985048	0.42875125		0.081307325	0.004927628
0.07975034	0.42954750		0.081135273	0.070974043
0.07970575	0.53136307		0.081021802	0.192603806
0.07969735	0.59882775		0.080966122	0.291481944
0.07969498	0.56931229		0.080904213	0.33182005
0.07966979	0.46921146		0.080903828	0.308981084
0.07959613	0.37131151		0.08088658	0.259806124
0.07946239	0.31292466		0.080825611	0.236373476
0.07927307	0.28647492		0.080706035	0.253855894
0.07904757	0.31135610		0.080528668	0.131920511
0.02497291	0.27497353		0.027713411	-0.252383067
0.02447003	0.09073692		0.027194815	-0.567253721
0.02430817	-0.02609894		0.026977462	-0.579849077
0.02420799	0.02309298		0.026805374	-0.458705364
0.02416340	0.12983582		0.026691903	-0.330793128
0.02415500	0.20134298		0.026636222	-0.25612295
0.02417897	0.17927210		0.027059704	-0.292690562
0.02415392	0.08803504		0.027061955	-0.387501277
0.02408026	0.00488306		0.027044722	-0.457835923
0.02394652	-0.02789552		0.026983753	-0.478031469
0.02375721	-0.04883162		0.026864177	-0.446755348
0.02353170	0.01821459		0.02668681	-0.315557087
0.11598901	0.13201474		0.112900043	-0.094563357
0.11628670	0.09826330		0.113136572	0.054205749
0.11612922	0.07299871		0.112923321	0.11613635
0.11602906	0.17951910		0.112751255	0.22118244
0.11598447	0.30889825		0.112637784	0.364445681
0.11597607	0.38429792		0.112582103	0.505696787
0.11594703	0.36791810		0.112120625	0.633616257
0.11592169	0.30558701		0.11211807	0.687880278
0.11584803	0.28727815		0.11210081	0.662389019
0.11571429	0.35671534		0.112039842	0.640727483
0.11552497	0.45459315		0.111920265	0.679524065
0.11529947	0.14140918		0.111742898	0.74007289
0.05422373	-0.55085051		0.055534293	0.747586743
0.05368260	-0.87080881		0.054997266	0.724672896
0.05352053	-0.83698856		0.054779813	0.7342123
0.05342035	-0.75974213		0.054607725	0.783073237
0.05337576	-0.64013417		0.054494253	0.858783485
0.05336736	-0.56929266		0.054438573	0.926804851
0.05339585	-0.59192467		0.054924255	0.940872889
0.05337082	-0.66626954		0.054926844	0.898271985
0.05329716	-0.70794624		0.054909612	0.837733851
0.05316342	-0.67361860		0.054848644	0.797733494
0.05297411	-0.62626736		0.054729067	0.785679943
0.05274860	-0.36870050		0.0545517	0.651280538
-0.08569886	0.06050504		-0.080858447	0.247617705
-0.08624781	0.15072707		-0.081362186	-0.175445891
-0.08609170	0.06496769		-0.081150386	-0.317928567
-0.08599156	0.13043892		-0.080978329	-0.24789021
-0.08594697	0.24779415		-0.080864858	-0.130239172
-0.08593857	0.31831481		-0.080809177	-0.072830412
-0.08597140	0.29286127		-0.08138572	-0.135508979
-0.08594640	0.20857458		-0.081388803	-0.250871545
-0.08587274	0.14739269		-0.081371574	-0.329028172
-0.08573900	0.15078329		-0.081310605	-0.353836744
-0.08554969	0.23564770		-0.081191029	-0.327947877
-0.08532418	0.49450394		-0.081013661	-0.27664026
0.06981290	0.73694767		0.07456382	-0.218392191
0.07045303	0.70352626		0.075177097	-0.149842649
0.07029742	0.64849238		0.074965892	-0.114110295
0.07019728	0.74210692		0.074793837	-0.116919106
0.07015269	0.86673222		0.074680366	-0.100692377
0.07014429	0.93862301		0.074624686	-0.06641328
0.07014246	0.91485653		0.074618551	-0.059535502
0.07011727	0.83987582		0.074618469	-0.097832461
0.07004361	0.79864532		0.074601223	-0.161815183
0.06990987	0.83070820		0.074540254	-0.221027346
0.06972055	0.85013765		0.074420678	-0.259265525
0.06949504	0.40474061		0.074243311	-0.189939327
-0.04439514	-0.37930223		-0.043893362	0.067203939
-0.04480992	-0.69668899		-0.044303282	0.333470961
-0.04465308	-0.64184767		-0.044090972	0.411386106
-0.04455292	-0.55937244		-0.043918912	0.384345736
-0.04450833	-0.43615864		-0.043805441	0.384277087
-0.04449993	-0.36406725		-0.04374976	0.393709391
-0.04448347	-0.38703819		-0.043488625	0.348391251
-0.04445820	-0.46141732		-0.043487158	0.261568185
-0.04438454	-0.49992771		-0.043469904	0.179409552
-0.04425080	-0.45687501		-0.043408936	0.111139927
-0.04406149	-0.39620139		-0.043289359	0.047495386
-0.04383598	-0.42458772		-0.043111992	0.00609815
0.05494892	-0.50711490		0.057826414	0.002670595
0.05528118	-0.57101927		0.058142922	0.001355086
0.05512389	-0.61040468		0.057930105	0.011856111
0.05502373	-0.56819325		0.057758042	0.082662792
0.05497914	-0.45714563		0.057644571	0.191997319
0.05497074	-0.38848627		0.05758889	0.287791921
0.05496111	-0.41681699		0.057425048	0.335440188
0.05493588	-0.50686288		0.05742411	0.32110298
0.05486222	-0.57946636		0.057406858	0.27426044
0.05472848	-0.59331021		0.05734589	0.248937033
0.05453916	-0.52332738		0.057226313	0.263404449
0.05431365	-0.09397857		0.057048946	0.221090288
-0.03148437	0.48066963		-0.032006511	0.049354417
-0.03174567	0.57634463		-0.032258477	-0.115841911
-0.03158799	0.48551519		-0.032045309	-0.175318027
-0.03148784	0.56942527		-0.031873245	-0.178425711
-0.03144325	0.69262981		-0.031759773	-0.148818049
-0.03143485	0.76479990		-0.031704093	-0.125534823
-0.03140986	0.74129003		-0.031285799	-0.169101106
-0.03138455	0.66422402		-0.031283479	-0.256594806
-0.03131089	0.61898441		-0.03126622	-0.334064721
-0.03117715	0.64807289		-0.031205252	-0.388523809
-0.03098783	0.71700726		-0.031085675	-0.429951243
-0.03076232	0.60646761		-0.030908308	-0.537891421
0.03153671	0.28749825		0.029438466	-0.764438852
0.03166962	0.11261550		0.029534502	-0.968066358
0.03151124	0.15076765		0.029320488	-1.028695842
0.03141108	0.26185520		0.029148418	-0.991682036
0.03136649	0.39424570		0.029034947	-0.916654166
0.03135809	0.47206621		0.028979267	-0.832878246
0.03131827	0.45832930		0.028310242	-0.772064315
0.03129288	0.39688035		0.02830656	-0.769116055
0.03121921	0.38028548		0.028289294	-0.812957305
0.03108547	0.45582197		0.028228325	-0.845426514
0.03089616	0.52357509		0.028108749	-0.831679808
0.03067065	0.55035115		0.027931382	-0.766770025
0.07047178	0.57573083		0.073239094	-0.679912848
0.07048178	0.53611740		0.073253447	-0.636432884
0.07032273	0.51494065		0.073038989	-0.644550757
0.07022256	0.60379185		0.072866917	-0.640418836
0.07017797	0.72838008		0.072753446	-0.593562988
0.07016957	0.79892740		0.072697765	-0.525117321
0.07019759	0.77255121		0.073173085	-0.472501826
0.07017256	0.69597928		0.073175619	-0.474899846
0.07009890	0.65402989		0.073158386	-0.524999542
0.06996516	0.68577754		0.073097418	-0.573983756
0.06977584	0.76957945		0.072977841	-0.596682179
0.06955033	0.92334083		0.072800474	-0.590023261
-0.03913040	1.03368193		-0.042070133	-0.539754807
-0.03951671	0.97116836		-0.042462312	-0.471652643
-0.03935972	0.92876389		-0.042249906	-0.454396671
-0.03925957	1.01951725		-0.042077846	-0.474465387
-0.03921498	1.14332130		-0.041964375	-0.467410724
-0.03920658	1.21334867		-0.041908694	-0.429736168
-0.03921723	1.18648556		-0.04207728	-0.398149493
-0.03919211	1.10699218		-0.042078147	-0.411008058
-0.03911845	1.05905718		-0.042060906	-0.467923156
-0.03898471	1.08277031		-0.041999937	-0.530397591
-0.03879540	1.12910767		-0.041880361	-0.583871162
-0.03856989	0.84702262		-0.041702993	-0.493573075
0.04006461	0.28949734		0.040395625	-0.143268411
0.04028677	0.04835706		0.040609806	0.19044905
0.04012888	0.06536976		0.040396433	0.296231914
0.04002872	0.12111749		0.040224367	0.333170681
0.03998413	0.23561728		0.040110896	0.404071751
0.03997573	0.30624453		0.040055215	0.468156385
0.03998201	0.28051237		0.040142582	0.485922446
0.03995686	0.19401839		0.040143008	0.45113055
0.03988320	0.12759972		0.040125764	0.394149292
0.03974946	0.12238426		0.040064795	0.354427915
0.03956015	0.11988769		0.039945219	0.309277957
-0.00142686	0.06701049		-0.002420816	0.209455921
-0.00141942	-0.00318028		-0.002433034	0.09902681
-0.00121192	-0.05903485		-0.002201367	0.033325872
-0.00105168	-0.05750182		-0.001985573	0.006613687
-0.00095151	0.03407787		-0.001813493	0.021685877
-0.00090692	0.16234251		-0.001700022	0.072387395
-0.00088973	0.23602091		-0.001479702	0.117657063
-0.00088838	0.21262294		-0.001464614	0.123063832
-0.00086320	0.13973530		-0.001464483	0.084460925
-0.00078953	0.10700423		-0.001447237	0.025770261
-0.00065580	0.15915703		-0.001386268	-0.019283985
-0.00046648	0.42179985		-0.001266692	-0.096018225
0.04787345	0.75784085		0.046300271	-0.265750093
0.04790617	0.80311012		0.046340737	-0.42841767
0.04769890	0.71377039		0.046109224	-0.483795396
0.04753866	0.72637949		0.04589343	-0.465385576
0.04743849	0.81918065		0.045721351	-0.403900613
0.04739390	0.94754251		0.04560788	-0.303359711
0.04736353	1.02230734		0.045180335	-0.198280656
0.04736211	1.00063063		0.045164122	-0.148132076
0.04733692	0.93004527		0.045163985	-0.17254275
0.04726326	0.89885989		0.045146739	-0.227042988
0.04712952	0.94846195		0.04508577	-0.257297151
0.04694020	0.88043326		0.044966193	-0.1827315
-0.00549812	0.63639676		-0.005047837	0.017590946
-0.00555324	0.46948397		-0.005101595	0.180148371
-0.00534609	0.36954492		-0.004870153	0.204820367
-0.00518585	0.30547741		-0.00465436	0.188727413
-0.00508568	0.35994097		-0.004482281	0.213947045
-0.00504109	0.46950837		-0.00436881	0.272323553
-0.00499809	0.53455418		-0.003725924	0.320299011
-0.00499661	0.50566535		-0.003708541	0.325415648
-0.00497142	0.41592486		-0.003708398	0.286556614
-0.00489776	0.34175889		-0.003691151	0.228182441
-0.00476402	0.30492828		-0.003630182	0.187686871
-0.00457470	0.13804372		-0.003510606	0.157522238
-0.10284690	-0.11225849		-0.100644106	0.097576057
-0.10315243	-0.22831661		-0.100953791	0.027458285
-0.10294664	-0.33289107		-0.100723739	-0.016789086
-0.10278641	-0.42649058		-0.100507954	-0.031567576
-0.10268624	-0.38409948		-0.100335875	-0.006778135
-0.10264165	-0.27447270		-0.100222404	0.05658256
-0.10265710	-0.20119372		-0.100561964	0.122924449
-0.10265593	-0.22780272		-0.100549917	0.14646706
-0.10263075	-0.32295657		-0.100549803	0.113387699
-0.10255708	-0.40731467		-0.100532556	0.054597743
-0.10242334	-0.41730191		-0.100471588	0.00663611
-0.10223403	-0.36049012		-0.100352011	0.0520027
0.08967126	-0.30130412		0.091848676	0.251635883
0.09048834	-0.31384049		0.092674712	0.453406384
0.09028535	-0.40677192		0.092447465	0.508192959
0.09012514	-0.45712033		0.092231695	0.490438664
0.09002497	-0.39074048		0.092059616	0.503361086
0.08998038	-0.27333497		0.091946145	0.556852207
0.08997147	-0.20234414		0.091877938	0.611991705
0.08997017	-0.22652331		0.091863676	0.626482576
0.08994498	-0.30629945		0.09186355	0.590346873
0.08987132	-0.35907827		0.091846303	0.530662418
0.08973758	-0.32077613		0.091785335	0.484987856
0.08954826	-0.17915263		0.091665758	0.4143312
-0.08212203	-0.02653793		-0.080393678	0.224586558
-0.08282856	-0.00760224		-0.081110319	-0.014693571
-0.08262496	-0.10503959		-0.080882478	-0.127161832
-0.08246475	-0.15582128		-0.080666704	-0.092968399
-0.08236458	-0.09197090		-0.080494625	0.005694383
-0.08231999	0.02210007		-0.080381154	0.129681567
-0.08229595	0.09121497		-0.080077678	0.247299339
-0.08229457	0.06727643		-0.080062138	0.302677552
-0.08226938	-0.01210202		-0.080062005	0.279764416
-0.08219572	-0.06632559		-0.080044759	0.226400319
-0.08206198	-0.05989047		-0.07998379	0.191863358
-0.08187266	0.29190328		-0.079864213	0.255465121
0.06967269	0.84809069		0.064912174	0.460345374
0.07026927	0.94974551		0.065480628	0.648663995
0.07006508	0.80694421		0.065251983	0.691798603
0.06990485	0.80317034		0.065036205	0.674050892
0.06980468	0.88534806		0.064864126	0.688386991
0.06976009	0.89942678		0.064750654	0.726698515
