1880.000000 0.051000
1880.083333 0.051000
1880.166667 -0.009000
1880.250000 0.006000
1880.333333 -0.009000
1880.416667 0.002000
1880.500000 -0.008000
1880.583333 -0.015000
1880.666667 0.006000
1880.750000 0.018000
1880.833333 0.072000
1880.916667 0.099000
1881.000000 0.133000
1881.083333 0.108000
1881.166667 0.099000
1881.250000 0.056000
1881.333333 0.040000
1881.416667 0.025000
1881.500000 0.051000
1881.583333 0.061000
1881.666667 0.051000
1881.750000 0.008000
1881.833333 -0.013000
1881.916667 -0.038000
1882.000000 -0.054000
1882.083333 -0.019000
1882.166667 0.003000
1882.250000 0.028000
1882.333333 0.036000
1882.416667 0.030000
1882.500000 0.005000
1882.583333 0.015000
1882.666667 -0.040000
1882.750000 -0.069000
1882.833333 -0.103000
1882.916667 -0.144000
1883.000000 -0.195000
1883.083333 -0.149000
1883.166667 -0.138000
1883.250000 -0.102000
1883.333333 -0.059000
1883.416667 -0.018000
1883.500000 -0.013000
1883.583333 0.001000
1883.666667 -0.002000
1883.750000 -0.003000
1883.833333 0.041000
1883.916667 0.049000
1884.000000 0.079000
1884.083333 0.073000
1884.166667 0.049000
1884.250000 0.005000
1884.333333 0.008000
1884.416667 -0.031000
1884.500000 -0.023000
1884.583333 -0.034000
1884.666667 -0.036000
1884.750000 -0.029000
1884.833333 -0.015000
1884.916667 -0.041000
1885.000000 -0.040000
1885.083333 -0.028000
1885.166667 -0.053000
1885.250000 -0.072000
1885.333333 -0.036000
1885.416667 -0.007000
1885.500000 -0.011000
1885.583333 -0.004000
1885.666667 0.013000
1885.750000 -0.006000
1885.833333 -0.017000
1885.916667 -0.005000
1886.000000 -0.050000
1886.083333 -0.103000
1886.166667 -0.108000
1886.250000 -0.110000
1886.333333 -0.129000
1886.416667 -0.074000
1886.500000 -0.024000
1886.583333 -0.004000
1886.666667 -0.002000
1886.750000 -0.028000
1886.833333 -0.053000
1886.916667 -0.101000
1887.000000 -0.130000
1887.083333 -0.110000
1887.166667 -0.076000
1887.250000 -0.064000
1887.333333 -0.014000
1887.416667 0.014000
1887.500000 0.014000
1887.583333 0.022000
1887.666667 0.026000
1887.750000 0.030000
1887.833333 0.049000
1887.916667 0.039000
1888.000000 0.041000
1888.083333 0.033000
1888.166667 0.004000
1888.250000 -0.015000
1888.333333 -0.025000
1888.416667 -0.037000
1888.500000 -0.038000
1888.583333 -0.038000
1888.666667 -0.037000
1888.750000 -0.046000
1888.833333 -0.024000
1888.916667 -0.035000
1889.000000 0.023000
1889.083333 0.028000
1889.166667 0.059000
1889.250000 0.025000
1889.333333 0.034000
1889.416667 -0.007000
1889.500000 -0.011000
1889.583333 -0.014000
1889.666667 0.017000
1889.750000 0.005000
1889.833333 -0.018000
1889.916667 -0.021000
1890.000000 -0.034000
1890.083333 -0.064000
1890.166667 -0.040000
1890.250000 -0.016000
1890.333333 -0.003000
1890.416667 0.007000
1890.500000 0.012000
1890.583333 -0.001000
1890.666667 0.025000
1890.750000 0.047000
1890.833333 0.032000
1890.916667 0.037000
1891.000000 0.023000
1891.083333 0.009000
1891.166667 -0.029000
1891.250000 -0.022000
1891.333333 -0.025000
1891.416667 -0.014000
1891.500000 -0.031000
1891.583333 -0.030000
1891.666667 -0.023000
1891.750000 -0.028000
1891.833333 -0.030000
1891.916667 -0.026000
1892.000000 -0.001000
1892.083333 -0.017000
1892.166667 -0.012000
1892.250000 0.008000
1892.333333 0.013000
1892.416667 0.002000
1892.500000 0.016000
1892.583333 0.018000
1892.666667 -0.007000
1892.750000 -0.045000
1892.833333 -0.050000
1892.916667 -0.046000
1893.000000 -0.054000
1893.083333 -0.024000
1893.166667 0.015000
1893.250000 0.015000
1893.333333 0.017000
1893.416667 0.016000
1893.500000 0.007000
1893.583333 0.016000
1893.666667 0.033000
1893.750000 0.055000
1893.833333 0.057000
1893.916667 0.028000
1894.000000 0.031000
1894.083333 0.023000
1894.166667 -0.012000
1894.250000 -0.008000
1894.333333 0.017000
1894.416667 -0.013000
1894.500000 -0.035000
1894.583333 -0.012000
1894.666667 -0.010000
1894.750000 -0.023000
1894.833333 -0.015000
1894.916667 0.018000
1895.000000 0.004000
1895.083333 -0.000000
1895.166667 0.016000
1895.250000 0.012000
1895.333333 -0.026000
1895.416667 -0.031000
1895.500000 -0.035000
1895.583333 -0.022000
1895.666667 -0.001000
1895.750000 0.018000
1895.833333 0.030000
1895.916667 0.022000
1896.000000 0.021000
1896.083333 0.018000
1896.166667 0.010000
1896.250000 0.018000
1896.333333 0.040000
1896.416667 0.036000
1896.500000 0.027000
1896.583333 0.009000
1896.666667 -0.025000
1896.750000 -0.029000
1896.833333 -0.067000
1896.916667 -0.076000
1897.000000 -0.088000
1897.083333 -0.075000
1897.166667 -0.072000
1897.250000 -0.034000
1897.333333 -0.031000
1897.416667 0.008000
1897.500000 0.001000
1897.583333 -0.011000
1897.666667 -0.021000
1897.750000 -0.046000
1897.833333 -0.068000
1897.916667 -0.053000
1898.000000 -0.002000
1898.083333 0.029000
1898.166667 0.069000
1898.250000 0.082000
1898.333333 0.076000
1898.416667 0.052000
1898.500000 0.017000
1898.583333 0.024000
1898.666667 0.022000
1898.750000 0.010000
1898.833333 -0.011000
1898.916667 0.025000
1899.000000 0.031000
1899.083333 0.054000
1899.166667 0.090000
1899.250000 0.106000
1899.333333 0.091000
1899.416667 0.064000
1899.500000 0.057000
1899.583333 0.049000
1899.666667 0.048000
1899.750000 0.067000
1899.833333 0.109000
1899.916667 0.080000
1900.000000 0.058000
1900.083333 0.046000
1900.166667 -0.008000
1900.250000 -0.032000
1900.333333 -0.022000
1900.416667 -0.012000
1900.500000 -0.019000
1900.583333 -0.005000
1900.666667 -0.002000
1900.750000 0.004000
1900.833333 -0.003000
1900.916667 -0.021000
1901.000000 -0.017000
1901.083333 -0.042000
1901.166667 -0.057000
1901.250000 -0.071000
1901.333333 -0.062000
1901.416667 -0.082000
1901.500000 -0.085000
1901.583333 -0.083000
1901.666667 -0.079000
1901.750000 -0.067000
1901.833333 -0.026000
1901.916667 0.006000
1902.000000 0.015000
1902.083333 0.032000
1902.166667 0.018000
1902.250000 -0.007000
1902.333333 -0.029000
1902.416667 -0.023000
1902.500000 -0.011000
1902.583333 0.006000
1902.666667 -0.002000
1902.750000 -0.006000
1902.833333 -0.034000
1902.916667 -0.051000
1903.000000 -0.032000
1903.083333 -0.001000
1903.166667 0.056000
1903.250000 0.093000
1903.333333 0.102000
1903.416667 0.080000
1903.500000 0.075000
1903.583333 0.050000
1903.666667 0.045000
1903.750000 0.067000
1903.833333 0.059000
1903.916667 0.007000
1904.000000 -0.020000
1904.083333 -0.046000
1904.166667 -0.098000
1904.250000 -0.094000
1904.333333 -0.058000
1904.416667 -0.041000
1904.500000 -0.019000
1904.583333 -0.001000
1904.666667 -0.004000
1904.750000 0.005000
1904.833333 0.020000
1904.916667 0.030000
1905.000000 0.060000
1905.083333 0.040000
1905.166667 0.038000
1905.250000 0.007000
1905.333333 -0.012000
1905.416667 -0.022000
1905.500000 0.018000
1905.583333 0.032000
1905.666667 0.053000
1905.750000 0.055000
1905.833333 0.062000
1905.916667 0.052000
1906.000000 0.041000
1906.083333 0.048000
1906.166667 0.054000
1906.250000 0.027000
1906.333333 0.032000
1906.416667 0.031000
1906.500000 0.017000
1906.583333 0.033000
1906.666667 0.019000
1906.750000 -0.015000
1906.833333 -0.003000
1906.916667 -0.020000
1907.000000 -0.056000
1907.083333 -0.020000
1907.166667 0.006000
1907.250000 -0.001000
1907.333333 -0.012000
1907.416667 0.016000
1907.500000 0.018000
1907.583333 0.041000
1907.666667 0.031000
1907.750000 0.006000
1907.833333 -0.016000
1907.916667 -0.055000
1908.000000 -0.054000
1908.083333 -0.074000
1908.166667 -0.058000
1908.250000 -0.050000
1908.333333 -0.033000
1908.416667 -0.071000
1908.500000 -0.053000
1908.583333 -0.035000
1908.666667 -0.040000
1908.750000 -0.069000
1908.833333 -0.055000
1908.916667 -0.080000
1909.000000 -0.067000
1909.083333 -0.074000
1909.166667 -0.050000
1909.250000 -0.063000
1909.333333 -0.033000
1909.416667 -0.038000
1909.500000 -0.003000
1909.583333 0.010000
1909.666667 0.006000
1909.750000 0.035000
1909.833333 0.019000
1909.916667 0.019000
1910.000000 0.017000
1910.083333 0.029000
1910.166667 -0.007000
1910.250000 0.019000
1910.333333 -0.002000
1910.416667 0.004000
1910.500000 0.004000
1910.583333 0.002000
1910.666667 -0.011000
1910.750000 -0.025000
1910.833333 -0.058000
1910.916667 -0.051000
1911.000000 -0.036000
1911.083333 -0.011000
1911.166667 0.008000
1911.250000 0.048000
1911.333333 0.034000
1911.416667 0.030000
1911.500000 0.005000
1911.583333 0.022000
1911.666667 0.001000
1911.750000 0.006000
1911.833333 -0.018000
1911.916667 -0.031000
1912.000000 -0.054000
1912.083333 -0.054000
1912.166667 -0.036000
1912.250000 -0.007000
1912.333333 0.018000
1912.416667 0.002000
1912.500000 0.010000
1912.583333 0.024000
1912.666667 0.007000
1912.750000 -0.007000
1912.833333 0.021000
1912.916667 0.035000
1913.000000 0.004000
1913.083333 0.024000
1913.166667 0.047000
1913.250000 0.032000
1913.333333 0.023000
1913.416667 0.043000
1913.500000 0.047000
1913.583333 0.019000
1913.666667 0.006000
1913.750000 0.011000
1913.833333 0.066000
1913.916667 0.073000
1914.000000 0.103000
1914.083333 0.138000
1914.166667 0.128000
1914.250000 0.082000
1914.333333 0.063000
1914.416667 0.038000
1914.500000 0.020000
1914.583333 0.021000
1914.666667 0.022000
1914.750000 -0.025000
1914.833333 -0.028000
1914.916667 -0.027000
1915.000000 -0.048000
1915.083333 -0.069000
1915.166667 -0.031000
1915.250000 -0.025000
1915.333333 -0.018000
1915.416667 -0.009000
1915.500000 -0.000000
1915.583333 0.013000
1915.666667 0.008000
1915.750000 -0.018000
1915.833333 -0.005000
1915.916667 -0.006000
1916.000000 -0.000000
1916.083333 -0.004000
1916.166667 0.011000
1916.250000 0.010000
1916.333333 -0.004000
1916.416667 -0.024000
1916.500000 0.001000
1916.583333 0.009000
1916.666667 0.004000
1916.750000 -0.006000
1916.833333 -0.010000
1916.916667 -0.014000
1917.000000 -0.049000
1917.083333 -0.055000
1917.166667 -0.048000
1917.250000 -0.045000
1917.333333 -0.073000
1917.416667 -0.049000
1917.500000 -0.065000
1917.583333 -0.071000
1917.666667 -0.072000
1917.750000 -0.055000
1917.833333 -0.006000
1917.916667 0.029000
1918.000000 0.035000
1918.083333 0.032000
1918.166667 0.023000
1918.250000 -0.052000
1918.333333 -0.056000
1918.416667 -0.046000
1918.500000 -0.036000
1918.583333 -0.039000
1918.666667 0.008000
1918.750000 -0.010000
1918.833333 -0.028000
1918.916667 -0.049000
1919.000000 -0.053000
1919.083333 -0.092000
1919.166667 -0.089000
1919.250000 -0.091000
1919.333333 -0.069000
1919.416667 -0.052000
1919.500000 -0.008000
1919.583333 -0.001000
1919.666667 0.042000
1919.750000 0.013000
1919.833333 0.006000
1919.916667 -0.023000
1920.000000 -0.026000
1920.083333 -0.042000
1920.166667 -0.024000
1920.250000 -0.011000
1920.333333 0.006000
1920.416667 0.000000
1920.500000 0.004000
1920.583333 0.009000
1920.666667 -0.032000
1920.750000 -0.090000
1920.833333 -0.120000
1920.916667 -0.139000
1921.000000 -0.125000
1921.083333 -0.104000
1921.166667 -0.035000
1921.250000 -0.006000
1921.333333 0.004000
1921.416667 0.001000
1921.500000 0.007000
1921.583333 -0.003000
1921.666667 0.028000
1921.750000 0.040000
1921.833333 0.008000
1921.916667 0.047000
1922.000000 0.012000
1922.083333 0.014000
1922.166667 -0.013000
1922.250000 0.010000
1922.333333 -0.014000
1922.416667 0.024000
1922.500000 0.011000
1922.583333 0.017000
1922.666667 0.024000
1922.750000 0.014000
1922.833333 0.023000
1922.916667 0.019000
1923.000000 0.038000
1923.083333 0.006000
1923.166667 -0.024000
1923.250000 -0.055000
1923.333333 -0.038000
1923.416667 -0.054000
1923.500000 -0.012000
1923.583333 0.025000
1923.666667 0.053000
1923.750000 0.056000
1923.833333 0.077000
1923.916667 0.053000
1924.000000 0.053000
1924.083333 0.031000
1924.166667 0.017000
1924.250000 -0.012000
1924.333333 -0.004000
1924.416667 -0.001000
1924.500000 -0.001000
1924.583333 -0.024000
1924.666667 -0.022000
1924.750000 -0.027000
1924.833333 -0.066000
1924.916667 -0.049000
1925.000000 -0.015000
1925.083333 -0.009000
1925.166667 -0.006000
1925.250000 0.007000
1925.333333 0.009000
1925.416667 -0.022000
1925.500000 -0.013000
1925.583333 0.004000
1925.666667 0.042000
1925.750000 0.049000
1925.833333 0.069000
1925.916667 0.061000
1926.000000 0.038000
1926.083333 0.020000
1926.166667 0.008000
1926.250000 -0.001000
1926.333333 0.001000
1926.416667 0.009000
1926.500000 0.002000
1926.583333 0.013000
1926.666667 0.024000
1926.750000 0.018000
1926.833333 0.029000
1926.916667 0.026000
1927.000000 0.001000
1927.083333 -0.008000
1927.166667 -0.004000
1927.250000 0.017000
1927.333333 0.036000
1927.416667 0.051000
1927.500000 0.059000
1927.583333 0.057000
1927.666667 0.035000
1927.750000 0.048000
1927.833333 0.037000
1927.916667 -0.001000
1928.000000 -0.015000
1928.083333 -0.062000
1928.166667 -0.097000
1928.250000 -0.098000
1928.333333 -0.058000
1928.416667 -0.025000
1928.500000 0.038000
1928.583333 0.061000
1928.666667 0.082000
1928.750000 0.084000
1928.833333 0.088000
1928.916667 0.061000
1929.000000 0.010000
1929.083333 -0.024000
1929.166667 -0.031000
1929.250000 -0.050000
1929.333333 -0.045000
1929.416667 -0.004000
1929.500000 0.010000
1929.583333 0.020000
1929.666667 0.041000
1929.750000 0.042000
1929.833333 0.022000
1929.916667 0.025000
1930.000000 0.001000
1930.083333 -0.039000
1930.166667 -0.048000
1930.250000 -0.050000
1930.333333 -0.064000
1930.416667 -0.052000
1930.500000 -0.027000
1930.583333 -0.030000
1930.666667 -0.020000
1930.750000 0.027000
1930.833333 0.019000
1930.916667 0.018000
1931.000000 -0.003000
1931.083333 0.007000
1931.166667 -0.029000
1931.250000 -0.025000
1931.333333 -0.034000
1931.416667 0.000000
1931.500000 0.000000
1931.583333 0.028000
1931.666667 0.051000
1931.750000 0.056000
1931.833333 0.047000
1931.916667 0.053000
1932.000000 0.071000
1932.083333 0.047000
1932.166667 0.050000
1932.250000 0.058000
1932.333333 0.051000
1932.416667 0.011000
1932.500000 0.026000
1932.583333 0.018000
1932.666667 0.042000
1932.750000 0.028000
1932.833333 0.021000
1932.916667 0.003000
1933.000000 0.015000
1933.083333 -0.036000
1933.166667 -0.003000
1933.250000 0.006000
1933.333333 0.006000
1933.416667 -0.013000
1933.500000 0.029000
1933.583333 0.016000
1933.666667 -0.010000
1933.750000 0.005000
1933.833333 -0.003000
1933.916667 -0.054000
1934.000000 -0.057000
1934.083333 -0.026000
1934.166667 -0.067000
1934.250000 -0.058000
1934.333333 -0.023000
1934.416667 -0.030000
1934.500000 -0.035000
1934.583333 -0.015000
1934.666667 -0.008000
1934.750000 0.005000
1934.833333 -0.003000
1934.916667 -0.034000
1935.000000 -0.015000
1935.083333 -0.010000
1935.166667 -0.013000
1935.250000 -0.013000
1935.333333 0.003000
1935.416667 0.008000
1935.500000 0.013000
1935.583333 -0.016000
1935.666667 0.000000
1935.750000 0.012000
1935.833333 0.004000
1935.916667 -0.008000
1936.000000 0.029000
1936.083333 0.010000
1936.166667 0.017000
1936.250000 0.015000
1936.333333 0.009000
1936.416667 -0.029000
1936.500000 -0.023000
1936.583333 -0.030000
1936.666667 -0.026000
1936.750000 -0.016000
1936.833333 -0.008000
1936.916667 -0.001000
1937.000000 -0.036000
1937.083333 -0.047000
1937.166667 -0.055000
1937.250000 -0.060000
1937.333333 -0.073000
1937.416667 -0.034000
1937.500000 -0.029000
1937.583333 -0.025000
1937.666667 -0.015000
1937.750000 0.001000
1937.833333 -0.001000
1937.916667 -0.006000
1938.000000 0.010000
1938.083333 0.036000
1938.166667 0.086000
1938.250000 0.095000
1938.333333 0.101000
1938.416667 0.091000
1938.500000 0.059000
1938.583333 -0.001000
1938.666667 -0.025000
1938.750000 -0.030000
1938.833333 -0.046000
1938.916667 -0.054000
1939.000000 -0.051000
1939.083333 -0.019000
1939.166667 -0.027000
1939.250000 -0.019000
1939.333333 -0.002000
1939.416667 -0.010000
1939.500000 -0.040000
1939.583333 -0.046000
1939.666667 -0.053000
1939.750000 -0.110000
1939.833333 -0.120000
1939.916667 -0.111000
1940.000000 -0.126000
1940.083333 -0.123000
1940.166667 -0.082000
1940.250000 -0.073000
1940.333333 -0.082000
1940.416667 -0.063000
1940.500000 -0.048000
1940.583333 -0.011000
1940.666667 0.001000
1940.750000 -0.015000
1940.833333 0.002000
1940.916667 -0.006000
1941.000000 -0.040000
1941.083333 -0.044000
1941.166667 -0.034000
1941.250000 -0.047000
1941.333333 -0.059000
1941.416667 -0.048000
1941.500000 -0.062000
1941.583333 -0.033000
1941.666667 -0.015000
1941.750000 -0.022000
1941.833333 -0.014000
1941.916667 0.005000
1942.000000 -0.043000
1942.083333 -0.082000
1942.166667 -0.087000
1942.250000 -0.102000
1942.333333 -0.105000
1942.416667 -0.070000
1942.500000 -0.052000
1942.583333 -0.035000
1942.666667 -0.012000
1942.750000 0.003000
1942.833333 0.007000
1942.916667 0.024000
1943.000000 0.029000
1943.083333 0.046000
1943.166667 0.043000
1943.250000 0.049000
1943.333333 0.049000
1943.416667 0.059000
1943.500000 0.035000
1943.583333 0.024000
1943.666667 0.017000
1943.750000 -0.010000
1943.833333 -0.035000
1943.916667 -0.041000
1944.000000 -0.014000
1944.083333 0.014000
1944.166667 0.038000
1944.250000 0.070000
1944.333333 0.075000
1944.416667 0.040000
1944.500000 -0.003000
1944.583333 -0.025000
1944.666667 -0.026000
1944.750000 -0.023000
1944.833333 -0.016000
1944.916667 -0.014000
1945.000000 -0.024000
1945.083333 -0.032000
1945.166667 -0.019000
1945.250000 -0.005000
1945.333333 0.014000
1945.416667 0.054000
1945.500000 0.059000
1945.583333 0.034000
1945.666667 0.027000
1945.750000 0.031000
1945.833333 0.035000
1945.916667 0.037000
1946.000000 0.064000
1946.083333 0.043000
1946.166667 0.042000
1946.250000 0.036000
1946.333333 0.027000
1946.416667 -0.005000
1946.500000 0.016000
1946.583333 -0.004000
1946.666667 -0.002000
1946.750000 -0.048000
1946.833333 -0.088000
1946.916667 -0.144000
1947.000000 -0.180000
1947.083333 -0.218000
1947.166667 -0.195000
1947.250000 -0.163000
1947.333333 -0.124000
1947.416667 -0.100000
1947.500000 -0.082000
1947.583333 -0.090000
1947.666667 -0.076000
1947.750000 -0.066000
1947.833333 -0.030000
1947.916667 -0.008000
1948.000000 0.016000
1948.083333 0.004000
1948.166667 0.000000
1948.250000 -0.015000
1948.333333 -0.018000
1948.416667 -0.008000
1948.500000 0.013000
1948.583333 0.031000
1948.666667 0.054000
1948.750000 0.056000
1948.833333 0.043000
1948.916667 0.034000
1949.000000 0.044000
1949.083333 0.047000
1949.166667 0.050000
1949.250000 0.075000
1949.333333 0.100000
1949.416667 0.063000
1949.500000 0.051000
1949.583333 0.024000
1949.666667 -0.018000
1949.750000 -0.030000
1949.833333 -0.005000
1949.916667 -0.003000
1950.000000 0.014000
1950.083333 0.046000
1950.166667 0.046000
1950.250000 0.037000
1950.333333 0.026000
1950.416667 0.029000
1950.500000 0.015000
1950.583333 -0.002000
1950.666667 0.029000
1950.750000 0.031000
1950.833333 0.025000
1950.916667 0.026000
1951.000000 -0.007000
1951.083333 -0.055000
1951.166667 -0.071000
1951.250000 -0.068000
1951.333333 -0.077000
1951.416667 -0.032000
1951.500000 -0.033000
1951.583333 -0.031000
1951.666667 -0.064000
1951.750000 -0.081000
1951.833333 -0.081000
1951.916667 -0.037000
1952.000000 -0.018000
1952.083333 0.014000
1952.166667 0.033000
1952.250000 0.036000
1952.333333 0.033000
1952.416667 0.017000
1952.500000 0.007000
1952.583333 0.025000
1952.666667 0.038000
1952.750000 0.034000
1952.833333 0.030000
1952.916667 0.029000
1953.000000 0.044000
1953.083333 0.015000
1953.166667 -0.001000
1953.250000 0.011000
1953.333333 0.019000
1953.416667 -0.021000
1953.500000 -0.005000
1953.583333 0.007000
1953.666667 0.009000
1953.750000 -0.021000
1953.833333 -0.003000
1953.916667 0.006000
1954.000000 -0.066000
1954.083333 -0.117000
1954.166667 -0.103000
1954.250000 -0.125000
1954.333333 -0.173000
1954.416667 -0.118000
1954.500000 -0.074000
1954.583333 -0.067000
1954.666667 -0.053000
1954.750000 -0.012000
1954.833333 -0.013000
1954.916667 -0.020000
1955.000000 0.003000
1955.083333 0.004000
1955.166667 0.001000
1955.250000 0.013000
1955.333333 0.023000
1955.416667 0.011000
1955.500000 0.014000
1955.583333 -0.002000
1955.666667 -0.002000
1955.750000 0.007000
1955.833333 0.042000
1955.916667 0.073000
1956.000000 0.093000
1956.083333 0.080000
1956.166667 0.066000
1956.250000 0.029000
1956.333333 0.005000
1956.416667 -0.011000
1956.500000 -0.003000
1956.583333 -0.008000
1956.666667 0.019000
1956.750000 0.015000
1956.833333 0.037000
1956.916667 0.022000
1957.000000 0.045000
1957.083333 0.011000
1957.166667 0.022000
1957.250000 0.001000
1957.333333 -0.001000
1957.416667 -0.019000
1957.500000 -0.019000
1957.583333 -0.013000
1957.666667 0.006000
1957.750000 0.043000
1957.833333 0.062000
1957.916667 0.076000
1958.000000 0.092000
1958.083333 0.104000
1958.166667 0.063000
1958.250000 0.062000
1958.333333 0.051000
1958.416667 0.016000
1958.500000 -0.008000
1958.583333 -0.005000
1958.666667 -0.011000
1958.750000 -0.017000
1958.833333 -0.002000
1958.916667 0.001000
1959.000000 0.003000
1959.083333 -0.005000
1959.166667 0.007000
1959.250000 -0.018000
1959.333333 -0.023000
1959.416667 -0.015000
1959.500000 -0.021000
1959.583333 -0.017000
1959.666667 -0.021000
1959.750000 -0.051000
1959.833333 -0.095000
1959.916667 -0.087000
1960.000000 -0.134000
1960.083333 -0.139000
1960.166667 -0.141000
1960.250000 -0.100000
1960.333333 -0.115000
1960.416667 -0.075000
1960.500000 -0.038000
1960.583333 0.009000
1960.666667 0.019000
1960.750000 0.005000
1960.833333 0.015000
1960.916667 -0.032000
1961.000000 -0.061000
1961.083333 -0.042000
1961.166667 0.010000
1961.250000 0.027000
1961.333333 0.079000
1961.416667 0.111000
1961.500000 0.114000
1961.583333 0.102000
1961.666667 0.058000
1961.750000 0.043000
1961.833333 0.026000
1961.916667 0.012000
1962.000000 0.028000
1962.083333 0.050000
1962.166667 0.040000
1962.250000 0.033000
1962.333333 0.023000
1962.416667 0.001000
1962.500000 -0.010000
1962.583333 0.024000
1962.666667 0.025000
1962.750000 0.020000
1962.833333 0.013000
1962.916667 0.026000
1963.000000 -0.003000
1963.083333 -0.019000
1963.166667 -0.046000
1963.250000 -0.068000
1963.333333 -0.096000
1963.416667 -0.108000
1963.500000 -0.104000
1963.583333 -0.096000
1963.666667 -0.078000
1963.750000 -0.048000
1963.833333 -0.034000
1963.916667 -0.021000
1964.000000 0.035000
1964.083333 0.021000
1964.166667 -0.014000
1964.250000 -0.014000
1964.333333 -0.019000
1964.416667 -0.055000
1964.500000 -0.040000
1964.583333 -0.010000
1964.666667 -0.012000
1964.750000 -0.002000
1964.833333 0.008000
1964.916667 0.010000
1965.000000 0.037000
1965.083333 0.041000
1965.166667 0.036000
1965.250000 0.019000
1965.333333 0.006000
1965.416667 -0.019000
1965.500000 -0.029000
1965.583333 -0.035000
1965.666667 -0.036000
1965.750000 -0.011000
1965.833333 -0.027000
1965.916667 -0.022000
1966.000000 -0.027000
1966.083333 -0.007000
1966.166667 0.000000
1966.250000 0.001000
1966.333333 0.005000
1966.416667 0.025000
1966.500000 0.017000
1966.583333 0.003000
1966.666667 0.024000
1966.750000 0.005000
1966.833333 -0.019000
1966.916667 -0.009000
1967.000000 -0.032000
1967.083333 -0.017000
1967.166667 0.021000
1967.250000 0.048000
1967.333333 0.037000
1967.416667 0.057000
1967.500000 0.031000
1967.583333 0.014000
1967.666667 -0.006000
1967.750000 0.003000
1967.833333 0.035000
1967.916667 0.063000
1968.000000 0.081000
1968.083333 0.103000
1968.166667 0.106000
1968.250000 0.080000
1968.333333 0.034000
1968.416667 0.012000
1968.500000 -0.018000
1968.583333 -0.048000
1968.666667 -0.062000
1968.750000 -0.030000
1968.833333 -0.050000
1968.916667 -0.072000
1969.000000 -0.058000
1969.083333 -0.079000
1969.166667 -0.107000
1969.250000 -0.090000
1969.333333 -0.052000
1969.416667 -0.050000
1969.500000 -0.040000
1969.583333 -0.035000
1969.666667 -0.031000
1969.750000 -0.000000
1969.833333 0.002000
1969.916667 -0.010000
1970.000000 -0.022000
1970.083333 -0.051000
1970.166667 -0.069000
1970.250000 -0.057000
1970.333333 -0.026000
1970.416667 -0.007000
1970.500000 0.017000
1970.583333 0.007000
1970.666667 -0.006000
1970.750000 0.024000
1970.833333 0.052000
1970.916667 0.045000
1971.000000 0.066000
1971.083333 0.076000
1971.166667 0.045000
1971.250000 0.017000
1971.333333 0.021000
1971.416667 0.002000
1971.500000 -0.024000
1971.583333 -0.023000
1971.666667 -0.026000
1971.750000 -0.001000
1971.833333 0.027000
1971.916667 0.026000
1972.000000 -0.020000
1972.083333 -0.061000
1972.166667 -0.079000
1972.250000 -0.120000
1972.333333 -0.103000
1972.416667 -0.076000
1972.500000 -0.037000
1972.583333 -0.034000
1972.666667 -0.025000
1972.750000 -0.011000
1972.833333 -0.003000
1972.916667 -0.020000
1973.000000 -0.019000
1973.083333 -0.011000
1973.166667 -0.007000
1973.250000 0.001000
1973.333333 0.018000
1973.416667 0.017000
1973.500000 0.000000
1973.583333 -0.015000
1973.666667 -0.022000
1973.750000 -0.004000
1973.833333 0.019000
1973.916667 0.024000
1974.000000 0.030000
1974.083333 0.009000
1974.166667 -0.020000
1974.250000 -0.060000
1974.333333 -0.048000
1974.416667 -0.032000
1974.500000 0.007000
1974.583333 0.001000
1974.666667 0.044000
1974.750000 0.038000
1974.833333 0.051000
1974.916667 0.081000
1975.000000 0.113000
1975.083333 0.102000
1975.166667 0.090000
1975.250000 0.050000
1975.333333 0.012000
1975.416667 -0.007000
1975.500000 -0.035000
1975.583333 -0.048000
1975.666667 -0.030000
1975.750000 -0.056000
1975.833333 -0.057000
1975.916667 0.008000
1976.000000 0.004000
1976.083333 -0.023000
1976.166667 -0.000000
1976.250000 0.003000
1976.333333 -0.059000
1976.416667 -0.046000
1976.500000 -0.040000
1976.583333 -0.060000
1976.666667 -0.096000
1976.750000 -0.123000
1976.833333 -0.097000
1976.916667 -0.111000
1977.000000 -0.107000
1977.083333 -0.070000
1977.166667 -0.038000
1977.250000 -0.055000
1977.333333 -0.041000
1977.416667 -0.023000
1977.500000 -0.030000
1977.583333 -0.041000
1977.666667 -0.048000
1977.750000 -0.031000
1977.833333 -0.043000
1977.916667 -0.029000
1978.000000 -0.045000
1978.083333 -0.043000
1978.166667 -0.060000
1978.250000 -0.076000
1978.333333 -0.094000
1978.416667 -0.076000
1978.500000 -0.079000
1978.583333 -0.038000
1978.666667 0.004000
1978.750000 0.039000
1978.833333 0.079000
1978.916667 0.077000
1979.000000 0.050000
1979.083333 0.023000
1979.166667 -0.015000
1979.250000 -0.055000
1979.333333 -0.057000
1979.416667 -0.047000
1979.500000 -0.033000
1979.583333 -0.004000
1979.666667 0.010000
1979.750000 -0.009000
1979.833333 -0.010000
1979.916667 -0.029000
1980.000000 -0.067000
1980.083333 -0.093000
1980.166667 -0.065000
1980.250000 -0.092000
1980.333333 -0.082000
1980.416667 -0.057000
1980.500000 -0.050000
1980.583333 -0.048000
1980.666667 -0.018000
1980.750000 0.001000
1980.833333 0.016000
1980.916667 0.066000
1981.000000 0.114000
1981.083333 0.094000
1981.166667 0.069000
1981.250000 0.057000
1981.333333 0.033000
1981.416667 -0.009000
1981.500000 0.009000
1981.583333 0.016000
1981.666667 0.009000
1981.750000 0.027000
1981.833333 0.086000
1981.916667 0.076000
1982.000000 0.076000
1982.083333 0.075000
1982.166667 0.059000
1982.250000 0.007000
1982.333333 -0.002000
1982.416667 -0.012000
1982.500000 -0.021000
1982.583333 -0.027000
1982.666667 -0.054000
1982.750000 -0.078000
1982.833333 -0.069000
1982.916667 -0.021000
1983.000000 0.019000
1983.083333 0.031000
1983.166667 0.067000
1983.250000 0.070000
1983.333333 0.033000
1983.416667 -0.012000
1983.500000 -0.005000
1983.583333 -0.020000
1983.666667 -0.013000
1983.750000 0.042000
1983.833333 0.039000
1983.916667 0.059000
1984.000000 0.046000
1984.083333 0.009000
1984.166667 -0.054000
1984.250000 -0.050000
1984.333333 -0.081000
1984.416667 -0.061000
1984.500000 -0.042000
1984.583333 -0.020000
1984.666667 -0.026000
1984.750000 -0.030000
1984.833333 -0.054000
1984.916667 -0.043000
1985.000000 -0.047000
1985.083333 -0.065000
1985.166667 -0.056000
1985.250000 -0.028000
1985.333333 -0.021000
1985.416667 -0.028000
1985.500000 -0.013000
1985.583333 0.002000
1985.666667 0.007000
1985.750000 0.004000
1985.833333 0.011000
1985.916667 0.047000
1986.000000 0.034000
1986.083333 -0.023000
1986.166667 -0.033000
1986.250000 -0.057000
1986.333333 -0.093000
1986.416667 -0.088000
1986.500000 -0.055000
1986.583333 -0.039000
1986.666667 -0.006000
1986.750000 0.018000
1986.833333 0.050000
1986.916667 0.089000
1987.000000 0.087000
1987.083333 0.045000
1987.166667 0.012000
1987.250000 -0.013000
1987.333333 -0.050000
1987.416667 -0.055000
1987.500000 -0.016000
1987.583333 0.011000
1987.666667 -0.006000
1987.750000 0.017000
1987.833333 0.025000
1987.916667 0.032000
1988.000000 0.021000
1988.083333 0.051000
1988.166667 0.039000
1988.250000 0.020000
1988.333333 0.002000
1988.416667 -0.021000
1988.500000 -0.033000
1988.583333 -0.035000
1988.666667 -0.022000
1988.750000 -0.005000
1988.833333 0.050000
1988.916667 0.065000
1989.000000 0.102000
1989.083333 0.125000
1989.166667 0.132000
1989.250000 0.115000
1989.333333 0.090000
1989.416667 0.053000
1989.500000 0.051000
1989.583333 0.034000
1989.666667 0.035000
1989.750000 0.056000
1989.833333 0.079000
1989.916667 0.051000
1990.000000 0.061000
1990.083333 0.108000
1990.166667 0.116000
1990.250000 0.094000
1990.333333 0.101000
1990.416667 0.087000
1990.500000 0.024000
1990.583333 0.001000
1990.666667 0.008000
1990.750000 0.022000
1990.833333 -0.005000
1990.916667 -0.019000
1991.000000 -0.036000
1991.083333 -0.072000
1991.166667 -0.096000
1991.250000 -0.074000
1991.333333 -0.059000
1991.416667 -0.050000
1991.500000 -0.024000
1991.583333 -0.015000
1991.666667 -0.013000
1991.750000 -0.041000
1991.833333 -0.046000
1991.916667 -0.027000
1992.000000 -0.016000
1992.083333 -0.005000
1992.166667 0.025000
1992.250000 0.033000
1992.333333 0.003000
1992.416667 -0.024000
1992.500000 -0.042000
1992.583333 -0.045000
1992.666667 -0.064000
1992.750000 -0.064000
1992.833333 -0.089000
1992.916667 -0.103000
1993.000000 -0.076000
1993.083333 -0.055000
1993.166667 -0.050000
1993.250000 -0.031000
1993.333333 -0.005000
1993.416667 -0.024000
1993.500000 -0.017000
1993.583333 0.005000
1993.666667 -0.000000
1993.750000 -0.031000
1993.833333 -0.073000
1993.916667 -0.090000
1994.000000 -0.099000
1994.083333 -0.086000
1994.166667 -0.054000
1994.250000 -0.029000
1994.333333 -0.009000
1994.416667 -0.020000
1994.500000 -0.025000
1994.583333 -0.049000
1994.666667 -0.044000
1994.750000 -0.063000
1994.833333 -0.055000
1994.916667 -0.025000
1995.000000 0.007000
1995.083333 0.025000
1995.166667 0.078000
1995.250000 0.095000
1995.333333 0.076000
1995.416667 0.060000
1995.500000 0.037000
1995.583333 -0.026000
1995.666667 -0.044000
1995.750000 -0.007000
1995.833333 -0.019000
1995.916667 -0.042000
1996.000000 -0.061000
1996.083333 -0.090000
1996.166667 -0.140000
1996.250000 -0.123000
1996.333333 -0.100000
1996.416667 -0.056000
1996.500000 -0.037000
1996.583333 -0.036000
1996.666667 -0.058000
1996.750000 -0.050000
1996.833333 -0.060000
1996.916667 -0.066000
1997.000000 -0.060000
1997.083333 -0.029000
1997.166667 0.002000
1997.250000 0.019000
1997.333333 0.033000
1997.416667 0.025000
1997.500000 -0.009000
1997.583333 -0.037000
1997.666667 -0.007000
1997.750000 -0.004000
1997.833333 0.001000
1997.916667 0.036000
1998.000000 0.035000
1998.083333 0.025000
1998.166667 0.024000
1998.250000 0.042000
1998.333333 0.025000
1998.416667 0.035000
1998.500000 0.025000
1998.583333 0.037000
1998.666667 0.002000
1998.750000 0.042000
1998.833333 0.026000
1998.916667 0.022000
1999.000000 0.038000
1999.083333 0.083000
1999.166667 0.052000
1999.250000 0.055000
1999.333333 0.028000
1999.416667 -0.008000
1999.500000 -0.029000
1999.583333 -0.051000
1999.666667 -0.053000
1999.750000 -0.047000
1999.833333 -0.044000
1999.916667 -0.020000
2000.000000 0.026000
2000.083333 0.070000
2000.166667 0.073000
2000.250000 0.063000
2000.333333 0.056000
2000.416667 0.044000
2000.500000 0.004000
2000.583333 -0.005000
2000.666667 -0.030000
2000.750000 -0.069000
2000.833333 -0.088000
2000.916667 -0.102000
2001.000000 -0.097000
2001.083333 -0.050000
2001.166667 -0.028000
2001.250000 -0.029000
2001.333333 -0.004000
2001.416667 -0.012000
2001.500000 -0.018000
2001.583333 0.020000
2001.666667 0.016000
2001.750000 0.044000
2001.833333 0.069000
2001.916667 0.081000
2002.000000 0.095000
2002.083333 0.164000
2002.166667 0.130000
2002.250000 0.125000
2002.333333 0.113000
2002.416667 0.077000
2002.500000 0.011000
2002.583333 0.006000
2002.666667 -0.003000
2002.750000 0.001000
2002.833333 -0.043000
2002.916667 -0.040000
2003.000000 -0.060000
2003.083333 -0.085000
2003.166667 -0.077000
2003.250000 -0.046000
2003.333333 -0.035000
2003.416667 -0.010000
2003.500000 0.021000
2003.583333 0.012000
2003.666667 0.042000
2003.750000 0.023000
2003.833333 0.021000
2003.916667 0.023000
2004.000000 0.036000
2004.083333 0.017000
2004.166667 0.026000
2004.250000 0.033000
2004.333333 0.037000
2004.416667 0.036000
2004.500000 0.024000
2004.583333 0.019000
2004.666667 0.017000
2004.750000 0.021000
2004.833333 0.013000
2004.916667 0.061000
2005.000000 0.097000
2005.083333 0.079000
2005.166667 0.048000
2005.250000 0.032000
2005.333333 0.004000
2005.416667 -0.024000
2005.500000 -0.002000
2005.583333 0.018000
2005.666667 0.009000
2005.750000 -0.010000
2005.833333 0.001000
2005.916667 -0.044000
2006.000000 -0.057000
2006.083333 -0.060000
2006.166667 -0.055000
2006.250000 -0.081000
2006.333333 -0.049000
2006.416667 -0.053000
2006.500000 -0.031000
2006.583333 -0.022000
2006.666667 -0.013000
2006.750000 0.029000
2006.833333 0.054000
2006.916667 0.099000
2007.000000 0.132000
2007.083333 0.156000
2007.166667 0.124000
2007.250000 0.135000
2007.333333 0.093000
2007.416667 0.071000
2007.500000 0.063000
2007.583333 0.089000
2007.666667 0.082000
2007.750000 0.109000
2007.833333 0.096000
2007.916667 0.077000
2008.000000 0.051000
2008.083333 0.098000
2008.166667 0.077000
2008.250000 0.067000
2008.333333 0.057000
2008.416667 0.051000
2008.500000 -0.015000
2008.583333 -0.037000
2008.666667 -0.037000
2008.750000 0.005000
2008.833333 0.021000
2008.916667 0.021000
2009.000000 0.034000
2009.083333 0.047000
2009.166667 0.011000
2009.250000 -0.013000
2009.333333 0.010000
2009.416667 0.007000
2009.500000 -0.006000
2009.583333 0.001000
2009.666667 0.039000
2009.750000 -0.008000
2009.833333 0.005000
2009.916667 -0.008000
2010.000000 -0.028000
2010.083333 -0.055000
2010.166667 -0.027000
2010.250000 -0.010000
2010.333333 0.018000
2010.416667 0.039000
2010.500000 0.039000
2010.583333 0.045000
2010.666667 0.002000
2010.750000 0.042000
2010.833333 0.063000
2010.916667 0.055000
2011.000000 0.056000
2011.083333 0.055000
2011.166667 0.022000
2011.250000 -0.005000
2011.333333 0.013000
2011.416667 0.016000
2011.500000 0.026000
2011.583333 0.006000
2011.666667 0.025000
2011.750000 -0.014000
2011.833333 -0.012000
2011.916667 0.050000
2012.000000 0.032000
2012.083333 0.030000
2012.166667 0.077000
2012.250000 0.068000
2012.333333 0.015000
2012.416667 0.029000
2012.500000 0.012000
2012.583333 0.001000
2012.666667 0.020000
2012.750000 0.030000
2012.833333 0.028000
2012.916667 0.038000
2013.000000 0.035000
2013.083333 0.008000
2013.166667 -0.027000
2013.250000 -0.016000
2013.333333 -0.032000
2013.416667 -0.042000
2013.500000 -0.042000
2013.583333 -0.019000
2013.666667 -0.054000
2013.750000 -0.019000
2013.833333 -0.005000
2013.916667 0.014000
2014.000000 -0.028000
2014.083333 0.004000
2014.166667 -0.010000
2014.250000 -0.021000
2014.333333 -0.037000
2014.416667 -0.001000
2014.500000 -0.022000
2014.583333 -0.033000
2014.666667 -0.053000
2014.750000 -0.061000
2014.833333 -0.087000
2014.916667 -0.050000
2015.000000 -0.038000
2015.083333 -0.017000
2015.166667 0.008000
2015.250000 0.053000
2015.333333 0.051000
2015.416667 0.047000
2015.500000 0.042000
2015.583333 0.014000
2015.666667 -0.012000
2015.750000 -0.032000
2015.833333 -0.019000
2015.916667 -0.030000
2016.000000 0.003000
2016.083333 0.006000
2016.166667 0.011000
2016.250000 0.003000
2016.333333 0.000000
2016.416667 -0.020000
2016.500000 -0.008000
2016.583333 -0.010000
2016.666667 -0.020000
2016.750000 -0.016000
2016.833333 -0.010000
2016.916667 0.007000
2017.000000 -0.012000
2017.083333 -0.007000
2017.166667 0.026000
2017.250000 0.032000
2017.333333 0.032000
2017.416667 0.069000
2017.500000 0.062000
2017.583333 0.048000
2017.666667 0.055000
2017.750000 0.064000
2017.833333 0.075000
2017.916667 0.087000
2018.000000 0.085000
2018.083333 0.065000
2018.166667 0.028000
2018.250000 -0.002000
2018.333333 -0.027000
2018.416667 -0.040000
2018.500000 -0.046000
2018.583333 -0.050000
2018.666667 -0.012000
2018.750000 -0.015000
2018.833333 -0.020000
2018.916667 0.018000
2019.000000 0.016000
2019.083333 -0.004000
2019.166667 0.021000
2019.250000 0.047000
2019.333333 0.020000
2019.416667 0.044000
2019.500000 0.015000
2019.583333 0.010000
2019.666667 0.009000
2019.750000 -0.001000
2019.833333 -0.022000
2019.916667 0.014000
2020.000000 0.038000
2020.083333 0.061000
2020.166667 0.081000
2020.250000 0.117000
2020.333333 0.104000
2020.416667 0.080000
2020.500000 0.051000
2020.583333 0.045000
2020.666667 0.013000
2020.750000 0.004000
2020.833333 -0.016000
2020.916667 -0.014000
2021.000000 -0.019000
2021.083333 -0.011000
2021.166667 0.017000
2021.250000 0.037000
2021.333333 0.031000
2021.416667 0.020000
2021.500000 0.027000
2021.583333 -0.009000
2021.666667 -0.018000
2021.750000 0.014000
2021.833333 0.038000
2021.916667 0.054000
2022.000000 0.105000
2022.083333 0.112000
2022.166667 0.081000
2022.250000 0.070000
2022.333333 0.064000
2022.416667 0.035000
2022.500000 0.037000
2022.583333 0.019000
2022.666667 0.017000
2022.750000 0.000000
2022.833333 0.000000
