offs    0.00000000000
bg      0.00014145452
impA    0.00000000000
impB    0.00000000000
impC    0.00000000000
delA    4.54604930824
delB    0.72718786582
asym    0.00037066043
ann1    0.74889913053
ann2   -1.76665554227
sem1   -0.02877596359
sem2    2.87688364450
year   -0.00002792655
IR     -0.00000000000
ma     -0.00000000000
mp      0.00011691707
shfT   -0.00000000000
init   -0.00680843514
   27.32166155400   0.00625775798  -1.33318883290
   27.21222081500   0.03081586764  -0.74854902433
 1095.17502233364   0.00043346722  -0.05237537582
    9.08286783775   0.00421446067   1.44822694237
    6.81670784238   0.00108550772   0.42269026062
   13.63341568476   0.00518284154   9.80884059357
   13.66083077700  -0.00259846616  14.71886362439
   13.60611040750  -0.00177823817  20.86001904687
   27.55454988600  -0.00441452949   3.04533643399
   13.77727494300  -0.00233153030  78.52986602379
 6793.47648813065   0.00070902218 -24.03236738901
 1616.30271425126  -0.00058323974   0.68251758517
   27.09267692660  -0.00204815321   1.68039431752
    9.09502787633   0.00251165117   0.57502165028
   13.69115772864   0.00011447952  -2.19115983496
 1305.66025845931   0.00036409269   1.64191800607
   27.44323926226  -0.00014292156   0.63979138442
   27.66676714572  -0.00099207553   2.77160415519
 2190.35004466729   0.00123338934   1.99851575820
   26.98505934729   0.00121144744   6.54452930640
 6167.20701373239  -0.00011362385  -3.94734027861
 -3232.60542850251   0.00085426033   0.35308068337
 -2120.90900683440  -0.00208203930  -0.32934395646
   27.33282433123  -0.00023241553   9.33196735921
   13.71880577217   0.00302421913 -16.87771805684
    9.13295078376   0.00007749972   8.02613765547
    9.12068919638   0.00074616999   0.80809374174
    9.10846048884   0.00141092832   1.03560669932
 3396.73824406533   0.00120403286 -39.21713000780
ltep   23.58303761010
ltep    2.61892619880
ltep    3.91413290270
ltep   12.28983519434
ltep   11.21165864370
ltep   -2.09107104701
ltep    3.18081070896
ltep    3.58245503554
ltep  -61.72163523927
ltep  -17.10853873324
ltep    9.89513841622
harm  45
harm  50
harm  48
harm  18
harm  59
harm  46
harm  2217
harm  8734
harm  8775
harm  9280
harm  50
harm  80
harm  219
harm  186
harm  261
harm  133
harm  55
harm  683
harm  490
harm  1196
harm  119
harm  173
harm  284
harm  23
harm  74
harm  58
harm  139
harm  0
