1886.5000  -28.6096
1886.5833  -17.8596
1886.6667  -20.7763
1886.7500  -22.3596
1886.8333  -23.6096
1886.9167  -24.2763
1887.0000  -10.6930
1887.0833  -4.8596
1887.1667  -12.4430
1887.2500  -7.6096
1887.3333  -11.9430
1887.4167  -16.5263
1887.5000  -12.6096
1887.5833  -14.7763
1887.6667  -13.9430
1887.7500  -11.2763
1887.8333  -13.1930
1887.9167  -18.2763
1888.0000  -30.6930
1888.0833  -28.0263
1888.1667  -22.9430
1888.2500  -34.3596
1888.3333  -31.6096
1888.4167  -24.9430
1888.5000  -24.9430
1888.5833  -24.1096
1888.6667  -21.4430
1888.7500  -24.9430
1888.8333  -29.6096
1888.9167  -25.8596
1889.0000  -8.6096
1889.0833  -12.6930
1889.1667  -11.6096
1889.2500  0.1404
1889.3333  -3.0263
1889.4167  -3.4430
1889.5000  7.8904
1889.5833  1.5570
1889.6667  -4.0263
1889.7500  -4.7763
1889.8333  3.9737
1889.9167  -0.1930
1890.0000  -8.2763
1890.0833  -4.7763
1890.1667  -4.6096
1890.2500  -2.6096
1890.3333  8.3904
1890.4167  11.9737
1890.5000  7.8904
1890.5833  17.8070
1890.6667  22.2237
1890.7500  24.1404
1890.8333  23.8904
1890.9167  19.4737
1891.0000  22.0570
1891.0833  25.5570
1891.1667  26.4737
1891.2500  23.8904
1891.3333  13.3904
1891.4167  8.3904
1891.5000  9.9737
1891.5833  7.3904
1891.6667  5.3070
1891.7500  10.0570
1891.8333  17.2237
1891.9167  23.8070
1892.0000  21.5570
1892.0833  14.7237
1892.1667  13.5570
1892.2500  12.3904
1892.3333  12.0570
1892.4167  16.4737
1892.5000  18.4737
1892.5833  23.5570
1892.6667  33.3904
1892.7500  27.3904
1892.8333  27.7237
1892.9167  32.2237
1893.0000  27.7237
1893.0833  37.0570
1893.1667  39.8070
1893.2500  42.3070
1893.3333  45.2237
1893.4167  42.8904
1893.5000  40.1404
1893.5833  32.5570
1893.6667  23.8904
1893.7500  24.0570
1893.8333  14.5570
1893.9167  16.8070
1894.0000  21.1404
1894.0833  17.6404
1894.1667  15.1404
1894.2500  8.9737
1894.3333  2.0570
1894.4167  2.5570
1894.5000  -5.8596
1894.5833  -6.4430
1894.6667  0.0570
1894.7500  0.9737
1894.8333  -1.6096
1894.9167  -10.1096
1895.0000  -11.3596
1895.0833  -13.8596
1895.1667  -14.6096
1895.2500  -9.3596
1895.3333  -7.2763
1895.4167  -10.2763
1895.5000  0.6404
1895.5833  7.2237
1895.6667  1.3904
1895.7500  4.3070
1895.8333  12.2237
1895.9167  14.2237
1896.0000  14.8070
1896.0833  14.6404
1896.1667  13.3904
1896.2500  8.3070
1896.3333  7.9737
1896.4167  3.0570
1896.5000  -6.4430
1896.5833  -8.2221
1896.6667  -12.5013
1896.7500  -16.7805
1896.8333  -17.4346
1896.9167  -15.0055
1897.0000  -18.0763
1897.0833  -16.6471
1897.1667  -18.5096
1897.2500  -16.7054
1897.3333  -18.9429
1897.4167  -15.5971
1897.5000  -17.5846
1897.5833  -22.5013
1897.6667  -15.2929
1897.7500  -13.8471
1897.8333  -15.7221
1897.9167  -6.1804
1898.0000  -0.6804
1898.0833  3.0279
1898.1667  4.7362
1898.2500  5.9029
1898.3333  12.6529
1898.4167  16.2362
1898.5000  19.2362
1898.5833  24.5279
1898.6667  21.0696
1898.7500  21.8321
1898.8333  27.0821
1898.9167  16.1654
1899.0000  13.4987
1899.0833  9.4571
1899.1667  10.3321
1899.2500  2.2071
1899.3333  1.7779
1899.4167  2.5987
1899.5000  9.0029
1899.5833  2.3362
1899.6667  1.0862
1899.7500  -1.5388
1899.8333  -3.3304
1899.9167  -2.2179
1900.0000  4.7821
1900.0833  9.5737
1900.1667  15.4362
1900.2500  22.7696
1900.3333  23.8654
1900.4167  19.0029
1900.5000  14.8362
1900.5833  15.2946
1900.6667  13.5446
1900.7500  13.0029
1900.8333  13.4196
1900.9167  15.4737
1901.0000  12.7237
1901.0833  9.1404
1901.1667  4.3196
1901.2500  2.4446
1901.3333  -2.1388
1901.4167  -3.1804
1901.5000  -2.4179
1901.5833  6.9446
1901.6667  14.9737
1901.7500  18.7946
1901.8333  13.6987
1901.9167  5.6446
1902.0000  -7.6180
1902.0833  -15.5888
1902.1667  -23.2680
1902.2500  -21.4055
1902.3333  -24.5846
1902.4167  -26.4305
1902.5000  -28.1930
1902.5833  -36.5138
1902.6667  -43.4596
1902.7500  -51.7805
1902.8333  -51.9346
1902.9167  -48.4221
1903.0000  -43.5763
1903.0833  -39.8554
1903.1667  -32.2179
1903.2500  -28.4554
1903.3333  -22.6929
1903.4167  -19.3471
1903.5000  -15.2513
1903.5833  -12.5429
1903.6667  -5.3763
1903.7500  -7.2513
1903.8333  -6.1263
1903.9167  -2.1263
1904.0000  6.2071
1904.0833  12.2487
1904.1667  15.5821
1904.2500  10.6237
1904.3333  7.7904
1904.4167  8.0404
1904.5000  8.1654
1904.5833  4.1010
1904.6667  -4.1717
1904.7500  3.3889
1904.8333  1.6162
1904.9167  6.5101
1905.0000  3.0290
1905.0833  2.2563
1905.1667  -2.3497
1905.2500  1.7525
1905.3333  -1.6869
1905.4167  -1.7929
1905.5000  -9.9407
1905.5833  -10.3990
1905.6667  -10.6073
1905.7500  -14.6490
1905.8333  -9.8990
1905.9167  -12.5240
1906.0000  -8.8157
1906.0833  -7.9407
1906.1667  -8.1073
1906.2500  -9.1073
1906.3333  -2.6490
1906.4167  -2.6907
1906.5000  -2.6490
1906.5833  0.9134
1906.6667  4.7675
1906.7500  11.7883
1906.8333  12.8507
1906.9167  4.4131
1907.0000  -4.5662
1907.0833  -9.1704
1907.1667  -3.1913
1907.2500  -3.2539
1907.3333  -2.6915
1907.4167  -4.7124
1907.5000  -0.9833
1907.5833  -9.6291
1907.6667  -15.4832
1907.7500  -21.9206
1907.8333  -29.6080
1907.9167  -22.5454
1908.0000  -17.7745
1908.0833  -21.4202
1908.1667  -30.6493
1908.2500  -35.9201
1908.3333  -40.9825
1908.4167  -40.4199
1908.5000  -39.1073
1908.5833  -29.0657
1908.6667  -20.9407
1908.7500  -15.9823
1908.8333  -7.2740
1908.9167  -4.0657
1909.0000  -0.5240
1909.0833  3.3093
1909.1667  7.8927
1909.2500  14.6843
1909.3333  19.2260
1909.4167  16.9343
1909.5000  15.8927
1909.5833  18.2468
1909.6667  16.8925
1909.7500  14.8716
1909.8333  9.5173
1909.9167  10.4964
1910.0000  11.0172
1910.0833  20.7463
1910.1667  26.3920
1910.2500  27.5378
1910.3333  32.3918
1910.4167  39.5376
1910.5000  51.3500
1910.5833  53.9333
1910.6667  56.4333
1910.7500  67.1000
1910.8333  79.4333
1910.9167  76.3500
1911.0000  73.6833
1911.0833  65.4333
1911.1667  60.0167
1911.2500  61.5167
1911.3333  58.1000
1911.4167  62.1000
1911.5000  63.6833
1911.5833  64.6000
1911.6667  62.1833
1911.7500  53.3500
1911.8333  45.3500
1911.9167  39.7667
1912.0000  33.6833
1912.0833  37.3709
1912.1667  41.3085
1912.2500  40.8711
1912.3333  37.3920
1912.4167  31.4546
1912.5000  20.8088
1912.5833  15.9755
1912.6667  13.3088
1912.7500  13.8088
1912.8333  14.1631
1912.9167  24.1007
1913.0000  35.2883
1913.0833  28.7673
1913.1667  26.5798
1913.2500  24.1005
1913.3333  26.3296
1913.4167  34.7670
1913.5000  38.3294
1913.5833  42.9961
1913.6667  40.4128
1913.7500  37.0794
1913.8333  28.7461
1913.9167  19.6628
1914.0000  14.8553
1914.0833  11.2076
1914.1667  2.7544
1914.2500  -7.3377
1914.3333  -16.2631
1914.4167  -26.1608
1914.5000  -32.4196
1914.5833  -37.0117
1914.6667  -25.4093
1914.7500  -20.6403
1914.8333  -16.9200
1914.9167  -15.8664
1915.0000  -13.3386
1915.0833  -6.4219
1915.1667  -0.7552
1915.2500  8.8836
1915.3333  18.9670
1915.4167  25.0225
1915.5000  21.8281
1915.5833  15.1614
1915.6667  5.6614
1915.7500  1.4392
1915.8333  -3.7830
1915.9167  -8.6719
1916.0000  -19.8941
1916.0833  -27.2672
1916.1667  -25.8506
1916.2500  -30.2672
1916.3333  -31.0450
1916.4167  -28.9894
1916.5000  -26.9617
1916.5833  -19.9061
1916.6667  -14.6006
1916.7500  -7.7394
1916.8333  3.7883
1916.9167  12.7606
1917.0000  17.2075
1917.0833  35.9695
1917.1667  37.5528
1917.2500  49.4972
1917.3333  50.5806
1917.4167  42.1917
1917.5000  44.4417
1917.5833  43.2195
1917.6667  43.6083
1917.7500  39.3583
1917.8333  32.2750
1917.9167  30.9972
1918.0000  38.8281
1918.0833  22.9948
1918.1667  19.0225
1918.2500  7.1059
1918.3333  3.9948
1918.4167  2.3559
1918.5000  -4.7830
1918.5833  -9.2830
1918.6667  -20.5608
1918.7500  -23.9775
1918.8333  -26.0052
1918.9167  -29.1719
1919.0000  -36.1997
1919.0833  -34.7275
1919.1667  -32.2275
1919.2500  -31.6441
1919.3333  -33.4775
1919.4167  -34.7552
1919.5000  -34.9497
1919.5833  -32.1997
1919.6667  -30.8386
1919.7500  -29.3386
1919.8333  -28.7830
1919.9167  -26.8941
1920.0000  -23.4497
1920.0833  -22.4219
1920.1667  -21.0886
1920.2500  -22.2275
1920.3333  -22.5608
1920.4167  -18.4497
1920.5000  -12.4219
1920.5833  -16.8664
1920.6667  -8.4775
1920.7500  -2.3664
1920.8333  7.5503
1920.9167  10.3003
1921.0000  8.6059
1921.0833  18.0225
1921.1667  17.4670
1921.2500  19.8836
1921.3333  25.3003
1921.4167  33.1336
1921.5000  41.6059
1921.5833  53.6336
1921.6667  55.3836
1921.7500  54.8281
1921.8333  50.1892
1921.9167  45.8559
1922.0000  44.1614
1922.0833  33.3281
1922.1667  32.4948
1922.2500  27.2170
1922.3333  24.6059
1922.4167  20.7170
1922.5000  12.1336
1922.5833  9.0503
1922.6667  4.8836
1922.7500  -0.2830
1922.8333  -8.2275
1922.9167  -0.3664
1923.0000  6.2725
1923.0833  9.8003
1923.1667  3.4948
1923.2500  10.4114
1923.3333  6.4670
1923.4167  1.7725
1923.5000  -5.6441
1923.5833  -11.6997
1923.6667  -12.0330
1923.7500  -15.9219
1923.8333  -5.9497
1923.9167  -13.0886
1924.0000  -17.5608
1924.0833  -22.3664
1924.1667  -18.5052
1924.2500  -18.4219
1924.3333  -10.1441
1924.4167  -6.0052
1924.5000  1.5225
1924.5833  2.3003
1924.6667  6.7448
1924.7500  11.6059
1924.8333  2.9955
1924.9167  1.1282
1925.0000  -4.0724
1925.0833  -0.5370
1925.1667  -4.5084
1925.2500  -8.3206
1925.3333  -17.4171
1925.4167  -27.6386
1925.5000  -30.0545
1925.5833  -30.0611
1925.6667  -33.5955
1925.7500  -41.0187
1925.8333  -32.5539
1925.9167  -23.4710
1926.0000  -21.8881
1926.0833  -21.8746
1926.1667  -15.8819
1926.2500  -20.0208
1926.3333  -9.6810
1926.4167  -3.0217
1926.5000  -2.1401
1926.5833  -1.0736
1926.6667  0.7541
1926.7500  10.9651
1926.8333  12.4372
1926.9167  9.0038
1927.0000  9.3370
1927.0833  12.6313
1927.1667  15.5257
1927.2500  21.0089
1927.3333  11.7477
1927.4167  8.7420
1927.5000  7.1474
1927.5833  3.9165
1927.6667  -2.9645
1927.7500  -11.7427
1927.8333  -16.3654
1927.9167  -19.8880
1928.0000  -14.2746
1928.0833  -15.9139
1928.1667  -17.7365
1928.2500  -9.8703
1928.3333  -3.8985
1928.4167  -1.9462
1928.5000  -1.4744
1928.5833  5.5534
1928.6667  7.4006
1928.7500  11.5673
1928.8333  15.2479
1928.9167  14.7062
1929.0000  10.7756
1929.0833  8.0118
1929.1667  4.5118
1929.2500  -9.0299
1929.3333  -15.9466
1929.4167  -15.4188
1929.5000  -9.6688
1929.5833  -19.7703
1929.6667  -26.0247
1929.7500  -31.4012
1929.8333  -40.1805
1929.9167  -46.7710
1930.0000  -48.7086
1930.0833  -43.2435
1930.1667  -37.6756
1930.2500  -28.9216
1930.3333  -28.7314
1930.4167  -27.6663
1930.5000  -31.6929
1930.5833  -26.5175
1930.6667  -22.6060
1930.7500  -20.8640
1930.8333  -16.9275
1930.9167  -8.2910
1931.0000  -5.9740
1931.0833  -3.1709
1931.1667  -3.0261
1931.2500  -0.2340
1931.3333  2.0663
1931.4167  -0.3000
1931.5000  1.0504
1931.5833  3.5357
1931.6667  9.8183
1931.7500  11.5536
1931.8333  11.3612
1931.9167  4.3020
1932.0000  5.5790
1932.0833  -3.5634
1932.1667  -12.0975
1932.2500  -23.3122
1932.3333  -28.4352
1932.4167  -31.8582
1932.5000  -32.9479
1932.5833  -33.0352
1932.6667  -30.8919
1932.7500  -26.4098
1932.8333  -24.3332
1932.9167  -20.3482
1933.0000  -24.0605
1933.0833  -24.6173
1933.1667  -22.6990
1933.2500  -17.2530
1933.3333  -10.4681
1933.4167  -9.8276
1933.5000  -13.9788
1933.5833  -18.2982
1933.6667  -17.1038
1933.7500  -15.3954
1933.8333  -15.9093
1933.9167  -14.4788
1934.0000  -12.5899
1934.0833  -9.7288
1934.1667  -4.2427
1934.2500  1.5490
1934.3333  -1.5621
1934.4167  3.1601
1934.5000  11.2573
1934.5833  14.1267
1934.6667  10.6469
1934.7500  7.4191
1934.8333  6.0524
1934.9167  5.7710
1935.0000  8.4022
1935.0833  8.8629
1935.1667  4.6450
1935.2500  -1.2753
1935.3333  -2.3365
1935.4167  -3.3460
1935.5000  -8.1175
1935.5833  -12.0461
1935.6667  -18.4628
1935.7500  -22.2961
1935.8333  -23.4628
1935.9167  -26.4151
1936.0000  -31.7366
1936.0833  -37.9270
1936.1667  -32.7604
1936.2500  -37.4747
1936.3333  -35.3913
1936.4167  -36.1175
1936.5000  -38.9032
1936.5833  -34.4985
1936.6667  -33.0104
1936.7500  -36.2604
1936.8333  -33.0580
1936.9167  -24.3913
1937.0000  -22.0104
1937.0833  -21.5699
1937.1667  -25.5104
1937.2500  -19.1294
1937.3333  -20.3913
1937.4167  -22.7842
1937.5000  -18.0461
1937.5833  -18.5245
1937.6667  -12.6796
1937.7500  -5.9180
1937.8333  -8.2476
1937.9167  -19.1745
1938.0000  -19.5259
1938.0833  -16.9250
1938.1667  -15.7189
1938.2500  -16.8482
1938.3333  -13.5330
1938.4167  -11.0095
1938.5000  -6.3232
1938.5833  -3.8088
1938.6667  -6.8638
1938.7500  -4.8355
1938.8333  -4.0433
1938.9167  3.6656
1939.0000  12.8606
1939.0833  16.3334
1939.1667  28.9311
1939.2500  29.4178
1939.3333  25.0155
1939.4167  28.3077
1939.5000  24.9333
1939.5833  25.2425
1939.6667  30.8572
1939.7500  26.7552
1939.8333  21.0283
1939.9167  18.7152
1940.0000  6.3716
1940.0833  0.1836
1940.1667  -17.6823
1940.2500  -22.6064
1940.3333  -22.1528
1940.4167  -25.2398
1940.5000  -32.0074
1940.5833  -45.5277
1940.6667  -60.8396
1940.7500  -63.7265
1940.8333  -66.2023
1940.9167  -68.9234
1941.0000  -64.5325
1941.0833  -57.0155
1941.1667  -54.7056
1941.2500  -47.3552
1941.3333  -50.3905
1941.4167  -56.5499
1941.5000  -57.2034
1941.5833  -51.3041
1941.6667  -47.6145
1941.7500  -47.2999
1941.8333  -47.8687
1941.9167  -43.8561
1942.0000  -41.8554
1942.0833  -41.2336
1942.1667  -27.0742
1942.2500  -20.3691
1942.3333  -13.8366
1942.4167  -5.8485
1942.5000  -6.3128
1942.5833  2.7310
1942.6667  12.8304
1942.7500  16.2274
1942.8333  28.8348
1942.9167  23.2299
1943.0000  22.4702
1943.0833  22.2814
1943.1667  6.9398
1943.2500  -2.6101
1943.3333  -9.8544
1943.4167  -12.9591
1943.5000  -8.2702
1943.5833  -13.6883
1943.6667  -15.9226
1943.7500  -14.8355
1943.8333  -16.4389
1943.9167  -11.6495
1944.0000  -21.2767
1944.0833  -27.2744
1944.1667  -30.5023
1944.2500  -36.4604
1944.3333  -28.5990
1944.4167  -21.5114
1944.5000  -10.9079
1944.5833  -7.6432
1944.6667  -7.4081
1944.7500  -8.7609
1944.8333  -16.5676
1944.9167  -17.5825
1945.0000  -5.3073
1945.0833  -6.4131
1945.1667  5.2148
1945.2500  15.5659
1945.3333  13.7816
1945.4167  12.1148
1945.5000  1.4599
1945.5833  3.9391
1945.6667  2.8436
1945.7500  5.9576
1945.8333  11.4964
1945.9167  15.4009
1946.0000  13.4008
1946.0833  27.0447
1946.1667  24.0051
1946.2500  14.7572
1946.3333  8.4879
1946.4167  2.9119
1946.5000  3.9008
1946.5833  -2.2354
1946.6667  -8.0331
1946.7500  -9.6455
1946.8333  -12.5172
1946.9167  -14.5371
1947.0000  -10.6025
1947.0833  -13.9787
1947.1667  -14.6933
1947.2500  -10.0816
1947.3333  -3.1371
1947.4167  -5.3501
1947.5000  -6.0723
1947.5833  -9.5538
1947.6667  -4.9334
1947.7500  -8.9482
1947.8333  -9.5722
1947.9167  -9.9638
1948.0000  -20.9073
1948.0833  -27.0507
1948.1667  -25.9451
1948.2500  -23.8367
1948.3333  -18.3042
1948.4167  -15.1181
1948.5000  -16.0124
1948.5833  -12.6892
1948.6667  -9.0901
1948.7500  -7.7516
1948.8333  -7.1995
1948.9167  -8.8285
1949.0000  -2.2877
1949.0833  -0.5470
1949.1667  -2.4661
1949.2500  -6.2542
1949.3333  -1.5058
1949.4167  5.5728
1949.5000  11.2976
1949.5833  20.3364
1949.6667  15.8843
1949.7500  14.7841
1949.8333  12.0077
1949.9167  13.3583
1950.0000  18.8572
1950.0833  20.5644
1950.1667  22.7704
1950.2500  29.4675
1950.3333  27.0560
1950.4167  34.7115
1950.5000  33.1415
1950.5833  27.9382
1950.6667  31.0216
1950.7500  41.1516
1950.8333  55.2141
1950.9167  56.1169
1951.0000  45.9086
1951.0833  49.3253
1951.1667  53.2003
1951.2500  45.3600
1951.3333  43.8114
1951.4167  37.4255
1951.5000  38.5027
1951.5833  37.3705
1951.6667  36.3617
1951.7500  30.9371
1951.8333  23.0336
1951.9167  25.7625
1952.0000  36.9263
1952.0833  28.6734
1952.1667  26.3024
1952.2500  33.0773
1952.3333  26.0814
1952.4167  26.5831
1952.5000  25.0655
1952.5833  21.5819
1952.6667  21.3753
1952.7500  17.9061
1952.8333  18.8167
1952.9167  23.6921
1953.0000  23.6569
1953.0833  29.8509
1953.1667  27.8262
1953.2500  20.8272
1953.3333  19.1115
1953.4167  14.7111
1953.5000  14.7211
1953.5833  11.1738
1953.6667  13.9760
1953.7500  22.7052
1953.8333  24.3510
1953.9167  17.9968
1954.0000  13.2468
1954.0833  10.5906
1954.1667  8.9135
1954.2500  9.0682
1954.3333  9.2870
1954.4167  13.0057
1954.5000  16.2036
1954.5833  22.7027
1954.6667  19.7850
1954.7500  11.9924
1954.8333  8.8456
1954.9167  10.0529
1955.0000  7.9686
1955.0833  5.4781
1955.1667  17.9459
1955.2500  20.3199
1955.3333  28.8606
1955.4167  30.4117
1955.5000  28.8899
1955.5833  28.8170
1955.6667  28.7056
1955.7500  26.0050
1955.8333  33.1749
1955.9167  35.7267
1956.0000  41.6199
1956.0833  41.4391
1956.1667  31.0001
1956.2500  29.0380
1956.3333  22.9579
1956.4167  17.4240
1956.5000  19.6876
1956.5833  17.1931
1956.6667  15.0172
1956.7500  19.1006
1956.8333  12.9620
1956.9167  4.4206
1957.0000  -5.7461
1957.0833  -3.8334
1957.1667  -7.6219
1957.2500  -4.7925
1957.3333  -5.1552
1957.4167  -5.3341
1957.5000  -11.8347
1957.5833  -14.0321
1957.6667  -13.2894
1957.7500  -8.2599
1957.8333  -11.7894
1957.9167  -2.1485
1958.0000  0.9250
1958.0833  4.4553
1958.1667  3.7432
1958.2500  0.6977
1958.3333  2.6399
1958.4167  -1.0396
1958.5000  -0.7678
1958.5833  2.3873
1958.6667  0.3715
1958.7500  -6.8895
1958.8333  -4.8997
1958.9167  -13.6548
1959.0000  -17.0379
1959.0833  -23.6076
1959.1667  -21.8753
1959.2500  -24.0743
1959.3333  -27.2634
1959.4167  -28.3813
1959.5000  -26.1722
1959.5833  -28.9967
1959.6667  -23.3494
1959.7500  -23.8217
1959.8333  -23.1631
1959.9167  -18.8116
1960.0000  -19.7681
1960.0833  -20.3725
1960.1667  -20.3000
1960.2500  -15.8769
1960.3333  -14.8829
1960.4167  -12.4774
1960.5000  -17.9762
1960.5833  -18.7137
1960.6667  -20.9958
1960.7500  -20.7107
1960.8333  -23.4991
1960.9167  -27.1273
1961.0000  -21.1260
1961.0833  -19.0392
1961.1667  -20.8327
1961.2500  -23.5498
1961.3333  -23.7274
1961.4167  -27.1551
1961.5000  -24.4601
1961.5833  -18.2667
1961.6667  -14.0238
1961.7500  -12.9925
1961.8333  -12.8335
1961.9167  -8.6244
1962.0000  -8.7400
1962.0833  -7.3882
1962.1667  -4.8742
1962.2500  -1.6104
1962.3333  1.5501
1962.4167  8.4592
1962.5000  6.1334
1962.5833  1.4357
1962.6667  -2.1297
1962.7500  -0.1906
1962.8333  1.3149
1962.9167  -1.9039
1963.0000  -0.0748
1963.0833  4.6193
1963.1667  6.8632
1963.2500  9.5510
1963.3333  -0.5713
1963.4167  -4.8483
1963.5000  -6.3387
1963.5833  -0.9764
1963.6667  -1.6679
1963.7500  -2.0815
1963.8333  0.0345
1963.9167  0.9663
1964.0000  6.2921
1964.0833  11.7921
1964.1667  11.7618
1964.2500  9.0951
1964.3333  21.2845
1964.4167  26.4559
1964.5000  37.1024
1964.5833  35.2817
1964.6667  35.1277
1964.7500  36.2996
1964.8333  33.2849
1964.9167  32.6295
1965.0000  25.5801
1965.0833  12.2686
1965.1667  8.2306
1965.2500  8.7721
1965.3333  0.1621
1965.4167  -5.4631
1965.5000  -14.1532
1965.5833  -19.0976
1965.6667  -16.7878
1965.7500  -14.6247
1965.8333  -8.4216
1965.9167  -8.5252
1966.0000  -12.8907
1966.0833  -11.3218
1966.1667  -13.7170
1966.2500  -16.8125
1966.3333  -15.3781
1966.4167  -15.6982
1966.5000  -14.7563
1966.5833  -7.5801
1966.6667  -10.9793
1966.7500  -13.6422
1966.8333  -18.4902
1966.9167  -21.0539
1967.0000  -20.1912
1967.0833  -20.5196
1967.1667  -18.3235
1967.2500  -17.7843
1967.3333  -17.7745
1967.4167  -15.9706
1967.5000  -14.8284
1967.5833  -15.7847
1967.6667  -13.3708
1967.7500  -11.9685
1967.8333  -6.3607
1967.9167  -0.7234
1968.0000  3.0903
1968.0833  1.9383
1968.1667  7.8354
1968.2500  8.4040
1968.3333  11.3452
1968.4167  14.7079
1968.5000  14.7618
1968.5833  14.2079
1968.6667  8.6148
1968.7500  3.2128
1968.8333  -1.5960
1968.9167  -9.6548
1969.0000  -10.7136
1969.0833  -12.5911
1969.1667  -20.7921
1969.2500  -21.9391
1969.3333  -29.1744
1969.4167  -35.5986
1969.5000  -35.1868
1969.5833  -37.8045
1969.6667  -32.7015
1969.7500  -27.5643
1969.8333  -27.0005
1969.9167  -20.6231
1970.0000  -21.7703
1970.0833  -19.9517
1970.1667  -19.4075
1970.2500  -17.5154
1970.3333  -9.6516
1970.4167  -7.8794
1970.5000  -5.5068
1970.5833  -1.0575
1970.6667  3.5169
1970.7500  1.7519
1970.8333  3.1943
1970.9167  2.3446
1971.0000  0.9417
1971.0833  0.1564
1971.1667  0.7599
1971.2500  2.5085
1971.3333  5.5194
1971.4167  7.5056
1971.5000  6.7954
1971.5833  5.6843
1971.6667  4.6176
1971.7500  6.7232
1971.8333  8.3771
1971.9167  2.7787
1972.0000  -2.4046
1972.0833  -1.3359
1972.1667  -0.4733
1972.2500  -5.2887
1972.3333  -16.0184
1972.4167  -21.4247
1972.5000  -26.1496
1972.5833  -28.9881
1972.6667  -35.5598
1972.7500  -37.7570
1972.8333  -37.7902
1972.9167  -29.3021
1973.0000  -22.4521
1973.0833  -20.7375
1973.1667  -15.3308
1973.2500  -8.5432
1973.3333  -1.3132
1973.4167  4.8215
1973.5000  12.1288
1973.5833  16.3826
1973.6667  24.6245
1973.7500  27.4913
1973.8333  27.6439
1973.9167  28.0242
1974.0000  32.1314
1974.0833  36.8398
1974.1667  37.5320
1974.2500  36.8844
1974.3333  39.5706
1974.4167  41.7019
1974.5000  43.2729
1974.5833  41.1509
1974.6667  34.2056
1974.7500  36.2485
1974.8333  37.1235
1974.9167  38.9434
1975.0000  37.6646
1975.0833  35.0965
1975.1667  33.9835
1975.2500  33.6805
1975.3333  33.6907
1975.4167  36.8644
1975.5000  36.0276
1975.5833  40.0188
1975.6667  44.2854
1975.7500  43.9092
1975.8333  42.6592
1975.9167  35.3517
1976.0000  30.3952
1976.0833  25.8895
1976.1667  24.2109
1976.2500  21.4728
1976.3333  16.9536
1976.4167  13.1070
1976.5000  13.3430
1976.5833  10.9457
1976.6667  8.8580
1976.7500  9.5207
1976.8333  7.6864
1976.9167  10.4481
1977.0000  14.4551
1977.0833  14.4092
1977.1667  11.1888
1977.2500  7.1480
1977.3333  5.9421
1977.4167  0.6437
1977.5000  -4.0530
1977.5833  -4.9478
1977.6667  -2.5985
1977.7500  -5.6648
1977.8333  -0.4697
1977.9167  0.8273
1978.0000  4.5965
1978.0833  12.8796
1978.1667  15.2877
1978.2500  19.9944
1978.3333  20.0785
1978.4167  20.1777
1978.5000  21.6698
1978.5833  16.6913
1978.6667  13.0782
1978.7500  12.5468
1978.8333  7.1320
1978.9167  4.8745
1979.0000  -1.0646
1979.0833  -9.2500
1979.1667  -11.9143
1979.2500  -14.3782
1979.3333  -13.4519
1979.4167  -13.0556
1979.5000  -10.8870
1979.5833  -7.4276
1979.6667  -6.2756
1979.7500  -9.5894
1979.8333  -11.1510
1979.9167  -13.9622
1980.0000  -14.9650
1980.0833  -16.4368
1980.1667  -16.2730
1980.2500  -11.8055
1980.3333  -13.4155
1980.4167  -12.9074
1980.5000  -17.9178
1980.5833  -20.3891
1980.6667  -19.4796
1980.7500  -17.3603
1980.8333  -15.3474
1980.9167  -13.6938
1981.0000  -7.4081
1981.0833  -1.5694
1981.1667  3.3353
1981.2500  0.3056
1981.3333  4.1210
1981.4167  6.3294
1981.5000  11.8667
1981.5833  15.1817
1981.6667  12.4746
1981.7500  12.5650
1981.8333  9.1035
1981.9167  8.5780
1982.0000  0.2269
1982.0833  -7.6177
1982.1667  -19.7249
1982.2500  -24.5896
1982.3333  -28.7742
1982.4167  -34.0777
1982.5000  -40.9944
1982.5833  -44.5432
1982.6667  -45.1052
1982.7500  -52.2726
1982.8333  -48.4265
1982.9167  -50.0098
1983.0000  -47.0824
1983.0833  -42.7562
1983.1667  -36.3796
1983.2500  -28.0691
1983.3333  -26.8350
1983.4167  -24.9362
1983.5000  -26.4719
1983.5833  -24.9290
1983.6667  -18.6646
1983.7500  -8.2287
1983.8333  -9.5256
1983.9167  -4.7859
1984.0000  -3.1716
1984.0833  -4.5157
1984.1667  0.0264
1984.2500  -3.5503
1984.3333  -3.5166
1984.4167  -0.9699
1984.5000  7.3744
1984.5833  9.3718
1984.6667  8.8777
1984.7500  7.7942
1984.8333  8.1789
1984.9167  5.1280
1985.0000  1.3915
1985.0833  -0.0183
1985.1667  -6.6125
1985.2500  -9.3353
1985.3333  -12.8392
1985.4167  -14.3337
1985.5000  -15.6487
1985.5833  -12.4029
1985.6667  -10.5236
1985.7500  -9.1376
1985.8333  -8.8734
1985.9167  -12.7146
1986.0000  -12.6108
1986.0833  -13.3448
1986.1667  -10.4906
1986.2500  -10.1167
1986.3333  -6.0519
1986.4167  -6.7980
1986.5000  -13.7145
1986.5833  -19.9189
1986.6667  -27.2599
1986.7500  -31.9416
1986.8333  -37.2137
1986.9167  -39.4520
1987.0000  -42.1147
1987.0833  -41.8415
1987.1667  -45.8644
1987.2500  -48.0116
1987.3333  -49.3888
1987.4167  -47.3854
1987.5000  -43.9405
1987.5833  -41.5352
1987.6667  -35.3314
1987.7500  -35.1078
1987.8333  -33.5383
1987.9167  -24.9530
1988.0000  -16.8234
1988.0833  -12.5324
1988.1667  -4.5277
1988.2500  6.8692
1988.3333  21.2152
1988.4167  28.4015
1988.5000  34.0004
1988.5833  39.0575
1988.6667  42.8222
1988.7500  46.5087
1988.8333  51.7135
1988.9167  53.4693
1989.0000  49.5359
1989.0833  51.2452
1989.1667  49.9126
1989.2500  46.8554
1989.3333  40.5621
1989.4167  34.1870
1989.5000  29.4859
1989.5833  26.2759
1989.6667  20.4520
1989.7500  20.2636
1989.8333  15.5980
1989.9167  10.1098
1990.0000  9.9428
1990.0833  7.4068
1990.1667  7.9693
1990.2500  0.9809
1990.3333  -4.8913
1990.4167  -4.0337
1990.5000  -2.0198
1990.5833  -3.7064
1990.6667  -2.6025
1990.7500  -1.1214
1990.8333  4.5941
1990.9167  1.8646
1991.0000  -0.7873
1991.0833  0.3173
1991.1667  -0.7849
1991.2500  0.8657
1991.3333  -1.7935
1991.4167  -6.3201
1991.5000  -11.0682
1991.5833  -13.7798
1991.6667  -18.5602
1991.7500  -26.1956
1991.8333  -32.3687
1991.9167  -32.2465
1992.0000  -28.8240
1992.0833  -27.5766
1992.1667  -26.6541
1992.2500  -25.7335
1992.3333  -25.1819
1992.4167  -21.2011
1992.5000  -22.1116
1992.5833  -23.8617
1992.6667  -25.6460
1992.7500  -27.0896
1992.8333  -30.9193
1992.9167  -32.2586
1993.0000  -36.7300
1993.0833  -40.1232
1993.1667  -43.4865
1993.2500  -46.9020
1993.3333  -46.1781
1993.4167  -49.6715
1993.5000  -47.5921
1993.5833  -38.7437
1993.6667  -35.4035
1993.7500  -31.6612
1993.8333  -27.9008
1993.9167  -25.5425
1994.0000  -25.6408
1994.0833  -26.9420
1994.1667  -30.7242
1994.2500  -29.3021
1994.3333  -31.0646
1994.4167  -31.1395
1994.5000  -32.4193
1994.5833  -38.8271
1994.6667  -38.8924
1994.7500  -36.1604
1994.8333  -34.1189
1994.9167  -34.3843
1995.0000  -33.5150
1995.0833  -29.8966
1995.1667  -27.7925
1995.2500  -25.8723
1995.3333  -22.7126
1995.4167  -16.7960
1995.5000  -11.7507
1995.5833  -7.7010
1995.6667  -1.7392
1995.7500  -3.3850
1995.8333  -3.3434
1995.9167  -3.9034
1996.0000  0.5861
1996.0833  4.1243
1996.1667  9.9877
1996.2500  19.4564
1996.3333  20.1925
1996.4167  20.8141
1996.5000  20.7455
1996.5833  19.7305
1996.6667  15.1437
1996.7500  16.0743
1996.8333  12.4076
1996.9167  12.7419
1997.0000  6.8357
1997.0833  -5.0636
1997.1667  -11.3922
1997.2500  -25.7810
1997.3333  -31.5970
1997.4167  -42.9616
1997.5000  -50.0459
1997.5833  -55.3931
1997.6667  -58.2997
1997.7500  -55.7829
1997.8333  -51.6822
1997.9167  -48.5815
1998.0000  -42.7361
1998.0833  -37.0975
1998.1667  -34.8961
1998.2500  -26.0871
1998.3333  -12.8294
1998.4167  -0.9301
1998.5000  10.1984
1998.5833  20.3166
1998.6667  29.1538
1998.7500  31.9980
1998.8333  37.7689
1998.9167  45.2237
1999.0000  47.2742
1999.0833  51.5869
1999.1667  53.9689
1999.2500  55.1529
1999.3333  53.8490
1999.4167  54.3341
1999.5000  52.8915
1999.5833  52.8670
1999.6667  52.3954
1999.7500  53.2142
1999.8333  54.1555
1999.9167  52.8819
2000.0000  50.4836
2000.0833  53.3739
2000.1667  57.4989
2000.2500  61.2558
2000.3333  60.6458
2000.4167  59.7578
2000.5000  60.5859
2000.5833  61.4470
2000.6667  62.4776
2000.7500  62.8637
2000.8333  60.0787
2000.9167  56.7307
2001.0000  56.6949
2001.0833  51.5095
2001.1667  52.5547
2001.2500  48.9644
2001.3333  49.8255
2001.4167  49.3707
2001.5000  47.5755
2001.5833  44.6658
2001.6667  40.0142
2001.7500  36.1774
2001.8333  28.4135
2001.9167  25.7851
2002.0000  26.9101
2002.0833  27.6253
2002.1667  20.1462
2002.2500  17.3684
2002.3333  10.4621
2002.4167  5.5177
2002.5000  0.6080
2002.5833  -1.4649
2002.6667  -1.7161
2002.7500  -4.2370
2002.8333  0.1901
2002.9167  0.4320
2003.0000  4.2785
2003.0833  2.9054
2003.1667  4.9158
2003.2500  7.8672
2003.3333  8.2317
2003.4167  7.3135
2003.5000  11.7588
2003.5833  12.5002
2003.6667  14.5037
2003.7500  16.4412
2003.8333  15.2815
2003.9167  18.1428
2004.0000  15.2720
2004.0833  13.8569
2004.1667  13.9715
2004.2500  5.8882
2004.3333  6.1301
2004.4167  12.1993
2004.5000  10.5040
2004.5833  3.7412
2004.6667  -2.8219
2004.7500  -9.0257
2004.8333  -17.5506
2004.9167  -26.9807
2005.0000  -34.9118
2005.0833  -38.1867
2005.1667  -44.2080
2005.2500  -43.1739
2005.3333  -45.2844
2005.4167  -48.9741
2005.5000  -46.6829
2005.5833  -44.9850
2005.6667  -44.4113
2005.7500  -39.7427
2005.8333  -27.8404
2005.9167  -26.1842
2006.0000  -29.9402
2006.0833  -35.6685
2006.1667  -36.6477
2006.2500  -40.3838
2006.3333  -47.0528
2006.4167  -52.7079
2006.5000  -64.7982
2006.5833  -66.3349
2006.6667  -69.7419
2006.7500  -71.5753
2006.8333  -79.5365
2006.9167  -77.7518
2007.0000  -74.2389
2007.0833  -64.9498
2007.1667  -61.5422
2007.2500  -56.9762
2007.3333  -49.7363
2007.4167  -46.1966
2007.5000  -36.7458
2007.5833  -30.9524
2007.6667  -23.5248
2007.7500  -18.3944
2007.8333  -12.4549
2007.9167  -13.6656
2008.0000  -12.0063
2008.0833  -11.1541
2008.1667  -12.7809
2008.2500  -11.5670
2008.3333  -14.0570
2008.4167  -11.5424
2008.5000  -9.9772
2008.5833  -6.9756
2008.6667  -5.2796
2008.7500  -7.6808
2008.8333  -11.1411
2008.9167  -8.4582
2009.0000  -5.3293
2009.0833  -7.4368
2009.1667  -3.7626
2009.2500  -2.0251
2009.3333  -2.6929
2009.4167  -5.2831
2009.5000  -12.5317
2009.5833  -19.3004
2009.6667  -26.4796
2009.7500  -30.6810
2009.8333  -30.1740
2009.9167  -28.0490
2010.0000  -30.8303
2010.0833  -31.0518
2010.1667  -28.3261
2010.2500  -28.4755
2010.3333  -23.4616
2010.4167  -19.3678
2010.5000  -6.7393
2010.5833  4.7259
2010.6667  16.1947
2010.7500  22.5350
2010.8333  29.5940
2010.9167  31.7190
2011.0000  33.9412
2011.0833  35.0274
2011.1667  31.9614
2011.2500  32.4267
2011.3333  31.8975
2011.4167  33.9080
2011.5000  28.3983
2011.5833  23.3636
2011.6667  20.9956
2011.7500  22.7629
2011.8333  20.4088
2011.9167  17.2421
2012.0000  15.7713
2012.0833  14.6313
2012.1667  16.3929
2012.2500  15.7521
2012.3333  13.8447
2012.4167  8.7112
2012.5000  8.6816
2012.5833  10.7031
2012.6667  8.6258
2012.7500  8.7368
2012.8333  10.0122
2012.9167  13.9091
2013.0000  18.4188
2013.0833  21.1097
2013.1667  24.4558
2013.2500  27.9716
2013.3333  35.1755
2013.4167  36.4340
2013.5000  36.0878
2013.5833  31.5663
2013.6667  29.3762
2013.7500  21.5187
2013.8333  16.8961
2013.9167  13.6658
2014.0000  12.9255
2014.0833  13.4996
2014.1667  5.8572
2014.2500  2.1038
2014.3333  -4.7261
2014.4167  -4.5456
2014.5000  -6.7331
2014.5833  -6.4449
2014.6667  -6.7747
2014.7500  -1.8685
2014.8333  -2.7400
2014.9167  -3.1914
2015.0000  -10.9379
2015.0833  -16.7990
2015.1667  -19.2157
2015.2500  -24.8546
2015.3333  -29.3199
2015.4167  -32.2643
2015.5000  -35.3581
2015.5833  -40.8546
2015.6667  -41.3372
2015.7500  -46.4067
2015.8333  -47.9865
2015.9167  -45.8407
2016.0000  -40.0162
2016.0833  -33.0926
2016.1667  -26.7870
2016.2500  -19.8634
2016.3333  -8.7419
2016.4167  -2.5752
2016.5000  2.3206
2016.5833  8.6921
2016.6667  11.8136
2016.7500  16.3171
2016.8333  19.4074
2016.9167  15.0636
2017.0000  10.9857
2017.0833  10.9024
2017.1667  14.4822
2017.2500  15.8885
2017.3333  13.7461
2017.4167  12.5343
2017.5000  14.9579
2017.5833  15.6836
2017.6667  13.6593
2017.7500  13.9058
2017.8333  14.7183
2017.9167  15.0968
2018.0000  17.3607
2018.0833  17.7610
2018.1667  14.3308
2018.2500  5.9510
2018.3333  -1.1532
2018.4167  -3.2088
2018.5000  -8.2851
2018.5833  -11.7365
2018.6667  -9.5351
2018.7500  -9.4796
2018.8333  -9.9831
2018.9167  -8.3320
2019.0000  -8.3685
2019.0833  -11.9800
2019.1667  -14.6857
2019.2500  -12.3697
2019.3333  -10.9129
2019.4167  -10.3379
2019.5000  -10.2129
2019.5833  -9.9355
2019.6667  -12.3569
2019.7500  -15.4482
2019.8333  -14.2612
2019.9167  -13.2649
2020.0000  -11.9315
2020.0833  -10.5692
2020.1667  -8.3989
2020.2500  -3.3663
2020.3333  -0.6634
2020.4167  2.8588
2020.5000  7.4969
2020.5833  13.1951
2020.6667  17.0054
2020.7500  23.0794
2020.8333  27.1111
2020.9167  26.2588
2021.0000  27.4343
2021.0833  34.9429
2021.1667  37.8287
2021.2500  39.9258
2021.3333  45.5161
2021.4167  46.4223
2021.5000  49.3190
2021.5833  47.5725
2021.6667  48.1697
2021.7500  48.4892
2021.8333  46.6003
2021.9167  51.4024
2022.0000  55.4336
2022.0833  50.0343
2022.1667  52.7322
2022.2500  53.2253
2022.3333  54.8156
2022.4167  57.3294
2022.5000  56.5621
2022.5833  57.1840
2022.6667  63.0344
2022.7500  63.6785
2022.8333  66.6087
2022.9167  63.6688
2023.0000  60.5845
2023.0833  58.4314
2023.1667  51.0005
2023.2500  45.8106
2023.3333  38.5506
2023.4167  26.7613
2023.5000  19.7520
2023.5833  14.3540
2023.6667  3.5912
2023.7500  -3.9550
2023.8333  -9.2297
2023.9167  -15.0039
2024.0000  -13.9262
2024.0833  -10.0313
2024.1667  -2.7942
2024.2500  4.8275
2024.3333  10.0992
2024.4167  20.0280
2024.5000  28.4860
2024.5833  36.0336
2024.6667  35.5041
2024.7500  43.8913
2024.8333  53.1653
2024.9167  67.4513
2025.0000  78.0646
