offs    0.00000000000
bg      0.00014145452
impA    0.00000000000
impB    0.00000000000
impC    0.00000000000
delA    4.56991199273
delB    0.72718085007
asym   -0.00161752921
ann1    2.80714755774
ann2   -1.96728511157
sem1   -0.00947959617
sem2    2.65157058466
year   -0.00002792655
IR     -0.00000000000
ma     -0.00000000000
mp     -0.00011636411
shfT   -0.00000000000
init   -0.00614287856
   27.32166155400   0.00613021345  -1.36368125154
   27.21222081500   0.03093310491  -0.74723551968
 1095.17502233364   0.00039889658  -0.00951330736
    9.08286783775   0.00433302371   1.41406407899
    6.81670784238   0.00086568042   0.35984839680
   13.63341568476   0.00514606210   9.81867159846
   13.66083077700  -0.00287092773  14.71721986702
   13.60611040750  -0.00178102319  20.81539831786
   27.55454988600  -0.00448048903   3.02335592354
   13.77727494300  -0.00223685994  78.44487038132
 6793.47648813065   0.00072984872 -24.02897020905
 1616.30271425126  -0.00052918108   0.38960890573
   27.09267692660  -0.00208594358   1.67970722611
    9.09502787633   0.00250354186   0.60677307385
   13.69115772864   0.00015358984  -0.94378276306
 1305.66025845931   0.00046243832   1.91172624607
   27.44323926226  -0.00020866869  -0.00816333345
   27.66676714572  -0.00108084964   2.82358988646
 2190.35004466729   0.00137229261   2.04001923008
   26.98505934729   0.00106045947   6.44437193202
 6167.20701373239  -0.00009445688  -3.85189203045
 -3232.60542850251   0.00089040669   0.27659120213
 -2120.90900683440  -0.00201308492  -0.31519762832
   27.33282433123  -0.00026880334   9.34478052450
   13.71880577217   0.00300566787 -16.83127863011
    9.13295078376   0.00008098784   8.01026460613
    9.12068919638   0.00074013204   0.77999639521
    9.10846048884   0.00137448080   1.01637102756
 3396.73824406533   0.00118137555 -39.20011772088
ltep   23.89583561929
ltep    2.60244962994
ltep    3.91413290270
ltep   12.28983519434
ltep   11.21165301861
ltep   -2.09107104701
ltep    3.47834322647
ltep    3.58245503554
ltep  -61.72163523927
ltep  -17.10853873324
ltep    9.89513841622
harm  20
harm  50
harm  48
harm  18
harm  42
harm  4
harm  2217
harm  8734
harm  8775
harm  9280
harm  50
harm  80
harm  219
harm  186
harm  261
harm  133
harm  55
harm  683
harm  490
harm  1196
harm  119
harm  173
harm  284
harm  23
harm  74
harm  58
harm  139
harm  0
